acc, loss, weigths_clients, entropy, temp
0.057229259386055005, 2.312504375819206, 0, 0, 5.223297119140625 
0.1155426223895926, 2.3941654212562993, 0, 0, 9.605703353881836 
0.29053976948533605, 2.25058324272136, 0, 0, 4.134060382843018 
0.2811251854387767, 2.1936046051714104, 0, 0, 4.156665802001953 
0.34554376355129524, 2.1173352356339854, 0, 0, 4.2020063400268555 
0.4461942257217848, 1.9645129852218175, 0, 0, 4.140812158584595 
0.4588040625356613, 1.8749178790982186, 0, 0, 4.117661952972412 
0.51032751340865, 1.70615641194574, 0, 0, 4.148587226867676 
0.5296131461828141, 1.6097886141780053, 0, 0, 4.252587556838989 
0.5789683898208376, 1.481051424218791, 0, 0, 4.115650177001953 
0.614972041538286, 1.3875261630979299, 0, 0, 4.151634693145752 
0.672372475179733, 1.2777173558107668, 0, 0, 4.127170562744141 
0.6829282209289056, 1.21605817422779, 0, 0, 4.126469373703003 
0.7079767203012667, 1.140208459115732, 0, 0, 4.223713636398315 
0.7251512039255963, 1.08796193363428, 0, 0, 4.125367641448975 
0.738731028186694, 1.0327317562014218, 0, 0, 4.19044041633606 
0.7472897409562935, 0.9785736080074926, 0, 0, 4.22205114364624 
0.7588725322378181, 0.9323775231275043, 0, 0, 4.143036365509033 
0.7642930503252311, 0.905552488305053, 0, 0, 4.124306678771973 
0.7735935182015291, 0.8582982230274117, 0, 0, 4.155145883560181 
0.7842633801209632, 0.8237744510526411, 0, 0, 4.156654119491577 
0.7879721556544562, 0.7906781840783229, 0, 0, 4.221633672714233 
0.7846057286317472, 0.7968784911541258, 0, 0, 4.160914897918701 
0.7946479516147438, 0.7530599290035376, 0, 0, 4.1662962436676025 
0.8033778386397352, 0.7383021779601434, 0, 0, 4.219587326049805 
0.8041195937464338, 0.699710456493112, 0, 0, 4.131533622741699 
0.8050325231085245, 0.6955445017986832, 0, 0, 4.1211018562316895 
0.8030925482140819, 0.6728264338139343, 0, 0, 4.146404504776001 
0.8131347711970787, 0.6500511355462557, 0, 0, 4.129823923110962 
0.8110236220472441, 0.6349373320140791, 0, 0, 4.196892261505127 
0.817300011411617, 0.6226443041362794, 0, 0, 4.143556356430054 
0.12301723154170946, 2.303865701765319, 0, 0, 3.766636848449707 
0.09916695195709233, 2.4504141556529118, 0, 0, 9.499417781829834 
0.2430103845714938, 2.2601082101592755, 0, 0, 4.256368637084961 
0.2545361177678877, 2.230835427541709, 0, 0, 4.252902984619141 
0.2720529499030013, 2.1960163013897174, 0, 0, 4.17004132270813 
0.3443455437635513, 2.0745848876622746, 0, 0, 4.197026252746582 
0.3978660276161132, 1.964914533319453, 0, 0, 4.304894924163818 
0.4586899463654, 1.8346089867025208, 0, 0, 4.1634790897369385 
0.48984366084674197, 1.689973294152499, 0, 0, 4.157926559448242 
0.5261896610749743, 1.5885005640124745, 0, 0, 4.196238279342651 
0.5623644870478147, 1.478489205820804, 0, 0, 4.26296329498291 
0.6132602989843661, 1.381113298322979, 0, 0, 4.176537275314331 
0.6124614857925368, 1.3281707780089134, 0, 0, 4.165027379989624 
0.6423028643158736, 1.2730285475798941, 0, 0, 4.206381559371948 
0.6351706036745407, 1.2321821384347473, 0, 0, 4.263436317443848 
0.6679790026246719, 1.1678578101147075, 0, 0, 4.218595027923584 
0.6758530183727034, 1.1304163113664705, 0, 0, 4.149917840957642 
0.6880634485906653, 1.0967481768993235, 0, 0, 4.172957181930542 
0.702499144128723, 1.048701617317847, 0, 0, 4.247289657592773 
0.7183042337099167, 1.0053982681827307, 0, 0, 4.165513277053833 
0.7193312792422686, 0.9796926565139966, 0, 0, 4.179407119750977 
0.7325687549925824, 0.9469058670708134, 0, 0, 4.257918357849121 
0.739586899463654, 0.916502581501901, 0, 0, 4.286949872970581 
0.7412986420175739, 0.9030570434429598, 0, 0, 4.171806573867798 
0.7520255620221385, 0.8581849447062336, 0, 0, 4.152202844619751 
0.7520255620221385, 0.8584068789667731, 0, 0, 4.16816782951355 
0.7662900833048043, 0.8187163074907364, 0, 0, 4.242856025695801 
0.7670888964966336, 0.8043582349307914, 0, 0, 4.152958631515503 
0.7717106013922173, 0.7888968380811923, 0, 0, 4.140647649765015 
0.7770740613944996, 0.7652818763795987, 0, 0, 4.207942247390747 
0.7823804633116512, 0.7468584864595729, 0, 0, 4.2529990673065186 
0.07834075088440032, 2.3024620824811284, 0, 0, 3.7004504203796387 
0.12415839324432272, 2.2960818233241476, 0, 0, 9.215754985809326 
0.2314275932899692, 2.291718021095153, 0, 0, 4.17950963973999 
0.18338468560995094, 2.233644672658942, 0, 0, 4.109204530715942 
0.18321351135455893, 2.247254413123057, 0, 0, 4.067867040634155 
0.30845600821636426, 2.0715689446122556, 0, 0, 4.082202911376953 
0.27667465479858494, 2.0091507360039373, 0, 0, 4.0760579109191895 
0.4109893871961657, 1.7800565654917635, 0, 0, 4.0342042446136475 
0.42291452698847426, 1.7354975220491933, 0, 0, 4.074734449386597 
0.5621933127924227, 1.489404234273563, 0, 0, 4.014053821563721 
0.54216592491156, 1.4651066214959725, 0, 0, 4.088850498199463 
0.6279242268629465, 1.263421011747106, 0, 0, 4.040980577468872 
0.6495492411274678, 1.24127178390916, 0, 0, 4.100277662277222 
0.6968503937007874, 1.07395989006993, 0, 0, 4.0838587284088135 
0.693541024763209, 1.0555776175162213, 0, 0, 4.040353775024414 
0.7110578568983225, 0.9407059793267917, 0, 0, 4.060108661651611 
0.7471756247860322, 0.900998723597722, 0, 0, 4.039636611938477 
0.764977747346799, 0.8065601940459334, 0, 0, 4.065646648406982 
0.7577313705352048, 0.8262237400572421, 0, 0, 4.107051372528076 
0.7921944539541254, 0.7102580036411947, 0, 0, 4.036994218826294 
0.7805546045874701, 0.7289311289492852, 0, 0, 4.017439842224121 
0.7948761839552665, 0.6599735034178942, 0, 0, 4.074521780014038 
0.7937920803377838, 0.6703033334555786, 0, 0, 4.128570318222046 
0.8049184069382631, 0.6166221900407848, 0, 0, 4.069949388504028 
0.8106242154513295, 0.6140944736924584, 0, 0, 3.985098361968994 
0.8341321465251627, 0.5551887240182679, 0, 0, 4.119560718536377 
0.8226064133287687, 0.573359970436104, 0, 0, 4.058816194534302 
0.8478831450416524, 0.5232727683499394, 0, 0, 4.0088207721710205 
0.8515919205751455, 0.513156033281653, 0, 0, 4.045967102050781 
0.858438890790825, 0.48393290162851677, 0, 0, 4.100658416748047 
0.8392673741869223, 0.5137446159953731, 0, 0, 4.03897762298584 
0.09003765833618624, 2.3114864154208274, 0, 0, 3.738577127456665 
0.25493552436380235, 2.325617832455925, 0, 0, 9.252849102020264 
0.1155426223895926, 2.3860334281401516, 0, 0, 4.04788064956665 
0.2880862718247176, 2.2536649221112204, 0, 0, 4.052137613296509 
0.2879721556544562, 2.2812571679296383, 0, 0, 4.151700735092163 
0.30001141161702616, 2.0875203059274225, 0, 0, 4.075422286987305 
0.3247175624786032, 2.055651941451791, 0, 0, 4.103757858276367 
0.4246833276275248, 1.8164774427915995, 0, 0, 4.0342161655426025 
0.411274677621819, 1.8297661861815564, 0, 0, 4.163046836853027 
0.5282437521396782, 1.5511047309997963, 0, 0, 4.06573224067688 
0.46473810338925026, 1.6618828151726956, 0, 0, 4.131130695343018 
0.5755449047129978, 1.3656651460185354, 0, 0, 4.1815149784088135 
0.5745178591806459, 1.4025630677666021, 0, 0, 4.061160326004028 
0.6006504621704896, 1.283000249731133, 0, 0, 4.07625150680542 
0.6064703868538172, 1.2609686446451986, 0, 0, 4.177633762359619 
0.6206778500513522, 1.1655911885672678, 0, 0, 4.052170038223267 
0.6281524592034692, 1.1334940170514833, 0, 0, 4.07984471321106 
0.6393929019742097, 1.0869049670020896, 0, 0, 4.102735280990601 
0.6431587355928335, 1.0445982586604214, 0, 0, 4.12120509147644 
0.6807600136939405, 0.9505554069427644, 0, 0, 4.159056663513184 
0.6638708204952641, 0.9463988095910052, 0, 0, 4.1605470180511475 
0.7175054205180874, 0.8549205019115288, 0, 0, 4.059123516082764 
0.6920575145498117, 0.8531178889313792, 0, 0, 4.0736730098724365 
0.7352504849937236, 0.813179778038469, 0, 0, 4.095171928405762 
0.7116854958347598, 0.8523963639729651, 0, 0, 4.203688621520996 
0.7470044505306402, 0.7576382805928438, 0, 0, 4.0734899044036865 
0.7373616341435582, 0.7548597487292664, 0, 0, 4.0436108112335205 
0.7701700330936894, 0.6772187968690954, 0, 0, 4.079864263534546 
0.7572178477690289, 0.7512792799430256, 0, 0, 4.144042730331421 
0.7882574460801095, 0.6277917629160653, 0, 0, 4.059004306793213 
0.7795846171402487, 0.682824131143796, 0, 0, 4.054083824157715 
0.08404655939746662, 2.3113794262826293, 0, 0, 3.6949472427368164 
0.14909277644642246, 2.3590798349210553, 0, 0, 9.363147497177124 
0.11565673855985394, 2.2833881009970387, 0, 0, 4.117436647415161 
0.14852219559511584, 2.30134353125591, 0, 0, 4.102738857269287 
0.19336985050781696, 2.2539671015570413, 0, 0, 4.206622838973999 
0.2463768115942029, 2.12393799319672, 0, 0, 4.065742015838623 
0.38942143101677507, 2.0047461573226535, 0, 0, 4.134051322937012 
0.32466050439347255, 1.895079766597344, 0, 0, 4.235186576843262 
0.45241355700102703, 1.7787466084826926, 0, 0, 4.056819438934326 
0.4929247974437978, 1.559445384111092, 0, 0, 4.107718467712402 
0.5607668606641562, 1.5136565215261784, 0, 0, 4.206104755401611 
0.6027616113203241, 1.3450589918997764, 0, 0, 4.118819236755371 
0.5849594887595573, 1.340802533179807, 0, 0, 4.06174111366272 
0.6420175738902203, 1.213333379440859, 0, 0, 4.100703716278076 
0.6258130777131119, 1.1881649604737816, 0, 0, 4.134856462478638 
0.6541709460230515, 1.0855966289346588, 0, 0, 4.094480276107788 
0.6954809996576515, 1.0080385667406284, 0, 0, 4.073737144470215 
0.6850393700787402, 0.9667475178318848, 0, 0, 4.109993934631348 
0.7043820609380349, 0.9046428248648141, 0, 0, 4.0937628746032715 
0.7076343717904827, 0.8865935038066766, 0, 0, 4.161781072616577 
0.7406710030811366, 0.8327965259251852, 0, 0, 4.086857557296753 
0.755677279470501, 0.7929286463241464, 0, 0, 4.065650939941406 
0.746205637338811, 0.761057536841341, 0, 0, 4.028961658477783 
0.7701129750085587, 0.7257670006199224, 0, 0, 4.15117621421814 
0.7575031381946822, 0.7496129091776241, 0, 0, 4.1014018058776855 
0.7862604131005363, 0.6670905759742419, 0, 0, 4.030170440673828 
0.7775875841606755, 0.6469389996486912, 0, 0, 4.097126722335815 
0.7795275590551181, 0.6434658621610942, 0, 0, 4.179550409317017 
0.7921944539541254, 0.6070883826638709, 0, 0, 4.040086984634399 
0.7942485450188291, 0.5851798014344854, 0, 0, 4.141046762466431 
0.7812963596941687, 0.6074928552483164, 0, 0, 4.098456144332886 
