acc, loss, temp
0.05766347595433053, 2.3132099573614067, 4.670514106750488 
0.10212201591511937, 2.3649939018436985, 13.23957371711731 
0.11250144158689886, 2.4106313598507954, 3.756652593612671 
0.22581017183715835, 2.2959899238680532, 3.772580146789551 
0.10327528543420597, 2.45725419431948, 3.7339818477630615 
0.3346788144389344, 2.1249979698528314, 3.759672164916992 
0.4433168031368931, 2.0018097395663497, 3.6844491958618164 
0.21785261215546073, 2.118649253246853, 3.6671481132507324 
0.3704301695306193, 1.9165972032422878, 3.829721212387085 
0.34050282551032174, 1.7887258578349474, 3.7434895038604736 
0.4117748817898743, 1.7173667779277717, 3.725369453430176 
0.5346557490485526, 1.5083554259616456, 3.7446939945220947 
0.54220966439857, 1.4638807372636544, 3.852091073989868 
0.4618844423941875, 1.4182934671562244, 3.8406741619110107 
0.5641794487371699, 1.2636990998093713, 3.7619948387145996 
0.5438819052012456, 1.291068800938516, 3.852799415588379 
0.6126167685388075, 1.1378295976877004, 3.6438851356506348 
0.6398915926652059, 1.0321249489143502, 3.7703163623809814 
0.6834851804866797, 0.9920922614729557, 3.798654079437256 
0.6473878445392688, 0.9840199007235161, 3.779832601547241 
0.6203436743166878, 0.9784048131812528, 3.7631068229675293 
0.6792757467420136, 0.9048483682595188, 3.8768491744995117 
0.6620920309076231, 0.9473106965955228, 3.7491636276245117 
0.6637642717102987, 0.9156088944869702, 3.7301578521728516 
0.693114980971053, 0.8426395793716411, 3.7026314735412598 
0.6947872217737285, 0.8216329335431165, 3.8009259700775146 
0.6911544227886057, 0.7773371609242629, 3.7751030921936035 
0.724541575366163, 0.7375076554206192, 3.8589696884155273 
0.7800138392342291, 0.6678684381292315, 3.7893624305725098 
0.766232268481144, 0.6718925490471366, 3.660301685333252 
0.7467996770845347, 0.7272742428544043, 3.8189921379089355 
0.7984661515396148, 0.6362303664628127, 3.829777956008911 
0.7657132971975551, 0.658479236487499, 3.860295057296753 
0.767962172759774, 0.6440705133808441, 3.886359453201294 
0.7914888709491408, 0.6176596341754882, 3.911247730255127 
0.8135163187636951, 0.5755706159426905, 3.7673897743225098 
0.7692307692307693, 0.596150099744343, 3.85764479637146 
0.8003690462461077, 0.5700751614080778, 3.7014029026031494 
0.7941990543189944, 0.5600412147890859, 3.7780098915100098 
0.8107484719178872, 0.5256040525383322, 3.6619153022766113 
0.8494983277591973, 0.4982865695919763, 3.696974754333496 
0.7894129858147849, 0.5718374258786854, 3.7392311096191406 
0.8188790220274478, 0.5105091951105986, 3.7286529541015625 
0.815246223042325, 0.5034855397019417, 3.7578797340393066 
0.830065736362588, 0.47723479327389706, 3.60188627243042 
0.8346788144389343, 0.48057710934980685, 3.7301080226898193 
0.8564756083496713, 0.46292153879667786, 3.614884614944458 
0.8041171721831392, 0.5270765087673644, 3.852823257446289 
0.8187636950755391, 0.49086547435081124, 3.7508034706115723 
0.8366393726213817, 0.45642452393390714, 3.7686078548431396 
0.7999077384384731, 0.5340211586877013, 12.786638736724854 
0.821877522777073, 0.4896765516958454, 3.652451276779175 
0.8112674432014761, 0.5101090376445465, 3.689523935317993 
0.8568792526813517, 0.40821767606061143, 3.6974964141845703 
0.8696228808672587, 0.4075108187105984, 3.600816249847412 
0.8783300657363626, 0.3912426213330062, 3.7013087272644043 
0.8478837504324761, 0.4254088430089146, 3.728076934814453 
0.8782147387844539, 0.3869757299502681, 3.685309886932373 
0.8179564064121785, 0.5010537442706522, 3.6101789474487305 
0.8571675700611233, 0.40277274060995655, 3.7391297817230225 
0.849613654711106, 0.4082789565066582, 3.7617340087890625 
0.8690462461077154, 0.3755941074593, 3.7488114833831787 
0.8636835428439626, 0.3778530116568022, 3.7518842220306396 
0.8503632798985122, 0.41435443523679405, 3.618281602859497 
0.8899780878791373, 0.35776663530118097, 3.483853816986084 
0.8568215892053973, 0.41621924860242115, 3.5215625762939453 
0.8725637181409296, 0.35384622952694045, 3.590200662612915 
0.8807519317264445, 0.34570373375490554, 3.705415964126587 
0.8629339176565564, 0.3709424742467744, 3.6014180183410645 
0.8432130088801753, 0.40103799431585135, 3.649933338165283 
0.8597047630031138, 0.37134910015765255, 3.5430288314819336 
0.8969553684696113, 0.3343406981277868, 3.6533374786376953 
0.885019028947065, 0.3364587453900505, 3.4595532417297363 
0.863395225464191, 0.3783047667946105, 3.598599910736084 
0.8735439972321531, 0.3514204720473019, 3.673022747039795 
0.8518625302733249, 0.3866641493002884, 3.6287405490875244 
0.8539960788836352, 0.3788763838835989, 3.7877628803253174 
0.8374466612847422, 0.4295837617953112, 3.5384113788604736 
0.8477684234805674, 0.4012417093184111, 3.7540385723114014 
0.8512858955137815, 0.38404653482014284, 3.6626429557800293 
0.842463383692769, 0.40874783836254985, 3.788175582885742 
0.8791373543997232, 0.3457728757334357, 3.6162960529327393 
0.8864029523699689, 0.3154691464253922, 3.532658100128174 
0.8750432476069657, 0.33149467491201595, 3.558736562728882 
0.8252796678583785, 0.45372901077723915, 3.6702897548675537 
0.8569945796332603, 0.3795069995299804, 3.6276137828826904 
0.8474224426248415, 0.40564908513577763, 3.6774213314056396 
0.8737169876600162, 0.340044505681197, 3.595449209213257 
0.8767154884096413, 0.32638791368033854, 3.598066806793213 
0.8760235266981894, 0.3262045251322657, 3.7131388187408447 
0.8543420597393611, 0.3778023913861414, 3.5425806045532227 
0.8432130088801753, 0.4240662771341104, 3.6783337593078613 
0.8587821473878445, 0.36557338485956614, 3.69883131980896 
0.892342290393265, 0.31650781507859854, 3.6834962368011475 
0.9047976011994003, 0.28521346139342385, 3.6397628784179688 
0.8830584707646177, 0.31450838491587635, 3.726728677749634 
0.8894014531195941, 0.2986339009430022, 3.6744484901428223 
0.8909007034944066, 0.2925158156140581, 3.6773386001586914 
0.8957444354745704, 0.29466645202119424, 3.703382968902588 
0.8728520355207012, 0.3232665870460295, 3.6675360202789307 
0.8876138853650098, 0.2953254101242229, 12.984459400177002 
0.10604313228001384, 2.311008355926893, 3.5795512199401855 
0.1312997347480106, 2.3315245532072506, 13.247990608215332 
0.11227078768308153, 2.435120691612606, 3.792663812637329 
0.23659324184061814, 2.3306321451945555, 3.8039238452911377 
0.20389805097451275, 2.2479035712853825, 3.782737970352173 
0.26905777880290627, 2.1553447293790624, 3.729428291320801 
0.29264214046822745, 1.999123975368276, 3.7805869579315186 
0.369853534771076, 1.8980531159791265, 3.7077395915985107 
0.2295006342982355, 2.0454542116951644, 3.6868643760681152 
0.31426594395110136, 1.8833368677564875, 3.6131949424743652 
0.3713527851458886, 1.802036929241705, 3.6800625324249268 
0.4225579517933341, 1.632561269625095, 3.786945104598999 
0.48218198593011186, 1.4983634176926734, 3.733543872833252 
0.4880636604774536, 1.4839396589589773, 3.6961748600006104 
0.4742820897243686, 1.4519835227004831, 3.671757936477661 
0.5370776150386345, 1.3318503499226448, 3.732534646987915 
0.5813631645715603, 1.3622075680787324, 3.8286266326904297 
0.5742705570291777, 1.2596791623693564, 3.8166494369506836 
0.6815822857801869, 1.014636998585112, 3.802015542984009 
0.6870026525198939, 0.950078589450235, 3.7441394329071045 
0.7209664398569946, 0.8589167974725737, 3.7839057445526123 
0.7171029869680544, 0.8605975054306497, 3.7510833740234375 
0.746857340560489, 0.7935002710078296, 3.767470359802246 
0.7383231461192481, 0.7877077460625493, 3.7364161014556885 
0.7406296851574213, 0.8148675650827117, 3.62762451171875 
0.7168723330642371, 0.8562515153299595, 3.7048771381378174 
0.7438588398108638, 0.7346821910153174, 3.6754419803619385 
0.7699803944181756, 0.7328182226647539, 3.639523983001709 
0.7550455541460039, 0.7323906667253384, 3.761566400527954 
0.7478376196517126, 0.7591767360331642, 3.787224531173706 
0.7612155460731173, 0.7208522694090761, 3.7329704761505127 
0.7643293737746512, 0.6437933991252313, 3.860835552215576 
0.7848575712143928, 0.5996042819432813, 3.7978479862213135 
0.780532810517818, 0.6226589089439872, 3.6842660903930664 
0.7602352669818937, 0.6751352763526169, 3.833874225616455 
0.7569484488524968, 0.67882756382107, 3.9980239868164062 
0.7888363510552416, 0.5765369621144568, 3.849682331085205 
0.7838772921231691, 0.5727442165194644, 3.8941197395324707 
0.8185330411717219, 0.5151983255601827, 3.7012276649475098 
0.808441932879714, 0.5171871640732679, 3.9257688522338867 
0.8459231922500289, 0.4980490142434312, 3.7609522342681885 
0.7943720447468573, 0.5401448662657918, 3.8422279357910156 
0.8629339176565564, 0.4610821914904977, 3.7375314235687256 
0.8459231922500289, 0.4809770498466785, 3.668680429458618 
0.8459231922500289, 0.48696536884593206, 3.805030107498169 
0.828854803367547, 0.4879433495988823, 3.9130337238311768 
0.8350824587706147, 0.4524374879828257, 3.764061450958252 
0.8451735670626226, 0.4497286525440349, 3.9177703857421875 
0.8418290854572713, 0.4514332277644766, 3.8461408615112305 
0.8655864375504555, 0.4291217028194671, 3.740426778793335 
0.8622996194210587, 0.41100368882819255, 13.144911766052246 
0.868815592203898, 0.41383626430621767, 3.637608766555786 
0.8479990773843847, 0.44532284859596194, 3.668063163757324 
0.8802329604428555, 0.38315661499838843, 3.777916193008423 
0.8599930803828855, 0.4011619604978184, 3.7562427520751953 
0.8860569715142429, 0.37210332375971733, 3.798954486846924 
0.8839234229039327, 0.3722187831580694, 3.887540817260742 
0.8751009110829201, 0.4051334997530288, 3.659062623977661 
0.8612616768538808, 0.4073293357856654, 3.774519443511963 
0.8307576980740399, 0.4349871510576016, 3.823209047317505 
0.9004151770268711, 0.33431614143118116, 3.7246577739715576 
0.8978779840848806, 0.3337011059633123, 3.7503504753112793 
0.890785376542498, 0.3471071473762645, 3.7465124130249023 
0.8838657594279783, 0.35469684162083387, 3.7924606800079346 
0.8774074501210933, 0.37198676252836915, 3.691765546798706 
0.8694498904393957, 0.38687231343374506, 3.6221718788146973 
0.8861722984661515, 0.35841251047725753, 3.849081039428711 
0.8622419559451043, 0.37925527863652775, 3.6773862838745117 
0.8608580325222004, 0.3897212227118167, 3.589277505874634 
0.8912466843501327, 0.33656896368571076, 3.7440569400787354 
0.8452312305385768, 0.4036945376827455, 3.738372802734375 
0.8922846269173106, 0.3141739380665043, 3.646043300628662 
0.895859762426479, 0.31381031073358584, 3.775193214416504 
0.8809249221543075, 0.3359525883171521, 3.8045437335968018 
0.8379079690923769, 0.4223485111727525, 3.8293323516845703 
0.8491523469034713, 0.3889482934229285, 3.685563325881958 
0.9009918117864145, 0.30055384628506754, 3.7475671768188477 
0.8960904163302964, 0.30941835600075707, 3.7854526042938232 
0.8968400415177027, 0.30524497259140804, 3.7067017555236816 
0.9076231115211625, 0.29067422513576496, 3.6451971530914307 
0.9019720908776381, 0.29674991513151067, 3.7492830753326416 
0.8974743397532003, 0.3105514867047129, 3.7517337799072266 
0.903701995156268, 0.2873896214385999, 3.6100499629974365 
0.8742359589436052, 0.3361588350286472, 3.693629264831543 
0.8785030561642255, 0.32502541097557003, 3.6448512077331543 
0.868815592203898, 0.3433722469091907, 3.7499163150787354 
0.8862299619421059, 0.3108581087856663, 3.6816036701202393 
0.9148887094914081, 0.2651730973940891, 3.742184638977051 
0.9085457271364318, 0.28952790510729637, 3.628070831298828 
0.8733133433283359, 0.3516502827969011, 3.770231008529663 
0.8820205281974397, 0.3279837744540807, 3.8514978885650635 
0.884846038519202, 0.3117657916086928, 3.7544925212860107 
0.9154076807749971, 0.2614796497079928, 3.603616237640381 
0.911025256602468, 0.26901868590909256, 3.7627201080322266 
0.9263637412063199, 0.2369749495252856, 3.749051094055176 
0.9016837734978664, 0.28550107327498425, 3.660702705383301 
0.870545496482528, 0.3456240494769471, 3.7180778980255127 
0.8971283588974743, 0.30342239675956534, 3.6988165378570557 
0.8993195709837389, 0.284679999896744, 3.6854729652404785 
0.9229615961250144, 0.24558257457981955, 3.6646690368652344 
0.8953984546188444, 0.2947756463970286, 12.964915752410889 
0.10442855495329259, 2.302794390115612, 3.5193638801574707 
0.11227078768308153, 2.322066279882225, 13.07508897781372 
0.1811786414485065, 2.3483155926439125, 3.74704909324646 
0.21179794718025602, 2.339473720220234, 3.679015874862671 
0.16872333064237113, 2.320738095341492, 3.6643223762512207 
0.2431092146234575, 2.352344081199438, 3.7575459480285645 
0.3137469726675124, 2.234481651385162, 3.798027276992798 
0.26329143120747317, 2.087864714589986, 3.8024163246154785 
0.4079114289009341, 1.9606427822403882, 3.8205976486206055 
0.47405143582055126, 1.8283034333005466, 3.706702709197998 
0.42284626917310575, 1.57460083470339, 3.711578130722046 
0.44908315073232613, 1.5279259808237065, 3.7717602252960205 
0.5454388190520124, 1.459447105928225, 3.5646135807037354 
0.5335024795294661, 1.3092830696757578, 3.91318941116333 
0.554261330873025, 1.2297665160163809, 3.770343780517578 
0.5623918809825856, 1.2405499161178393, 3.7153775691986084 
0.686310690808442, 1.0208927196752289, 3.8356003761291504 
0.6186714335140122, 1.1272034004693179, 3.631284713745117 
0.657709606735094, 1.0400375498208365, 3.727186679840088 
0.649521393149579, 0.9690394014136022, 3.796947956085205 
0.6897704993657018, 0.8848103093118685, 3.8884503841400146 
0.7104716872333064, 0.8639773764396441, 3.6778993606567383 
0.6818129396840041, 0.9483475567973433, 3.7950220108032227 
0.704301695306193, 0.9119505094369351, 3.813469409942627 
0.6882712489908892, 0.8667388583165134, 3.8660879135131836 
0.7653673163418291, 0.7071635909181337, 3.845637798309326 
0.7487602352669819, 0.7186739606064221, 3.897336483001709 
0.7642717102986968, 0.6729807880576468, 3.7193238735198975 
0.7620804982124323, 0.6795327805819188, 3.661700963973999 
0.7394764156383347, 0.7470158312513863, 3.5976688861846924 
0.7673278745242763, 0.7030081701621076, 3.75435733795166 
0.8057317495098605, 0.5720509582545779, 3.6619811058044434 
0.766405258909007, 0.6650130590629274, 3.7186193466186523 
0.7518163994925614, 0.6754310850324304, 3.6741440296173096 
0.7756314150617, 0.6851890672322272, 3.7631685733795166 
0.7894129858147849, 0.6080372870517837, 3.688546657562256 
0.7709030100334449, 0.6210350184487909, 3.7563655376434326 
0.7669818936685503, 0.6463189277916976, 3.7494747638702393 
0.7891823319109675, 0.564191807104038, 3.6954410076141357 
0.8003690462461077, 0.5510952980822913, 3.7847530841827393 
0.8039441817552762, 0.5390142555351831, 3.642713785171509 
0.8027332487602352, 0.5512225822477385, 3.852402448654175 
0.8138046361434668, 0.5133335036822618, 3.691971778869629 
0.841079460269865, 0.4564500754282476, 3.683023691177368 
0.8083266059278054, 0.5156519015100925, 3.7228012084960938 
0.8462691731057548, 0.445703379759654, 3.7050037384033203 
0.8192826663591282, 0.47709410700352034, 3.821289300918579 
0.8186483681236305, 0.4745011514032125, 3.799506902694702 
0.8249913504786068, 0.4792778057822065, 3.909214496612549 
0.8403874985584131, 0.43992703532043514, 3.797921895980835 
0.8260292930457848, 0.47619187714938704, 13.12953782081604 
0.8376773151885596, 0.4678732530457578, 3.678776979446411 
0.8592434551954792, 0.42023362188854907, 3.6699774265289307 
0.835659093530158, 0.4508859099660242, 3.743035316467285 
0.8483450582401107, 0.4205996358545357, 3.502122163772583 
0.828681812939684, 0.44631580007687666, 3.610996723175049 
0.8697382078191673, 0.3805114351229803, 3.494802474975586 
0.8554376657824934, 0.42170409197029357, 3.6230428218841553 
0.8795986622073578, 0.3714012833230383, 3.6143431663513184 
0.8255103217621959, 0.49606864953932095, 3.507864236831665 
0.8436743166878099, 0.40896762577087237, 3.5537052154541016 
0.8605120516664745, 0.3985704318795973, 3.6260855197906494 
0.8344481605351171, 0.4522292956837132, 3.5071232318878174 
0.8469034713412524, 0.41160193290306357, 3.569335699081421 
0.8652981201706839, 0.38234605004429517, 3.669264793395996 
0.8437319801637643, 0.4227211316672089, 3.711883544921875 
0.8543420597393611, 0.3831759833747446, 3.561657667160034 
0.8808672586783531, 0.34134501769633824, 3.608165740966797 
0.8544573866912698, 0.3829551841886374, 3.587282657623291 
0.8828854803367547, 0.34410104495379135, 3.6569621562957764 
0.8491523469034713, 0.4045343377326489, 3.6280248165130615 
0.8640295236996887, 0.375604988554864, 3.6360692977905273 
0.8887671548840964, 0.33608275505928675, 3.581042528152466 
0.8926306077730366, 0.3166398247176106, 3.633317708969116 
0.8962634067581594, 0.3049672462037372, 3.578981637954712 
0.8983392918925153, 0.3045877310255269, 3.6709985733032227 
0.8789643639718602, 0.3310686505728719, 3.637267827987671 
0.857455887440895, 0.3784405352522234, 3.6415932178497314 
0.8461538461538461, 0.41141529197891646, 3.6362414360046387 
0.8687002652519894, 0.3610187612507704, 3.65687894821167 
0.869680544343213, 0.34987134157011784, 3.608295440673828 
0.8448852496828508, 0.41541380182705695, 3.533891201019287 
0.8621842924691501, 0.37453349750203296, 3.5792205333709717 
0.8595894360512052, 0.38228945942847425, 3.6201164722442627 
0.8523238380809596, 0.397134514400185, 3.5885632038116455 
0.8697958712951217, 0.33936625218396355, 3.743718147277832 
0.8752739015107831, 0.33570271972809035, 3.4698994159698486 
0.8712951216699343, 0.3516539555589012, 3.635392665863037 
0.8819052012455311, 0.3202834543916996, 3.5541107654571533 
0.9062968515742129, 0.2847702857504812, 3.4403467178344727 
0.9079690923768885, 0.2779902973645331, 3.615041494369507 
0.8886518279321878, 0.3194343074103092, 3.46258544921875 
0.9073347941413908, 0.2866617487675204, 3.7301647663116455 
0.9039903125360397, 0.2776899851815921, 3.6023457050323486 
0.9047976011994003, 0.28663673855174776, 3.6398420333862305 
0.9065275054780302, 0.2628796522251132, 3.634070873260498 
0.9022027447814555, 0.2839905192307848, 3.62343692779541 
0.9112559105062853, 0.2545995963259993, 3.7784335613250732 
0.8978203206089264, 0.2814042346481731, 3.589440107345581 
0.9046822742474916, 0.27516309059816685, 3.6166164875030518 
0.9008188213585515, 0.27879227622084335, 13.059853315353394 
0.10004613078076346, 2.3032980482524557, 3.4338719844818115 
0.10546649752047053, 2.360443523621133, 13.176594257354736 
0.1797947180256026, 2.3789386759919533, 3.6625871658325195 
0.13268365817091454, 2.30594157630747, 3.706327438354492 
0.293795409987314, 2.34636662355114, 3.7825887203216553 
0.15119363395225463, 2.247528344427511, 3.759976387023926 
0.45363856533271824, 2.0723950627036305, 3.7258095741271973 
0.4157536616307231, 1.91192941692974, 3.776747941970825 
0.3482873947641564, 1.7484564449125792, 3.7342662811279297 
0.46667051089839695, 1.6538271847895254, 3.742274284362793 
0.4297658862876254, 1.6511683999600573, 3.712489366531372 
0.4689770499365702, 1.5381868881518608, 3.5754611492156982 
0.49930803828854803, 1.3774789358259822, 3.7020328044891357 
0.5574328220505133, 1.2096022248279705, 3.753096103668213 
0.569080844193288, 1.1662196107831058, 3.6914448738098145 
0.6794487371698766, 0.9807426057648848, 3.710779905319214 
0.6679737054549648, 1.019345213626544, 3.7733428478240967 
0.7384961365471111, 0.8720156294347975, 3.805419921875 
0.6724137931034483, 0.9591388864002734, 3.7132253646850586 
0.7141621496943836, 0.8782169884085227, 3.6484456062316895 
0.7079344942913158, 0.9202897565402438, 3.759031057357788 
0.7075308499596356, 0.8367607732417052, 3.7950644493103027 
0.7436858493830008, 0.7397947144255378, 3.7903130054473877 
0.7204474685734056, 0.7855165970179584, 3.7729132175445557 
0.7034944066428325, 0.8010572317334416, 3.778925657272339 
0.7552762080498212, 0.6833135760233686, 3.7130634784698486 
0.7361895975089379, 0.7196285151272271, 3.8149425983428955 
0.718602237342867, 0.714927089441475, 3.8350932598114014 
0.7010148771767962, 0.7791938698523487, 3.759139060974121 
0.7922961596125014, 0.641781318243687, 3.750770330429077 
0.7448967823780418, 0.6833445698079105, 3.7488343715667725 
0.8069426825049014, 0.5666360480815068, 3.751563787460327 
0.7706146926536732, 0.6044769858244572, 3.668827772140503 
0.8514588859416445, 0.5152054766350243, 3.832883358001709 
0.8087302502594856, 0.5581727732800051, 3.7996890544891357 
0.8294314381270903, 0.5348710078685838, 3.6791677474975586 
0.8471341252450698, 0.478693237173803, 3.659886360168457 
0.7882597162956984, 0.5639397645810682, 3.7979156970977783 
0.8390035751355092, 0.47457542004864794, 3.563570261001587 
0.7839349555991235, 0.5550941779604218, 3.769376039505005 
0.8163418290854573, 0.49307729938341033, 3.724421262741089 
0.8110944527736131, 0.512306626630685, 3.7395730018615723 
0.8358897474339754, 0.45447022589436453, 3.725600004196167 
0.8362357282897013, 0.45521850084643356, 3.8118252754211426 
0.8270672356129628, 0.48110028204313465, 3.7146639823913574 
0.8226848114404336, 0.5056290245143134, 3.744300603866577 
0.8548610310229501, 0.43850025423886013, 3.7417171001434326 
0.8706608234344366, 0.42132832530122316, 3.8668484687805176 
0.869680544343213, 0.39100989284718923, 3.569207191467285 
0.8266059278053282, 0.460911803708246, 3.7814154624938965 
0.8802329604428555, 0.3892615258796994, 13.04896593093872 
0.8763695075539153, 0.3960040945678869, 3.7330172061920166 
0.8911890208741783, 0.3665409707895747, 3.7538697719573975 
0.8737169876600162, 0.3832824101199674, 3.66919207572937 
0.8919386460615846, 0.3573272272620351, 3.6439898014068604 
0.8568215892053973, 0.3877998897916165, 3.7716174125671387 
0.8469034713412524, 0.4203183158609404, 3.652231454849243 
0.8455195479183485, 0.4168275943624848, 3.5846822261810303 
0.8712951216699343, 0.3796180294264088, 3.552497386932373 
0.8488063660477454, 0.404680159987736, 3.7591724395751953 
0.8457502018221659, 0.40266447548942025, 3.7079081535339355 
0.8835774420482067, 0.34442190125529604, 3.855271577835083 
0.9026640525890901, 0.31970427243423266, 3.737420082092285 
0.8932649060085341, 0.33673456639196886, 3.599217653274536 
0.8519778572252336, 0.40544485026889004, 3.786456346511841 
0.8392918925152808, 0.4252622751420036, 3.7144508361816406 
0.841598431553454, 0.4202094061875157, 3.7575290203094482 
0.8716987660016146, 0.38405118118970005, 3.644923448562622 
0.8471341252450698, 0.4131060199039661, 3.8958377838134766 
0.8590128012916619, 0.38895525300293843, 3.861177921295166 
0.8824241725291201, 0.33452560928137415, 3.729337215423584 
0.8579748587244839, 0.37680647917520016, 3.7431764602661133 
0.8601084073347941, 0.37193971889086463, 3.7450780868530273 
0.8616076577096068, 0.3719484233341278, 3.6517605781555176 
0.8604543881905201, 0.37371906222736323, 3.809030532836914 
0.8525544919847768, 0.38947795006513614, 3.850768566131592 
0.8683542843962634, 0.3631733180016867, 3.8305747509002686 
0.8869795871295122, 0.33243338855577464, 3.8165929317474365 
0.8948218198593011, 0.302694948427077, 3.668107509613037 
0.9107946026986506, 0.28427339421417, 3.812009811401367 
0.8771191327413217, 0.3300719467476696, 3.636453151702881 
0.8835197785722524, 0.318861312380873, 3.7579896450042725 
0.868815592203898, 0.3479014541818572, 3.6482465267181396 
0.8653557836466382, 0.3540243029927363, 3.798337459564209 
0.8566485987775343, 0.3737793871225862, 3.739912271499634 
0.8583208395802099, 0.37633138529326055, 3.6846981048583984 
0.8913043478260869, 0.3000064994264913, 3.6252899169921875 
0.9239995386921923, 0.2512802014220949, 3.762281894683838 
0.9121208626456003, 0.2807319022512654, 3.6585941314697266 
0.9025487256371814, 0.27817791441796996, 3.645369052886963 
0.8726790450928382, 0.3373040012452777, 3.8133652210235596 
0.8930919155806712, 0.3024719838121191, 3.7803070545196533 
0.889920424403183, 0.29770005418901024, 3.814918279647827 
0.8944181755276208, 0.2928480765184707, 3.7153499126434326 
0.9233652404566948, 0.24869876263247803, 3.6429975032806396 
0.8957444354745704, 0.30057932386151304, 3.8023972511291504 
0.9067581593818476, 0.2612927254533978, 3.77700138092041 
0.9268827124899089, 0.23815572046436304, 3.636442184448242 
0.8980509745127436, 0.2815032177319689, 3.727613687515259 
0.8838657594279783, 0.3154137617915293, 3.8341598510742188 
0.9081997462807058, 0.2726197777183266, 13.163211584091187 
0.10108407334794141, 2.305759888799411, 3.462611675262451 
0.1020066889632107, 2.323920814978956, 12.9352445602417 
0.14358205512628303, 2.344172723828681, 3.711965799331665 
0.2085687925268135, 2.323344680697027, 3.6339991092681885 
0.33537077615038635, 2.182999557293749, 3.852379083633423 
0.4269980394418176, 2.032366039499166, 3.6631665229797363 
0.2342290393264906, 2.1483939696326213, 3.779038429260254 
0.34817206781224774, 1.8445789078084092, 3.684143543243408 
0.3805212778226271, 1.8181619292592577, 3.7190327644348145 
0.44677661169415295, 1.662615750770851, 3.7308080196380615 
0.4468919386460616, 1.6931343581136706, 3.7108936309814453 
0.547111059854688, 1.5183231904147527, 3.703667640686035 
0.6130204128704878, 1.2193307926633743, 3.731144666671753 
0.607830700034598, 1.2460528165521716, 3.6454436779022217 
0.5546649752047054, 1.2137204615541075, 3.696465492248535 
0.6567869911198247, 1.0573333356813142, 3.7030913829803467 
0.7237919501787567, 0.9092370366291219, 3.8391988277435303 
0.6942682504901395, 0.8990485657689616, 3.765944480895996 
0.6086956521739131, 0.9936008395355053, 3.6359784603118896 
0.768135163187637, 0.742493323341342, 3.760211944580078 
0.7611002191212086, 0.761734117683249, 3.7774240970611572 
0.7318071733364088, 0.7773935322898708, 3.818126678466797 
0.7542959289585977, 0.7034263324152414, 3.736337900161743 
0.7714796447929881, 0.6646304525056508, 3.671396255493164 
0.7630031138277016, 0.6550529099057958, 3.7775423526763916 
0.8347941413908431, 0.5717923587391467, 3.7832629680633545 
0.7734402029754354, 0.6281995120599052, 3.7700719833374023 
0.8614346672817438, 0.5078199158104971, 3.7474942207336426 
0.787856071964018, 0.5948438594033095, 3.6093692779541016 
0.7998500749625187, 0.5729590183177857, 3.7766599655151367 
0.8338715257755738, 0.49993064806993076, 3.640733003616333 
0.8121323953407912, 0.5191858402296333, 3.7247796058654785 
0.8038865182793219, 0.5296106721519145, 3.743478536605835 
0.8201476184984431, 0.5154997999724703, 3.8221590518951416 
0.830238726790451, 0.4949632979441534, 3.7896673679351807 
0.8171491177488179, 0.4987984666201556, 3.694120407104492 
0.7990427862991581, 0.5820098625743514, 3.857525110244751 
0.8188213585514935, 0.48269155415961057, 3.807851791381836 
0.8099411832545266, 0.5128590789133837, 3.747011423110962 
0.842463383692769, 0.44449237971993566, 3.847217321395874 
0.855380002306539, 0.4330300336755941, 3.7590556144714355 
0.8725637181409296, 0.417100908158643, 3.885758399963379 
0.8458078652981201, 0.45684233340302666, 3.8071484565734863 
0.8259139660938761, 0.46783780422549776, 3.887033462524414 
0.8287971398915926, 0.47174763660223956, 3.809661388397217 
0.8755622188905547, 0.3853531875252317, 3.7228801250457764 
0.8603967247145657, 0.39709924372989847, 3.6872918605804443 
0.8899780878791373, 0.3603900042646539, 3.6135976314544678 
0.8645484949832776, 0.41216441551998595, 3.7444920539855957 
0.8922846269173106, 0.3501646106610604, 3.6699883937835693 
0.8854803367546996, 0.35757188774892634, 13.016542196273804 
0.8868642601776036, 0.3621867829166706, 3.826516628265381 
0.892169299965402, 0.33923997522703364, 3.83664608001709 
0.861665321185561, 0.38238689517405133, 3.812530040740967 
0.8862876254180602, 0.34878359621355604, 3.7265167236328125 
0.870718486910391, 0.36478205404522784, 3.829693555831909 
0.8568792526813517, 0.39884516753145244, 3.7357184886932373 
0.8264329373774651, 0.4598127988267693, 3.7413973808288574 
0.856417944873717, 0.39132260177775646, 3.808505058288574 
0.8629339176565564, 0.3747354723509418, 3.7260241508483887 
0.8880751931726445, 0.3355081306823631, 3.8619868755340576 
0.9034136777764964, 0.3085707736818667, 3.7719383239746094 
0.8997232153154192, 0.3163364849491305, 3.8037235736846924 
0.8926306077730366, 0.32013197638492064, 3.7127890586853027 
0.868642601776035, 0.355370655431827, 3.797379493713379 
0.8823665090531657, 0.32864779949608575, 3.8093323707580566 
0.8478837504324761, 0.3933104714795711, 3.7570462226867676 
0.836005074385884, 0.4241799313637262, 3.798518657684326 
0.8591857917195248, 0.3683081044463702, 3.6711065769195557 
0.8543420597393611, 0.39138328853415516, 3.79691219329834 
0.8422327297889517, 0.4183695756866977, 3.862569570541382 
0.8689309191558067, 0.3597739334825156, 3.8432905673980713 
0.8853650098027909, 0.3217976719060999, 3.5298831462860107 
0.910679275746742, 0.28404743463997156, 3.722050428390503 
0.9039326490600853, 0.29127391552980975, 3.8199663162231445 
0.8997232153154192, 0.2894528910602539, 3.7718143463134766 
0.9076231115211625, 0.2841923468134635, 3.818138360977173 
0.9171952485295813, 0.2652680721747593, 3.791011333465576 
0.9065851689539846, 0.2815195141724832, 3.7578811645507812 
0.9181178641448506, 0.26897716421377793, 3.8739755153656006 
0.9130434782608695, 0.2675707420152089, 3.7231922149658203 
0.9245185099757813, 0.24565341368922927, 3.776085615158081 
0.9115442278860569, 0.2749171960455685, 3.6772396564483643 
0.868815592203898, 0.35077247500731507, 3.6915225982666016 
0.9061238611463499, 0.27335312841087434, 3.7753515243530273 
0.9257294429708223, 0.23181487891395022, 3.8447988033294678 
0.9174259024333987, 0.25732703401365464, 3.5906200408935547 
0.8864606158459232, 0.317492472422131, 3.6864235401153564 
0.9085457271364318, 0.27693114925323165, 3.5843775272369385 
0.9081420828047515, 0.27645197908530444, 3.8901562690734863 
0.9225579517933341, 0.23974884946725145, 3.819157361984253 
0.9162149694383578, 0.25613448259412736, 3.689955472946167 
0.9247491638795987, 0.23742894917565643, 3.952871322631836 
0.9160419790104948, 0.24681743257454605, 3.787079095840454 
0.8986852727482413, 0.2863865222054397, 3.682149887084961 
0.9005305039787799, 0.2784125469173401, 3.8127830028533936 
0.9286126167685388, 0.2212151824784898, 3.7696151733398438 
0.9271133663937262, 0.23149188552286173, 3.7407548427581787 
0.9116018913620113, 0.2515159004443124, 3.957832098007202 
0.9245761734517357, 0.2272706366976904, 3.6566784381866455 
0.9210587014185215, 0.23625057111730896, 12.885916709899902 
0.10004613078076346, 2.3029490633814858, 3.4724929332733154 
0.12092030907623111, 2.315126825833191, 12.841881275177002 
0.11763349094683427, 2.35502289338638, 3.7055540084838867 
0.15834390497059161, 2.299122031265761, 3.7062323093414307 
0.29402606389113134, 2.322105135372098, 3.7293717861175537 
0.30077269057778805, 2.244629669207978, 3.7820370197296143 
0.18290854572713644, 2.1109773354444195, 3.6302194595336914 
0.21035636028139776, 2.0320226134097013, 3.6903724670410156 
0.28226271479644793, 1.9294355521506825, 3.488863706588745 
0.2701533848460385, 2.063442531651828, 3.6515631675720215 
0.4608464998270096, 1.6388523608805046, 3.677800416946411 
0.46868873255679855, 1.5906248984029103, 3.6626088619232178 
0.5518971283588975, 1.4160760346750882, 3.6657755374908447 
0.5361549994233652, 1.3036220751575425, 3.546339273452759 
0.5718486910390959, 1.2833659505064903, 3.6873579025268555 
0.642371122131242, 1.0674640409989975, 3.6487138271331787 
0.5729442970822282, 1.1951984915398959, 3.715832233428955 
0.6101372390727713, 1.134238000582866, 3.624743700027466 
0.6780648137469727, 0.9530203988010002, 3.5466651916503906 
0.6855034021450813, 0.9077245709388615, 3.5934364795684814 
0.630665436512513, 1.0912648161537453, 3.82932186126709 
0.700611232845116, 0.8346913631588637, 3.6814208030700684 
0.7236189597508937, 0.7726015351787239, 3.7942557334899902 
0.7690001153269519, 0.7326461936914519, 3.6498217582702637 
0.7603505939338023, 0.7398672317825519, 3.7239413261413574 
0.7378618383116134, 0.7246005709001558, 3.795527219772339 
0.7985238150155691, 0.650196833393653, 3.762214183807373 
0.7977165263522085, 0.6194625043779867, 3.5633609294891357 
0.7338253949948103, 0.7197621444380599, 3.7389447689056396 
0.8095375389228463, 0.586655483502611, 3.6884567737579346 
0.7411486564410102, 0.7028979723726738, 3.6792783737182617 
0.7838196286472149, 0.6140667273640913, 3.6386168003082275 
0.7973128820205282, 0.5675123452329061, 3.6122050285339355 
0.8316226502133549, 0.5438855541929698, 3.722485303878784 
0.8173221081766809, 0.559066669021537, 3.751532554626465 
0.8121323953407912, 0.5560030599143544, 3.784458875656128 
0.8115557605812478, 0.5385010177405261, 3.7671289443969727 
0.8255679852381501, 0.5190422808282547, 3.7174432277679443 
0.807922961596125, 0.5240131680301529, 3.7530386447906494 
0.842809364548495, 0.48497121854469605, 3.7640466690063477 
0.8271825625648714, 0.5214897019057024, 3.673182249069214 
0.848402721716065, 0.46369037249833983, 3.7973074913024902 
0.8575712143928036, 0.46051191722973456, 3.565053939819336 
0.8697382078191673, 0.4219636721427971, 3.6241207122802734 
0.8754468919386461, 0.41051333966099085, 3.756420612335205 
0.8757352093184178, 0.410723543832554, 3.6010279655456543 
0.8407911428900934, 0.45061250492711874, 3.80718731880188 
0.8441356244954445, 0.45176140656367325, 3.7312278747558594 
0.8669126974974052, 0.40016803637907855, 3.732797145843506 
0.8855956637066082, 0.3796621993175587, 3.777538537979126 
0.8831737977165264, 0.3758328586758716, 12.942145109176636 
0.8795986622073578, 0.3885722926944652, 3.739511728286743 
0.8740629685157422, 0.4005350224745569, 3.8858752250671387 
0.8583785030561643, 0.4098557586395077, 3.6500792503356934 
0.8533041171721831, 0.4280099150976716, 3.7604141235351562 
0.8544573866912698, 0.4195468695764177, 3.810079336166382 
0.8389459116595548, 0.44268763353255747, 3.701237440109253 
0.8857686541344713, 0.36499335766692514, 3.5475645065307617 
0.8889401453119594, 0.3489187919006396, 3.78772234916687 
0.8900357513550917, 0.3488418569229507, 3.8347954750061035 
0.8795409987314036, 0.3658024290095448, 3.7271711826324463 
0.8674893322569485, 0.3856047251075298, 3.6850831508636475 
0.8871525775573752, 0.3435677252753736, 3.6619551181793213 
0.8802906239188099, 0.3618984860163193, 3.8084001541137695 
0.8521508476530966, 0.41100249907488773, 3.595595121383667 
0.8685272748241264, 0.37365716042175, 3.621608257293701 
0.8949948102871641, 0.3286577860240245, 3.5591437816619873 
0.885192019374928, 0.3470328989943993, 3.72139835357666 
0.8500749625187406, 0.4172221057692346, 3.7453079223632812 
0.8816745473417138, 0.3638219921166282, 3.6367454528808594 
0.8545727136431784, 0.40854651442257306, 3.7521603107452393 
0.8699688617229847, 0.37457754905516516, 3.7979602813720703 
0.8822511821012571, 0.3433175703617876, 3.664612054824829 
0.8815015569138508, 0.33854587657092916, 3.7667179107666016 
0.8955137815707531, 0.3283860970485209, 3.750521421432495 
0.8839234229039327, 0.35080193961550254, 3.7383739948272705 
0.9008764848345058, 0.30469500049930826, 3.689988851547241 
0.9144274016837735, 0.2765288577608532, 3.7009437084198 
0.9058355437665783, 0.3024882712837351, 3.719255208969116 
0.9081997462807058, 0.28282295023564213, 3.7884011268615723 
0.9053742359589436, 0.2871339642312508, 3.7990384101867676 
0.8883058470764618, 0.33419839446553645, 3.515727996826172 
0.8933225694844885, 0.3133121400015896, 3.744936466217041 
0.9157536616307231, 0.27800903941665484, 3.720008134841919 
0.9027793795409987, 0.29470266070812856, 3.67910099029541 
0.9091800253719294, 0.2797886672497672, 3.822038412094116 
0.8985699457963326, 0.29860253300597034, 3.6850783824920654 
0.9005881674547341, 0.29073513448563104, 3.7484564781188965 
0.883462115096298, 0.32141069446399295, 3.6708593368530273 
0.8925152808211279, 0.3103295515627478, 3.7188994884490967 
0.9109675931265137, 0.2691142377104632, 3.625260829925537 
0.9163302963902664, 0.26317756595784725, 3.839547872543335 
0.9090070349440664, 0.27033350273832507, 3.7366151809692383 
0.9139660938761388, 0.2641013262672393, 3.6576385498046875 
0.8963210702341137, 0.29622600357920514, 3.7307472229003906 
0.8897474339753201, 0.30849280785977723, 3.606142997741699 
0.8877868757928727, 0.3187789229232718, 3.67317533493042 
0.877522777073002, 0.3428740610028824, 3.6448934078216553 
0.8677776496367201, 0.3618025990251213, 3.573599338531494 
0.9047976011994003, 0.2802168604152667, 3.6440086364746094 
0.9184061815246223, 0.2574238151569399, 12.90198016166687 
0.11774881789874293, 2.304872977844763, 3.5302231311798096 
0.11227078768308153, 2.3414404560126534, 13.022774457931519 
0.14254411255910507, 2.3217509007305717, 3.7012336254119873 
0.1006804290162611, 2.3012399982600225, 3.7023065090179443 
0.1021796793910737, 2.452554576857292, 3.7394192218780518 
0.2827816860800369, 2.167908150045651, 3.69049334526062 
0.2710760004613078, 2.1626347315547627, 3.6307547092437744 
0.3038288548033675, 1.9471855840205035, 3.7081618309020996 
0.36201130204128706, 1.8479749348359045, 3.767075538635254 
0.5254295928958598, 1.6472347331781116, 3.7673416137695312 
0.4335716757006112, 1.5896433494759328, 3.7587921619415283 
0.5399031253603968, 1.453631064280717, 3.691056489944458 
0.5841310114173682, 1.4412556081523984, 3.8579444885253906 
0.6497520470533964, 1.1925983215018632, 3.780740976333618 
0.6265136662438012, 1.186880743008023, 3.692840099334717 
0.6333179564064122, 1.1117379638484355, 3.823676109313965 
0.6759312651366625, 1.0473345716635132, 3.521916151046753 
0.6927113366393727, 0.9525313000979876, 3.7982044219970703 
0.6453696228808673, 0.9523176170267575, 3.6927578449249268 
0.7022834736477915, 0.8840396353264326, 3.889183521270752 
0.6928843270672356, 0.8761769210935658, 3.7163991928100586 
0.6904047976011994, 0.8569480854407874, 3.7691726684570312 
0.6878676046592088, 0.811823573758212, 3.6972410678863525 
0.7695767500864952, 0.693503053361013, 3.8201119899749756 
0.7487602352669819, 0.7140208390999437, 3.7944157123565674 
0.7243109214623458, 0.7610485985212638, 3.8137500286102295 
0.8042901626110022, 0.6368682484327733, 3.75110125541687 
0.7562564871410449, 0.6599084894611915, 3.7746315002441406 
0.775112443778111, 0.6481598929635762, 3.8719048500061035 
0.8167454734171375, 0.6012171428960335, 3.773775339126587 
0.7961596125014416, 0.5928956645917366, 3.83457088470459 
0.7903932649060086, 0.5890142996296165, 3.6988022327423096 
0.8036558643755045, 0.5709875056305003, 3.5924136638641357 
0.808441932879714, 0.5516742115022424, 3.612421989440918 
0.7883173797716526, 0.6021216679601434, 3.7028729915618896 
0.7758044054895629, 0.6134231187101625, 3.6750898361206055 
0.8122477222926998, 0.5513353868331649, 3.740351915359497 
0.830411717218314, 0.49094901208887193, 3.735217809677124 
0.8680083035405374, 0.44041114513076285, 3.608128309249878 
0.8650674662668666, 0.44646230252443725, 3.743140697479248 
0.8821935186253027, 0.4188437469946018, 3.673060178756714 
0.8572252335370776, 0.4532920309939016, 3.742107391357422 
0.8133433283358321, 0.49794921888180166, 3.7810802459716797 
0.808268942451851, 0.512089345697101, 3.7682433128356934 
0.8368700265251989, 0.44973572874050977, 3.797029495239258 
0.8260292930457848, 0.4543918468492383, 3.7717244625091553 
0.8396378733710068, 0.43159068244924226, 3.7332842350006104 
0.8526698189366855, 0.42106084599588506, 3.7263998985290527 
0.8452312305385768, 0.41033117143933323, 3.667257785797119 
0.8328912466843501, 0.4492407112908505, 3.720216989517212 
0.905258909007035, 0.33542693351247443, 12.90906310081482 
0.8938415407680775, 0.3552992871376612, 3.5756542682647705 
0.8872679045092838, 0.36980064352879316, 3.429858684539795 
0.8637412063199169, 0.3849873525983214, 3.542161226272583 
0.9032406873486334, 0.3275137377255028, 3.5499465465545654 
0.8715834390497059, 0.3678937973470198, 3.4758622646331787 
0.8195133202629454, 0.4607976772143011, 3.53609299659729 
0.8491523469034713, 0.39622544835433726, 3.565452814102173 
0.8683542843962634, 0.3816261202644281, 3.4618232250213623 
0.8486333756198824, 0.4022956935390194, 3.5246989727020264 
0.9079114289009341, 0.30422789163440833, 3.3591248989105225 
0.916099642486449, 0.29164264907001386, 3.658635377883911 
0.9058355437665783, 0.30221247048907884, 3.5058815479278564 
0.8983392918925153, 0.32641724495244745, 3.5570297241210938 
0.8898627609272287, 0.3353248187558792, 3.4533658027648926 
0.9087187175642948, 0.29864773498221003, 3.622068166732788 
0.9107369392226964, 0.296427358685834, 3.6661431789398193 
0.9015107830700034, 0.3143601763519451, 3.5304765701293945 
0.8896897704993657, 0.3355002525822586, 3.499845027923584 
0.9004151770268711, 0.30354791066363557, 3.634025812149048 
0.8941298581478492, 0.3136756151148716, 3.4905154705047607 
0.8635105524160996, 0.36852873440157286, 3.567284345626831 
0.8792526813516319, 0.3407629391971958, 3.425283432006836 
0.904912928151309, 0.2954630153989072, 3.5504119396209717 
0.8987429362241955, 0.3159791764668408, 3.6705102920532227 
0.9024333986852727, 0.30286578598508046, 3.534714460372925 
0.8920539730134932, 0.3146645499120238, 3.5874924659729004 
0.9003575135509169, 0.30642844794488633, 3.520571708679199 
0.8841540768077499, 0.31776126913358904, 3.514498710632324 
0.8973590128012917, 0.2980522001788175, 3.6123433113098145 
0.910160304463153, 0.28152504233167075, 3.551487922668457 
0.9013377926421404, 0.3018122010106826, 3.711334228515625 
0.9057778802906239, 0.29280931470491806, 3.670058012008667 
0.9083727367085688, 0.2847888910986436, 3.547398090362549 
0.8998385422673278, 0.2969735696415588, 3.5523312091827393 
0.8767731518855957, 0.34026942080961825, 3.5260283946990967 
0.9063545150501672, 0.268530145979606, 3.4707536697387695 
0.8884211740283704, 0.3004073625048949, 3.549795627593994 
0.9200207588513436, 0.24912143655989988, 3.521341562271118 
0.897243685849383, 0.29217103990025056, 3.6848397254943848 
0.8933802329604429, 0.3045708568670441, 3.5553762912750244 
0.9146580555875908, 0.250002030146315, 3.5073444843292236 
0.9142544112559106, 0.24843233129974396, 3.421030282974243 
0.8944758390035752, 0.2865018634688197, 3.5259852409362793 
0.9020297543535925, 0.2680873767714182, 3.449570417404175 
0.9044516203436743, 0.2634737946626268, 3.617246150970459 
0.9197901049475262, 0.24888964609936357, 3.57692551612854 
0.9170222581017183, 0.2559356415217477, 3.515967845916748 
0.9279206550570869, 0.22967189700631627, 3.380974769592285 
0.9210010379425672, 0.24645691256324975, 3.5863425731658936 
0.9217506631299734, 0.2368596469940159, 12.78577446937561 
0.11451966324530043, 2.295729618945044, 3.554861307144165 
0.1123861146349902, 2.3306076188789566, 13.256744384765625 
0.08943605120516665, 2.3426308352630456, 3.8466293811798096 
0.4298235497635797, 2.2136266020581807, 3.7083656787872314 
0.28797139891592666, 2.222692597301412, 3.7774083614349365 
0.4344366278399262, 2.0722154196186775, 3.7968087196350098 
0.3304117172183139, 1.9586105425411542, 3.6977856159210205 
0.3399838542267328, 1.9697150758814237, 3.7489216327667236 
0.4414139084304002, 1.8150062906008038, 3.830739736557007 
0.48598777534309767, 1.6877265719591228, 3.708326816558838 
0.5733479414139084, 1.5730724069459918, 3.791055679321289 
0.5277937954099873, 1.413328488213361, 3.7128546237945557 
0.5483796563256833, 1.349613417908202, 3.7391366958618164 
0.6287625418060201, 1.213568302381584, 3.764671802520752 
0.6005651020643524, 1.1257186167704833, 3.7901813983917236 
0.6066774305155115, 1.1294289948918046, 3.675372838973999 
0.6817552762080499, 1.01775140845287, 3.8719840049743652 
0.6142313458655287, 1.0531995366202638, 3.871903657913208 
0.7150847653096528, 0.8732672802320224, 3.6563169956207275 
0.6858493830008073, 0.9060373505850257, 3.729128837585449 
0.6955945104370892, 0.881623844757315, 3.6503634452819824 
0.6932303079229616, 0.8374779595437705, 3.8817131519317627 
0.73342175066313, 0.7851044777922785, 3.8342621326446533 
0.7806481374697267, 0.7042365529293683, 3.758268117904663 
0.7615615269288433, 0.7179196086976671, 3.7591230869293213 
0.7834736477914889, 0.6780390837733622, 3.581987142562866 
0.8003690462461077, 0.6410881261621322, 3.702620506286621 
0.7989274593472494, 0.6383831026379461, 3.8754048347473145 
0.8274708799446431, 0.5799817066047545, 3.769347906112671 
0.766232268481144, 0.636599396725772, 3.7376527786254883 
0.7769000115326952, 0.6056024705936515, 3.7704644203186035 
0.7657132971975551, 0.6335333527185033, 3.6084632873535156 
0.7713643178410795, 0.6350564762236979, 3.818894386291504 
0.808095952023988, 0.5945339446566078, 3.639028310775757 
0.758909007034944, 0.6669031400153906, 3.742037773132324 
0.8342175066312998, 0.528831518130437, 3.7264349460601807 
0.855725983162265, 0.48402318236013375, 3.6926627159118652 
0.8414831046015454, 0.4843100666039277, 3.6969833374023438 
0.8426940375965863, 0.47740815740516307, 3.781280755996704 
0.8586668204359359, 0.46250157087284016, 3.762385606765747 
0.8191673394072194, 0.49445384774347495, 3.7978310585021973 
0.8296044285549533, 0.4890733966709707, 3.723010778427124 
0.7912582170453235, 0.543280533203481, 3.7088623046875 
0.8270095721370084, 0.4926111358381618, 3.752551317214966 
0.8724483911890208, 0.40866425033859916, 3.817505121231079 
0.870718486910391, 0.41473462836069386, 3.7944514751434326 
0.8640295236996887, 0.4327208661440955, 3.667355537414551 
0.8575712143928036, 0.4443047072812989, 3.685574769973755 
0.869334563487487, 0.41233277228000925, 3.8295369148254395 
0.826778918233191, 0.4859609413132346, 3.849921941757202 
0.8481144043362934, 0.4268502381621151, 12.930238723754883 
0.8790220274478145, 0.3959051443860619, 3.743687629699707 
0.9001845231230539, 0.33976853009860236, 3.7159337997436523 
0.8645484949832776, 0.405154816130212, 3.6562273502349854 
0.8127666935762887, 0.4928538835159243, 3.7670063972473145 
0.8659324184061815, 0.38569784763816106, 3.6263725757598877 
0.8214738784453927, 0.4751056625089916, 3.736057758331299 
0.8377926421404682, 0.4299749199650793, 3.670516014099121 
0.9016261100219122, 0.32618676287247983, 3.758052349090576 
0.896205743282205, 0.3270007063005671, 3.7980775833129883 
0.9096989966555183, 0.3048082535504635, 3.7028756141662598 
0.912582170453235, 0.29821397216725376, 3.7068212032318115 
0.8590704647676162, 0.3769449104524355, 3.8376383781433105 
0.8888248183600508, 0.3411116911105236, 3.6941335201263428 
0.9023180717333641, 0.3172480432030733, 3.8349437713623047 
0.9067581593818476, 0.3048696906683996, 3.680302619934082 
0.8741206319916964, 0.3606412200179708, 3.726330518722534 
0.9065275054780302, 0.2970682475443607, 3.731046199798584 
0.8775804405489563, 0.35011180647456747, 3.675313949584961 
0.9095836697036097, 0.2896552974136451, 3.6951992511749268 
0.9013377926421404, 0.302093323760213, 3.7803914546966553 
0.8992619075077846, 0.3099955053945159, 3.7259576320648193 
0.8727367085687925, 0.34983465206680014, 3.752906322479248 
0.8541114058355438, 0.382902586266486, 3.8101248741149902 
0.8901510783070004, 0.3224557985945993, 3.7694926261901855 
0.9121208626456003, 0.28166046475855655, 3.7602570056915283 
0.912409180025372, 0.28067449892103075, 3.684600591659546 
0.9102756314150617, 0.28832590063817587, 3.7010724544525146 
0.9185215084765309, 0.26861355409749377, 3.7016444206237793 
0.9088917079921578, 0.28285409746547174, 3.75575852394104 
0.8992042440318302, 0.289326853391739, 3.69710111618042 
0.888882481836005, 0.30850037407394043, 3.6156160831451416 
0.8772921231691846, 0.33414616771887196, 3.672691822052002 
0.9086610540883404, 0.2809206831784717, 3.7081034183502197 
0.8994348979356476, 0.28270956659013846, 3.677978277206421 
0.9223272978895167, 0.24672335116257374, 3.8021068572998047 
0.9196171145196632, 0.25209102937454636, 3.716596841812134 
0.9157536616307231, 0.256154242328544, 3.656996250152588 
0.9102179679391074, 0.2607021028110574, 3.64469575881958 
0.9219236535578365, 0.2494453603052896, 3.6660430431365967 
0.9099873140352901, 0.2728009336283523, 3.7444093227386475 
0.9080844193287971, 0.2766825180222507, 3.58445143699646 
0.8948218198593011, 0.2987206092160607, 3.7894699573516846 
0.9139084304001845, 0.25944053930707567, 3.809234857559204 
0.9186368354284397, 0.2400286141875489, 3.7334377765655518 
0.9002421865990082, 0.28737840713034124, 3.75838041305542 
0.9061815246223043, 0.27067887666404555, 3.8562018871307373 
0.8944181755276208, 0.30044627496210996, 3.737560749053955 
0.8897474339753201, 0.30816837534746666, 3.7457985877990723 
0.9325337331334332, 0.2170989801428691, 3.7279043197631836 
0.931438127090301, 0.2225496541754523, 12.966163873672485 
0.09243455195479183, 2.3021150447642422, 3.5750327110290527 
0.11227078768308153, 2.30464624214654, 13.23415231704712 
0.21133663937262137, 2.392647566773119, 3.8133139610290527 
0.1775458424633837, 2.474066590663066, 3.803957223892212 
0.2700957213700842, 2.203316552377803, 3.7414333820343018 
0.20914542728635682, 2.261741531478775, 3.7259066104888916 
0.2792065505708684, 2.0015349058375027, 3.6914730072021484 
0.3981663014646523, 1.863375647501512, 3.7003235816955566 
0.22644447007265597, 2.0592948829258773, 3.7416608333587646 
0.40456694729558296, 1.651003984168531, 3.884418487548828 
0.5147618498443086, 1.4901419742164588, 3.66275954246521 
0.5209895052473763, 1.4103677682375946, 4.005322694778442 
0.5769230769230769, 1.2472055460056457, 3.6597862243652344 
0.6249567523930343, 1.183702950016324, 3.878767490386963 
0.611117518163995, 1.1276769070457682, 3.8089516162872314 
0.6815822857801869, 0.9805538055371918, 3.6755287647247314 
0.6428324299388767, 1.0281784619380545, 3.8744091987609863 
0.6476761619190404, 0.9948889037149885, 3.7391042709350586 
0.6056971514242878, 1.166536876730977, 3.757500410079956 
0.6579402606389113, 0.9793745773520954, 3.87636137008667 
0.6964594625764041, 0.9447717130319494, 3.7852156162261963 
0.6701649175412294, 0.9365200767439747, 3.8962535858154297 
0.7190058816745474, 0.785188365833676, 3.7985880374908447 
0.7331334332833583, 0.7407554276113882, 3.62910795211792 
0.7376311844077961, 0.761343655528149, 3.896930694580078 
0.7356129627493946, 0.746562521438322, 3.751459836959839 
0.8158228578018683, 0.6268793448030431, 3.817574977874756 
0.7834159843155345, 0.6324583823790284, 3.6440587043762207 
0.788202052819744, 0.6460271996832014, 3.745962381362915 
0.759600968746396, 0.6519668846957931, 3.7830004692077637 
0.7962749394533503, 0.5879794065111477, 3.783296823501587 
0.7823203782724023, 0.5762408910004064, 3.8813607692718506 
0.7615038634528889, 0.6475141803728034, 3.85044002532959 
0.7726905777880291, 0.6500707279366862, 3.75789213180542 
0.7835889747433975, 0.5905542403339064, 3.811239004135132 
0.8204935993541691, 0.5180735935532309, 3.7443017959594727 
0.787510091108292, 0.5618414658968602, 3.685542345046997 
0.8452312305385768, 0.47435442259668703, 3.791264295578003 
0.7890093414831046, 0.5626995215591026, 3.6026577949523926 
0.8733133433283359, 0.41716196353090657, 3.8175690174102783 
0.8472494521969784, 0.45812129151791936, 3.725553274154663 
0.8697382078191673, 0.4232968688991021, 3.8084452152252197 
0.8672586783531311, 0.4125623325889651, 3.7902538776397705 
0.8566485987775343, 0.4487858298229214, 3.597749710083008 
0.8321992849728982, 0.48878208460842465, 3.819227695465088 
0.835659093530158, 0.47339850869066397, 3.889575958251953 
0.8217621958251643, 0.48304431974465784, 3.7876837253570557 
0.8270095721370084, 0.4571963322630026, 3.8163652420043945 
0.8394072194671894, 0.4430052715915347, 3.8312063217163086 
0.8565332718256257, 0.43119929417742203, 3.871192693710327 
0.8178410794602698, 0.47570208968661065, 12.932886838912964 
0.8217621958251643, 0.4663466403202755, 3.7738823890686035 
0.8543997232153154, 0.40128536652939606, 3.8207616806030273 
0.8579748587244839, 0.3860112921645832, 3.7932422161102295 
0.8548033675469957, 0.4035784221178217, 3.75083065032959 
0.8872679045092838, 0.35172661065819394, 3.628889322280884 
0.8650098027909122, 0.3874682112181606, 3.6636135578155518 
0.8468458078652982, 0.41928869453517514, 3.752734422683716 
0.8687579287279438, 0.3656955409822454, 3.7659575939178467 
0.8687002652519894, 0.3612730236315706, 3.7821269035339355 
0.8718140929535232, 0.3830587368847872, 3.7730443477630615 
0.89707069542152, 0.32359358226175244, 3.7694284915924072 
0.8683542843962634, 0.36291729938512485, 3.7927181720733643 
0.8629915811325106, 0.3732232519295943, 3.721095561981201 
0.8546303771191327, 0.39067295428499615, 3.770644426345825 
0.8736016607081075, 0.3578406764747184, 3.8263378143310547 
0.8741782954676508, 0.3524582510457656, 3.634653091430664 
0.8916503286818129, 0.3337321538721369, 3.869229793548584 
0.903010033444816, 0.3135955342721276, 3.7235851287841797 
0.8760235266981894, 0.35384020629775725, 3.837770700454712 
0.9064698420020759, 0.30053928002164515, 3.7053542137145996 
0.8998385422673278, 0.29575686954217295, 3.7731821537017822 
0.8881905201245531, 0.3114529932119501, 3.7083888053894043 
0.8910160304463153, 0.30898544591997706, 3.7254669666290283 
0.9120055356936916, 0.2773206462620745, 3.849376678466797 
0.9049705916272633, 0.28929743692980114, 3.7173798084259033 
0.863568215892054, 0.3681043782350141, 3.8112621307373047 
0.883635105524161, 0.32455145959817805, 3.742608070373535 
0.9076231115211625, 0.2877203145072057, 3.874969244003296 
0.9149463729673625, 0.2734778461612097, 3.796400785446167 
0.9004728405028255, 0.29483261120666593, 3.7729439735412598 
0.8883058470764618, 0.3180698466290218, 3.8568050861358643 
0.8973590128012917, 0.31390638101520163, 3.6803195476531982 
0.9141390843040018, 0.25977111434673084, 3.6962599754333496 
0.8981663014646523, 0.28665266916903065, 3.6433522701263428 
0.904912928151309, 0.2844233874149387, 3.776291608810425 
0.9237112213124207, 0.2455766291508003, 3.806670904159546 
0.9200784223272979, 0.24721841478170614, 3.6447818279266357 
0.9205973936108869, 0.24516028666457418, 3.6755385398864746 
0.9123515165494176, 0.2645416394519413, 3.722902774810791 
0.9159266520585861, 0.2509833704928164, 3.75323224067688 
0.9150040364433168, 0.25731582099729394, 3.6435868740081787 
0.9128128243570522, 0.2638729752300145, 3.7792232036590576 
0.92463383692769, 0.23291410249720115, 3.7219398021698 
0.923422903932649, 0.23892211132686839, 3.6915855407714844 
0.9233075769807404, 0.23652918289322414, 3.6697752475738525 
0.9272286933456348, 0.23130600866968265, 3.8272769451141357 
0.9279206550570869, 0.2222934423627624, 3.7649948596954346 
0.9255564525429593, 0.2314276744233415, 3.7820873260498047 
0.9233075769807404, 0.23530438790752634, 3.72743558883667 
0.9124668435013262, 0.24961305344605741, 12.961681365966797 
0.1390266405258909, 2.3015944014340293, 3.411316394805908 
0.2563718140929535, 2.3775004748929445, 13.102515697479248 
0.21220159151193635, 2.382148433213282, 3.8231024742126465 
0.1021796793910737, 2.282552774946358, 3.674482583999634 
0.22805904739937724, 2.235416207326505, 3.781019687652588 
0.3728520355207012, 2.180283407926004, 3.8244740962982178 
0.3968400415177027, 2.011112547791458, 3.6829440593719482 
0.405085918579172, 1.747733644880615, 3.7694568634033203 
0.4841425441125591, 1.635327057705985, 3.821350336074829 
0.4671318187060316, 1.5613939279651308, 3.865818738937378 
0.4734171375850536, 1.5646949322154657, 3.7730283737182617 
0.5360396724714566, 1.5246395485587099, 3.6932785511016846 
0.5912812824357052, 1.24598083585767, 3.64129638671875 
0.6368930919155806, 1.197985053980736, 3.809828281402588 
0.6254180602006689, 1.0908851041968712, 3.7147743701934814 
0.6087533156498673, 1.0677806434555164, 3.768686056137085 
0.6851574212893553, 1.0019430108447998, 3.9029934406280518 
0.7094914081420828, 0.8688722229486717, 3.7682745456695557 
0.7154884096413332, 0.8311845572776051, 3.782386302947998 
0.6987660016145774, 0.9059562641159771, 3.862061023712158 
0.7154307461653788, 0.8016068185176686, 3.6375255584716797 
0.7148541114058355, 0.7591230708811932, 3.811906337738037 
0.7390151078307, 0.7240345112913561, 3.7060558795928955 
0.752104716872333, 0.6883586254017898, 3.7566866874694824 
0.7938530734632684, 0.6237853879643432, 3.6893258094787598 
0.7393034252104717, 0.7162292044028703, 3.791757345199585 
0.7557951793334102, 0.656531814658557, 3.7614128589630127 
0.7924691500403644, 0.59643007501196, 3.786292791366577 
0.8124207127205628, 0.5826104555703069, 3.853766441345215 
0.767097220620459, 0.6529818779510129, 3.6388347148895264 
0.8421750663129973, 0.5246621272408185, 3.8433516025543213 
0.8443662783992619, 0.5184727192533629, 3.7453808784484863 
0.7695190866105409, 0.6111660262597103, 3.7784504890441895 
0.7917771883289124, 0.5553404977887514, 3.733285427093506 
0.828335832083958, 0.5032091458705626, 3.635823965072632 
0.8378503056164226, 0.5019170650612619, 3.7874624729156494 
0.8421174028370431, 0.4898495037767985, 3.7520697116851807 
0.8364087187175643, 0.45661544318123853, 3.7919421195983887 
0.7946603621266289, 0.5662546025185861, 3.886929988861084 
0.841079460269865, 0.45139550455901434, 3.749852180480957 
0.8084995963556684, 0.5226265488459462, 3.7957210540771484 
0.8610886864260178, 0.4101705478396478, 3.6446421146392822 
0.8259139660938761, 0.47235542357739685, 3.7983407974243164 
0.877695767500865, 0.3913449994287028, 3.778247356414795 
0.877349786645139, 0.383951159043482, 3.5654001235961914 
0.8603967247145657, 0.4129473725942118, 3.743356466293335 
0.8536500980279091, 0.40917397717715615, 3.6850593090057373 
0.8681812939684004, 0.4080961597679044, 3.7659592628479004 
0.8768884788375043, 0.3803618954925703, 3.9071664810180664 
0.8648368123630492, 0.3784230995926718, 3.7422611713409424 
0.8873255679852381, 0.3537849003002959, 12.939539670944214 
0.8733133433283359, 0.3629448029301345, 3.6575748920440674 
0.8903240687348634, 0.35391466500368834, 3.490779399871826 
0.8629915811325106, 0.37730400293665484, 3.6959853172302246 
0.8760811901741437, 0.3730644425238854, 3.752041816711426 
0.8884211740283704, 0.33489382504041865, 3.6807525157928467 
0.8973013493253373, 0.3340358094873703, 3.7111830711364746 
0.8567062622534887, 0.3840315241492798, 3.674783229827881 
0.8593011186714336, 0.39535491459516947, 3.6309421062469482 
0.8159958482297313, 0.48205422867950887, 3.7674942016601562 
0.8430400184523124, 0.4050948614217146, 3.747187614440918 
0.8704301695306194, 0.35728147783305453, 3.7026140689849854 
0.8725060546649752, 0.3650196032018257, 3.7067368030548096 
0.8857109906585169, 0.3442908549287963, 3.648397922515869 
0.9041633029639027, 0.29862682203068985, 3.787997245788574 
0.8961480798062508, 0.32336153847708315, 3.6276326179504395 
0.9151770268711797, 0.2807485976035901, 3.8633899688720703 
0.9002998500749625, 0.3103247938831826, 3.59735369682312 
0.890785376542498, 0.3225538895968407, 3.73657488822937 
0.8911313573982239, 0.3287559727104454, 3.7690415382385254 
0.8896321070234113, 0.3210629775374997, 3.6838228702545166 
0.8922269634413562, 0.30774525628664795, 3.5515315532684326 
0.8989159266520586, 0.30302995993345455, 3.6814239025115967 
0.9205397301349325, 0.25820169062539106, 3.756389856338501 
0.9192134701879829, 0.25317932495268164, 3.6021175384521484 
0.908949371468112, 0.28168659353732417, 3.644469738006592 
0.8955714450467074, 0.3010486605659462, 3.7357664108276367 
0.912409180025372, 0.27302031302027824, 3.6228177547454834 
0.8993772344596932, 0.303690146626498, 3.740342140197754 
0.8559566370660824, 0.3782263669274574, 3.7620208263397217 
0.8527851458885941, 0.3897317301070122, 3.7658681869506836 
0.8666820435935878, 0.36399066392036983, 3.7635552883148193 
0.8752162380348287, 0.3381603212118773, 3.7084789276123047 
0.8988582631761043, 0.28967912422151676, 3.5150973796844482 
0.9110829200784223, 0.2704530101566803, 3.6923391819000244 
0.9243455195479183, 0.23979369606962028, 3.750563383102417 
0.9133894591165955, 0.26552641678634925, 3.800900459289551 
0.918002537192942, 0.25500693659346585, 3.7785487174987793 
0.8934378964363971, 0.2937592442595004, 3.7226192951202393 
0.911890208741783, 0.26212045116422283, 3.824767589569092 
0.9240572021681467, 0.24647977152488473, 3.5066051483154297 
0.9245185099757813, 0.22540362748411855, 3.700028896331787 
0.8948794833352555, 0.29940162804591014, 3.6716148853302 
0.9090646984200208, 0.27519282762720204, 3.6925241947174072 
0.9103909583669704, 0.2650797967108852, 3.687382221221924 
0.904912928151309, 0.2785071204408836, 3.6034204959869385 
0.8891707992157767, 0.3088237598196694, 3.750319480895996 
0.8943605120516664, 0.2902501438664065, 3.709012746810913 
0.8793103448275862, 0.3213609165143609, 3.7692742347717285 
0.8988005997001499, 0.27403334060277207, 3.8672149181365967 
0.9205973936108869, 0.23900995396479524, 13.034529209136963 
