acc, loss, temp
0.05766347595433053, 2.3132099573614067, 4.519954442977905 
0.12414946372967363, 2.342271669298156, 13.242181777954102 
0.11227078768308153, 2.3105028625042197, 3.4399003982543945 
0.11400069196171145, 2.4192429150178993, 3.4962286949157715 
0.21831391996309538, 2.3339816990895335, 3.432185649871826 
0.15390381732210817, 2.2557052460954274, 3.4705774784088135 
0.1901741436973821, 2.1628990837871425, 3.438605785369873 
0.3910160304463153, 1.9902188794596212, 3.5286710262298584 
0.4280359820089955, 1.8576863047079977, 3.4408929347991943 
0.38300080728866337, 2.0171208865332715, 3.5962090492248535 
0.3893437896436397, 1.769942954292618, 3.3882687091827393 
0.5554722638680659, 1.6719934416887088, 3.544363021850586 
0.5008072886633607, 1.5689065921139884, 3.431453227996826 
0.4971168262022835, 1.5923035251072202, 3.4369449615478516 
0.6137123745819398, 1.1909598455776655, 3.5351245403289795 
0.6346442163533618, 1.1226739184938157, 3.4796876907348633 
0.6246107715373083, 1.1129782787439497, 3.530695915222168 
0.678987429362242, 1.0312345405047718, 3.5001165866851807 
0.5780186829662092, 1.133877016071349, 3.509939432144165 
0.6240918002537192, 1.0645720590551462, 3.489964723587036 
0.6665897820320609, 1.0099379450752868, 3.5592987537384033 
0.7249452196978434, 0.890973951089722, 3.5310018062591553 
0.6914427401683774, 0.8300560696764032, 3.596863031387329 
0.788202052819744, 0.7255548141457476, 3.4667930603027344 
0.6966324530042671, 0.8667633844352824, 3.677302360534668 
0.7860108407334794, 0.6594320185516513, 3.45668625831604 
0.8021566140006919, 0.6411574710983271, 3.6041617393493652 
0.8216468688732557, 0.590362693137173, 3.538093090057373 
0.7536039672471456, 0.6940895559100858, 3.6880247592926025 
0.7497405143582055, 0.6645786185005699, 3.5587615966796875 
0.7503171491177488, 0.6890143965261141, 3.4097752571105957 
0.7612155460731173, 0.6404860353674602, 3.5208568572998047 
0.7377465113597048, 0.7463492573786703, 3.5547869205474854 
0.7736131934032984, 0.6223036023314533, 3.59470534324646 
0.7763810402491063, 0.5997880641067084, 3.621579885482788 
0.759427978318533, 0.6295196980554734, 3.4172964096069336 
0.7811094452773614, 0.5785579989651954, 3.5866849422454834 
0.7679045092838196, 0.6110903660628565, 3.4243392944335938 
0.7928727943720447, 0.5775772186360527, 3.488661766052246 
0.7728059047399377, 0.6388212207345858, 3.5429089069366455 
0.7579863914196748, 0.6338664622346997, 3.581012725830078 
0.8468458078652982, 0.49749110698343196, 3.5083889961242676 
0.8387729212316919, 0.4920300838077823, 3.5668556690216064 
0.7759773959174259, 0.6040245736005703, 3.5174269676208496 
0.7783415984315535, 0.5964017881277428, 3.4087953567504883 
0.7911428900934149, 0.5467753314312996, 3.5627312660217285 
0.7927574674201361, 0.5523088182820725, 3.512810230255127 
0.8511705685618729, 0.456480543440582, 3.5938880443573 
0.8469611348172068, 0.48317388697941993, 3.4888906478881836 
0.7926998039441817, 0.5290482064903365, 3.551470994949341 
0.8153615499942336, 0.5095282200415526, 12.976956129074097 
0.7666935762887787, 0.6223699927986086, 3.5564968585968018 
0.8612616768538808, 0.4363946072515639, 3.4270994663238525 
0.8014069888132856, 0.5251647308336302, 3.4826624393463135 
0.8074616537884903, 0.5505149706796705, 3.5383458137512207 
0.8257986391419675, 0.48859418186268605, 3.5014936923980713 
0.8280475147041864, 0.47715388518613755, 3.6125648021698 
0.8811555760581248, 0.3838563436828988, 3.4823341369628906 
0.8331795640641217, 0.44322814467087535, 3.384690284729004 
0.8413677776496368, 0.4326102354076402, 3.512540578842163 
0.8264329373774651, 0.4697380726067469, 3.6643049716949463 
0.8180140698881329, 0.5304765101790767, 3.4412360191345215 
0.8220505132049359, 0.4666795886455288, 3.523085355758667 
0.8787913735439973, 0.37709473211272304, 3.379652261734009 
0.883462115096298, 0.3701058617530162, 3.5104808807373047 
0.7914312074731865, 0.531567561439808, 3.6157150268554688 
0.8222811671087533, 0.4760857780570097, 3.51505970954895 
0.8513435589897359, 0.41641987201845654, 3.5125057697296143 
0.8277591973244147, 0.4721149023112765, 3.5741147994995117 
0.8257986391419675, 0.4579507867659711, 3.481532096862793 
0.8366970360973359, 0.4285779235503371, 3.5494518280029297 
0.8542267327874524, 0.4024025517101646, 3.545736074447632 
0.8521508476530966, 0.39558646552637, 3.394310235977173 
0.8534194441240918, 0.38490913961404355, 3.6335883140563965 
0.8296620920309076, 0.4448192813450667, 3.4750335216522217 
0.836005074385884, 0.4268983973547666, 3.4046790599823 
0.8610310229500634, 0.3593925101932742, 3.505812883377075 
0.8658170914542729, 0.3792039351770066, 3.4522035121917725 
0.8808095952023988, 0.34195480250034166, 3.4967634677886963 
0.8798869795871295, 0.33239757045170887, 3.483656406402588 
0.8738899780878792, 0.3409451951494445, 3.5073463916778564 
0.8128820205281975, 0.500402033945516, 3.713456392288208 
0.8791373543997232, 0.33569634451461494, 3.6993441581726074 
0.9092376888478837, 0.29117090867021106, 3.5618457794189453 
0.9024333986852727, 0.31606761272107947, 3.536578416824341 
0.8871525775573752, 0.32387163205943004, 3.5276243686676025 
0.8372160073809249, 0.4238233799753321, 3.4805679321289062 
0.90439395686772, 0.304197321442754, 3.476735830307007 
0.9002421865990082, 0.30896897452321065, 3.4218332767486572 
0.876657824933687, 0.33624081548316526, 3.513613224029541 
0.8802906239188099, 0.3270963106185957, 3.408968448638916 
0.8949371468112097, 0.3185292296003716, 3.482236385345459 
0.8786183831161343, 0.33135518349492116, 3.377168655395508 
0.9141967477799562, 0.27724898528810965, 3.5076446533203125 
0.8811555760581248, 0.3202801302420064, 3.4652388095855713 
0.8978203206089264, 0.30390662779222577, 3.5009121894836426 
0.9087763810402492, 0.28951817707331573, 3.418888807296753 
0.892342290393265, 0.32016021852118437, 3.5149636268615723 
0.9188098258563027, 0.26314255250200186, 3.523653507232666 
0.9067004959058932, 0.289598437260715, 3.673006534576416 
0.888709491408142, 0.31449420987793025, 12.988561391830444 
0.11273209549071618, 2.301855060002002, 3.31746506690979 
0.10760004613078077, 2.3097241503282766, 12.850657224655151 
0.11227078768308153, 2.4529512876814064, 3.4625163078308105 
0.29685157421289354, 2.274064973540888, 3.4659595489501953 
0.1014300542036674, 2.4052952220366737, 3.5216047763824463 
0.3714104486218429, 2.2741163428568894, 3.3972291946411133 
0.18233191096759313, 2.1886963856688006, 3.5986461639404297 
0.4232499135047861, 1.9714129708053163, 3.401843786239624 
0.3989159266520586, 1.9396028819826099, 3.524292469024658 
0.38940145311959407, 1.8537839800003617, 3.4208736419677734 
0.4335140122246569, 1.6842350978129301, 3.472346782684326 
0.4753776957675009, 1.608882209391745, 3.4926517009735107 
0.4259600968746396, 1.6144733550294759, 3.4211761951446533 
0.5924345519547919, 1.4236988477993586, 3.5853443145751953 
0.6259946949602122, 1.3344383364443457, 3.53006911277771 
0.5812478376196517, 1.3048598045554147, 3.4223694801330566 
0.5938184753776957, 1.127543657458016, 3.4442505836486816 
0.6338369276900011, 1.078541342632175, 3.5475213527679443 
0.6596125014415869, 0.9901378210257701, 3.4881482124328613 
0.6384500057663476, 1.0218717423021626, 3.4755725860595703 
0.7083958020989505, 0.9312099315506126, 3.3553595542907715 
0.7260408257409756, 0.8093461971002738, 3.498135805130005 
0.6701649175412294, 0.9085364520474516, 3.4306507110595703 
0.7224656902318072, 0.8412347278512852, 3.5019922256469727 
0.7362472609848921, 0.7797982756883519, 3.3986258506774902 
0.7514127551608811, 0.7767505711127252, 3.3227431774139404 
0.7794372044746858, 0.6795290842713468, 3.39235520362854 
0.7903932649060086, 0.6552515310935804, 3.378793478012085 
0.7383808095952024, 0.6990065175906784, 3.4516258239746094 
0.7222926998039442, 0.7696268922090675, 3.4389145374298096 
0.7395917425902433, 0.7196876444045538, 3.4121649265289307 
0.7561411601891362, 0.6550505707556383, 3.419076442718506 
0.7399953869219237, 0.6921277361741599, 3.519695281982422 
0.7601776035059393, 0.6351322706390053, 3.483412027359009 
0.7684234805674086, 0.6089902565515692, 3.6684372425079346 
0.753834621150963, 0.6793341940878901, 3.4611001014709473 
0.7357859531772575, 0.7916058690752608, 3.46964955329895 
0.7933917656556337, 0.5538405048081662, 3.483901262283325 
0.8097681928266636, 0.5662304421919546, 3.4446728229522705 
0.7798985122823204, 0.6457270463994974, 3.3953115940093994 
0.8763695075539153, 0.4437206032854724, 3.422410488128662 
0.7774766462922384, 0.5711450446572548, 3.3698925971984863 
0.8229731288202052, 0.5304846587234391, 3.399855852127075 
0.8316803136893092, 0.47397204646296154, 3.51456356048584 
0.8249913504786068, 0.48284499465778075, 3.4722414016723633 
0.8541114058355438, 0.46041363884631376, 3.436748504638672 
0.8314496597854919, 0.4597330127094482, 3.4769198894500732 
0.8327759197324415, 0.4565737788579387, 3.504213571548462 
0.8126513666243801, 0.4819364806679863, 3.4816179275512695 
0.8783300657363626, 0.39303755300809146, 3.6476690769195557 
0.8450582401107138, 0.4351835624911303, 12.743277072906494 
0.8580901856763926, 0.41122279474842355, 3.456888437271118 
0.7970245646407565, 0.5290473926495457, 3.539884328842163 
0.8136316457156038, 0.48365067385434496, 3.609060049057007 
0.8443662783992619, 0.4207466281180251, 3.4757447242736816 
0.8869219236535578, 0.37126193056534323, 3.3954625129699707 
0.8657017645023642, 0.3903471267613544, 3.4330344200134277 
0.8400991811786415, 0.4299064690161291, 3.5567426681518555 
0.8887671548840964, 0.35110308993841133, 3.4599967002868652 
0.896551724137931, 0.34424937027022595, 3.5608057975769043 
0.8534771076000461, 0.4262268246568413, 3.497762441635132 
0.8726790450928382, 0.38260110439391654, 3.4854869842529297 
0.897762657132972, 0.3391235384726665, 3.723900079727173 
0.9042786299158113, 0.32235853468516057, 3.4520998001098633 
0.8641448506515973, 0.3772585410941334, 3.5591564178466797 
0.8221081766808903, 0.4857538534043658, 3.662031412124634 
0.8730250259485641, 0.36275762045179244, 3.486032247543335 
0.8598200899550225, 0.3775401894484734, 3.559396982192993 
0.9044516203436743, 0.31099242935475996, 3.3514790534973145 
0.8864029523699689, 0.33763374999841594, 3.5385148525238037 
0.8756775458424634, 0.3450422478896651, 3.498075485229492 
0.8903817322108176, 0.3420635989530026, 3.3737213611602783 
0.876657824933687, 0.3637394241903586, 3.5599141120910645 
0.8987429362241955, 0.3099716793521745, 3.62778377532959 
0.8774651135970476, 0.35605752405470315, 3.4945099353790283 
0.9019720908776381, 0.3085595155808233, 3.4981141090393066 
0.8952831276669357, 0.32651625357834835, 3.458801031112671 
0.8945911659554838, 0.32833586022472727, 3.460721492767334 
0.8831737977165264, 0.32136396252239563, 3.598627805709839 
0.8703148425787106, 0.35586502762187455, 3.4841251373291016 
0.9122938530734632, 0.28518023093346984, 3.5862061977386475 
0.9215776727021104, 0.2660606130065606, 3.498264789581299 
0.9012801291661862, 0.28880246380165747, 3.5285534858703613 
0.897589666705109, 0.2980074689275076, 3.4413790702819824 
0.8817322108176681, 0.3380002005595112, 3.466381788253784 
0.9005881674547341, 0.2838337997888249, 3.4534430503845215 
0.8719294199054319, 0.340888351826511, 3.468952178955078 
0.910333294891016, 0.27607053641716334, 3.373699426651001 
0.9068158228578018, 0.27920832059375267, 3.6107521057128906 
0.916099642486449, 0.266783821834263, 3.4919700622558594 
0.9000691961711452, 0.3006005197739789, 3.4893248081207275 
0.9199630953753892, 0.24922736005506804, 3.5162205696105957 
0.896551724137931, 0.3050586144014309, 3.5460684299468994 
0.8590704647676162, 0.3658067835281233, 3.470155715942383 
0.8485180486679738, 0.4028983571186935, 3.4701075553894043 
0.8315649867374005, 0.44890377993054387, 3.5926499366760254 
0.9069888132856648, 0.2813864424246256, 3.5205976963043213 
0.9264214046822743, 0.23828315641837308, 3.660740375518799 
0.9268250490139546, 0.2380729858268638, 3.6005311012268066 
0.9075077845692539, 0.2804112508577552, 3.5073673725128174 
0.8958020989505248, 0.284604016944895, 12.601079940795898 
0.060834967131818705, 2.312057587789211, 3.525484561920166 
0.11227078768308153, 2.326319086153376, 12.885721921920776 
0.27338253949948105, 2.405825929949241, 3.605203628540039 
0.1701649175412294, 2.263646224231431, 3.515392541885376 
0.12455310806135393, 2.3540607770816613, 3.4740607738494873 
0.33704301695306194, 2.155696494271798, 3.500828266143799 
0.205339637873371, 2.232478972961482, 3.5804758071899414 
0.33710068042901625, 1.9457900115544238, 3.6553642749786377 
0.43657017645023644, 1.9507570181392198, 3.63784122467041 
0.27868757928727944, 2.104007032521144, 3.513789176940918 
0.5876484834505824, 1.6120360297640812, 3.7330708503723145 
0.48321992849728984, 1.632367036559365, 3.3925070762634277 
0.5004613078076346, 1.6724940659282925, 3.3863604068756104 
0.48973590128012917, 1.5536315390621633, 3.6258044242858887 
0.5532810517818014, 1.272638314502732, 3.582655668258667 
0.5235266981893668, 1.4573267668097771, 3.616910457611084 
0.6846961134817207, 1.065533255537351, 3.502838611602783 
0.6459462576404106, 1.1418119743726887, 3.456331968307495 
0.6699919271133664, 1.1105128322317674, 3.4154880046844482 
0.662438011763349, 1.0742006090635372, 3.5562634468078613 
0.6288202052819744, 0.9703252296601715, 3.5251550674438477 
0.6214969438357745, 1.0790096157354903, 3.5743167400360107 
0.7076461769115442, 0.8339150923804656, 3.5611984729766846 
0.711624956752393, 0.7828067496785114, 3.535224676132202 
0.751758736016607, 0.813146469983972, 3.6428110599517822 
0.7513550916849268, 0.7783039416756015, 3.3358218669891357 
0.7699227309422212, 0.7566076568362217, 3.6377391815185547 
0.7646176911544228, 0.6899368659998041, 3.424020290374756 
0.7716526352208511, 0.6832938375354548, 3.422062635421753 
0.7906815822857802, 0.6583597457923557, 3.575194835662842 
0.7811671087533156, 0.6276376595025595, 3.497976303100586 
0.7233883058470765, 0.7363186843974843, 3.5270307064056396 
0.704647676161919, 0.766561611744816, 3.471980333328247 
0.740399031253604, 0.7014008716654059, 3.587334394454956 
0.767270211048322, 0.6933569208165795, 3.6192948818206787 
0.7659439511013724, 0.6358950944741676, 3.3609540462493896 
0.7849152346903472, 0.6066477337455748, 3.5393102169036865 
0.7932187752277707, 0.5515934479665829, 3.5608928203582764 
0.7819167339407219, 0.6173321800708058, 3.506589412689209 
0.7999654019144274, 0.5308030191893967, 3.5942575931549072 
0.8535924345519548, 0.4781163888826037, 3.3958616256713867 
0.8247030330988352, 0.48487078234010245, 3.5927867889404297 
0.7933917656556337, 0.5454957139512857, 3.706972122192383 
0.8115557605812478, 0.5016694118724861, 3.5468909740448 
0.7986391419674778, 0.5266957361340983, 3.5287749767303467 
0.8148425787106447, 0.49083356572618664, 3.6113758087158203 
0.7605235843616653, 0.6378119873772947, 3.3622303009033203 
0.8192826663591282, 0.48285163498945644, 3.7155039310455322 
0.8226848114404336, 0.5144441722518511, 3.4677884578704834 
0.8454042209664399, 0.477513094621793, 3.441227674484253 
0.8276438703725061, 0.45970242568610126, 12.77409029006958 
0.8498443086149233, 0.42881756991896236, 3.3657479286193848 
0.8107484719178872, 0.5116820807162858, 3.4891257286071777 
0.8579171952485296, 0.40633879632461295, 3.4936652183532715 
0.7793795409987314, 0.5780222247668655, 3.503392457962036 
0.7818014069888133, 0.5679046721374843, 3.5229997634887695 
0.8030792296159612, 0.5080907371679119, 3.4885270595550537 
0.8180140698881329, 0.4805852705560315, 3.6909992694854736 
0.8163994925614116, 0.4951581973158726, 3.4192769527435303 
0.8401568446545957, 0.4379880216564508, 3.649554491043091 
0.8585514934840273, 0.4139274150905979, 3.399791717529297 
0.8675469957329027, 0.37841721475909956, 3.577333450317383 
0.8213008880175297, 0.49412182706707086, 3.5046181678771973 
0.8414831046015454, 0.4175502554131433, 3.5872445106506348 
0.8731403529004729, 0.3542618370995218, 3.6188230514526367 
0.8939568677199862, 0.3416844253446733, 3.6299045085906982 
0.8858263176104255, 0.3562433639984135, 3.5555946826934814 
0.8437319801637643, 0.41406622712033464, 3.627859354019165 
0.8536500980279091, 0.39896932203643676, 3.5987627506256104 
0.8859993080382885, 0.3571465455997012, 3.6114118099212646 
0.870026525198939, 0.3883895887256748, 3.463283061981201 
0.8323146119248068, 0.44379598486498006, 3.4981307983398438 
0.8854226732787452, 0.329390829564984, 3.6114392280578613 
0.8703148425787106, 0.3663533298719467, 3.405181884765625 
0.8667397070695422, 0.3652592539798622, 3.4480466842651367 
0.8636258793680083, 0.37352694853260926, 3.4719486236572266 
0.8566485987775343, 0.3933361237805292, 3.538226842880249 
0.8515742128935532, 0.3959716947174598, 3.598659038543701 
0.8809249221543075, 0.327879788131837, 3.6698367595672607 
0.8805789412985815, 0.32974944118794874, 3.511275053024292 
0.8667397070695422, 0.35711270529200073, 3.427219867706299 
0.8876715488409641, 0.3066485294916706, 3.5560641288757324 
0.8712951216699343, 0.3562546611061992, 3.422806739807129 
0.8715834390497059, 0.3452007716092006, 3.461913585662842 
0.877176796217276, 0.33528261323278064, 3.478321075439453 
0.8641448506515973, 0.3633889994155291, 3.602354049682617 
0.885019028947065, 0.3073891873047025, 3.5743303298950195 
0.8747549302271941, 0.3304618399582972, 3.37148380279541 
0.9177718832891246, 0.267913066472781, 3.5204615592956543 
0.9066428324299389, 0.27943167278819725, 3.603240966796875 
0.8667973705454964, 0.3518899198562241, 3.522510051727295 
0.9128128243570522, 0.2649827144594817, 3.521177291870117 
0.8894591165955483, 0.3058463492041203, 3.448798894882202 
0.8546880405950871, 0.3777913547788613, 3.500964879989624 
0.8478260869565217, 0.40119114897077335, 3.62742018699646 
0.9088917079921578, 0.2691825431564525, 3.480703115463257 
0.9206550570868411, 0.2556243969825892, 3.497556686401367 
0.9007034944066429, 0.28021143436343104, 3.535026788711548 
0.8725060546649752, 0.33537727053939864, 3.3859143257141113 
0.8552070118786761, 0.37928636142572497, 3.624310255050659 
0.8592434551954792, 0.36994821505639214, 12.678642272949219 
0.09848921692999654, 2.313753545978964, 3.6785807609558105 
0.17310575481490023, 2.3718750119765044, 12.862248420715332 
0.09848921692999654, 2.403067509564857, 3.440791606903076 
0.17402837043016953, 2.4777066005739763, 3.6135547161102295 
0.18590704647676162, 2.409628614192798, 3.4666967391967773 
0.08943605120516665, 2.9656217628402497, 3.515007495880127 
0.16970360973359475, 2.21608585744471, 3.5350115299224854 
0.2412063199169646, 2.056911927709398, 3.4343531131744385 
0.23076923076923078, 2.4083833902590874, 3.545971155166626 
0.5450928381962865, 1.7918832638903746, 3.5481042861938477 
0.33877292123169184, 1.819343512413246, 3.392470121383667 
0.4559451043708915, 1.7441917131043443, 3.4483489990234375 
0.45006342982354974, 1.7298874145253578, 3.4744179248809814 
0.5745588744089494, 1.3648364543191156, 3.6752126216888428 
0.5091108292007842, 1.4081479463677076, 3.5316410064697266 
0.5175296966901165, 1.3532753631808356, 3.3803746700286865 
0.6281282435705224, 1.0757235697909855, 3.460533380508423 
0.6172875100911083, 1.1084312266817067, 3.535940408706665 
0.6681466958828278, 1.0174710963380167, 3.6162054538726807 
0.6510206435243916, 0.9600817509800219, 3.4446938037872314 
0.6776611694152923, 0.9198764969732992, 3.495534896850586 
0.6897128358897474, 0.9296015144863818, 3.4346141815185547 
0.7694037596586322, 0.8057058849820625, 3.4822499752044678 
0.6965747895283128, 0.848802622144994, 3.5421149730682373 
0.7190058816745474, 0.7907007573191989, 3.547314405441284 
0.7195248529581363, 0.795308408925126, 3.452047348022461 
0.7115672932764388, 0.7624471442301403, 3.53781795501709 
0.7769000115326952, 0.6436526472937162, 3.4703805446624756 
0.6909237688847883, 0.8003528486403964, 3.5713629722595215 
0.7925844769922731, 0.6335906860155937, 3.555149555206299 
0.7772459923884212, 0.6216379860980492, 3.4682974815368652 
0.7685964709952716, 0.6408099209971722, 3.6749913692474365 
0.7559105062853189, 0.6492569124784806, 3.493663787841797 
0.7785145888594165, 0.6611394336173585, 3.4437310695648193 
0.7659439511013724, 0.7362054448150142, 3.6314501762390137 
0.7967939107369392, 0.6542209830960417, 3.571094036102295 
0.8474801061007957, 0.4791505232791828, 3.533482551574707 
0.7973705454964826, 0.5692480958460631, 3.4141366481781006 
0.8144965978549187, 0.52816277048679, 3.4443764686584473 
0.8225118210125706, 0.5096551111530985, 3.4990296363830566 
0.8161688386575943, 0.48700311444578553, 3.5561916828155518 
0.8020412870487833, 0.6290393654735474, 3.4702632427215576 
0.7591973244147158, 0.6607809933572726, 3.439237594604492 
0.7994464306308384, 0.6270136171915708, 3.4438345432281494 
0.7693460961826779, 0.6309808780242097, 3.458972454071045 
0.7683081536155, 0.628383867773288, 3.5996737480163574 
0.8114980971052935, 0.5466366227428878, 3.472003936767578 
0.7887786875792873, 0.6825217222858548, 3.482969284057617 
0.8468458078652982, 0.4351972208651692, 3.555586576461792 
0.8797139891592666, 0.3898785825391243, 3.710419178009033 
0.8221081766808903, 0.4710521919197108, 12.860578298568726 
0.8823088455772113, 0.3855896830431371, 3.6052701473236084 
0.8394648829431438, 0.4445431739491322, 3.5503835678100586 
0.8253373313343328, 0.4593468127390176, 3.5798768997192383 
0.7964479298812133, 0.5246240704442893, 3.4704489707946777 
0.8313343328335832, 0.44240049414654, 3.515845537185669 
0.8368700265251989, 0.4312709654991102, 3.573901653289795 
0.8055587590819975, 0.5246735722503698, 3.436842441558838 
0.8486333756198824, 0.4102374363047526, 3.4828720092773438 
0.8629915811325106, 0.3838465414385828, 3.5270681381225586 
0.9024910621612271, 0.31473424826683, 3.6080076694488525 
0.8818475377695767, 0.3633071465318966, 3.6648261547088623 
0.8351977857225233, 0.4483201859332368, 3.533282995223999 
0.89707069542152, 0.3312713773513407, 3.6329567432403564 
0.8872679045092838, 0.3486226882127093, 3.5373141765594482 
0.8685849383000808, 0.3737022046526393, 3.5546419620513916 
0.8545150501672241, 0.37917987545390475, 3.4643821716308594 
0.8722754007611578, 0.3412094238188664, 3.611207962036133 
0.8690462461077154, 0.356421347254829, 3.4126479625701904 
0.890093414831046, 0.3411779817545254, 3.540466547012329 
0.8992042440318302, 0.31337274497982026, 3.5091915130615234 
0.821358551493484, 0.46752760432896306, 3.3524489402770996 
0.9184061815246223, 0.2662067106132929, 3.5160603523254395 
0.8983969553684696, 0.3244045390089768, 3.6433658599853516 
0.9156383346788144, 0.2804944112189744, 3.463901996612549 
0.8681812939684004, 0.3495708552312348, 3.5573055744171143 
0.8775804405489563, 0.32625103837752745, 3.3614444732666016 
0.919386460615846, 0.2519146755165218, 3.456296443939209 
0.905431899434898, 0.2895020530038329, 3.6635348796844482 
0.9081420828047515, 0.2859981563030912, 3.493649482727051 
0.9032406873486334, 0.29345473348823703, 3.375915765762329 
0.9119478722177373, 0.2798069457801063, 3.4959797859191895 
0.919386460615846, 0.25707855124545115, 3.5407795906066895 
0.8842117402837043, 0.3157561885654604, 3.598599910736084 
0.9152923538230885, 0.26304397001045177, 3.513505220413208 
0.8734286702802445, 0.33629320174966576, 3.502028465270996 
0.9190404797601199, 0.2463188080930114, 3.555140733718872 
0.9274593472494522, 0.24128880308541062, 3.5223731994628906 
0.9080267558528428, 0.2706372026023598, 3.42043137550354 
0.889920424403183, 0.29975944509149566, 3.331693649291992 
0.8896321070234113, 0.29816352974837096, 3.578667402267456 
0.90439395686772, 0.2676932794885106, 3.5853078365325928 
0.8936108868642602, 0.2865228685224302, 3.6191041469573975 
0.8526121554607312, 0.40051757506574714, 3.424633502960205 
0.868469611348172, 0.35119745121844953, 3.6821279525756836 
0.8733710068042901, 0.33838128858843275, 3.5281946659088135 
0.8636258793680083, 0.3607567512189324, 3.5770068168640137 
0.9019144274016838, 0.2702219721627765, 3.5765953063964844 
0.9190404797601199, 0.24382747737836213, 3.47856068611145 
0.9239995386921923, 0.22619712686879132, 3.4620141983032227 
0.8753892284626917, 0.3297597787952077, 12.867155075073242 
0.0923768884788375, 2.302972621804721, 3.5729587078094482 
0.19916964594625763, 2.3831604897698044, 12.961737632751465 
0.22586783531311266, 2.3639282548761034, 3.5964860916137695 
0.12213124207127206, 2.3166433969207207, 3.587233781814575 
0.1342982354976358, 2.4353502123806954, 3.5872132778167725 
0.20914542728635682, 2.4806749417208476, 3.5144124031066895 
0.287337100680429, 2.1353241871773223, 3.3857581615448 
0.2905085918579172, 2.012780519331159, 3.6924595832824707 
0.34990197209087764, 1.921280418196295, 3.5581815242767334 
0.465286587475493, 1.7131983624842153, 3.4978864192962646 
0.31899434897935647, 1.7786941021281384, 3.593175172805786 
0.4297658862876254, 1.5819306745937076, 3.442628860473633 
0.5144158689885826, 1.4908447506625522, 3.5804176330566406 
0.4425095144735325, 1.5532711616340262, 3.6601362228393555 
0.6839464882943144, 1.1525441424062919, 3.629793882369995 
0.5898973590128013, 1.2497683257391357, 3.5897576808929443 
0.5573174950986045, 1.2235221825901885, 3.5530266761779785 
0.6677430515511475, 1.0363797946249098, 3.647101402282715 
0.6211509629800485, 1.0738911186836995, 3.5000600814819336 
0.7237919501787567, 0.8416775002176117, 3.529067277908325 
0.629281513089609, 0.9682285806081651, 3.4970452785491943 
0.6867143351401223, 0.8853000581967149, 3.610015869140625 
0.6875792872794372, 0.9508956040027056, 3.554821729660034 
0.7432822050513205, 0.7447658196347097, 3.5072097778320312 
0.69853534771076, 0.8651195471630907, 3.559239625930786 
0.7690001153269519, 0.6581405772886904, 3.457056760787964 
0.691385076692423, 0.7774188740239728, 3.424492835998535 
0.8098258563026179, 0.6081065655819472, 3.5801613330841064 
0.8182447237919501, 0.559981700956312, 3.4800870418548584 
0.8267212547572368, 0.5502310506399777, 3.6129729747772217 
0.7909698996655519, 0.6151290265231798, 3.4610352516174316 
0.814208280475147, 0.5945026952582111, 3.60892915725708 
0.7734402029754354, 0.6096968825363063, 3.5588178634643555 
0.7986391419674778, 0.5656080829364406, 3.5272772312164307 
0.7545842463383693, 0.6598387179256178, 3.4920499324798584 
0.7974858724483912, 0.5524343922554256, 3.442965030670166 
0.7932764387037251, 0.5416768187996747, 3.3100457191467285 
0.7761503863452889, 0.6133564815103209, 3.498631000518799 
0.7892976588628763, 0.5572092839951651, 3.533773183822632 
0.74460846499827, 0.7283202444942033, 3.607957601547241 
0.8143236074270557, 0.50739636730436, 3.644615888595581 
0.849094683427517, 0.4420693698263182, 3.499998092651367 
0.7958136316457156, 0.5396158532391687, 3.520024299621582 
0.8165148195133203, 0.4904921103021287, 3.539698839187622 
0.7715949717448968, 0.5995399535035559, 3.4162063598632812 
0.7933341021796794, 0.538015665840088, 3.5305962562561035 
0.8683542843962634, 0.39321137872172146, 3.5481066703796387 
0.8739476415638334, 0.3892397853755609, 3.513643980026245 
0.8529581363164571, 0.41591152576414875, 3.4810845851898193 
0.8753315649867374, 0.3777504888494885, 3.5742435455322266 
0.8337561988236651, 0.42676439711921027, 13.093316078186035 
0.8327759197324415, 0.44346865416508424, 3.652648687362671 
0.8674316687809941, 0.40475911689106675, 3.556947946548462 
0.895859762426479, 0.3450585820371315, 3.585897922515869 
0.8721600738092492, 0.3821487517556336, 3.5627241134643555 
0.8985699457963326, 0.33683222964619125, 3.5235371589660645 
0.8967247145657941, 0.3350094309508679, 3.5004303455352783 
0.8701418521508476, 0.365919845370578, 3.507328987121582 
0.9012801291661862, 0.3124304723024235, 3.6366190910339355 
0.8655864375504555, 0.3683965582146925, 3.378635883331299 
0.8786183831161343, 0.3488383293785039, 3.4896905422210693 
0.905085918579172, 0.2982021717811181, 3.6040799617767334 
0.8998385422673278, 0.3202934268322989, 3.652383804321289 
0.9057202168146696, 0.3085365149746729, 3.4149129390716553 
0.8936108868642602, 0.3253538945653208, 3.52485728263855 
0.8536500980279091, 0.413688256688327, 3.580108642578125 
0.9058932072425325, 0.29691917017074565, 3.5788118839263916 
0.8731980163764271, 0.35623053413788297, 3.641526222229004 
0.9058932072425325, 0.30251256047968555, 3.5377111434936523 
0.8913620113020413, 0.3148701336639955, 3.5213963985443115 
0.8980509745127436, 0.306822408297969, 3.481667995452881 
0.8987429362241955, 0.3179295986068378, 3.5124475955963135 
0.9167916041979011, 0.26628418396937675, 3.545222043991089 
0.9121208626456003, 0.28042764292667227, 3.5270450115203857 
0.9154076807749971, 0.2744796376184492, 3.5745906829833984 
0.8738323146119248, 0.3373044857793475, 3.539576530456543 
0.8920539730134932, 0.3112113877840824, 3.6657259464263916 
0.869334563487487, 0.34399582137764245, 3.4829514026641846 
0.9170799215776727, 0.2549078437615846, 3.543156623840332 
0.918348518048668, 0.2516348335072261, 3.5500705242156982 
0.9133317956406413, 0.26291236826525305, 3.495662212371826 
0.9087187175642948, 0.2799623146655075, 3.509509801864624 
0.9083727367085688, 0.2748879951016222, 3.4878506660461426 
0.8928035982008995, 0.2948722687099696, 3.5399506092071533 
0.9161573059624034, 0.25465793376844015, 3.438697338104248 
0.9034136777764964, 0.27546592602091907, 3.3732855319976807 
0.8958020989505248, 0.28206241774317486, 3.424898147583008 
0.8785607196401799, 0.31935288735597134, 3.52866792678833 
0.8710644677661169, 0.3423706447018306, 3.5023937225341797 
0.8665667166416792, 0.3565289347676375, 3.468571186065674 
0.9170799215776727, 0.26426865567430413, 3.5682971477508545 
0.9291892515280821, 0.22291124859961725, 3.650813579559326 
0.9264790681582286, 0.22283064499457161, 3.5126194953918457 
0.9017991004497751, 0.27656426826319547, 3.4876625537872314 
0.8674316687809941, 0.3462725104592466, 3.5492212772369385 
0.9064121785261215, 0.27210623611908386, 3.5030112266540527 
0.8838657594279783, 0.3142217804716499, 3.453272581100464 
0.9077384384730711, 0.2800891987785771, 3.5318493843078613 
0.9139084304001845, 0.25056814029887436, 3.494931697845459 
0.9200207588513436, 0.23493170709426192, 3.5025529861450195 
0.9287279437204474, 0.21586265692552215, 13.030184268951416 
0.08390035751355092, 2.3086680823180132, 3.4670777320861816 
0.1046592088571099, 2.320634026419033, 12.986488819122314 
0.09848921692999654, 2.3768813116844996, 3.5085549354553223 
0.2628877868757929, 2.350061547969234, 3.482449531555176 
0.10114173682389574, 2.3356147545571466, 3.5149521827697754 
0.35618729096989965, 2.1740215749081107, 3.5359151363372803 
0.34425095144735324, 2.029177964544148, 3.5984859466552734 
0.30152231576519434, 2.020637302427164, 3.54189395904541 
0.355725983162265, 2.043728258909416, 3.6093618869781494 
0.47036097335947413, 1.7664635441878922, 3.33323335647583 
0.49481028716411024, 1.7454302566127435, 3.4461073875427246 
0.4624610771537308, 1.6593579057815377, 3.459628105163574 
0.47578134009918116, 1.5406720694226865, 3.5109169483184814 
0.5013839234229039, 1.470816459757129, 3.398616075515747 
0.5467074155230077, 1.262054368891922, 3.40683650970459 
0.6016607081074847, 1.2033638002346585, 3.4077117443084717 
0.6093299504094106, 1.2026972679671684, 3.5274040699005127 
0.6096759312651366, 1.2499029880672514, 3.445319414138794 
0.6277245992388422, 1.186223815858115, 3.4818778038024902 
0.6925383462115097, 1.0339209424735574, 3.5032620429992676 
0.6378733710068043, 1.0222734934617799, 3.497218132019043 
0.6480798062507208, 0.9296327227395152, 3.3360886573791504 
0.6665897820320609, 0.9450843419847835, 3.550698757171631 
0.7729788951678007, 0.7282828370987697, 3.4987800121307373 
0.7047053396378734, 0.823810379950745, 3.3384921550750732 
0.7514127551608811, 0.7623332435020593, 3.622769832611084 
0.7634067581593819, 0.6807134119115723, 3.534236431121826 
0.7375735209318418, 0.7223743305967798, 3.5782339572906494 
0.7664629223849614, 0.6668111909457309, 3.4678051471710205 
0.7587360166070811, 0.6545698177753264, 3.4301373958587646 
0.787683081536155, 0.6206336308353188, 3.4486045837402344 
0.746857340560489, 0.7059414969585697, 3.5129282474517822 
0.7830123399838542, 0.6058689080762714, 3.490525007247925 
0.7748241263983393, 0.6332317565398822, 3.3734986782073975 
0.7586783531311267, 0.6630124699297414, 3.4502663612365723 
0.848229731288202, 0.5129606415732548, 3.56815242767334 
0.8188790220274478, 0.504153501260852, 3.5437734127044678 
0.8284511590358666, 0.49525636545633545, 3.453213930130005 
0.8067696920770384, 0.5275229457972055, 3.412867307662964 
0.8266635912812824, 0.5013107039819876, 3.597177505493164 
0.8523815015569138, 0.4510431292431723, 3.564966917037964 
0.8469034713412524, 0.4724894745684053, 3.4909210205078125 
0.8426940375965863, 0.46819790922857535, 3.508136510848999 
0.850651597278284, 0.470260894593219, 3.397688865661621 
0.8687579287279438, 0.4277615714286365, 3.508235216140747 
0.7909698996655519, 0.5797471570513351, 3.5344698429107666 
0.8318533041171722, 0.4721157042169075, 3.5463812351226807 
0.8383116134240572, 0.43726948705044516, 3.4853806495666504 
0.861319340329835, 0.41314485096593373, 3.5097365379333496 
0.8651827932187752, 0.4111895691811016, 3.5915379524230957 
0.821531541921347, 0.48015368847278556, 12.702357053756714 
0.7913735439972321, 0.5555765106802334, 3.5242953300476074 
0.815419213470188, 0.4990482507130184, 3.55926251411438 
0.8103448275862069, 0.5082242450755192, 3.496506929397583 
0.8162841656095029, 0.4947543863829702, 3.464019298553467 
0.8100565102064352, 0.506309606063794, 3.4665868282318115 
0.849959635566832, 0.41139373605963775, 3.5596938133239746 
0.8398108637988698, 0.4211321065300318, 3.598649024963379 
0.8490370199515627, 0.41676816205186923, 3.567974328994751 
0.8783877292123169, 0.3617003408074578, 3.4463446140289307 
0.8891707992157767, 0.3484762760199713, 3.584029197692871 
0.8673740053050398, 0.3953383360838468, 3.4733335971832275 
0.8442509514473533, 0.41500579801615306, 3.6331138610839844 
0.8857686541344713, 0.3787142449900636, 3.487593650817871 
0.8518048667973706, 0.39258448047179545, 3.42546010017395 
0.8545150501672241, 0.4173148357616133, 3.5374839305877686 
0.8795986622073578, 0.3427481546727293, 3.7071211338043213 
0.890785376542498, 0.3424579582261045, 3.6834805011749268 
0.8511705685618729, 0.4106221863147743, 3.4754323959350586 
0.8360627378618383, 0.4266119125950792, 3.52143931388855 
0.8341598431553454, 0.4503248268142066, 3.4441323280334473 
0.8264906008534194, 0.4697517531305646, 3.452115774154663 
0.8468458078652982, 0.42781464480466613, 3.6260552406311035 
0.8816168838657594, 0.3437494019884218, 3.744732141494751 
0.8804059508707185, 0.3420759191240525, 3.482882022857666 
0.8719870833813862, 0.37225897452665024, 3.360085964202881 
0.903010033444816, 0.2965918969150948, 3.460984230041504 
0.8676623226848115, 0.3722563528207224, 3.463977813720703 
0.8452312305385768, 0.4138862530608949, 3.610034227371216 
0.8251643409064698, 0.4590410117905744, 3.559990406036377 
0.9185791719524853, 0.2655274706355187, 3.568438768386841 
0.916272632914312, 0.2650444898950645, 3.53326678276062 
0.8966093876138853, 0.3026376078089147, 3.511993646621704 
0.890093414831046, 0.30615067711661614, 3.586512327194214 
0.9119478722177373, 0.2756234249476833, 3.418513536453247 
0.9093530157997924, 0.28953082517868384, 3.5795600414276123 
0.9227309422211971, 0.261011946233056, 3.508713722229004 
0.8919386460615846, 0.3194042854079691, 3.6329689025878906 
0.9099873140352901, 0.27766118775133264, 3.5266029834747314 
0.904047976011994, 0.2795639350777763, 3.4876036643981934 
0.9009918117864145, 0.2832340264320274, 3.4909236431121826 
0.9171375850536271, 0.2602381437131158, 3.558979034423828 
0.9182908545727136, 0.25103567240647745, 3.4381701946258545 
0.8801752969669011, 0.3250332662789404, 3.4086105823516846 
0.8597624264790682, 0.37546257521131216, 3.493406057357788 
0.9181178641448506, 0.24644876007532404, 3.479595899581909 
0.9264214046822743, 0.23369583204378125, 3.5198404788970947 
0.9215200092261562, 0.24836130511981622, 3.6000800132751465 
0.9230769230769231, 0.24391349687983832, 3.432710647583008 
0.9067004959058932, 0.2695276260924087, 3.4924700260162354 
0.8836927690001153, 0.3159897455053908, 12.801640748977661 
0.10517818014069888, 2.3058763759119527, 3.4496009349823 
0.11227078768308153, 2.404236812124256, 12.908175230026245 
0.1885019028947065, 2.4870926670052786, 3.433465003967285 
0.26058124783761966, 2.3403176523820317, 3.552241325378418 
0.2676738553800023, 2.2429707176641798, 3.4139575958251953 
0.2285780186829662, 2.1619737359645206, 3.4823338985443115 
0.2891246684350133, 2.037211526402366, 3.407183885574341 
0.3402721716065044, 1.8661301857600077, 3.5450334548950195 
0.4524276323376773, 1.7785976423991217, 3.4182376861572266 
0.34811440433629337, 1.7848233001063512, 3.540121555328369 
0.471744896782378, 1.5599915394132555, 3.636716842651367 
0.5724829892745935, 1.4125032401234838, 3.3645060062408447 
0.3687579287279437, 1.5525717143122781, 3.5386524200439453 
0.533329489101603, 1.3289400609767335, 3.543544054031372 
0.6259946949602122, 1.1557480384130392, 3.368703603744507 
0.567523930342521, 1.3035866413077322, 3.4732728004455566 
0.5487833006573636, 1.3042814863497274, 3.4782018661499023 
0.6991696459462576, 1.0657494360079558, 3.410961389541626 
0.6672240802675585, 1.0819926098301693, 3.455202341079712 
0.7167570061123284, 0.9615902014398006, 3.4554784297943115 
0.6913274132164687, 0.9022395421245021, 3.4182591438293457 
0.6646292238496136, 0.987043832220255, 3.530423402786255 
0.7353823088455772, 0.8546769544762641, 3.509805917739868 
0.6803713527851459, 0.9725639627473581, 3.541900634765625 
0.7440894937146811, 0.7803749142854353, 3.510780096054077 
0.7432245415753662, 0.8228199204211807, 3.438955068588257 
0.7420712720562795, 0.7906144672408468, 3.5219223499298096 
0.7466266866566716, 0.7369546735360379, 3.5024421215057373 
0.7905662553338715, 0.6016681844042217, 3.453094482421875 
0.786299158113251, 0.6100792960150178, 3.531815528869629 
0.807922961596125, 0.5676888835944037, 3.608060836791992 
0.7790912236189598, 0.6191161512399943, 3.4473328590393066 
0.8192826663591282, 0.5498780423616838, 3.6442909240722656 
0.7685388075193172, 0.6002651155167733, 3.5457606315612793 
0.808095952023988, 0.5342933333760364, 3.554277181625366 
0.7634644216353362, 0.6221546462017727, 3.5491275787353516 
0.8139199630953754, 0.5495041658289198, 3.476111650466919 
0.814554261330873, 0.5344410418828033, 3.4248785972595215 
0.7807634644216354, 0.593511568319064, 3.4800212383270264 
0.828508822511821, 0.4759290246652959, 3.5437426567077637 
0.7540652750547803, 0.6996543101231029, 3.5815255641937256 
0.775458424633837, 0.6473251320519161, 3.5905256271362305 
0.7825510321762196, 0.5864222509087814, 3.5425007343292236 
0.8056740860339061, 0.5580747079344072, 3.5692028999328613 
0.8522085111290508, 0.42951369860894084, 3.463212251663208 
0.8330065736362587, 0.5065410211817097, 3.494713068008423 
0.7988697958712951, 0.5126596890010823, 3.4895975589752197 
0.8055587590819975, 0.5154930812712573, 3.4332447052001953 
0.7994464306308384, 0.5085073761677619, 3.5794153213500977 
0.7949486795064007, 0.5184623636710569, 3.6127572059631348 
0.821877522777073, 0.473132913715565, 12.81802487373352 
0.8615499942336524, 0.43063439099840306, 3.56107234954834 
0.786645138968977, 0.5437965173049589, 3.6589810848236084 
0.801637642717103, 0.5144936674573548, 3.494666576385498 
0.8712374581939799, 0.4052858190911677, 3.6923491954803467 
0.8697382078191673, 0.4112750060776109, 3.381084442138672 
0.8287394764156384, 0.4457197191643984, 3.522954225540161 
0.787164110252566, 0.5486014289480293, 3.4992074966430664 
0.8036558643755045, 0.5644473338355571, 3.5856337547302246 
0.7920078422327298, 0.5363961713743688, 3.3072621822357178 
0.8128820205281975, 0.5038420933900924, 3.504398822784424 
0.822915465344251, 0.4631801086452879, 3.588035821914673 
0.8590704647676162, 0.3870831155234466, 3.440537214279175 
0.8529581363164571, 0.38756920523882177, 3.4460272789001465 
0.8290854572713643, 0.4381500850948344, 3.570070505142212 
0.808268942451851, 0.49985610970231564, 3.5098583698272705 
0.7974282089724368, 0.509199128633567, 3.4175758361816406 
0.8311613424057203, 0.4370995698365178, 3.6596741676330566 
0.827989851228232, 0.4442166564240762, 3.510719060897827 
0.8909007034944066, 0.339350425295073, 3.4088592529296875 
0.8610886864260178, 0.3868762792558275, 3.587895154953003 
0.8318533041171722, 0.42908360103929305, 3.5958144664764404 
0.8684119478722178, 0.3775588686309054, 3.66400408744812 
0.8422327297889517, 0.4066412336631369, 3.518338441848755 
0.8610310229500634, 0.3664949744760794, 3.5202558040618896 
0.8644908315073233, 0.36103325262507907, 3.4271178245544434 
0.8345634874870257, 0.4174193222912498, 3.6348791122436523 
0.8651827932187752, 0.39344652489430315, 3.4505093097686768 
0.8408488063660478, 0.40526340272537287, 3.4557087421417236 
0.8364663821935187, 0.41629559810131517, 3.6503639221191406 
0.8441932879713989, 0.39535894012463074, 3.5443081855773926 
0.8398685272748241, 0.4064420779173157, 3.4752373695373535 
0.8348518048667973, 0.4441046277021757, 3.5949015617370605 
0.9060661976703955, 0.29771417521370686, 3.417813777923584 
0.8858839810863799, 0.3421087422588711, 3.5762767791748047 
0.9011071387383232, 0.30811557716129817, 3.674008846282959 
0.8861146349901972, 0.34950629257176846, 3.457360029220581 
0.8797139891592666, 0.34093801654057027, 3.4945356845855713 
0.9133317956406413, 0.27232588658193835, 3.4629616737365723 
0.911198247030331, 0.2785541413755729, 3.473062753677368 
0.8938415407680775, 0.3169509224923709, 3.403441905975342 
0.890439395686772, 0.31196742035248104, 3.686638355255127 
0.8558413101141736, 0.3687829128027615, 3.4929890632629395 
0.8598200899550225, 0.35958631489568904, 3.436978340148926 
0.8708338138622996, 0.3387095753278683, 3.4906272888183594 
0.869853534771076, 0.34013311951342956, 3.3413100242614746 
0.869853534771076, 0.3434215603085042, 3.546726703643799 
0.8738323146119248, 0.33038753759812073, 3.6787166595458984 
0.8760811901741437, 0.32447867735815755, 3.4611072540283203 
0.8833467881443894, 0.30534416075277854, 3.602760076522827 
0.8959174259024334, 0.29932627891877894, 12.866331100463867 
0.09549071618037135, 2.300955364013144, 3.5569937229156494 
0.17639257294429708, 2.410571833822092, 12.852877616882324 
0.10206435243916503, 2.432520908619789, 3.501279830932617 
0.10454388190520125, 2.360934122829541, 3.5369908809661865 
0.23745819397993312, 2.2595674306408973, 3.6247758865356445 
0.3811555760581248, 2.274152548116774, 3.613574981689453 
0.28883635105524164, 2.0337912800729785, 3.5521202087402344 
0.2580440548956291, 2.156133033948854, 3.5595107078552246 
0.35428439626340674, 1.896094941647713, 3.5897319316864014 
0.5410563948794833, 1.5689728268145033, 3.50545597076416 
0.5014992503748126, 1.5166372861004005, 3.5268263816833496 
0.5216814669588283, 1.446796783327871, 3.5196123123168945 
0.5613539384154077, 1.283919752069634, 3.426356315612793 
0.643928035982009, 1.1326842943543645, 3.601332664489746 
0.6528082112789759, 1.1220672739294837, 3.721113920211792 
0.6495790566255334, 1.051364571335143, 3.3360466957092285 
0.6193633952254642, 1.0937332149110908, 3.5889859199523926 
0.6691846384500058, 0.9864875644209513, 3.5336272716522217 
0.6481951332026294, 1.0500615455167515, 3.4844167232513428 
0.6687809941183255, 0.8816379506745909, 3.5509836673736572 
0.6961134817206781, 0.8310848654503988, 3.449253559112549 
0.6413908430400185, 0.893245607670961, 3.4146533012390137 
0.7387267904509284, 0.7986221952760403, 3.5611841678619385 
0.7872217737285203, 0.678541661325188, 3.5067861080169678 
0.8012339983854226, 0.6285518862440221, 3.6935417652130127 
0.7873947641563833, 0.6159256993707561, 3.5503122806549072 
0.7902202744781456, 0.636531660134637, 3.3940277099609375 
0.7274247491638796, 0.6826544911528285, 3.4717319011688232 
0.7552762080498212, 0.6543291845143988, 3.478966474533081 
0.7698650674662668, 0.6214277337239397, 3.572662115097046 
0.7551608810979126, 0.6396535773294462, 3.4608781337738037 
0.8293737746511359, 0.5541714092406496, 3.4250104427337646 
0.830411717218314, 0.5030238774153545, 3.702594041824341 
0.8512858955137815, 0.4892885111776711, 3.557204246520996 
0.7944297082228117, 0.5469515940667258, 3.5256900787353516 
0.7830123399838542, 0.5798089539492177, 3.678443670272827 
0.8036558643755045, 0.5356465393810141, 3.452019453048706 
0.8371006804290163, 0.49538470962173115, 3.5629167556762695 
0.8477107600046131, 0.49006614648294144, 3.509397029876709 
0.8606273786183831, 0.4629192226332096, 3.4098317623138428 
0.8351977857225233, 0.4676801220350338, 3.5724754333496094 
0.8855956637066082, 0.3968692103494176, 3.584017753601074 
0.8296620920309076, 0.45432443999382865, 3.473687171936035 
0.8616076577096068, 0.420761957561645, 3.5903706550598145 
0.8724483911890208, 0.4082815212338892, 3.526026487350464 
0.8816168838657594, 0.3927988173851125, 3.371117115020752 
0.8369276900011533, 0.4426238762049067, 3.7052793502807617 
0.8640295236996887, 0.4165557492811127, 3.3325583934783936 
0.8429246915004036, 0.42141900216457207, 3.543945074081421 
0.8604543881905201, 0.4079677895236675, 3.5343732833862305 
0.8726790450928382, 0.37351330736016664, 12.74823260307312 
0.8643755045554146, 0.392055844228947, 3.489168405532837 
0.8328912466843501, 0.43923074162295433, 3.498758316040039 
0.8663937262138162, 0.38253498864968916, 3.4878780841827393 
0.8735439972321531, 0.38963935246815073, 3.5026814937591553 
0.892342290393265, 0.3469120362955714, 3.5069057941436768 
0.8883058470764618, 0.3654582923841384, 3.4812467098236084 
0.8718717564294776, 0.3918457817810303, 3.5219898223876953 
0.8947641563833468, 0.3359348691307752, 3.6675009727478027 
0.8494406642832429, 0.4263490592136539, 3.3960657119750977 
0.8754468919386461, 0.3929635366462366, 3.4706084728240967 
0.8725060546649752, 0.36747447673441036, 3.570622682571411 
0.8812132395340792, 0.3490729509672731, 3.5335495471954346 
0.8673163418290855, 0.3952337505127898, 3.4650893211364746 
0.8744666128474224, 0.35556711847273376, 3.5772156715393066 
0.8981663014646523, 0.31874126109756185, 3.456570863723755 
0.8871525775573752, 0.3515373228799672, 3.4366393089294434 
0.9028947064929074, 0.3123538255081501, 3.468885660171509 
0.9013954561180948, 0.31091737317387375, 3.618375062942505 
0.9003575135509169, 0.3110566370821876, 3.500222682952881 
0.8774074501210933, 0.35843559709171713, 3.5777533054351807 
0.9001845231230539, 0.31649773202527337, 3.3152520656585693 
0.9095260062276554, 0.295021440873494, 3.4356045722961426 
0.8853073463268366, 0.3477492315884238, 3.5544114112854004 
0.9064698420020759, 0.3016959832391102, 3.43491530418396 
0.9077384384730711, 0.28387565782772906, 3.4374537467956543 
0.9139084304001845, 0.27634957941021426, 3.5340511798858643 
0.9022027447814555, 0.29876675874986847, 3.5937159061431885 
0.8963210702341137, 0.31720207377357995, 3.4667913913726807 
0.8721600738092492, 0.3515957340801811, 3.5931286811828613 
0.8898627609272287, 0.31646781806769275, 3.6036407947540283 
0.8959174259024334, 0.301508970932787, 3.438354969024658 
0.9197901049475262, 0.2673130172008389, 3.5165457725524902 
0.9079114289009341, 0.28043434408299045, 3.4898862838745117 
0.8843847307115673, 0.32570207735353796, 3.4936089515686035 
0.9002998500749625, 0.2979940253910706, 3.571913480758667 
0.9256141160189136, 0.24460026655537828, 3.5815634727478027 
0.9165032868181294, 0.26865549599550115, 3.5171446800231934 
0.911025256602468, 0.2714658756958557, 3.6765246391296387 
0.8937262138161688, 0.3105787248375329, 3.504438638687134 
0.8803482873947641, 0.32980892930584893, 3.468547821044922 
0.9135624495444585, 0.26752400093837825, 3.5390942096710205 
0.9018567639257294, 0.2864164308633841, 3.4649765491485596 
0.9075077845692539, 0.27334787667903176, 3.5904974937438965 
0.9146003921116365, 0.25623390268508733, 3.648493528366089 
0.910679275746742, 0.2705803292577623, 3.4514780044555664 
0.8968977049936571, 0.29346256612138566, 3.6407485008239746 
0.9192134701879829, 0.24518805214202266, 3.5745768547058105 
0.905085918579172, 0.27095495513742107, 3.4035277366638184 
0.8962634067581594, 0.2926691948109568, 3.4218101501464844 
0.9094683427517011, 0.2665562380575554, 12.882663488388062 
0.10310229500634298, 2.301047540396429, 3.5996952056884766 
0.1089839695536847, 2.331958588973996, 13.161829471588135 
0.09848921692999654, 2.3829837510450553, 3.632758617401123 
0.1042555645254296, 2.345206713435626, 3.4513802528381348 
0.20014992503748125, 2.5011107103136405, 3.3994033336639404 
0.17558528428093645, 2.1619588884741368, 3.661977529525757 
0.2568907853765425, 2.152238245471652, 3.509246587753296 
0.31426594395110136, 1.9684532523479403, 3.4599883556365967 
0.43651251297428206, 1.7566423498979815, 3.5679733753204346 
0.4633836927690001, 1.672610637498115, 3.507890462875366 
0.532983508245877, 1.5464723518707304, 3.581616163253784 
0.5318879022027447, 1.433191134425773, 3.5703248977661133 
0.5467650789989621, 1.311032931655414, 3.395639181137085 
0.6765655633721601, 1.1152662916142253, 3.508617401123047 
0.6535578364663822, 1.0738759699198703, 3.557281494140625 
0.6265136662438012, 1.0987950809703013, 3.6156692504882812 
0.649867374005305, 1.034509772990585, 3.6284170150756836 
0.7432822050513205, 0.8866066689470605, 3.5551154613494873 
0.7922384961365471, 0.7741818304528955, 3.5027520656585693 
0.6889055472263869, 0.8427498400118708, 3.6184334754943848 
0.75193172644447, 0.7351599109157191, 3.5325379371643066 
0.7178526121554607, 0.8125224959493486, 3.4967386722564697 
0.6700495905893207, 0.9538136775223299, 3.412759780883789 
0.7555645254295928, 0.694876694332131, 3.553314208984375 
0.7814554261330873, 0.6621184555617202, 3.6160833835601807 
0.8008303540537424, 0.6190527941808741, 3.4538004398345947 
0.8139199630953754, 0.6225788258222347, 3.5517382621765137 
0.7710183369853535, 0.6309427015165702, 3.5778281688690186 
0.8180140698881329, 0.5742382727908557, 3.426469087600708 
0.8200899550224887, 0.5534395741366817, 3.60683012008667 
0.8083842694037596, 0.5935944257748749, 3.623706817626953 
0.8167454734171375, 0.5784980571233047, 3.492046356201172 
0.8367546995732903, 0.515098823910498, 3.7158281803131104 
0.8054434321300888, 0.5407633461536103, 3.5475096702575684 
0.7409756660131472, 0.6883676665238849, 3.578047275543213 
0.8072309998846731, 0.5361139921250043, 3.417924165725708 
0.7563141506169992, 0.6337399705601787, 3.3832015991210938 
0.8027332487602352, 0.5597172496117081, 3.5465028285980225 
0.8257409756660131, 0.4895530244385825, 3.4764370918273926 
0.7965055933571675, 0.5878437982661641, 3.370759963989258 
0.8047514704186368, 0.545379816770131, 3.6242661476135254 
0.8006573636258794, 0.5536424552833824, 3.6138486862182617 
0.8109791258217045, 0.5055081306208828, 3.5361709594726562 
0.8451159035866682, 0.45169553402679224, 3.545105218887329 
0.8165724829892745, 0.5074576260394467, 3.5259549617767334 
0.8416560950294084, 0.4633364173815793, 3.454136610031128 
0.8552646753546304, 0.43371583801396074, 3.6386096477508545 
0.8507092607542383, 0.42467780792171195, 3.502821207046509 
0.8593011186714336, 0.41712176312575594, 3.589148759841919 
0.815419213470188, 0.4910176569330358, 3.604717493057251 
0.8128243570522431, 0.4860707925466702, 12.851789474487305 
0.8858263176104255, 0.3798298837170012, 3.5447967052459717 
0.8651251297428209, 0.390537215924837, 3.343932628631592 
0.8894014531195941, 0.35665954981046627, 3.47751784324646 
0.8942451850997578, 0.34164915154774894, 3.446856737136841 
0.8459808557259831, 0.4201999684347896, 3.541511058807373 
0.8650098027909122, 0.4035010762100798, 3.444624185562134 
0.8701418521508476, 0.3945008768789523, 3.394975423812866 
0.8064813746972668, 0.5147269013069683, 3.417738914489746 
0.8857109906585169, 0.3576549123897125, 3.512711524963379 
0.8718717564294776, 0.378093004761589, 3.5524373054504395 
0.8712951216699343, 0.3744456403927296, 3.4469690322875977 
0.8514588859416445, 0.406497210697801, 3.4212138652801514 
0.8737746511359705, 0.3898208687738092, 3.3976669311523438 
0.8721024103332949, 0.3717141327678487, 3.63517165184021 
0.8992619075077846, 0.3139921543524885, 3.5364155769348145 
0.8791373543997232, 0.3655354248760695, 3.53566837310791 
0.8592434551954792, 0.3912360520445721, 3.45371150970459 
0.903701995156268, 0.3064026940699374, 3.5704123973846436 
0.8909007034944066, 0.33030054294267236, 3.3804380893707275 
0.8881328566485988, 0.3357850397864319, 3.470261812210083 
0.8935532233883059, 0.3318217733082126, 3.429999828338623 
0.864952139314958, 0.3929940922190392, 3.5743257999420166 
0.9099873140352901, 0.2801745788026174, 3.5099620819091797 
0.8994348979356476, 0.31020783059872115, 3.532628297805786 
0.9050282551032176, 0.300479263691067, 3.428318738937378 
0.877349786645139, 0.3543978357436942, 3.464261531829834 
0.8714104486218429, 0.3728741650012714, 3.4827232360839844 
0.8870949140814208, 0.3362534540180202, 3.6527037620544434 
0.8582055126283012, 0.3788399094521327, 3.34861159324646 
0.8639718602237343, 0.3670322977377707, 3.5186843872070312 
0.8326029293045785, 0.44187305026109946, 3.486414670944214 
0.8862876254180602, 0.3193108748442469, 3.430962324142456 
0.8599930803828855, 0.3697478855033271, 3.5572521686553955 
0.8908430400184523, 0.3150315310307359, 3.435622453689575 
0.8880751931726445, 0.31345072521002443, 3.590531587600708 
0.884500057663476, 0.3311850130170641, 3.5837197303771973 
0.8825971629569831, 0.3300503724632407, 3.4690897464752197 
0.888882481836005, 0.30896871250929464, 3.5779507160186768 
0.8796563256833122, 0.33269354774249504, 3.592102289199829 
0.9129281513089609, 0.26949986258316616, 3.538818836212158 
0.9077961019490255, 0.2728731600668917, 3.4511404037475586 
0.9069311498097106, 0.27947319114134855, 3.534517288208008 
0.9211163648944758, 0.24405859583522402, 3.464527130126953 
0.9107369392226964, 0.2671881947075986, 3.472177505493164 
0.9069888132856648, 0.2807796830381972, 3.5220859050750732 
0.8920539730134932, 0.3011989117430964, 3.5377354621887207 
0.9218083266059278, 0.2387871535677597, 3.463876485824585 
0.890785376542498, 0.30631019858660236, 3.600283622741699 
0.9080844193287971, 0.27582172780992525, 3.4894368648529053 
0.9173682389574443, 0.2496681924190017, 13.109347105026245 
0.14819513320262945, 2.3028603330451385, 3.4054510593414307 
0.09848921692999654, 2.3413075261460596, 13.040966272354126 
0.09952715949717449, 2.3368001440836648, 3.612907886505127 
0.09848921692999654, 2.584460998968552, 3.621558904647827 
0.2066658978203206, 2.3546046545640755, 3.5290133953094482 
0.1042555645254296, 2.5394909681163282, 3.4924216270446777 
0.22142774766462922, 2.3202972939497015, 3.5877952575683594 
0.3075193172644447, 2.12285574958041, 3.6677234172821045 
0.30538576865413447, 2.1472552683734114, 3.5009994506835938 
0.343155345404221, 1.972346222073002, 3.4772496223449707 
0.3530157997924115, 1.8847573819659251, 3.531583786010742 
0.5960096874639603, 1.5430094114480875, 3.522901773452759 
0.3811555760581248, 1.742070749040227, 3.473952293395996 
0.48293161111751814, 1.4890403115851247, 3.4411935806274414 
0.575020182216584, 1.318983077690318, 3.614022970199585 
0.5440548956291085, 1.3851782554542036, 3.573662281036377 
0.553050397877984, 1.4016266464260816, 3.458148717880249 
0.5433052704417022, 1.3244905798017932, 3.4666404724121094 
0.6082920078422327, 1.2353168740686211, 3.4940438270568848 
0.6811786414485065, 1.0106012004195324, 3.611114501953125 
0.5845346557490485, 1.0647112851674438, 3.622030735015869 
0.7176219582516434, 0.942968748519653, 3.513115167617798 
0.6433514012224657, 0.96595605630348, 3.5237605571746826 
0.610079575596817, 1.0125137557331314, 3.43280291557312 
0.7103563602813978, 0.8265399018551491, 3.3707334995269775 
0.6697036097335948, 0.9745654693888623, 3.526594638824463 
0.7385538000230654, 0.8405363209840133, 3.4657554626464844 
0.7289239995386922, 0.7562469954305004, 3.4139320850372314 
0.7489908891707993, 0.779157716320667, 3.4633700847625732 
0.7997924114865644, 0.6222591296691525, 3.420663595199585 
0.7745358090185677, 0.6682997954992698, 3.470362424850464 
0.7491638795986622, 0.7080204084333939, 3.6304943561553955 
0.7773036558643756, 0.627947670305922, 3.491150379180908 
0.7835889747433975, 0.6498016000773451, 3.6122875213623047 
0.7583323722754007, 0.7122332980565397, 3.685167074203491 
0.7872794372044747, 0.6182497374864662, 3.4202182292938232 
0.8556106562103564, 0.49554747233450236, 3.5031232833862305 
0.8037711913274133, 0.5625954668459836, 3.422898769378662 
0.7957559681697612, 0.5982061326018916, 3.5337772369384766 
0.8139199630953754, 0.5260279427235295, 3.500096559524536 
0.7579863914196748, 0.6528777110405019, 3.645137310028076 
0.7849728981663014, 0.5667406786584152, 3.3826584815979004 
0.7918925152808212, 0.5645901676829652, 3.4025511741638184 
0.7895283127666936, 0.6604702911314735, 3.5342793464660645 
0.8008880175296967, 0.55172562175121, 3.4975030422210693 
0.8070003459808557, 0.5020141123358751, 3.584496259689331 
0.780532810517818, 0.5768255093417158, 3.4386041164398193 
0.802675585284281, 0.5109648210470142, 3.5248491764068604 
0.8162841656095029, 0.5291170573840569, 3.421060562133789 
0.8579171952485296, 0.44089060977491007, 3.604057550430298 
0.8662207357859532, 0.42777222323687475, 13.07714581489563 
0.8734863337561988, 0.4049150524484558, 3.5198445320129395 
0.8406181524622304, 0.46182677258662125, 3.431009292602539 
0.8066543651251298, 0.5235519666710822, 3.601552963256836 
0.8379656325683312, 0.4282759686753048, 3.5492825508117676 
0.8380232960442856, 0.4510832039161798, 3.5045158863067627 
0.8860569715142429, 0.3807012720296569, 3.5280253887176514 
0.8761965171260524, 0.3812175150291318, 3.5112483501434326 
0.836005074385884, 0.4372611056961081, 3.433537006378174 
0.8341598431553454, 0.4392387502337933, 3.5434272289276123 
0.8270672356129628, 0.45482925437474925, 3.5737361907958984 
0.8529581363164571, 0.39995753115636246, 3.626962423324585 
0.8824818360050743, 0.3445504994031039, 3.5126285552978516 
0.8538230884557722, 0.391257071975543, 3.5620899200439453 
0.8239534079114289, 0.45278061565780425, 3.620215654373169 
0.870545496482528, 0.3584745523770645, 3.4964754581451416 
0.8477107600046131, 0.4007680832968103, 3.531536102294922 
0.8817898742936224, 0.3427757475160472, 3.546114444732666 
0.8992619075077846, 0.32135893325989384, 3.6317801475524902 
0.8896897704993657, 0.33811657208871176, 3.483630657196045 
0.875619882366509, 0.3627420441496748, 3.463198661804199 
0.8833467881443894, 0.34825838557443156, 3.482959747314453 
0.8903240687348634, 0.3275590321648719, 3.708773612976074 
0.8715834390497059, 0.3644760572227592, 3.514143466949463 
0.8659324184061815, 0.35653578673144576, 3.528427839279175 
0.8748702571791027, 0.3547429702409417, 3.4716203212738037 
0.8770614692653673, 0.35145289598298046, 3.468559741973877 
0.8793680083035406, 0.3469409000260074, 3.490992307662964 
0.8567639257294429, 0.4044355044862608, 3.6200695037841797 
0.9016837734978664, 0.3035367371882772, 3.4152989387512207 
0.8984546188444239, 0.30369813849730887, 3.407214641571045 
0.8255103217621959, 0.4576323874677472, 3.480212450027466 
0.8618959750893784, 0.3674549198531323, 3.669844150543213 
0.890439395686772, 0.31452033660843953, 3.5989601612091064 
0.8804059508707185, 0.34294941575825794, 3.4659945964813232 
0.8638565332718257, 0.3503679478509222, 3.6071527004241943 
0.8930342521047169, 0.3114625043354441, 3.56820011138916 
0.881559220389805, 0.32669944956030506, 3.504124164581299 
0.8690462461077154, 0.3398800817148748, 3.4361469745635986 
0.8744089493714681, 0.34775467807134064, 3.4955551624298096 
0.9228462691731057, 0.247381412870632, 3.475935220718384 
0.8952831276669357, 0.29255359994666635, 3.5008435249328613 
0.9091800253719294, 0.2806520935519046, 3.552778720855713 
0.9030676969207704, 0.2894204761142669, 3.524834632873535 
0.8913043478260869, 0.31700894913806477, 3.476752519607544 
0.9151770268711797, 0.2580664469884917, 3.3927125930786133 
0.8947641563833468, 0.30808339139303403, 3.472585678100586 
0.9212316918463845, 0.2507297165636042, 3.474820137023926 
0.9158689885826318, 0.2642676453800911, 3.4357151985168457 
0.8962634067581594, 0.30081463599131014, 3.519280433654785 
0.8725060546649752, 0.33872232780295314, 12.926518201828003 
