acc, loss, temp
0.05766347595433053, 2.3132099573614067 
0.2783415984315534, 1.811196370397748 
0.4034713412524507, 1.539829601451352 
0.5106100795755968, 1.2889705474039375 
0.5972206204590013, 1.0741711953493107 
0.6504440087648483, 0.9350815274740781 
0.6589782032060892, 0.9007145378837079 
0.7010725406527506, 0.7920618512626536 
0.7619651712605235, 0.6586771629019549 
0.8022719409526006, 0.5661921319840882 
0.8083266059278054, 0.5414137953165987 
0.8202052819743975, 0.5114289334488683 
0.823088455772114, 0.498075883476997 
0.8301233998385422, 0.47384736011653555 
0.8394648829431438, 0.45221278858550745 
0.8429246915004036, 0.44205262951964197 
0.8443086149233076, 0.4341361518800848 
0.11232845115903586, 2.3024980497851146 
0.3027332487602353, 1.8170404535712925 
0.44400876484834506, 1.4561320739892682 
0.5392688271248991, 1.2200143928018166 
0.5878791373543997, 1.0911193123240177 
0.6694729558297774, 0.8725338245111847 
0.7131242071272056, 0.7810307230578991 
0.766924230192596, 0.649207433485727 
0.7816284165609503, 0.6015185815181003 
0.8004843731980164, 0.5628501699572652 
0.8093645484949833, 0.5398322742868077 
0.8193403298350824, 0.5067287509239287 
0.823261446199977, 0.49152011289663916 
0.8244723791950179, 0.4826661725694777 
0.834102179679391, 0.4543609395270518 
0.23924576173451736, 2.3376821856641823 
0.39464882943143814, 1.8832823364815776 
0.554434321300888, 1.3694706590408243 
0.6612847422442625, 1.0379618284211878 
0.7104716872333064, 0.8695484457941118 
0.7636950755391535, 0.7146568951030102 
0.788029062391881, 0.635142977929298 
0.8101141736823896, 0.5764969594441902 
0.843328335832084, 0.48579017185245055 
0.8467304809133894, 0.46561909713849137 
0.8486333756198824, 0.4552309099605956 
0.8534771076000461, 0.439993390780468 
0.8561872909698997, 0.42162461192202044 
0.8603967247145657, 0.4129203295113175 
0.46194210587014184, 1.8574785544206305 
0.5649867374005305, 1.497670194396978 
0.6667051089839695, 1.1280066994770623 
0.74806827355553, 0.8158246968918548 
0.8047514704186368, 0.6022998747922467 
0.8138046361434668, 0.5765083215926572 
0.8366970360973359, 0.4970850717903209 
0.8505362703263752, 0.44620608927237126 
0.8993772344596932, 0.3225236546929113 
0.9065275054780302, 0.30545788821530634 
0.9145427286356822, 0.2734784185206361 
0.9200207588513436, 0.24878491677030068 
0.9269980394418176, 0.22575039366163746 
0.9274593472494522, 0.22403885274217197 
0.3983969553684696, 2.0177517388390105 
0.5587014185215085, 1.4725909441895664 
0.6905777880290624, 1.0065102605655556 
0.7701533848460386, 0.7635916865654038 
0.8069426825049014, 0.6297798252562078 
0.8294314381270903, 0.5602926343056989 
0.8538230884557722, 0.4806351178171079 
0.8744089493714681, 0.4118509049751935 
0.8801176334909468, 0.3897948505288414 
0.9070464767616192, 0.29560438619392876 
0.9139660938761388, 0.2718947406325922 
0.924979817783416, 0.2387806907465881 
0.9284972898166302, 0.2205239945537187 
0.9377811094452774, 0.1962779707886096 
0.9380117633490946, 0.19465126842800334 
0.9389920424403183, 0.18901409530918226 
0.9403759658632223, 0.18186937798953925 
0.513781570753085, 1.5093546156865916 
0.6436973820781917, 1.0843229123585394 
0.7002652519893899, 0.9186474644224207 
0.7390151078307, 0.7986697662359299 
0.7822627147964479, 0.6613337044211289 
0.8297774189828163, 0.505414612516599 
0.8751009110829201, 0.3678863922990681 
0.8936685503402145, 0.3159901148156835 
0.8975320032291546, 0.29968032772696374 
0.903356014300542, 0.2846157362280198 
0.9062968515742129, 0.2723286092061255 
0.9257871064467766, 0.2104405947355228 
0.9333986852727483, 0.18953792726249133 
0.9476415638334679, 0.1440656022861919 
0.9560027678468458, 0.12225514721020289 
0.9565794026063891, 0.11968500385688796 
0.9569253834621151, 0.11680200174988183 
0.9594049129281513, 0.10422914241717957 
0.9609618267789183, 0.10266836553227 
0.6291661861377004, 1.069004454659754 
0.7230999884673048, 0.8032824723891793 
0.7947756890785377, 0.590608271880055 
0.8390035751355092, 0.44969818955490054 
0.8566485987775343, 0.3945593886158885 
0.11273209549071618, 2.301855060002002 
0.2519317264444701, 1.9584405998313668 
0.44591165955483797, 1.420831423334366 
0.5704071041402375, 1.1123858070451562 
0.6229385307346327, 0.9763332861356698 
0.671664167916042, 0.8833619515098944 
0.7083381386229962, 0.811251984028328 
0.7593126513666244, 0.6903563395450034 
0.7762657132971975, 0.6400571834798601 
0.7847422442624842, 0.6218568650536188 
0.8057317495098605, 0.5731057962424354 
0.8299504094106793, 0.5226338982886857 
0.8310460154538115, 0.5098602772340827 
0.8360627378618383, 0.4968484544910947 
0.8462691731057548, 0.47320698435609754 
0.8515165494175989, 0.4590408011331939 
0.8648368123630492, 0.4290693349098911 
0.8689309191558067, 0.41643068751949874 
0.8711797947180256, 0.4065025903616855 
0.8734863337561988, 0.39792331000422415 
0.8757352093184178, 0.3871360805599529 
0.8809825856302618, 0.3715942940976751 
0.17108753315649866, 2.1972977238379436 
0.3934955599123515, 1.6166799269615608 
0.4854688040595087, 1.3345198166332237 
0.5878791373543997, 1.1119892251204766 
0.6563256833121901, 0.9529769615507336 
0.7375735209318418, 0.7421096910206181 
0.7801291661861377, 0.6412195269648379 
0.7879137354399723, 0.6166670598445798 
0.8330065736362587, 0.49857307625515956 
0.8391189020874178, 0.4802155976185567 
0.8440202975435359, 0.46675704615375435 
0.850651597278284, 0.43740675627033093 
0.8546303771191327, 0.4295137219761748 
0.857801868296621, 0.4195502552141686 
0.3454618844423942, 1.9965227035097866 
0.5091684926767386, 1.5182763048441765 
0.6089263060777304, 1.1684674346754529 
0.6789297658862876, 0.9616003212790105 
0.7199284972898167, 0.8574387590624716 
0.7319801637642717, 0.7943136318452504 
0.7375158574558874, 0.7758365137958138 
0.8092492215430747, 0.5586208544781568 
0.8163418290854573, 0.5364895537091534 
0.8476530965286587, 0.45382348232232606 
0.8578595317725752, 0.42304732580421534 
0.8672010148771768, 0.3927119424663334 
0.8715257755737515, 0.3799113746295667 
0.883289124668435, 0.351347962622112 
0.884500057663476, 0.346304122640764 
0.896551724137931, 0.3188428257160536 
0.8992042440318302, 0.3081163378900809 
0.9261907507784569, 0.2215948842146589 
0.9268250490139546, 0.21483218454280903 
0.9347826086956522, 0.18737660122177685 
0.9384730711567293, 0.17919638369790872 
0.939799331103679, 0.1750511951827974 
0.9400876484834506, 0.17152850738986308 
0.45461884442394185, 1.9405221704830702 
0.5363279898512282, 1.6461650922721551 
0.6597278283934955, 1.1959284662348362 
0.7202744781455426, 0.9770846884464551 
0.7643870372506054, 0.8483868504624482 
0.7800138392342291, 0.7996457008500895 
0.8569369161573059, 0.5006982888086323 
0.8593011186714336, 0.492643490548155 
0.8685272748241264, 0.45505789235915095 
0.8820205281974397, 0.4156396731277618 
0.8834044516203436, 0.40925813763560365 
0.8864606158459232, 0.39895645758963605 
0.8911890208741783, 0.38782105513040105 
0.9015684465459578, 0.34285591260550663 
0.9022027447814555, 0.33989697309394584 
0.9027793795409987, 0.3370701023874859 
0.9052012455310806, 0.32969044099091693 
0.9061815246223043, 0.3243337174303142 
0.9073924576173452, 0.3206316622864406 
0.5642947756890785, 1.4824068485922017 
0.6615153961480799, 1.1739831220865733 
0.7628877868757928, 0.8004413144187693 
0.793622419559451, 0.706436075752177 
0.82902779379541, 0.5844866129489888 
0.8480567408603391, 0.5152619297461482 
0.8573982239649406, 0.4814273458040749 
0.876311844077961, 0.415511940801955 
0.8866912697497406, 0.3760524797912016 
0.8926306077730366, 0.35427209838434676 
0.9077384384730711, 0.29830333146956906 
0.9099296505593357, 0.2907371123527391 
0.9139660938761388, 0.27225247061213376 
0.923768884788375, 0.24460287132179206 
0.9252104716872334, 0.2394025010138146 
0.9264790681582286, 0.2353422289965377 
0.5652173913043478, 1.4015558738872573 
0.7111059854688041, 0.9248730270587314 
0.7613885365009803, 0.7646855186966361 
0.7743628185907047, 0.7266182425026212 
0.8581478491523469, 0.4680887475659425 
0.8787913735439973, 0.40309042366160763 
0.8885941644562334, 0.37665440153599133 
0.060834967131818705, 2.312057587789211 
0.2370545496482528, 1.9011427154864486 
0.3821358551493484, 1.5826537380564039 
0.5080152231576519, 1.2823229240982723 
0.6040825740975666, 1.0483548054488798 
0.6867143351401223, 0.8399255645625375 
0.7156614000691962, 0.7816020086805301 
0.74460846499827, 0.7015144254959991 
0.7616768538807519, 0.6536571278963882 
0.7690577788029063, 0.6423059248145837 
0.794487371698766, 0.5839347634742311 
0.8017529696690117, 0.5664202866543203 
0.8073463268365817, 0.552875591573024 
0.8274708799446431, 0.5006357661102362 
0.8332948910160305, 0.48337519919805516 
0.8376773151885596, 0.46850424631958865 
0.8396955368469612, 0.4607769487313555 
0.842636374120632, 0.44840105736690405 
0.8549186944989043, 0.4236505156204163 
0.8693922269634413, 0.39177943956629313 
0.8706608234344366, 0.3828357342069149 
0.8718717564294776, 0.3740889188236471 
0.8745819397993311, 0.3653232385028964 
0.877695767500865, 0.35733386060909106 
0.8779840848806366, 0.3502561403669335 
0.18400415177026871, 2.2531595487602014 
0.3786760465920886, 1.7168320374760166 
0.5068619536385653, 1.383998193720885 
0.5690231807173336, 1.205027894363043 
0.6673394072194672, 0.9716043189743179 
0.7078191673394072, 0.8703852042414993 
0.7666359128128244, 0.6900485982007314 
0.7721716065044401, 0.6747103303608594 
0.7916041979010495, 0.6283221215411207 
0.795179333410218, 0.6148566538553539 
0.8063083842694038, 0.575135718536941 
0.815765194325914, 0.526361792286228 
0.8216468688732557, 0.5153552086018517 
0.8300080728866336, 0.49931197713295705 
0.8332948910160305, 0.4894859667957888 
0.8444816053511706, 0.4572169230704196 
0.8509975781340099, 0.43618431463720825 
0.8595317725752508, 0.41816086732720936 
0.8607427055702918, 0.4141492592165379 
0.8628185907046477, 0.41013538770962155 
0.8662207357859532, 0.39829582033267563 
0.4253834621150963, 1.951189476200658 
0.5458424633836928, 1.5378390051655706 
0.6240918002537192, 1.2748743263014921 
0.6913274132164687, 1.0440614282425544 
0.7630031138277016, 0.790653472353942 
0.8185907046476761, 0.631481241308074 
0.8598777534309768, 0.48639193282776605 
0.8727367085687925, 0.4179629362571582 
0.8953407911428901, 0.3452840226656328 
0.8978203206089264, 0.33377750882915624 
0.9013954561180948, 0.32059687651771807 
0.9092953523238381, 0.2955649062766272 
0.9236535578364664, 0.24751843386840272 
0.9287856071964018, 0.22706370450568072 
0.9284396263406758, 0.2244222455366087 
0.9282666359128128, 0.2210395657827456 
0.9290739245761734, 0.21736456638113014 
0.932476069657479, 0.20339673726774443 
0.6287625418060201, 1.4137582540766807 
0.7433975320032291, 1.02747333583661 
0.7698074039903126, 0.9034045932960745 
0.8155345404220966, 0.6984893665371527 
0.8462691731057548, 0.5691156902389166 
0.8640871871756429, 0.48862932988290414 
0.8862299619421059, 0.4294623414550019 
0.8911890208741783, 0.4125271798989503 
0.892169299965402, 0.4018481242429292 
0.8938415407680775, 0.3891346020441159 
0.8935532233883059, 0.3882005675566571 
0.9029523699688617, 0.364017827908526 
0.5569715142428786, 1.5303852479317295 
0.6966324530042671, 1.0203628119212655 
0.7593126513666244, 0.8169388590366269 
0.7994464306308384, 0.6960984165798337 
0.8180717333640872, 0.6349923046215638 
0.8479414139084304, 0.5308720809341281 
0.8650674662668666, 0.4780040341983109 
0.8797139891592666, 0.424653318618663 
0.889920424403183, 0.3900834741769955 
0.9007034944066429, 0.3468508700445289 
0.9018567639257294, 0.34134291276832557 
0.9022604082574097, 0.3370562452030711 
0.9028947064929074, 0.3320029508190795 
0.9038173221081767, 0.3283240130563423 
0.9044516203436743, 0.3267892112050155 
0.6178064813746973, 1.1158043150605508 
0.6817552762080499, 0.9242254223666209 
0.759427978318533, 0.7002384480519802 
0.8324299388767155, 0.4949126914367282 
0.8357167570061124, 0.47444125910220486 
0.8549763579748587, 0.4113826485509171 
0.8658747549302271, 0.37863112958164014 
0.8789643639718602, 0.3377426368249337 
0.8811555760581248, 0.3325094601460199 
0.8883058470764618, 0.3126308826887611 
0.082343443662784, 2.30511341816525 
0.22644447007265597, 1.9624052424187879 
0.38830584707646176, 1.5716069972053208 
0.47929881213239534, 1.356171086872964 
0.5870718486910391, 1.100154069095961 
0.6749509860454388, 0.8930444941816077 
0.7389574443547458, 0.7536327283252892 
0.795698304693807, 0.6071423714526717 
0.8036558643755045, 0.5845873447553626 
0.8100565102064352, 0.5661260988447291 
0.8218198593011187, 0.5417381410038272 
0.8247606965747896, 0.5274882840026834 
0.8378503056164226, 0.49705800499786784 
0.8398685272748241, 0.4868880131004058 
0.843155345404221, 0.47366607340628064 
0.848748702571791, 0.4597835113026247 
0.8519778572252336, 0.4502337247443583 
0.8578595317725752, 0.43503661869485244 
0.1020066889632107, 2.452402118480567 
0.29045092838196285, 1.941183885824065 
0.4926767385538, 1.412805226359465 
0.5238150155691385, 1.3184417984884422 
0.6214392803598201, 1.0617467966741627 
0.6741436973820782, 0.8927318095855853 
0.6968631069080844, 0.8284836738214743 
0.7685388075193172, 0.6784595323604206 
0.8277591973244147, 0.5335120904879757 
0.8473647791488871, 0.46661129704733195 
0.8516895398454619, 0.4580554216218944 
0.8551493484027217, 0.4419495548420296 
0.857628877868758, 0.43256018904233484 
0.8642025141275516, 0.41561411343270893 
0.8683542843962634, 0.40529466515802015 
0.356417944873717, 2.0421334365332138 
0.5134932533733133, 1.535520631049854 
0.6279552531426594, 1.1520632067848524 
0.6895398454618844, 0.9628981443154547 
0.7623688155922039, 0.7390368562921809 
0.8024449313804636, 0.6068173653993717 
0.8207242532579864, 0.5578053907023915 
0.8441932879713989, 0.48016263937585 
0.8669126974974052, 0.4100443026222484 
0.8734286702802445, 0.39117888994666566 
0.8787337100680429, 0.37769772816982716 
0.9140237573520932, 0.2702326585834263 
0.9191558067120286, 0.2523790238746171 
0.9196747779956176, 0.2445563749122419 
0.9208857109906585, 0.23904484476392235 
0.9217506631299734, 0.22779141211112666 
0.9303425210471687, 0.2072885552111283 
0.39845461884442396, 1.7815808858592193 
0.5326951908661054, 1.3554193826140195 
0.6253027332487603, 1.0673536318871428 
0.7206204590012686, 0.8083008649744516 
0.7782262714796447, 0.6256936980219217 
0.8073463268365817, 0.5489497469783602 
0.8258563026179218, 0.502765788005462 
0.8313343328335832, 0.48725987998389736 
0.8415407680774997, 0.4581802946123017 
0.8455772113943029, 0.44774784587142097 
0.8493253373313343, 0.43411051664128125 
0.863568215892054, 0.402342167346044 
0.8721024103332949, 0.37700574349399724 
0.8748125937031485, 0.36820771297247723 
0.8798293161111752, 0.35408643687315994 
0.8954561180947987, 0.3100632564508504 
0.9064121785261215, 0.2690242495945226 
0.9077961019490255, 0.26179225981055987 
0.9086033906123862, 0.2587876195683053 
0.9165609502940837, 0.2401566362160764 
0.9175412293853074, 0.23543171687654887 
0.9177142198131704, 0.23331041547722278 
0.5034598085572598, 1.4950974653645042 
0.6308960904163303, 1.090020547497323 
0.7123745819397993, 0.8290510429889146 
0.7654826432937377, 0.6984511679956069 
0.7931034482758621, 0.6289931727676756 
0.8362357282897013, 0.46280015283432124 
0.8785030561642255, 0.33763706589215364 
0.8906700495905894, 0.3092758504510629 
0.903183023872679, 0.2774846939954945 
0.9080267558528428, 0.26078371855919646 
0.9143120747318648, 0.24644552577430578 
0.9153500172990428, 0.24220346427168774 
0.9189828162841656, 0.22894591441409223 
0.9210010379425672, 0.22472766644689465 
0.6239764733018106, 1.232290930085379 
0.7429938876715488, 0.8162249034243728 
0.8078652981201707, 0.6206463832647862 
0.8217621958251643, 0.5698288390151823 
0.8260869565217391, 0.5529494111869301 
0.8504209433744666, 0.4839782753555618 
0.8913043478260869, 0.31988197627313897 
0.8953407911428901, 0.3049339757794207 
0.8968400415177027, 0.3003497493004445 
0.9032983508245878, 0.28204693276250586 
0.9219813170337908, 0.23310227508342587 
0.9241725291200553, 0.2270028045502391 
0.9275170107254065, 0.20736724924018188 
0.9271710298696806, 0.20641371133536068 
0.9305155114750318, 0.19723698129711076 
0.1006804290162611, 2.3112493133304093 
0.2221773728520355, 2.034628016870214 
0.42815130896090414, 1.5285626123399707 
0.5027101833698535, 1.3471890680400385 
0.5828624149463729, 1.116997585253919 
0.6043132280013839, 1.0614028160785862 
0.6584592319225003, 0.9398109709961178 
0.7272517587360167, 0.7527940325582143 
0.7399377234459693, 0.7220523851154519 
0.7711336639372621, 0.6525526495800328 
0.7966209203090763, 0.5748808520671423 
0.8168608003690463, 0.53015956004535 
0.8247030330988352, 0.5086436174410541 
0.828508822511821, 0.4970564458080978 
0.8334102179679391, 0.48487477129914786 
0.8358897474339754, 0.4776362681973455 
0.8386575942797831, 0.46681099428816525 
0.23751585745588744, 2.2755592438076113 
0.4308614923307577, 1.6782814512843744 
0.5360973359474109, 1.3559014708321444 
0.6334909468342752, 1.0568478991989712 
0.7034944066428325, 0.8830154225297244 
0.7362472609848921, 0.8046164709722953 
0.7467420136085803, 0.7509300979997986 
0.7631761042555645, 0.6766019540128951 
0.7767270211048322, 0.6394769200224534 
0.8156498673740054, 0.5386392703372083 
0.8225118210125706, 0.5132670519230559 
0.8237227540076115, 0.50729073644209 
0.8381962864721485, 0.4622024339440126 
0.8421750663129973, 0.45065797077922987 
0.8447122592549879, 0.4422159540392192 
0.849094683427517, 0.4288557404144221 
0.8510552416099643, 0.4241391922920228 
0.8505362703263752, 0.4210677087643745 
0.3458078652981202, 1.9706680938636227 
0.5236420251412756, 1.4807812858003826 
0.6312997347480106, 1.1530813930937038 
0.698189366855034, 0.9555652404796762 
0.7276554030676969, 0.8456245873025219 
0.767270211048322, 0.7110044342677725 
0.8013493253373314, 0.6177699371683266 
0.823261446199977, 0.5216860837769476 
0.8303540537423596, 0.5049006532479264 
0.8357744204820666, 0.48080850557140203 
0.8481144043362934, 0.43630453791045354 
0.8500749625187406, 0.4272491517354991 
0.8522085111290508, 0.40563830048938343 
0.8544573866912698, 0.4009004300723471 
0.8657017645023642, 0.37019457188662674 
0.8669126974974052, 0.36628185882226955 
0.8968977049936571, 0.28623067814654185 
0.917656556337216, 0.24228931376288534 
0.918348518048668, 0.2389276929121534 
0.9182331910967593, 0.2351470422057598 
0.9207127205627955, 0.22917802675897592 
0.9236535578364664, 0.2168628018833362 
0.9365701764502364, 0.19051403893034308 
0.9501210932995041, 0.15958407969486144 
0.9509283819628647, 0.15730850980609049 
0.9502940837273671, 0.1547361905211274 
0.9511013723907277, 0.15301961865784997 
0.9519663245300427, 0.14641184138583566 
0.9534655749048553, 0.14293120528581438 
0.4673048091338946, 1.699698549070813 
0.6324530042670973, 1.1786360205775788 
0.7338830584707646, 0.8624438101523243 
0.8025602583323723, 0.6208681128848146 
0.8390612386114635, 0.4953717209874047 
0.8542267327874524, 0.4426450787711906 
0.8622419559451043, 0.42063780364752834 
0.8751585745588744, 0.38116988597957674 
0.8931495790566255, 0.32585808861394466 
0.9116595548379657, 0.28212340855955825 
0.9293045784799908, 0.22960571436057728 
0.9330527044170223, 0.21819810151134603 
0.9342059739361088, 0.21445137135164777 
0.9351285895513781, 0.20793747922703582 
0.9390497059162727, 0.1941258753925078 
0.939799331103679, 0.1903394859951232 
0.5706954215200092, 1.1864118630380573 
0.6604774535809018, 0.9374058250269608 
0.7551608810979126, 0.6958132259316067 
0.7809941183254526, 0.6180751923522392 
0.8093645484949833, 0.5246944304890567 
0.8581478491523469, 0.3931366972869122 
0.8652404566947296, 0.3672143665692156 
0.8868642601776036, 0.3096866596967729 
0.897762657132972, 0.2804584454846438 
0.918348518048668, 0.22713039414731764 
0.9313228001383923, 0.19459425037971947 
0.9435474570407104, 0.16961958667861773 
0.9497751124437781, 0.1465045694264402 
0.9496597854918695, 0.14474090504388676 
0.9524276323376774, 0.137594177775314 
0.9533502479529467, 0.13462275410506538 
0.9538115557605813, 0.1325880016748497 
0.6312420712720562, 1.0336679080182798 
0.7510091108292007, 0.6938151214597534 
0.7897589666705109, 0.5805838774899144 
0.855552992734402, 0.41007311799914636 
0.08770614692653673, 2.3029271696738336 
0.2446084649982701, 1.952990726169261 
0.41460039211163646, 1.498595172341619 
0.5741552300772691, 1.1325201171224362 
0.6404682274247492, 0.975203211391379 
0.6626686656671664, 0.9061789728842948 
0.6974397416676277, 0.8220340543224045 
0.7357859531772575, 0.7193375217694667 
0.7484142544112559, 0.6834387427538888 
0.7821473878445393, 0.6172118767687431 
0.7967362472609849, 0.5798177967107644 
0.8046938069426826, 0.5617436776528573 
0.814900242186599, 0.5364961410119059 
0.8171491177488179, 0.5257544422902278 
0.8349671318187061, 0.48458657521692733 
0.842290393264906, 0.4715390810172261 
0.8454618844423942, 0.46178792237853933 
0.8488063660477454, 0.4530673286194249 
0.861665321185561, 0.41746599331226036 
0.8639718602237343, 0.40784527795850184 
0.8639141967477799, 0.4006715746692739 
0.868642601776035, 0.39136791239341107 
0.8745242763233768, 0.37332550776506573 
0.8778110944527736, 0.36762146226898457 
0.20516664744550803, 2.2404443484086256 
0.4252104716872333, 1.6436758044350788 
0.5638334678814438, 1.2616012735177122 
0.6671087533156499, 0.9526761393844073 
0.6983046938069427, 0.8676728303410237 
0.7439741667627725, 0.7392654686664936 
0.7725175873601661, 0.6391682262332644 
0.803021566140007, 0.5696036314036474 
0.8086725867835313, 0.5459410431210937 
0.8149579056625533, 0.5269214526773512 
0.8256833121900589, 0.49413555181919616 
0.8289701303194557, 0.47689428199739425 
0.835659093530158, 0.4580732898920972 
0.8507092607542383, 0.42614391846425526 
0.8529581363164571, 0.41803668112226566 
0.8646638219351862, 0.38421435837731194 
0.8646061584592319, 0.3783084794706824 
0.8897474339753201, 0.3042165036435915 
0.8968400415177027, 0.2855654256551132 
0.8998962057432822, 0.2800291736973356 
0.9018567639257294, 0.27429007726029303 
0.905085918579172, 0.26488707155962504 
0.9057778802906239, 0.26186229181791765 
0.5181639949256142, 1.6850936890933619 
0.58268942451851, 1.3650537001484373 
0.6635912812824357, 1.0719501118586756 
0.7277130665436512, 0.8552622730249005 
0.7897013031945566, 0.6591828067035775 
0.8172644447007266, 0.5742594842747386 
0.8700841886748933, 0.41266739128867497 
0.890785376542498, 0.3500094333002223 
0.8938992042440318, 0.3423997388925282 
0.9014531195940492, 0.3022983885792585 
0.9155230077269058, 0.26026201835233853 
0.9274016837734979, 0.22723495151405773 
0.939626340675816, 0.1909970167062021 
0.9413562449544458, 0.18529358108201457 
0.9432591396609388, 0.17824400346919583 
0.9466612847422443, 0.17130032215693003 
0.9464882943143813, 0.16811031804294502 
0.9528312766693576, 0.14997476129843937 
0.4997693460961827, 1.325395338906651 
0.6411601891362011, 0.9717310137711821 
0.69853534771076, 0.8101263159681535 
0.760638911313574, 0.6617064073427099 
0.7925844769922731, 0.5751581675193301 
0.8454618844423942, 0.43997846101481636 
0.8575712143928036, 0.4043891363583992 
0.904566947295583, 0.29319109113298697 
0.9068734863337562, 0.2847737085099333 
0.9291892515280821, 0.20947772272650073 
0.9313804636143467, 0.19827376750179987 
0.9429131588052128, 0.16704408695891088 
0.9445853996078883, 0.15902693416845784 
0.9453350247952946, 0.1523718427505329 
0.9475839003575135, 0.1442781463295672 
0.9486795064006458, 0.14143987470376884 
0.9491984776842348, 0.13953224315033153 
0.6341829085457271, 1.113710745451241 
0.7560258332372275, 0.7684161783209238 
0.8170337907969092, 0.5648185707257218 
0.8445969323030792, 0.4763037392031002 
0.870718486910391, 0.3874079525812746 
0.890785376542498, 0.32915494668268985 
0.9088917079921578, 0.27629030621936446 
0.9170799215776727, 0.2505447542473097 
0.9238265482643294, 0.22787013396093594 
0.9250374812593704, 0.2203906260581191 
0.9259024333986853, 0.21565887407113596 
0.9303425210471687, 0.20231108575729667 
0.6729327643870372, 0.9109247731759119 
0.7595433052704417, 0.6593663984020065 
0.8178987429362242, 0.5011831979109351 
0.864779148887095, 0.3694743541057717 
0.8787913735439973, 0.3324264258668677 
0.897762657132972, 0.28148087143140615 
0.9115442278860569, 0.24606631501488077 
0.09041633029639026, 2.307558506472498 
0.24489678237804174, 1.9388891036241231 
0.4166762772459924, 1.4764596881423973 
0.5533387152577557, 1.1510896841746576 
0.6321646868873255, 0.9729380057297679 
0.7037827240226041, 0.810747706629316 
0.7379771652635221, 0.7312373194782859 
0.7621958251643409, 0.674689074836094 
0.7748241263983393, 0.6420550163128587 
0.7871064467766117, 0.6043235150691296 
0.7977165263522085, 0.5693563113929674 
0.808960904163303, 0.5469018017897862 
0.8115557605812478, 0.5334332984908547 
0.8292007842232729, 0.48569960252817357 
0.841252450697728, 0.46350406550018003 
0.855552992734402, 0.4395106214776659 
0.8581478491523469, 0.4285353634710225 
0.8606850420943375, 0.4197615532281972 
0.8637412063199169, 0.40916733318430565 
0.8789643639718602, 0.36860055980633133 
0.8839810863798869, 0.35970185683748496 
0.8849037019951562, 0.35242709602559874 
0.8895167800715027, 0.3422334972638733 
0.8896321070234113, 0.33800449779511144 
0.8933225694844885, 0.3303791033032659 
0.1958828278168608, 2.219477956574743 
0.4618844423941875, 1.469310623491098 
0.5581824472379195, 1.188850540993161 
0.6456002767846846, 0.9606693879168509 
0.7216007380924923, 0.7508767868216506 
0.7523930342521047, 0.6883323315846974 
0.7794372044746858, 0.5896383968494362 
0.8001383923422903, 0.5468108693286778 
0.8106331449659786, 0.5121888259631533 
0.8238380809595203, 0.4833546870840602 
0.833929189251528, 0.4550892669317021 
0.8376773151885596, 0.44421859820434956 
0.8642025141275516, 0.3850138225970966 
0.8820781916733941, 0.3390741008406028 
0.897762657132972, 0.300543059301426 
0.9071618037135278, 0.27806503783352843 
0.9107369392226964, 0.26906434418264863 
0.9147733825394995, 0.25986705958822504 
0.919386460615846, 0.24700402911773175 
0.9203667397070695, 0.23701641637903928 
0.2893553223388306, 2.0325023078510904 
0.46494060661976705, 1.5647474585958678 
0.5437665782493368, 1.303676809641768 
0.6304924460846499, 1.031624930786176 
0.7167570061123284, 0.779603720752314 
0.7634644216353362, 0.6476346107477954 
0.7828393495559912, 0.5982568617684151 
0.8251643409064698, 0.4863795204926557 
0.8426940375965863, 0.43425040105046714 
0.8713527851458885, 0.3697908331477348 
0.8959750893783878, 0.30512914811129527 
0.9003575135509169, 0.2943033287847017 
0.9034713412524507, 0.27860867586201515 
0.9148310460154538, 0.2482620314807119 
0.9158689885826318, 0.24439877581559963 
0.9275170107254065, 0.2191227827144048 
0.9334563487487025, 0.20427449044864254 
0.9331680313689309, 0.1991518092134444 
0.9406066197670395, 0.18048846641867616 
0.9415868988582632, 0.17672510726954316 
0.9435474570407104, 0.1704708703883684 
0.5649290739245761, 1.5102618048901046 
0.719467189482182, 0.9990985551480291 
0.7906815822857802, 0.77559829920094 
0.8176104255564526, 0.6865674295491919 
0.8624149463729673, 0.5259979323054806 
0.8746972667512397, 0.48660026600512885 
0.8861146349901972, 0.42210964031528914 
0.8885365009802791, 0.392646096574853 
0.9116018913620113, 0.31788880692172444 
0.9205397301349325, 0.2884182062784234 
0.9243455195479183, 0.26886136343149863 
0.925325798639142, 0.26328253589888306 
0.9276323376773152, 0.25402983664198453 
0.9346672817437435, 0.2324099243872826 
0.5505132049359935, 1.3104839752744464 
0.6707992157767271, 0.9162202808889496 
0.7382654826432937, 0.7268354604858842 
0.7816860800369047, 0.605860145382724 
0.8346211509629801, 0.47147795124185454 
0.8723907277130666, 0.38368176091043815 
0.8840387498558413, 0.34820294015165437 
0.9147157190635451, 0.261873868428593 
0.9198477684234806, 0.24414867406655752 
0.9231345865528774, 0.2350860587575951 
0.9253834621150963, 0.22691814312400088 
0.9257871064467766, 0.22501854340768843 
0.9269980394418176, 0.21609801148322594 
0.6013147272517587, 1.082668286040874 
0.7301925960096874, 0.7214708015792914 
0.7575827470879944, 0.644981248764072 
0.8008880175296967, 0.5321057008864261 
0.8413101141736824, 0.4086336684185577 
0.8642025141275516, 0.35285113553257247 
0.8888248183600508, 0.28931229706100625 
0.9007611578825971, 0.2604284885518579 
0.12760927228693345, 2.30847010796813 
0.3339868527274824, 1.7902848247111043 
0.46032752854342057, 1.4505807752339293 
0.5463037711913274, 1.24226042363708 
0.6154422788605697, 1.078554530562785 
0.693287971398916, 0.8623793452130845 
0.7288086725867835, 0.7573754221344925 
0.7454157536616307, 0.7156826446432722 
0.7580440548956291, 0.680464249542221 
0.7730942221197094, 0.6577275375619501 
0.7924114865644101, 0.5980035306946964 
0.8124207127205628, 0.534900631120756 
0.8450005766347596, 0.46040026870695566 
0.8568792526813517, 0.4325947210430927 
0.870545496482528, 0.40532088340603023 
0.8791950178756776, 0.38053379197415543 
0.8825394994810287, 0.37001357392309175 
0.8854803367546996, 0.3567451431191608 
0.8887671548840964, 0.34116704961566513 
0.891996309537539, 0.3327136025062119 
0.09848921692999654, 2.3563471966435396 
0.33894591165955484, 1.7535042653559318 
0.48558413101141734, 1.3755993462310507 
0.6061584592319225, 1.0362446404235612 
0.6904047976011994, 0.8352613340002091 
0.7308845577211395, 0.7396627818494379 
0.7523353707761504, 0.6846512519534121 
0.7932764387037251, 0.5889383140272272 
0.8000807288663361, 0.5684417646803575 
0.8237804174835659, 0.5026699699740265 
0.8477684234805674, 0.44542411422636263 
0.8527851458885941, 0.4262903925692671 
0.8603967247145657, 0.4081584531500208 
0.877695767500865, 0.3556219315875151 
0.8834044516203436, 0.3431605313009737 
0.8879022027447815, 0.33004994922213743 
0.8924576173451736, 0.3233640285183279 
0.9011648022142775, 0.2983456090630447 
0.9022027447814555, 0.2959901109108512 
0.1775458424633837, 2.342649497502797 
0.43772344596932306, 1.5818803364300484 
0.576058124783762, 1.210447208684203 
0.7015338484603852, 0.8648154343451562 
0.7561411601891362, 0.7216612709016659 
0.8241840618152462, 0.5205575560048954 
0.8468458078652982, 0.4637980210988108 
0.8673740053050398, 0.40646526177895703 
0.8787337100680429, 0.3711383980946504 
0.892342290393265, 0.3282450795174131 
0.8956291085226618, 0.31319284020911287 
0.8982239649406066, 0.3049606616931773 
0.9019144274016838, 0.2965639746684022 
0.9103909583669704, 0.2713559788522572 
0.9166186137700381, 0.2555762878367783 
0.4068158228578019, 1.749370639337619 
0.5288894014531196, 1.3687771827238893 
0.6806020066889632, 0.9471129615878182 
0.7369968861722984, 0.7724435668705605 
0.7850882251182101, 0.6328402278674639 
0.814035290047284, 0.5382146155324037 
0.850478606850421, 0.45001581009230684 
0.8635105524160996, 0.40838688279592844 
0.8703148425787106, 0.3882673870240976 
0.8910736939222696, 0.32291331834881465 
0.8982816284165609, 0.3003981509803261 
0.8985122823203783, 0.2915400810885096 
0.9014531195940492, 0.28237739145152 
0.903356014300542, 0.2801877358039613 
0.9196747779956176, 0.24560175785659633 
0.9205973936108869, 0.24087591251670312 
0.92463383692769, 0.23234216065974075 
0.9276323376773152, 0.21620710606490184 
0.9290739245761734, 0.21383882572799756 
0.9296505593357167, 0.21160597622569505 
0.5817091454272864, 1.1733435224003586 
0.698708338138623, 0.8486698264314582 
0.7657132971975551, 0.6406672974405199 
0.8234344366278399, 0.4911542749761953 
0.8518625302733249, 0.40893965723244274 
0.8779264214046822, 0.33513094537555765 
0.9019144274016838, 0.27095554602738575 
0.9014531195940492, 0.2695643868185788 
0.9069888132856648, 0.25618183038366843 
0.9258447699227309, 0.21171667838525543 
0.9325337331334332, 0.19430973896227854 
0.9337446661284742, 0.19028150650762676 
0.9350132625994695, 0.18754893447613513 
0.94487371698766, 0.16266231329412206 
0.9446430630838427, 0.16042875290073036 
0.6497520470533964, 0.9528336688643141 
0.7175642947756891, 0.7602516285605562 
0.7986391419674778, 0.5567988138095031 
0.81438127090301, 0.5120626635378056 
0.8391765655633722, 0.4433160970939027 
0.8674316687809941, 0.3661980422413618 
0.896205743282205, 0.28724986406969255 
0.9098719870833814, 0.2560587335053833 
0.9142544112559106, 0.23998507044552753 
0.923422903932649, 0.21229962993745988 
0.9406066197670395, 0.16866580915120155 
0.9413562449544458, 0.16516626352151423 
0.09941183254526582, 2.306210621855661 
0.23284511590358667, 1.9749860022094108 
0.3687002652519894, 1.632965151352217 
0.4790104947526237, 1.2962082908676051 
0.5407104140237573, 1.1698943962521775 
0.5843040018452312, 1.0664765302339185 
0.6242647906815822, 0.9752028790817624 
0.6919617114519663, 0.8164831449707314 
0.7281167108753316, 0.7320487060208153 
0.7819743974166763, 0.6157062669452797 
0.7969092376888479, 0.5817753723951545 
0.7982931611117519, 0.5683414202878534 
0.800599700149925, 0.5579877895532577 
0.8129973474801061, 0.5256117153966235 
0.8229731288202052, 0.4990281764264967 
0.8263176104255564, 0.4877355671389549 
0.8306423711221312, 0.4788878709378088 
0.8350824587706147, 0.4610477334277384 
0.8362357282897013, 0.45381439811702873 
0.10321762195825164, 2.246410225191687 
0.34995963556683196, 1.5908625697682788 
0.4614807980625072, 1.3473241774720521 
0.556510206435244, 1.095534540495493 
0.5911082920078422, 1.01652923449608 
0.6333179564064122, 0.9100732581862542 
0.6840041517702687, 0.796583101144871 
0.72050513204936, 0.7177169443962691 
0.739707069542152, 0.6710287993402614 
0.773555529927344, 0.5885105544381619 
0.7832429938876716, 0.5631040798254606 
0.8087302502594856, 0.507914282457494 
0.8498443086149233, 0.41779283568919223 
0.8535924345519548, 0.4075832284664462 
0.8588974743397532, 0.394960065167606 
0.8697382078191673, 0.3707612444084118 
0.8768308153615499, 0.35194098885974096 
0.8810979125821704, 0.3404696624664285 
0.8859416445623343, 0.3263555489767045 
0.8889978087879138, 0.31853259684253715 
0.8942451850997578, 0.30311176306255394 
0.3847883750432476, 2.04813676249314 
0.5311382770153384, 1.552785101830831 
0.6059854688040595, 1.3133857985302264 
0.7350363279898512, 0.8948297988271375 
0.7618498443086149, 0.7961957175605343 
0.8003113827701533, 0.6535337486030502 
0.8123630492446084, 0.604239120871461 
0.8692192365355783, 0.39317118347275426 
0.8840964133317957, 0.356339848715884 
0.8877868757928727, 0.3414061105900764 
0.8898627609272287, 0.3274730458658517 
0.9122938530734632, 0.2730898813959444 
0.9260177603505939, 0.23471102782196557 
0.9281513089609041, 0.22672313301007657 
0.9308038288548034, 0.2169324110324753 
0.9341483104601546, 0.2118401110412955 
0.9396840041517702, 0.2003593346468748 
0.9416445623342176, 0.19384045520326249 
0.3593011186714335, 1.8012640860160376 
0.5107830700034598, 1.343980465721003 
0.6111751816399492, 1.091192181455254 
0.6445623342175066, 0.980505854270774 
0.7255218544573867, 0.7328759659950719 
0.7707300196055819, 0.6169374369323845 
0.8146695882827817, 0.5093957609533164 
0.8311036789297659, 0.4636108669365425 
0.8456925383462115, 0.42498381361475307 
0.8633375619882366, 0.37752465906066307 
0.8738899780878792, 0.35133925617602985 
0.8819052012455311, 0.32612334775350044 
0.9007034944066429, 0.27789359854697265 
0.9026640525890901, 0.27388167574864125 
0.9036443316803137, 0.2706892751857199 
0.9036443316803137, 0.2686434855350573 
0.9102179679391074, 0.24979524893503757 
0.9179448737169876, 0.23192587073045173 
0.5475147041863684, 1.2680765317952682 
0.6593241840618153, 0.9530212661367965 
0.7303079229615961, 0.7550955975419675 
0.753142659439511, 0.6735648035276659 
0.7598316226502133, 0.6495171326547313 
0.8400415177026871, 0.4375573202305334 
0.8603967247145657, 0.38333292170624167 
0.8720447468573406, 0.3503464176978983 
0.8908430400184523, 0.2999413246088369 
0.9075654480452081, 0.25392418990230237 
0.910852266174605, 0.2413366858627688 
0.912409180025372, 0.23734900503345427 
0.9219813170337908, 0.20929018043894013 
0.9230769230769231, 0.20024851193924936 
0.9260177603505939, 0.1934330245501963 
0.6888478837504325, 0.9455679390151068 
0.7635220851112905, 0.7333091330782812 
0.8324876023526698, 0.496667050254791 
0.8575712143928036, 0.4147782364078891 
0.8608003690462461, 0.40261498404559937 
0.8659900818821359, 0.3835510277034193 
0.924806827355553, 0.23910054069006195 
0.9325913966093876, 0.21577648400248148 
0.9361665321185562, 0.20018814914382393 
0.938069426825049, 0.19142201592820055 
0.09301118671433514, 2.302027880636036 
0.23111521162495674, 1.936522912928806 
0.3859993080382885, 1.5656843532715023 
0.47976011994003, 1.3114949895943973 
0.5419213470187982, 1.1720391740016634 
0.642371122131242, 0.9393920586878282 
0.6564410102640987, 0.8832558821581323 
0.7265021335486103, 0.7290340003739385 
0.7585630261792181, 0.6688996618690629 
0.7690001153269519, 0.640994658583438 
0.7756890785376542, 0.620019670187922 
0.7858955137815707, 0.5928542422354868 
0.7930457847999077, 0.5805809283185182 
0.8100565102064352, 0.5420327882460253 
0.8324876023526698, 0.4945263925893508 
0.8377926421404682, 0.4761433218796201 
0.8391189020874178, 0.47070306899592534 
0.841425441125591, 0.45272030002996055 
0.8451735670626226, 0.4425832259360737 
0.8518625302733249, 0.42449491051722676 
0.28439626340675817, 2.185155961804364 
0.44360512051666473, 1.6613040226568192 
0.5185099757813401, 1.4138948535150242 
0.583554376657825, 1.2251689422820193 
0.6953638565332718, 0.9584038079274032 
0.751758736016607, 0.7827055404704371 
0.7765540306769692, 0.6969585852570312 
0.7887786875792873, 0.6506587992884258 
0.8463845000576635, 0.4938753043867843 
0.8544573866912698, 0.47310105650704043 
0.8723907277130666, 0.4096018529757416 
0.883808095952024, 0.3776851618886714 
0.8967823780417483, 0.34915471841673285 
0.8986276092722869, 0.33783036432964075 
0.8997808787913736, 0.3324085153129711 
0.9013954561180948, 0.32190062340646486 
0.9091223618959751, 0.30179442540835083 
0.9096413331795641, 0.29784025790985297 
0.2698650674662669, 2.0593944060577845 
0.4910044977511244, 1.449639351400299 
0.602756314150617, 1.1609790772011936 
0.6891362011302041, 0.8886511090463645 
0.746857340560489, 0.7199111567271146 
0.7782839349555991, 0.6455165874081651 
0.7930457847999077, 0.6057161268763707 
0.8022142774766463, 0.5777008820043438 
0.8163994925614116, 0.5394278748766668 
0.8216468688732557, 0.522961513025514 
0.8481144043362934, 0.4475230809938381 
0.8511129050859185, 0.43381425385848993 
0.864952139314958, 0.38595250491959193 
0.8826548264329374, 0.33912291145326856 
0.9047976011994003, 0.27831679872463305 
0.9060085341944413, 0.27379189633479045 
0.9145427286356822, 0.25065535022487384 
0.9230192596009688, 0.22489752389836046 
0.9229039326490601, 0.22115076633423142 
0.9241148656441011, 0.21848106984196444 
0.5100911082920079, 1.7298040721238401 
0.621958251643409, 1.3103735771489595 
0.760292930457848, 0.8872991863713194 
0.7908545727136432, 0.7667736919344332 
0.7944297082228117, 0.7404199153094583 
0.8390612386114635, 0.5747927156872283 
0.855380002306539, 0.5209077077179457 
0.8593011186714336, 0.5072070337982547 
0.8746396032752854, 0.4492242312529177 
0.8796563256833122, 0.4273613815935366 
0.8861146349901972, 0.4001008748850267 
0.9035866682043594, 0.3398297558180816 
0.9047976011994003, 0.33515569631803765 
0.9045092838196287, 0.3326187092992551 
0.9044516203436743, 0.32994735313654583 
0.912236189597509, 0.2945257715656744 
0.9123515165494176, 0.2930734244531538 
0.5370199515626802, 1.2904817238840816 
0.65073232614462, 1.003990253616677 
0.7481259370314842, 0.713970901528601 
0.7921231691846384, 0.5819169860373908 
0.8452312305385768, 0.44070765415433893 
0.8615499942336524, 0.3945302977196853 
0.8747549302271941, 0.3577379069274536 
0.8889978087879138, 0.31850834100508 
0.8910736939222696, 0.30922131421112964 
0.9106216122707876, 0.26392802331312804 
0.9203667397070695, 0.24424501785916874 
0.9220966439856995, 0.23804203840286944 
0.9225579517933341, 0.23671275219653887 
0.9223272978895167, 0.23496857249933667 
0.9289009341483104, 0.2156891952120273 
0.5032868181293968, 1.5113170269586178 
0.6644562334217506, 1.0008975649897986 
0.752104716872333, 0.7789719424828886 
0.7930457847999077, 0.6625230091905457 
0.8061930573174951, 0.6047883919508498 
0.8331795640641217, 0.5105224394746595 
0.841252450697728, 0.491811975304156 
0.8464998270095722, 0.47384098654483237 
0.8749855841310115, 0.3668871433991221 
0.884500057663476, 0.344171408132407 
0.8866912697497406, 0.3394738774755368 
