6.65522837638855
5.3986334800720215
5.703115224838257
5.6211512088775635
5.287335395812988
5.2467381954193115
5.4627299308776855
5.396630764007568
5.513553857803345
5.138181924819946
5.258713960647583
5.391952037811279
5.568424701690674
5.6852076053619385
5.314017295837402
5.3919148445129395
5.3893208503723145
5.329367399215698
5.529469728469849
5.522746562957764
5.436543226242065
5.394918441772461
5.427071571350098
5.320720195770264
5.456188440322876
5.285620450973511
5.323201417922974
5.207199573516846
5.63339900970459
5.558709621429443
5.320111036300659
5.2384560108184814
5.413137197494507
5.567304372787476
5.287895202636719
5.090778827667236
5.627425193786621
5.3248491287231445
5.510710954666138
5.292115688323975
5.50785756111145
5.149438858032227
5.459990739822388
5.411415338516235
5.692407131195068
5.268589973449707
5.144490480422974
5.521399736404419
5.436420917510986
5.216624021530151
5.660253524780273
5.411771297454834
5.122053384780884
5.1981236934661865
5.466439247131348
5.473111867904663
5.518644094467163
5.617360591888428
5.409871339797974
5.522685289382935
5.383796215057373
5.428205728530884
5.248967170715332
5.619789361953735
5.317550897598267
5.059562921524048
5.336445331573486
5.476771593093872
5.347155809402466
5.272891044616699
5.222928524017334
5.505377769470215
5.28195333480835
5.2723400592803955
5.459378957748413
5.3750550746917725
5.364166975021362
5.382734775543213
5.232959270477295
5.2531890869140625
5.320667028427124
5.730102300643921
5.3821916580200195
5.272610664367676
5.16025447845459
5.104190826416016
5.342434406280518
5.332306146621704
5.38829493522644
5.472027540206909
5.41713547706604
5.195946455001831
5.410951375961304
5.335696458816528
5.448110818862915
5.340137243270874
5.581358432769775
5.287672519683838
5.541596412658691
5.580310106277466
5.385438919067383
5.256001949310303
5.224942684173584
5.319857358932495
5.308217287063599
5.1583967208862305
5.324723243713379
5.181806325912476
5.56617546081543
5.3545215129852295
5.575172185897827
5.524853706359863
5.272735357284546
5.323239803314209
5.586364984512329
5.25393009185791
4.9044694900512695
5.575551509857178
5.333548069000244
5.131687641143799
5.214126825332642
5.523797035217285
5.430192232131958
5.769343852996826
5.355065822601318
5.311888217926025
5.527385950088501
5.258358955383301
5.307241916656494
5.265970230102539
5.282870531082153
5.425028324127197
5.352789878845215
5.46418023109436
5.276135444641113
5.5045952796936035
5.466182231903076
5.231234312057495
5.757963180541992
5.1384735107421875
5.42232346534729
5.247167348861694
5.498187065124512
5.414302110671997
5.235561370849609
5.578286647796631
5.423220872879028
5.27982497215271
5.57398247718811
5.268922805786133
5.441196441650391
5.308722734451294
5.310511589050293
5.277016878128052
5.317384243011475
5.422899961471558
5.1430792808532715
5.6008782386779785
5.271519422531128
5.342360734939575
5.3458778858184814
5.299617290496826
5.895881414413452
5.755934476852417
5.459273338317871
5.074425935745239
5.090028285980225
5.300663948059082
5.352146148681641
5.1526312828063965
5.439032793045044
5.613165855407715
5.023828506469727
5.3251564502716064
5.349231481552124
5.092949628829956
6.427755117416382
6.6536102294921875
6.4031853675842285
5.484005451202393
6.586032390594482
5.5339038372039795
5.337845802307129
5.337433576583862
5.524179458618164
5.424103736877441
5.299835920333862
5.366138696670532
5.507728815078735
5.671855926513672
5.29563045501709
