acc, loss, temp
0.05766347595433053, 2.3132099573614067, 6.668845176696777 
0.2348056740860339, 1.9025990166022513, 14.703006982803345 
0.36108868642601777, 1.6167412132593544, 5.49587869644165 
0.4601545381155576, 1.3938758621507805, 5.525461912155151 
0.5347710760004613, 1.2138685350044556, 5.719186067581177 
0.6204590012685964, 0.9974433563729436, 5.5602028369903564 
0.6605351170568562, 0.899764110556284, 5.119982957839966 
0.6724137931034483, 0.861714002125902, 5.450667858123779 
0.6853880751931727, 0.8304091755910946, 5.3913867473602295 
0.74806827355553, 0.6607012492782862, 5.414335012435913 
0.7599469496021221, 0.6290167802038987, 5.038224935531616 
0.7686541344712259, 0.6137276167929813, 5.323244571685791 
0.7837619651712605, 0.5883941201858989, 5.649181842803955 
0.801118671433514, 0.5477663605718751, 5.69985556602478 
0.8105178180140699, 0.5290420092129315, 5.298664569854736 
0.1184407796101949, 2.325026451499312, 5.7993690967559814 
0.3214738784453927, 1.8203734264640943, 5.451172828674316 
0.43172644447007263, 1.5604621284361957, 5.441375970840454 
0.5346557490485526, 1.277073362931255, 5.597227096557617 
0.6505593357167571, 1.0244937484299061, 5.379494667053223 
0.6770268711797948, 0.9326774530907241, 5.367436647415161 
0.6912697497405144, 0.8840630075707688, 5.419228553771973 
0.6981317033790797, 0.8641508993333794, 5.688542366027832 
0.7509514473532465, 0.7380925701802187, 5.4438111782073975 
0.7580440548956291, 0.7054444565317486, 5.575307846069336 
0.7740168377349786, 0.6588253053080232, 5.32262659072876 
0.7997924114865644, 0.5836704579311738, 5.695671796798706 
0.8281051781801407, 0.5183071836203306, 5.79360818862915 
0.8314496597854919, 0.49108014368564884, 5.357635974884033 
0.18619536385653326, 2.3407455362674794, 5.366007089614868 
0.3010610079575597, 2.0476299926795813, 5.201637506484985 
0.3986852727482413, 1.7619890996159822, 5.518609285354614 
0.5058240110713874, 1.4469472149155167, 5.422367334365845 
0.5977972552185445, 1.180963319963376, 5.417834043502808 
0.6347018798293161, 1.0797414981246007, 5.5177836418151855 
0.6924230192596009, 0.8831839931123846, 5.604780435562134 
0.7632337677315189, 0.6857597695792481, 5.684337377548218 
0.7917195248529582, 0.6003716928185279, 5.587068557739258 
0.7985238150155691, 0.5749701015971233, 5.540421962738037 
0.841425441125591, 0.45978363279969975, 5.318396091461182 
0.8439626340675815, 0.4481669146029524, 5.391014337539673 
0.8473071156729327, 0.4388186881621876, 5.43641996383667 
0.32954676507899894, 2.2509080510218893, 5.478111028671265 
0.4753200322915465, 1.7246548760314737, 5.669504165649414 
0.5698881328566486, 1.3907098613123043, 5.331707715988159 
0.6254757236766232, 1.1969749514184285, 5.403876781463623 
0.6930573174950986, 0.9432701342771785, 5.417567253112793 
0.7397647330181063, 0.8100343860748228, 5.49819540977478 
0.7822627147964479, 0.6710911565637669, 5.610626935958862 
0.8096528658747549, 0.5728730422081901, 5.78446626663208 
0.8460961826778918, 0.4507885053956613, 5.407668352127075 
0.8524391650328682, 0.4288162945959326, 5.5261616706848145 
0.4580786529812017, 1.6319522532535298, 5.509497165679932 
0.556164225579518, 1.3502519993154367, 5.9052817821502686 
0.7008995502248876, 0.9491444582751591, 5.630110025405884 
0.74806827355553, 0.8153620627926107, 5.381778955459595 
0.7844539268827125, 0.6982140726978818, 5.282059669494629 
0.7997347480106101, 0.6510489724159381, 5.670579671859741 
0.8325452658286242, 0.5588556538905499, 5.625417947769165 
0.8734863337561988, 0.441271203135328, 5.532191514968872 
0.46228808672586785, 1.4359485743279339, 5.216479063034058 
0.5295236996886172, 1.2502529841921484, 5.490488529205322 
0.6182101257063776, 1.0493012032300841, 5.414412260055542 
0.6870603159958483, 0.8708335637283889, 5.637556314468384 
0.7175066312997348, 0.7768490457079932, 5.746392011642456 
0.7510667743051551, 0.6919632355773787, 5.586967468261719 
0.7877984084880637, 0.5936187319507296, 5.4640421867370605 
0.8315649867374005, 0.4754863957351301, 5.663687467575073 
0.8333525544919848, 0.46970907025925235, 5.3387322425842285 
0.4580209895052474, 1.3744072247999948, 5.470091104507446 
0.5526467535463038, 1.1618099890772122, 5.761887073516846 
0.6223618959750894, 0.950874824434121, 5.551694631576538 
0.7043593587821474, 0.7424020596300857, 5.373158931732178 
0.7207357859531772, 0.6985896492965943, 5.886606454849243 
0.8166878099411833, 0.4476774973347598, 5.379244089126587 
0.8325452658286242, 0.40628176208839295, 5.68082594871521 
0.8522661746050052, 0.35023670203559026, 5.32889461517334 
0.8679506400645831, 0.3106304694713954, 5.28674054145813 
0.8857109906585169, 0.2650301926514559, 5.530729532241821 
0.9027793795409987, 0.23236639806366102, 5.394103050231934 
0.657536616307231, 1.1481466106853355, 5.833921432495117 
0.7539499481028716, 0.8422459658451267, 5.699723958969116 
0.788202052819744, 0.7160854223959033, 5.263677358627319 
0.81611117518164, 0.6147245392288726, 5.36150598526001 
0.8579171952485296, 0.4707911832972879, 5.771026849746704 
0.8692192365355783, 0.4264584511443616, 5.396104335784912 
0.8735439972321531, 0.4082011661124564, 5.533473014831543 
0.7087417829546765, 0.9866119682495413, 5.462304592132568 
0.7450697728059047, 0.8540170345123275, 5.662557363510132 
0.8038288548033675, 0.6408402837304449, 5.34536600112915 
0.8305270441702226, 0.5593427133397187, 5.569870710372925 
0.8602813977626571, 0.47343376744080123, 5.283864736557007 
0.8850766924230192, 0.39285560802002295, 5.926448822021484 
0.8909007034944066, 0.36903376659059905, 5.193414926528931 
0.8966670510898397, 0.34453006907987244, 5.663440942764282 
0.6001614577326722, 1.2243091993941329, 5.238394021987915 
0.6633029639026641, 1.068776272105323, 5.654483079910278 
0.7378041748356591, 0.866645922458874, 5.576402902603149 
0.7954099873140353, 0.6408269716688284, 5.468242883682251 
0.8134009918117864, 0.5983823914115894, 5.361246347427368 
0.8507092607542383, 0.5061681134076825, 14.862448930740356 
0.08978203206089264, 2.3089364921296394, 5.187958478927612 
0.18440779610194902, 2.093590105438378, 14.87191128730774 
0.3072886633606274, 1.8259317456439237, 5.456937789916992 
0.40456694729558296, 1.5752779622649067, 5.295203924179077 
0.5164340906469842, 1.325115903111751, 5.445658445358276 
0.5695421520009226, 1.2110600744078943, 5.825274705886841 
0.6575942797831853, 0.9952927587922281, 5.3260016441345215 
0.6859070464767616, 0.9220096781989071, 5.258820056915283 
0.7221773728520355, 0.8305090629216084, 5.206303596496582 
0.7375158574558874, 0.7998589346204865, 5.629086494445801 
0.7503748125937032, 0.7168376021037284, 5.537793874740601 
0.7611002191212086, 0.6887366346553448, 5.375984191894531 
0.21969784338599932, 2.354021144983096, 5.388138294219971 
0.30365586437550457, 2.04540871838844, 5.34478759765625 
0.4017991004497751, 1.7657873213330788, 5.626755475997925 
0.4892169299965402, 1.4417180820181803, 5.291778087615967 
0.5622188905547226, 1.2465558446910607, 5.461607933044434 
0.631530388651828, 1.039499547367554, 5.45931601524353 
0.7107600046130781, 0.8601070402220323, 5.40422511100769 
0.7498558413101142, 0.7679655687714934, 5.5880186557769775 
0.7746511359704763, 0.6732478048597799, 5.32502007484436 
0.7985238150155691, 0.6219068258321598, 5.635778903961182 
0.7993311036789298, 0.6055630246054376, 5.373996257781982 
0.8407334794141391, 0.501172776352774, 5.351471900939941 
0.20643524391650328, 2.4219981569278675, 5.520288944244385 
0.3579748587244839, 1.935004787228762, 5.356642007827759 
0.4431438127090301, 1.659934678171937, 5.181967258453369 
0.5415753661630723, 1.4165991972795855, 5.231213808059692 
0.5858032522200438, 1.269301131589162, 5.460899353027344 
0.642890093414831, 1.0957649411593269, 5.169678211212158 
0.6706838888248183, 0.9853153595497202, 5.336297035217285 
0.6777188328912467, 0.96326106239075, 5.390766859054565 
0.719121208626456, 0.8231392413694105, 5.248316287994385 
0.7620804982124323, 0.7154529383882683, 5.658256769180298 
0.7874524276323377, 0.6399464286118366, 5.410492420196533 
0.24201360858032522, 2.2336126915421612, 5.644487380981445 
0.3676046592088571, 1.9041359448040565, 5.566673755645752 
0.4953292584476992, 1.4616307655744707, 5.5336387157440186 
0.5820551262830124, 1.2104854992667482, 5.656811952590942 
0.6480798062507208, 1.0042892772307412, 5.448105335235596 
0.7069542152000923, 0.8323271289406156, 5.6527698040008545 
0.7823780417483566, 0.5880008866748432, 5.4320478439331055 
0.7987544689193865, 0.547994876397156, 5.3752195835113525 
0.8081536154999424, 0.5197751156751408, 5.437673807144165 
0.8187636950755391, 0.49387327895720917, 5.387407302856445 
0.8260869565217391, 0.47398696624900133, 5.461355447769165 
0.8595894360512052, 0.4007785034066049, 5.453778982162476 
0.4187521623803483, 1.688246858610881, 5.442582130432129 
0.4950986045438819, 1.4150175528639188, 5.37711763381958 
0.5670049590589321, 1.1863124562426746, 5.3822386264801025 
0.6593241840618153, 0.9668759193950534, 5.701282024383545 
0.7627147964479298, 0.6943961918238614, 5.235524654388428 
0.7897589666705109, 0.6190022429373193, 5.228411436080933 
0.7968515742128935, 0.5833255526220514, 5.332080602645874 
0.8298350824587706, 0.48504596575835135, 5.39711332321167 
0.8399838542267328, 0.4450610972770618, 5.218759059906006 
0.8418867489332257, 0.43427726514437454, 5.38506007194519 
0.4854111405835544, 1.5784064375020408, 5.742364883422852 
0.6488294314381271, 1.1339442698503341, 5.561953067779541 
0.6902894706492907, 0.996080686216245, 5.320249557495117 
0.7502018221658402, 0.784968974789403, 5.326672315597534 
0.7671548840964133, 0.7359127582325176, 5.81733512878418 
0.8030792296159612, 0.6149516537197834, 5.473651885986328 
0.8112674432014761, 0.5825333692590964, 5.193205118179321 
0.8261446199976935, 0.5292099313246142, 5.672087907791138 
0.8376773151885596, 0.48486256550712686, 5.510488271713257 
0.6136547111059855, 1.1988781401692155, 5.4713966846466064 
0.7021104832199285, 0.9656861130434835, 5.4885687828063965 
0.7753430976819282, 0.7661374351929708, 5.520185470581055 
0.8209549071618037, 0.5945449827784123, 5.401067733764648 
0.8371583439049706, 0.5441160438835976, 5.621159791946411 
0.850651597278284, 0.4852465636087394, 5.468780279159546 
0.8601084073347941, 0.4433063904722986, 5.5958311557769775 
0.8859993080382885, 0.3559862603954817, 5.637908458709717 
0.6541921347018799, 1.1869581438103154, 5.067464351654053 
0.6934032983508246, 1.0538803895104656, 5.48387598991394 
0.7815130896090416, 0.7415877969428153, 5.519984245300293 
0.8207819167339407, 0.6119511464367418, 5.436111688613892 
0.8762541806020067, 0.4334752435254777, 5.41326379776001 
0.8865182793218775, 0.4018644036107934, 5.173447847366333 
0.8985122823203783, 0.3647161773898326, 5.371199607849121 
0.912063199169646, 0.30483178396720695, 5.235182523727417 
0.9144850651597278, 0.2954606041347156, 5.427767038345337 
0.9355898973590128, 0.2127793686460053, 5.508413076400757 
0.6676277245992388, 0.9292161377420375, 5.657099485397339 
0.788721024103333, 0.6501644803236307, 5.054918527603149 
0.821012570637758, 0.5547038124653332, 5.115903615951538 
0.8526698189366855, 0.4728375131136969, 5.430095672607422 
0.8699688617229847, 0.4121814451768767, 5.247509956359863 
0.8940721946718948, 0.3466738301990655, 5.58796763420105 
0.9072771306654365, 0.3068800439251767, 5.365828990936279 
0.7421289355322339, 0.8672595238200915, 5.490741491317749 
0.7823203782724023, 0.7260666876677105, 5.468252658843994 
0.8213008880175297, 0.5953302989250134, 5.320285320281982 
0.8334102179679391, 0.5534890456599624, 5.41970682144165 
0.8445392688271249, 0.5026158865867801, 5.282217502593994 
0.7453004267097221, 0.7331483016172663, 5.836875677108765 
0.8396955368469612, 0.48664308066505857, 5.580505847930908 
0.8556106562103564, 0.4241262248465499, 5.552466630935669 
0.8867489332256948, 0.3189326960255865, 5.3581249713897705 
0.9044516203436743, 0.26388041405818735, 14.525213956832886 
0.08978203206089264, 2.30597111070999, 5.442301273345947 
0.26023526698189364, 1.92658556887636, 15.296915769577026 
0.4072771306654365, 1.55318797713845, 5.4934587478637695 
0.49873140352900475, 1.354290719945261, 5.5876991748809814 
0.5504555414600392, 1.214607740406494, 5.31681489944458 
0.5883981086379887, 1.113054893590036, 5.531635761260986 
0.6197093760811901, 1.0311238479501212, 5.483674764633179 
0.6625533387152578, 0.9378044091131892, 5.635931015014648 
0.7069542152000923, 0.8270609440218664, 5.44362473487854 
0.7426479068158228, 0.7344666030323125, 5.505941867828369 
0.10696574789528313, 2.3847034933174314, 5.453947067260742 
0.23832314611924807, 2.007976228565921, 5.602324962615967 
0.3455195479183485, 1.6680774879475395, 5.527408838272095 
0.43651251297428206, 1.4460651934815885, 5.581731081008911 
0.5162611002191212, 1.2357761306838706, 5.262105464935303 
0.5566255333871526, 1.1072315099490293, 5.55615234375 
0.5995271594971745, 0.9990634392053401, 5.562321186065674 
0.6432937377465113, 0.8845512971024254, 5.553123712539673 
0.7147387844539269, 0.6879697173215181, 5.419856548309326 
0.7323261446199977, 0.645287482882929, 5.335402727127075 
0.7523930342521047, 0.6079153727558281, 5.287074089050293 
0.786472148541114, 0.5393075753209053, 5.3612847328186035 
0.7935070926075424, 0.5180518615746943, 5.37812352180481 
0.8008880175296967, 0.49649567991623716, 5.812928199768066 
0.19403759658632222, 2.2162012851854214, 5.242124557495117 
0.288375043247607, 1.969402402894155, 5.414571046829224 
0.4215200092261562, 1.6135628617946374, 5.388561248779297 
0.5253719294199054, 1.2916692979149875, 5.360527038574219 
0.5655057086841194, 1.1647101254097498, 5.621214389801025 
0.6241494637296736, 0.9964955225965445, 5.365691900253296 
0.6615153961480799, 0.8926162063609764, 5.463983058929443 
0.6793334102179679, 0.850519847303418, 5.515817642211914 
0.725925498789067, 0.7213151671127197, 5.755730152130127 
0.7857801868296621, 0.5615925693307119, 5.461876153945923 
0.8059624034136778, 0.5099710680549193, 5.517683029174805 
0.8312190058816745, 0.4465235115328934, 5.36993145942688 
0.8367546995732903, 0.4305086549197276, 5.5734851360321045 
0.8404451620343675, 0.4218832744873613, 5.655042409896851 
0.8519778572252336, 0.39797123384678323, 5.367277383804321 
0.34638450005766347, 1.967983961938978, 5.666913270950317 
0.513781570753085, 1.4796611773204602, 5.420687675476074 
0.5982585630261792, 1.2664303766904232, 5.35004734992981 
0.6690116480221427, 1.0648372213780384, 5.768578290939331 
0.760465920885711, 0.7381821401590386, 5.558289527893066 
0.7832429938876716, 0.6862704698808888, 5.854676008224487 
0.8622996194210587, 0.47202097647579166, 5.6221208572387695 
0.8632798985122824, 0.4641607542502894, 5.743121385574341 
0.8752162380348287, 0.441579619775046, 5.081963300704956 
0.9016837734978664, 0.3702056513614267, 5.615614414215088 
0.9188098258563027, 0.320722551844372, 5.473679542541504 
0.931265136662438, 0.2563900130550298, 5.511832237243652 
0.28762541806020064, 1.9751817967768732, 5.3726584911346436 
0.3995502248875562, 1.684987710852334, 5.256405591964722 
0.4862760927228693, 1.3879020424421564, 5.638190984725952 
0.6435243916503287, 0.9295817354561877, 5.593757152557373 
0.7230999884673048, 0.7221738398883996, 5.5551841259002686 
0.7788029062391881, 0.5852458966796913, 5.473365783691406 
0.8168031368930919, 0.5005661657981504, 5.532533884048462 
0.8548033675469957, 0.3970020018346299, 5.645612001419067 
0.877349786645139, 0.3335439763740557, 5.590887546539307 
0.8895744435474571, 0.3048941323230105, 5.5946595668792725 
0.8913043478260869, 0.2986869856628151, 5.236088514328003 
0.34009918117864146, 1.7933270352579243, 5.107484340667725 
0.41096759312651365, 1.6234658625187157, 5.564209222793579 
0.5503402145081305, 1.2442447157827772, 5.4839026927948 
0.5947987544689194, 1.1101727874088851, 5.422592878341675 
0.6440433629339176, 0.9715034602544642, 5.49436354637146 
0.7271364317841079, 0.7425247141676319, 5.221502065658569 
0.7671548840964133, 0.6368584171926893, 5.376249551773071 
0.8300080728866336, 0.41698953859899474, 5.459138631820679 
0.8677776496367201, 0.32392549964796685, 5.578892469406128 
0.8956291085226618, 0.2630248554628731, 5.195162296295166 
0.9092953523238381, 0.23649582556617796, 5.45948052406311 
0.9114289009341483, 0.22732782698782675, 5.468749284744263 
0.9163879598662207, 0.21259930611422256, 5.528427600860596 
0.6707992157767271, 0.9942205105839469, 5.558948755264282 
0.7342867028024449, 0.8062550744056658, 5.344210624694824 
0.7804751470418637, 0.6683679972973942, 5.567748546600342 
0.8008303540537424, 0.5874445692598828, 5.570754289627075 
0.8165724829892745, 0.5261005254450444, 5.648898363113403 
0.8586091569599815, 0.39947374749463954, 5.758357048034668 
0.9066428324299389, 0.2896483604047299, 5.464598178863525 
0.6519432591396609, 1.0447900903511795, 5.179880619049072 
0.6991696459462576, 0.9034010683472675, 5.411987543106079 
0.7857225233537077, 0.6588818423211266, 5.40296745300293 
0.8488640295236997, 0.47484851585857035, 5.488569498062134 
0.8709491408142083, 0.3993605202716612, 5.560730934143066 
0.8934955599123515, 0.3343234654686229, 5.663599967956543 
0.9117748817898743, 0.26830457819681713, 5.525254011154175 
0.9275746742013609, 0.22847572560329915, 5.51524019241333 
0.9387613885365009, 0.19434039291133942, 5.511469841003418 
0.6695306193057318, 0.9782214549778242, 5.902606010437012 
0.7784569253834621, 0.6648686575612438, 5.423991680145264 
0.8072886633606273, 0.5743045221237086, 5.333127498626709 
0.8289124668435013, 0.5150442308360381, 5.404042959213257 
0.8439626340675815, 0.4713079959606081, 5.403454303741455 
0.856417944873717, 0.4338231905986174, 5.625116348266602 
0.8791373543997232, 0.3583011035901843, 5.473599672317505 
0.7288663360627379, 0.8669402369456518, 5.491933345794678 
0.7972552185445738, 0.6500605592072047, 5.381389141082764 
0.8178987429362242, 0.5754391525042876, 14.946975708007812 
0.0999308038288548, 2.3008656371167766, 5.570256233215332 
0.2816284165609503, 1.8888626588651767, 14.835761547088623 
0.40202975435359245, 1.606520158446789, 5.423881769180298 
0.48679506400645833, 1.3657161507234792, 5.580719947814941 
0.5630838426940376, 1.1807546910658815, 5.517480134963989 
0.6308960904163303, 0.9995764289641399, 5.481564283370972 
0.6676277245992388, 0.9001199985642234, 5.333298206329346 
0.6798523815015569, 0.8659099772698623, 5.592616319656372 
0.7019374927920655, 0.8176734693057855, 5.644506216049194 
0.7485295813631646, 0.6989981226862413, 5.50180721282959 
0.7636950755391535, 0.6643648016101139, 5.702453851699829 
0.11227078768308153, 2.3353099722730715, 5.361453533172607 
0.22782839349555992, 2.0181062976535187, 5.457034587860107 
0.3614923307576981, 1.6933958222490766, 5.635734558105469 
0.4733594741090993, 1.3864359096760543, 5.639612197875977 
0.5945104370891477, 1.1226886738624802, 5.511922121047974 
0.6449659785491869, 0.9980275251832492, 5.4871134757995605 
0.6503286818129397, 0.9578030392268517, 5.544536828994751 
0.6655518394648829, 0.9114743819012499, 5.449660539627075 
0.724714565794026, 0.7590766308621979, 5.544449806213379 
0.7394764156383347, 0.719967243277431, 5.515199661254883 
0.773209549071618, 0.645620066511814, 5.622260332107544 
0.7911428900934149, 0.593699459270628, 5.405725002288818 
0.8036558643755045, 0.5612518298454833, 5.4626994132995605 
0.8113251066774305, 0.5438047144448089, 5.422713279724121 
0.13268365817091454, 2.4877879564254526, 5.344213485717773 
0.2595433052704417, 2.110185285316304, 5.237176895141602 
0.3456925383462115, 1.8952088523221946, 5.402045249938965 
0.4324184061815246, 1.6358127358394223, 5.29706072807312 
0.5034021450813055, 1.4387293007347726, 5.418292999267578 
0.5280821127897589, 1.3509487247723126, 5.391598224639893 
0.5657940260638912, 1.2426212258445548, 5.227337837219238 
0.5786529812017068, 1.2093952403338646, 5.468364953994751 
0.6513089609041633, 0.9824669799403377, 5.447370529174805 
0.7049359935416907, 0.8186096490403412, 5.522120952606201 
0.767270211048322, 0.6369134409878182, 5.1685967445373535 
0.7889516780071503, 0.5810799154882708, 5.418561697006226 
0.7996194210587014, 0.5488194931206536, 5.2785375118255615 
0.8010033444816054, 0.5392390481390336, 5.42034912109375 
0.8042324991350479, 0.5323065475970666, 5.588165760040283 
0.8074616537884903, 0.5237265864855077, 5.313303232192993 
0.18648368123630493, 2.066608292112169, 5.84318208694458 
0.39845461884442396, 1.5324930131544663, 5.359366178512573 
0.4682274247491639, 1.362248095385411, 5.3022871017456055 
0.4970014992503748, 1.2869918654601251, 5.39840030670166 
0.5833237227540076, 1.0471655142037835, 5.41303014755249 
0.6562680198362357, 0.8683090432116615, 5.488767623901367 
0.6793910736939223, 0.8151069118679093, 5.374852180480957 
0.7185445738669127, 0.7110316881602657, 5.805998086929321 
0.7648483450582401, 0.5807730010458486, 5.578572750091553 
0.8069426825049014, 0.47985735472426533, 5.367371320724487 
0.8367546995732903, 0.4078304274038687, 5.456843614578247 
0.1902318071733364, 2.184505777440751, 5.34423565864563 
0.3450005766347595, 1.8053183629109308, 5.657398462295532 
0.49117748817898743, 1.4130724892015702, 5.711318731307983 
0.5902433398685273, 1.151345477446609, 5.457805156707764 
0.6411601891362011, 1.0192924442236964, 5.617572784423828 
0.7251182101257064, 0.7603249706757305, 5.476947784423828 
0.7753430976819282, 0.630923307088498, 5.28731369972229 
0.786645138968977, 0.5925461566131199, 5.223371982574463 
0.7961596125014416, 0.5696132010371985, 5.2761547565460205 
0.8019836235728289, 0.5498627784208646, 5.793431758880615 
0.8023872679045093, 0.5450379854016227, 5.61966609954834 
0.8140929535232384, 0.5119013702493155, 5.586098670959473 
0.4057202168146696, 1.7743147631720715, 5.530024528503418 
0.5390381732210817, 1.3581747950347258, 5.512573480606079 
0.6338369276900011, 1.078767534691932, 5.431323528289795 
0.7004959058932072, 0.8963510963597053, 5.776102542877197 
0.7627724599238842, 0.6941250592237294, 5.331401824951172 
0.8136316457156038, 0.5465200385126276, 5.581225872039795 
0.8158805212778226, 0.5355162281147638, 5.3751490116119385 
0.8437319801637643, 0.4567452190227426, 5.284714937210083 
0.8455772113943029, 0.44736995979513167, 5.297775030136108 
0.857109906585169, 0.4185368400561596, 5.364396095275879 
0.8680083035405374, 0.3925832023216604, 5.61312198638916 
0.6277245992388422, 1.188818366651039, 5.325650691986084 
0.6649175412293853, 1.0563067910925843, 5.336730480194092 
0.7100103794256718, 0.8896655162686804, 5.33632230758667 
0.7442624841425441, 0.7904049142045732, 5.56026554107666 
0.8471917887210241, 0.4983854670360946, 5.551331043243408 
0.8667397070695422, 0.43867806880642995, 5.446888446807861 
0.8720447468573406, 0.4140590150090931, 5.499849796295166 
0.8811555760581248, 0.38354307502092605, 5.618051767349243 
0.8954561180947987, 0.3337952679387917, 5.115971565246582 
0.8986276092722869, 0.32085289674878487, 5.3111350536346436 
0.6631876369507554, 1.0623965907759425, 5.473651170730591 
0.7555068619536386, 0.7956443996491348, 5.22610330581665 
0.7806481374697267, 0.7089781356851422, 5.4784018993377686 
0.8102295006342982, 0.6121803604301, 5.382600545883179 
0.8258563026179218, 0.5507830839304158, 5.6823577880859375 
0.8679506400645831, 0.40773782000518527, 5.354701042175293 
0.8821935186253027, 0.3626637019566464, 5.269943952560425 
0.6810633144965978, 1.0390395689140586, 5.624913692474365 
0.7621381616883866, 0.7830167008277524, 5.515410423278809 
0.8106908084419329, 0.6194562660393962, 5.264727354049683 
0.8365817091454273, 0.5320137349067624, 5.139865159988403 
0.8469034713412524, 0.4967424161252292, 5.486049175262451 
0.8692192365355783, 0.43286394967126807, 5.908628225326538 
0.9215776727021104, 0.2531962081294807, 5.595958232879639 
0.9275170107254065, 0.2348915174694043, 5.508037090301514 
0.9318994348979357, 0.22188731260579977, 14.609516382217407 
0.0937031484257871, 2.308984322055144, 5.3838560581207275 
0.24829892745934726, 1.9702809532198304, 15.239373922348022 
0.43853073463268366, 1.5365223469161635, 5.700888395309448 
0.5718486910390959, 1.1868775851809092, 5.74220871925354 
0.6105408834044517, 1.0855613489932523, 5.379000902175903 
0.6683196863106908, 0.9489423889434688, 5.4303059577941895 
0.6938646061584592, 0.8698653341013639, 6.0486602783203125 
0.7098950524737632, 0.8001388688976084, 5.583354711532593 
0.731518855956637, 0.7541639216614022, 5.520607233047485 
0.7492215430746165, 0.7142801787076473, 5.765666246414185 
0.7551032176219582, 0.6967097399912686, 5.664132356643677 
0.11601891362011302, 2.338759958686158, 5.440913677215576 
0.28024449313804634, 1.9379640803557496, 5.6193249225616455 
0.41679160419790107, 1.5915024416400796, 5.2628254890441895 
0.47704993657017647, 1.4398918132756844, 5.31655478477478 
0.5375965863222235, 1.282222544967602, 5.588138103485107 
0.6096759312651366, 1.1203132893429681, 5.37205958366394 
0.6577672702110483, 0.9478829424974624, 5.661621332168579 
0.6891362011302041, 0.8474594841603988, 5.326243162155151 
0.761330873025026, 0.6434309653309586, 5.727340221405029 
0.8023296044285549, 0.5469901454256185, 5.7099082469940186 
0.808614923307577, 0.5269487006726131, 5.648433446884155 
0.815765194325914, 0.5119756914564044, 5.716461658477783 
0.8440779610194903, 0.43943321107139777, 5.775748014450073 
0.848229731288202, 0.4302027343038752, 5.842718839645386 
0.15171260523584362, 2.1816045081803015, 5.7690088748931885 
0.3493830008072887, 1.6893771431099829, 5.506175518035889 
0.49117748817898743, 1.3033885697852918, 5.406441926956177 
0.5659670164917541, 1.1231936873624015, 5.3143630027771 
0.6612270787683081, 0.8943175971282794, 5.580942392349243 
0.7202168146695883, 0.7617406356125016, 5.452282667160034 
0.787683081536155, 0.5685685099508224, 5.750678539276123 
0.800772690577788, 0.5354099583937632, 5.757113695144653 
0.8140929535232384, 0.5111068008756581, 5.592829465866089 
0.8295467650789989, 0.47496916366349257, 5.319115161895752 
0.8416560950294084, 0.44421586280547265, 5.652357339859009 
0.8563602813977627, 0.40369304023384595, 5.2743589878082275 
0.4325913966093876, 2.0880153158443697, 5.25447940826416 
0.5104370891477338, 1.7930844696997552, 5.883764743804932 
0.6181524622304233, 1.3467863990584283, 5.480503797531128 
0.6712605235843616, 1.1165644886068726, 5.606876373291016 
0.719121208626456, 0.9374678995878264, 5.587544918060303 
0.7576980740399031, 0.793284721076517, 5.606170654296875 
0.7689424518509976, 0.7589898700074869, 5.340351581573486 
0.7785145888594165, 0.7155893645264458, 5.7872314453125 
0.8470764617691154, 0.48672118362561545, 5.346059083938599 
0.8608580325222004, 0.43139158218660045, 5.401210069656372 
0.8870949140814208, 0.33952700556177295, 5.5628662109375 
0.8914196747779957, 0.3133931981181422, 5.512552261352539 
0.898108637988698, 0.27826025540320937, 5.521539926528931 
0.9020297543535925, 0.2667412502353126, 5.629695415496826 
0.5806712028601084, 1.4112159777099806, 5.691490650177002 
0.6324530042670973, 1.1782710111274906, 5.4348719120025635 
0.6774881789874294, 1.017853424627103, 5.596075534820557 
0.7349210010379426, 0.846384289438928, 5.500327110290527 
0.7957559681697612, 0.6768933934926102, 5.3091278076171875 
0.8242417252912005, 0.5872394863915779, 5.602993965148926 
0.8550340214508131, 0.5012902884784745, 5.471447229385376 
0.8866912697497406, 0.4092979340864861, 5.31513786315918 
0.8990889170799216, 0.36256633866813354, 5.583986759185791 
0.9187521623803483, 0.28743158524597995, 5.515098571777344 
0.6050051897128359, 1.3017619443679607, 5.6168694496154785 
0.6419098143236074, 1.1282438860812118, 5.359946966171265 
0.6696459462576404, 1.0277103004204702, 5.381618499755859 
0.6916733940721946, 0.9385016783766355, 5.661304950714111 
0.7690577788029063, 0.6994248143699142, 5.523297548294067 
0.8376773151885596, 0.5028565830300347, 5.387279987335205 
0.8586091569599815, 0.4406728046650915, 5.326166152954102 
0.8631069080844194, 0.42672679469197317, 5.433236360549927 
0.883808095952024, 0.37091361238274867, 5.409044504165649 
0.9064121785261215, 0.30971055091165317, 5.81496787071228 
0.9084880636604774, 0.3005564042687367, 5.4873974323272705 
0.6334332833583208, 1.0895265411186121, 5.774744749069214 
0.7236189597508937, 0.8204512209997505, 5.43152928352356 
0.7948910160304463, 0.6319796940689528, 5.559332370758057 
0.8215892053973014, 0.5380877054358124, 5.5642781257629395 
0.8399261907507785, 0.4900529182163644, 5.4727113246917725 
0.8548033675469957, 0.4431392530131493, 5.610155344009399 
0.9048552646753546, 0.3370726126300037, 5.29888653755188 
0.9196171145196632, 0.28732884435662326, 5.706030368804932 
0.9470649290739246, 0.18568961666023936, 5.5307395458221436 
0.946776611694153, 0.1804439656306327, 5.384016513824463 
0.9550224887556222, 0.15399863322293217, 5.644859552383423 
0.9550224887556222, 0.150154684286915, 5.6019392013549805 
0.7168146695882828, 0.8805159995985082, 5.478711128234863 
0.7527390151078307, 0.7531152682873715, 5.384160995483398 
0.7861261676853881, 0.642073158147457, 5.414545059204102 
0.8332948910160305, 0.5085189078473032, 5.771474599838257 
0.8815015569138508, 0.37032131008006325, 5.566301345825195 
0.6412178526121555, 1.0028411659195717, 5.65245795249939 
0.7478376196517126, 0.7130824549761362, 5.459470510482788 
0.779667858378503, 0.6205682696474897, 5.308875322341919 
0.8040595087071849, 0.5481500405180509, 5.420240879058838 
0.8399838542267328, 0.444089976679668, 5.616064786911011 
0.8483450582401107, 0.41061924563525803, 5.488631963729858 
0.8854226732787452, 0.31196248238924945, 5.64460563659668 
0.6546534425095145, 0.9439579969776394, 5.408609867095947 
0.7415523007726906, 0.7003384350745913, 5.751652717590332 
0.8180717333640872, 0.4971275059999092, 5.468457221984863 
0.8311613424057203, 0.45673325637672274, 5.432365417480469 
0.8471341252450698, 0.41242226333876414, 14.810985565185547 
0.0834967131818706, 2.313213975557358, 5.387091398239136 
0.22235036327989852, 1.9687213867606246, 14.800796747207642 
0.32700957213700843, 1.74437270241531, 5.456494569778442 
0.43564756083496714, 1.4753286041254785, 5.269363641738892 
0.4844885249682851, 1.3285740824296337, 5.436068773269653 
0.603621266289932, 1.0449562100367946, 5.318222999572754 
0.6676277245992388, 0.8998330512973735, 5.7828209400177 
0.7439165032868181, 0.7139549652929191, 5.522148847579956 
0.767789182331911, 0.6635116236738459, 5.351217269897461 
0.7802444931380463, 0.6436620076210665, 5.495634317398071 
0.795352323838081, 0.600642233339472, 5.538235187530518 
0.7984084880636605, 0.5877180048721868, 5.672291278839111 
0.8064237112213124, 0.5667014747012906, 5.345932722091675 
0.18775227770730019, 2.4062415748811454, 5.176874399185181 
0.2682504901395456, 2.1147074522913694, 5.796480417251587 
0.39845461884442396, 1.7013107028608185, 5.49119234085083 
0.5156268019836235, 1.380402277512588, 5.3203184604644775 
0.556510206435244, 1.277841040195176, 5.550891399383545 
0.6567869911198247, 0.9938384968554149, 5.660419702529907 
0.6890785376542498, 0.9214087933801779, 5.454361915588379 
0.6993426363741206, 0.8585027169957733, 5.345959186553955 
0.7186599008188214, 0.8045101493745083, 5.608136415481567 
0.7447237919501788, 0.7214727951390669, 5.7230918407440186 
0.7819743974166763, 0.5937940156045535, 5.309644460678101 
0.14265943951101373, 2.41041205949624, 5.595048904418945 
0.307576980740399, 1.9464029644080636, 5.340054273605347 
0.3651827932187752, 1.7878179291852807, 5.573301553726196 
0.4589436051205167, 1.4843533555067523, 5.612104892730713 
0.5809018567639257, 1.1247030833779752, 5.17429780960083 
0.6345288894014531, 0.9562878803317558, 5.302358627319336 
0.6578825971629569, 0.8792159041978141, 5.616213798522949 
0.7281167108753316, 0.7018523026896726, 5.58288049697876 
0.7420712720562795, 0.6694261170388444, 5.185809850692749 
0.7632914312074732, 0.6141162134330049, 5.39578104019165 
0.7658286241494637, 0.6046739023830837, 5.291017770767212 
0.7797831853304117, 0.5738300170776721, 5.50404691696167 
0.8180140698881329, 0.4887115483243765, 5.581969261169434 
0.3046938069426825, 2.1335708687911223, 5.167110919952393 
0.3953407911428901, 1.8996605928480719, 5.603023529052734 
0.5356936916157305, 1.4467301901376342, 5.554825782775879 
0.6130204128704878, 1.2087953367637143, 5.558300733566284 
0.6744896782378041, 0.9389434711821848, 5.489392280578613 
0.7235612962749395, 0.7789732456017682, 5.223051071166992 
0.7529120055356937, 0.6733549417170506, 5.319481134414673 
0.7821473878445393, 0.5958585342162548, 5.424699068069458 
0.7986968054434321, 0.5578721990063576, 5.644360065460205 
0.8335255449198478, 0.44988995609047905, 5.234006881713867 
0.39355322338830584, 1.722228511918999, 5.5506813526153564 
0.5306769692077038, 1.3387620361776833, 5.574637174606323 
0.6114058355437666, 1.1070064298049478, 5.602904319763184 
0.7092030907623111, 0.856518118431217, 5.437546253204346 
0.7417252912005535, 0.7410258709761678, 5.353627681732178 
0.7790335601430054, 0.6165357495456906, 5.21351170539856 
0.7841656095029408, 0.5996233316759653, 5.2182793617248535 
0.7996194210587014, 0.5482818534589817, 5.289889097213745 
0.8289124668435013, 0.4688076974730269, 5.452685356140137 
0.47226386806596704, 1.5774803241510769, 5.667595863342285 
0.6303771191327413, 1.1503492304960115, 5.792632579803467 
0.7445508015223158, 0.8023427647496354, 5.415283679962158 
0.7550455541460039, 0.7612297897428065, 5.097259521484375 
0.7770730019605582, 0.6897360894745206, 5.447000980377197 
0.8391765655633722, 0.5295910657200986, 5.154199123382568 
0.8508822511821013, 0.48987770238754885, 5.695871353149414 
0.877522777073002, 0.41991708357141144, 5.545497894287109 
0.9188098258563027, 0.26226491107954986, 5.128207683563232 
0.9318994348979357, 0.2314765310434858, 5.712256669998169 
0.9354169069311498, 0.22259485743954213, 5.510740756988525 
0.6046015453811556, 1.1963582578974123, 5.0905797481536865 
0.6500980279091224, 1.0736846539490448, 5.364316463470459 
0.696978433859993, 0.9357308789345247, 5.42182183265686 
0.747030330988352, 0.7923896940614292, 5.344158172607422 
0.7691731057548149, 0.7199070218466701, 5.474956035614014 
0.8158805212778226, 0.5687842144399163, 5.129347801208496 
0.8450005766347596, 0.4681919456247906, 5.260650634765625 
0.848229731288202, 0.45403480124597706, 5.899500608444214 
0.9097566601314727, 0.2976606608815549, 5.237429857254028 
0.9203667397070695, 0.2550170100537278, 5.492308855056763 
0.924460846499827, 0.23911833493261558, 5.563710927963257 
0.9344942913158806, 0.2046888790855017, 5.419325828552246 
0.9480452081651481, 0.1627735073184414, 5.5846107006073 
0.9486795064006458, 0.15912649425532752, 5.1204423904418945 
0.6040249106216122, 1.1927111515501787, 5.434418439865112 
0.6678583785030562, 1.0236552271836878, 5.022237539291382 
0.7067235612962749, 0.8970816610118774, 5.4204699993133545 
0.7842809364548495, 0.6563465288898911, 5.387556552886963 
0.8437896436397186, 0.47123966628166314, 5.1578309535980225 
0.8593011186714336, 0.4256223171573931, 5.789512395858765 
0.8944181755276208, 0.32427196661691116, 5.155433416366577 
0.9001845231230539, 0.30509785479235774, 5.513247728347778 
0.9214046822742475, 0.24933758010464677, 5.365074634552002 
0.9273440202975435, 0.2328657277676715, 5.222193002700806 
0.6468688732556799, 1.1754781814169417, 5.600131034851074 
0.7227540076115788, 0.9653050471558098, 5.246384859085083 
0.7555068619536386, 0.8554426060767393, 5.3435938358306885 
0.7989274593472494, 0.7142419388825696, 5.4959869384765625 
0.8176680890324068, 0.652409873819445, 5.312416315078735 
0.833929189251528, 0.5888204516550238, 5.1891045570373535 
0.8537077615038634, 0.5206536853866154, 5.19472599029541 
0.7819167339407219, 0.790687790393783, 5.5045928955078125 
0.8234344366278399, 0.6238423633273147, 5.4822986125946045 
0.884673048091339, 0.41868893686737607, 14.967362642288208 
0.1061584592319225, 2.310497902999484, 5.218850612640381 
0.2213700841886749, 2.049592383623792, 15.243876457214355 
0.3341021796793911, 1.736465761187995, 5.795227289199829 
0.4198477684234806, 1.5165447511365775, 5.530842542648315 
0.5649867374005305, 1.182477361614517, 5.310941457748413 
0.6225925498789067, 1.0431934983818973, 5.652850866317749 
0.6962288086725867, 0.8749154610671056, 5.341702461242676 
0.7168723330642371, 0.7907231232411809, 5.67264199256897 
0.7461077153730827, 0.726112425370855, 5.489346742630005 
0.7632914312074732, 0.6513831424904519, 5.497964382171631 
0.7811671087533156, 0.6075037863595484, 5.406911373138428 
0.7962749394533503, 0.5864970045264722, 5.1229023933410645 
0.09975781340099181, 2.3115285839465765, 5.515551805496216 
0.25233537077615037, 1.9136377891276695, 5.409235715866089 
0.35238150155691383, 1.63242456447732, 5.461930751800537 
0.47399377234459694, 1.3476629472045178, 5.557438850402832 
0.561930573174951, 1.1529701385810918, 5.597876310348511 
0.6125014415868989, 1.016927576356269, 5.598985433578491 
0.6774881789874294, 0.8698673981811114, 5.631383180618286 
0.7070118786760466, 0.7920467163082527, 5.376817464828491 
0.7271940952600623, 0.7349062339191094, 5.573223829269409 
0.7376888478837504, 0.7095694960319293, 5.837951183319092 
0.7786299158113251, 0.6185505767209395, 5.5212180614471436 
0.8059624034136778, 0.5520828613667306, 5.575382471084595 
0.11227078768308153, 3.143569004404262, 5.565061092376709 
0.30365586437550457, 2.502974551332888, 5.567294597625732 
0.4195017875677546, 2.070682236783613, 5.713748455047607 
0.5226040825740975, 1.6554057309619299, 5.79397177696228 
0.6159035866682043, 1.310388897696062, 5.6198365688323975 
0.6758736016607081, 1.092876610841469, 5.517877101898193 
0.7326144619997693, 0.9085183396978475, 5.517167806625366 
0.760292930457848, 0.8193612498217755, 5.385053873062134 
0.795352323838081, 0.6665785903098075, 5.524559259414673 
0.8116710875331565, 0.6024442877267323, 5.66806697845459 
0.821531541921347, 0.5581946634554368, 5.624937295913696 
0.8493830008072887, 0.48353483642457523, 5.748578786849976 
0.4479875446891939, 1.8436530063040235, 5.664010286331177 
0.5761734517356706, 1.4465741500527187, 5.580158472061157 
0.6678007150271018, 1.1593572875287543, 5.4226274490356445 
0.7023411371237458, 0.9899050669417662, 5.744065761566162 
0.7391304347826086, 0.7916319011225295, 5.367381811141968 
0.7761503863452889, 0.718174425992485, 5.609185218811035 
0.8166301464652289, 0.6075594367975302, 5.3023951053619385 
0.8598200899550225, 0.49042890418076485, 5.38661003112793 
0.3601660708107485, 1.7757306953004932, 5.460555553436279 
0.48760235266981894, 1.4439488045891882, 5.723499774932861 
0.6363164571560374, 1.0005693646167204, 5.533546686172485 
0.7045900126859647, 0.8177302197925258, 5.642430543899536 
0.7406296851574213, 0.7006314224118162, 5.64253044128418 
0.7795525314265944, 0.6066772015378672, 5.547892808914185 
0.8021566140006919, 0.5493821135231259, 5.585351228713989 
0.837388997808788, 0.4526230265370341, 5.459054946899414 
0.870372506054665, 0.3782826866648404, 5.406571865081787 
0.5429016261100219, 1.4767291520149812, 5.632715225219727 
0.6771421981317034, 1.075197035829658, 5.648586273193359 
0.7463383692769, 0.8497283143838609, 5.591852426528931 
0.8008880175296967, 0.6388283022660224, 5.954904317855835 
0.8302963902664052, 0.5296596526027404, 5.291997671127319 
0.8511129050859185, 0.4605602711637986, 5.385351896286011 
0.8739476415638334, 0.39037587249446515, 5.833916902542114 
0.8885941644562334, 0.3522938099256639, 5.4605724811553955 
0.890958366970361, 0.3418721236444944, 5.466196060180664 
0.6321070234113713, 1.1505823682591307, 5.35051155090332 
0.6705685618729097, 1.006531797173179, 5.54647421836853 
0.7357282897013032, 0.8095656790656368, 5.475412845611572 
0.7427055702917772, 0.7761815852322349, 5.332352876663208 
0.7986968054434321, 0.6176861210707161, 5.624471426010132 
0.8398685272748241, 0.5019593145427397, 5.5193140506744385 
0.8470187982931611, 0.4806143391813405, 5.6266233921051025 
0.8868642601776036, 0.37634041018338965, 5.745733261108398 
0.8975320032291546, 0.3375293507711208, 5.701374053955078 
0.9362241955945104, 0.22270055572602235, 5.707987308502197 
0.6326836581709145, 1.0779556238612416, 5.389019250869751 
0.7112213124207127, 0.8673856965906452, 5.213380813598633 
0.7585053627032637, 0.7308146568158781, 5.495731592178345 
0.830065736362588, 0.5318506233321872, 5.67217755317688 
0.8529581363164571, 0.46067680940602945, 5.370790004730225 
0.884673048091339, 0.3747420459035166, 5.319679021835327 
0.9223272978895167, 0.2618722024750918, 5.460834980010986 
0.9252681351631876, 0.24980269709523234, 5.3029680252075195 
0.9308614923307577, 0.2285668286075596, 5.466655015945435 
0.6860800369046246, 0.9071769478120106, 5.47611665725708 
0.7538922846269173, 0.7123273164699184, 5.337959289550781 
0.7865874754930228, 0.6194508170981837, 5.363751173019409 
0.8018682966209203, 0.5582659235588802, 5.39572811126709 
0.8522661746050052, 0.43158099316517734, 5.433047533035278 
0.882770153384846, 0.3373509813755713, 5.292100191116333 
0.8880175296966901, 0.3153607372338623, 5.693419933319092 
0.8954561180947987, 0.27795043275328113, 5.6004016399383545 
0.9336870026525199, 0.20159141929398655, 5.46130633354187 
0.9571560373659325, 0.13532433841697306, 5.5093584060668945 
0.6421404682274248, 0.95973091495528, 5.42038893699646 
0.7068965517241379, 0.7927493902670925, 5.391053199768066 
0.7747087994464307, 0.6197161543781633, 5.5568907260894775 
0.8057317495098605, 0.5300562857643982, 5.550251483917236 
0.8362357282897013, 0.43298493262863014, 5.508282899856567 
0.8802906239188099, 0.32214986282946534, 5.3770692348480225 
0.9048552646753546, 0.26253025650649114, 5.314326524734497 
0.9062391880982585, 0.2567750478014015, 5.433679103851318 
0.773382539499481, 0.6569791974149942, 5.904964208602905 
0.8185330411717219, 0.5061286739669904, 14.593555688858032 
0.09675931265136663, 2.3075585444027262, 5.5095226764678955 
0.2238496136547111, 1.9642811379827438, 15.198122262954712 
0.405085918579172, 1.533712771227301, 4.993797063827515 
0.4673048091338946, 1.400189651607441, 5.831233739852905 
0.5286587475493023, 1.2635867606546631, 5.348351001739502 
0.5679275746742014, 1.1710691286369264, 5.579605579376221 
0.5990658516895399, 1.0857184406668041, 5.72990608215332 
0.6728751009110829, 0.9149169385620076, 5.634437561035156 
0.7212547572367662, 0.7967699296062885, 5.579563856124878 
0.7418982816284165, 0.7212136143792672, 5.631736755371094 
0.7639833929189251, 0.6654785459294867, 5.398379325866699 
0.7828393495559912, 0.6054228103062317, 5.702117443084717 
0.8120170683888824, 0.5421117824116748, 5.65903377532959 
0.3202629454503517, 2.3024083934695385, 5.542987585067749 
0.42284626917310575, 1.894569086375854, 5.6567676067352295 
0.5541460039211163, 1.4915692417268376, 5.4381349086761475 
0.6624956752393034, 1.1580551652042934, 5.482791423797607 
0.7011302041287049, 1.0128897656650875, 5.579317808151245 
0.7171029869680544, 0.8917540526077247, 5.314851999282837 
0.747722292699804, 0.7884120944818293, 5.473196029663086 
0.7804174835659093, 0.7085359368881514, 5.614080429077148 
0.7915465344250951, 0.6630685276231971, 5.559966802597046 
0.15672932764387038, 2.267413824310392, 5.36362099647522 
0.308095952023988, 1.8914991508049148, 5.843845844268799 
0.4999423365240457, 1.4240309753452598, 5.659395217895508 
0.6175758274708799, 1.069478976146269, 5.3296058177948 
0.644274016837735, 0.997904146267283, 5.436216354370117 
0.6621496943835774, 0.9431140852667208, 5.523751497268677 
0.692077038403875, 0.8720347635932726, 5.69572377204895 
0.7033790796909237, 0.8315840180123608, 5.504005193710327 
0.739188098258563, 0.7564836095885765, 5.418688058853149 
0.4105639487948334, 2.0813232608133725, 5.6628148555755615 
0.5426133087302503, 1.6584936726785027, 5.6015944480896 
0.642544112559105, 1.2125149727347968, 5.94561243057251 
0.7119132741321647, 0.9827288556062467, 5.5378642082214355 
0.7506631299734748, 0.8476605138886625, 5.594913482666016 
0.7804174835659093, 0.7579654267064233, 5.19245982170105 
0.7867604659208857, 0.7270305338308316, 5.540226459503174 
0.7932187752277707, 0.6898327164778678, 5.333077907562256 
0.8367546995732903, 0.5448876339943489, 5.725955247879028 
0.3759081997462807, 1.6732049464525274, 5.317229509353638 
0.48050974512743627, 1.3807216298266627, 5.543113708496094 
0.5815361549994233, 1.1310219382990236, 5.668118238449097 
0.6562680198362357, 0.9299037792000469, 5.236424446105957 
0.6808903240687348, 0.8637347607446886, 5.388966083526611 
0.7556221889055472, 0.6533346160329744, 5.293595552444458 
0.7745934724945219, 0.6015802622969232, 5.629204034805298 
0.7912005535693691, 0.55686066030921, 5.5983357429504395 
0.8109791258217045, 0.5028452613616746, 5.7071263790130615 
0.841771421981317, 0.4259698463127169, 5.483478784561157 
0.8418867489332257, 0.42117182605571246, 5.467735528945923 
0.533329489101603, 1.3708559539496157, 5.339360952377319 
0.6098489216929996, 1.162928598454597, 5.3465375900268555 
0.6620920309076231, 1.0121621338478335, 5.592250823974609 
0.7155460731172875, 0.8311678181287699, 5.436398267745972 
0.7373428670280244, 0.7498488566438135, 5.870254755020142 
0.7924691500403644, 0.5850532896835364, 5.396450996398926 
0.8131126744320147, 0.5244596768436419, 5.422362804412842 
0.8256833121900589, 0.48887278972604126, 5.48127007484436 
0.8470187982931611, 0.42437153975473424, 5.237959623336792 
0.8617229846615154, 0.3798854417617074, 5.564495086669922 
0.8709491408142083, 0.3486518881708397, 5.493087291717529 
0.5577211394302849, 1.2585254078940795, 5.258885145187378 
0.6215546073117287, 1.092617909770607, 5.5223283767700195 
0.7155460731172875, 0.8246494223899111, 5.678498029708862 
0.7830123399838542, 0.6260196084459786, 5.878207683563232 
0.8317379771652635, 0.5036720058190248, 5.491547107696533 
0.8593587821473878, 0.41364952403226707, 5.474777936935425 
0.8914773382539499, 0.3264688992417626, 5.217686176300049 
0.9175412293853074, 0.25552251070432175, 5.4701690673828125 
0.9202514127551609, 0.24550200326951885, 5.496501207351685 
0.6398339291892515, 1.0367503312078798, 5.559437990188599 
0.7166993426363741, 0.8250562134467778, 5.436276912689209 
0.7887786875792873, 0.6372251316990942, 5.331976890563965 
0.8249336870026526, 0.5243328954488304, 5.3325324058532715 
0.8608003690462461, 0.4038691995511488, 5.232819318771362 
0.8951678007150271, 0.31282749572224405, 5.230413913726807 
0.9135047860685042, 0.2654789506598279, 5.61397123336792 
0.9314957905662553, 0.21117215193188973, 5.400625705718994 
0.7280590473993772, 0.7914427608373142, 5.668164253234863 
0.7713643178410795, 0.641855491744014, 5.666724920272827 
0.8183600507438589, 0.5337709121206524, 5.52803111076355 
0.8693922269634413, 0.40368271881012435, 5.6178107261657715 
0.8966670510898397, 0.3219558455731156, 5.306766748428345 
0.9065275054780302, 0.29067449095153425, 5.670337438583374 
0.9231345865528774, 0.24916968734626316, 5.731011152267456 
0.9284396263406758, 0.2262816761282928, 5.547331094741821 
0.9298235497635797, 0.22019223893398163, 5.4659600257873535 
0.8131703379079691, 0.6520685839178019, 5.680557489395142 
0.8496713181870603, 0.5170018984723666, 5.752532243728638 
0.8728520355207012, 0.43069654862718915, 5.626420259475708 
0.8929765886287625, 0.36864226577116344, 5.6919190883636475 
0.9099296505593357, 0.30744775761084747, 5.551698207855225 
0.7469726675123977, 0.726287570524481, 5.690084934234619 
0.8091915580671203, 0.5543790203662085, 5.329134225845337 
0.8472494521969784, 0.44266576033869787, 5.344257116317749 
0.8622419559451043, 0.4026322884709041, 5.697317838668823 
0.883116134240572, 0.3383548961566085, 5.577214002609253 
0.8996078883635106, 0.28666558471128534, 5.698798179626465 
0.9124668435013262, 0.24370840686444484, 5.779443264007568 
0.7887786875792873, 0.6432651322285797, 14.72303056716919 
0.11371237458193979, 2.302662507127956, 5.3891541957855225 
0.2564871410448622, 1.9411300056351302, 14.987591981887817 
0.39753200322915466, 1.6238642815980722, 5.438980340957642 
0.5, 1.3730462000576131, 5.296810626983643 
0.5931265136662438, 1.1513810739154628, 5.566636800765991 
0.6484257871064468, 1.009410314541057, 5.557466745376587 
0.6829662092030908, 0.9232239617926586, 5.254528522491455 
0.6976703955714451, 0.868500501219011, 5.4392781257629395 
0.7188328912466844, 0.7861575673060855, 5.5815818309783936 
0.7502018221658402, 0.714880843077841, 5.583745718002319 
0.7865874754930228, 0.6220430960853199, 5.108579635620117 
0.11227078768308153, 2.505026843893778, 5.441667318344116 
0.25683312190058816, 2.1109901625110274, 5.396517515182495 
0.3989159266520586, 1.7062904542095296, 5.6099770069122314 
0.5251412755160881, 1.3580861286270003, 5.532396554946899 
0.569253834621151, 1.1909470035130645, 5.761950731277466 
0.6923076923076923, 0.8418699249383985, 5.598172187805176 
0.7160650444008765, 0.7843089870619149, 5.315444231033325 
0.7243109214623458, 0.7582579409153104, 5.46259880065918 
0.7362472609848921, 0.7243662940478527, 5.255168199539185 
0.7603505939338023, 0.6722055157986161, 5.3666956424713135 
0.7820897243685849, 0.6133018310199424, 5.440958261489868 
0.17771883289124668, 2.5494596256057513, 5.401736736297607 
0.30059970014992504, 2.1592594252600064, 5.405941724777222 
0.38738323146119247, 1.8910651535991618, 5.557592868804932 
0.4827009572137008, 1.578646490154644, 5.367134094238281 
0.5569715142428786, 1.3390041793280127, 5.337850332260132 
0.6462922384961366, 1.0723311753903186, 5.419636487960815 
0.6768538807519318, 0.9988951704434957, 5.6661317348480225 
0.6855610656210356, 0.9710265459103021, 5.377945899963379 
0.7321531541921347, 0.8094126074890066, 5.690811634063721 
0.7637527390151079, 0.7295391500721825, 5.482339143753052 
0.7935647560834967, 0.6568650841588316, 5.453937292098999 
0.43564756083496714, 1.9494268093909417, 5.451586723327637 
0.5356936916157305, 1.5955152833292827, 5.285542011260986 
0.5989505247376312, 1.4105681576491769, 5.722480773925781 
0.6618613770038058, 1.1359813264490455, 5.6530845165252686 
0.7349786645138969, 0.8374391223164266, 5.621354103088379 
0.7951216699342636, 0.6419121508433302, 5.458273887634277 
0.8268365817091454, 0.5110115167217224, 5.565278053283691 
0.8353707761503864, 0.46198624070731886, 5.459206819534302 
0.8413677776496368, 0.4494321397374937, 5.457885503768921 
0.8436166532118556, 0.43736251772301604, 5.518973112106323 
0.8556106562103564, 0.3963326094329034, 5.642778396606445 
0.3786183831161342, 1.9092828859433983, 5.387389183044434 
0.48967823780417485, 1.5225388181242328, 5.658394813537598 
0.6074847191788721, 1.1934464247466023, 5.416152000427246 
0.6605351170568562, 1.016698123070284, 5.7001965045928955 
0.6963441356244955, 0.9187239121556636, 5.61201024055481 
0.7344020297543536, 0.8144188875594749, 5.302684307098389 
0.7621958251643409, 0.7344164722596714, 5.617781400680542 
0.802502594856418, 0.5658065407533215, 5.557882785797119 
0.8162841656095029, 0.5143836609478378, 5.513651371002197 
0.35266981893668553, 1.6104708349255508, 5.431475639343262 
0.4689770499365702, 1.3308824692561894, 5.671699047088623 
0.5826317610425557, 1.0502713828224899, 5.2442286014556885 
0.6804290162611002, 0.8132984059447017, 5.036976337432861 
0.6956521739130435, 0.7607961736902528, 5.46882700920105 
0.7457617345173567, 0.6382186001987477, 5.263935565948486 
0.7783415984315535, 0.5628584976935301, 5.410717248916626 
0.8015799792411487, 0.48424157985415106, 5.30741024017334 
0.8083266059278054, 0.463774891966736, 5.5948100090026855 
0.8567639257294429, 0.3584412013764705, 5.336574554443359 
0.8840387498558413, 0.3012821522465916, 5.301992416381836 
0.534367431668781, 1.376861511472766, 5.1257851123809814 
0.5971052935070926, 1.191085237357433, 5.66658353805542 
0.7098373889978088, 0.8836254230177492, 5.120236396789551 
0.7274824126398339, 0.8114230383531503, 5.300770282745361 
0.7823780417483566, 0.6705818807887808, 5.371786117553711 
0.808268942451851, 0.5877849285703957, 5.2715675830841064 
0.8187060315995848, 0.5483926871507924, 5.500423431396484 
0.8372160073809249, 0.497742969954827, 5.313026428222656 
0.8469034713412524, 0.4640474861120997, 5.5154218673706055 
0.869161573059624, 0.4001990073838452, 5.181498765945435 
0.3866336062737862, 1.5056615165060656, 5.299974203109741 
0.4679391073693922, 1.2833894154326868, 5.577702283859253 
0.5925498789067005, 0.9762040799435241, 5.301901340484619 
0.6375273901510783, 0.8726478265072054, 5.394425868988037 
0.7192365355783646, 0.6767982039312795, 5.384531021118164 
0.767270211048322, 0.5594325789898191, 5.3345866203308105 
0.7798985122823204, 0.5236850333056263, 5.442529201507568 
0.7941990543189944, 0.48086169772545256, 5.604592800140381 
0.8439049705916273, 0.3770427699304224, 5.4605817794799805 
0.8780994118325453, 0.2891197204835019, 5.3862831592559814 
0.5414023757352093, 1.3100061102501799, 5.619178771972656 
0.6160189136201131, 1.0837894180980925, 5.33928918838501 
0.7040710414023758, 0.8424401057603642, 5.51859188079834 
0.7748817898742936, 0.6537195323176287, 5.630180358886719 
0.8337561988236651, 0.47953750213596885, 5.382778644561768 
0.8607427055702918, 0.4065742188779667, 5.42015814781189 
0.8677199861607657, 0.3857840687419288, 5.491561651229858 
0.8931495790566255, 0.30642845654774087, 5.374228000640869 
0.9000691961711452, 0.2907583385735972, 5.115612745285034 
0.9059508707184869, 0.275217901114654, 5.579344272613525 
0.7058009456810056, 0.8744804988996572, 5.414334058761597 
0.7611002191212086, 0.7076029018451794, 5.464883804321289 
0.8396378733710068, 0.5151953684022387, 5.5009379386901855 
0.8626456002767847, 0.43835659077554984, 5.54207968711853 
0.8751585745588744, 0.39878949940765424, 5.348271369934082 
0.8936108868642602, 0.3446730305555446, 5.595801830291748 
0.9243455195479183, 0.23941881343963128, 14.588579654693604 
0.07571214392803598, 2.3015210259396066, 5.3174824714660645 
0.21093299504094107, 2.001666886308292, 15.358485698699951 
0.3876138853650098, 1.580008126466172, 5.168191432952881 
0.4362818590704648, 1.4721372050448853, 5.2791969776153564 
0.45490716180371354, 1.4247618299224893, 5.318047761917114 
0.4854111405835544, 1.3495779265365024, 5.611263990402222 
0.5957790335601431, 1.0843899411600195, 5.357247829437256 
0.6072540652750548, 1.0525854357599485, 5.6518261432647705 
0.6668204359358783, 0.9081721651663766, 5.482772350311279 
0.7051089839695537, 0.8188360126590153, 5.486118316650391 
0.7321531541921347, 0.7495352177573984, 5.413460969924927 
0.7564871410448621, 0.675005173431519, 5.53594970703125 
0.7650789989620574, 0.6596383054697207, 5.144149303436279 
0.782781686080037, 0.6280154676863091, 5.274514675140381 
0.10310229500634298, 2.339442798701385, 5.646522045135498 
0.29869680544343213, 1.8882867250330644, 5.514603853225708 
0.4088917079921578, 1.6297011938855694, 5.677901744842529 
0.5190866105408835, 1.314597798449085, 5.5516674518585205 
0.5934148310460154, 1.127136844173783, 5.554818391799927 
0.6377003805789413, 1.0111059131984381, 5.47325873374939 
0.6771421981317034, 0.8967339689893445, 5.329726219177246 
0.7316341829085458, 0.7610892476706198, 5.448831558227539 
0.7432245415753662, 0.7307901800318611, 5.403049945831299 
0.7673855380002307, 0.667839366722104, 5.30443549156189 
0.7774766462922384, 0.6397865447438368, 5.576656103134155 
0.7983508245877061, 0.5970077877433394, 5.549299716949463 
0.8064237112213124, 0.5755631440728338, 5.229753732681274 
0.19519086610540884, 2.2129167394181417, 5.308619976043701 
0.3323146119248068, 1.8736402976476618, 5.292510032653809 
0.4814900242186599, 1.5076103991097622, 5.561009168624878 
0.5723676623226848, 1.286575588063587, 5.648012161254883 
0.6637642717102987, 1.0411113506462895, 5.625898599624634 
0.7434551954791835, 0.8162216397598708, 5.202786922454834 
0.7732672125475724, 0.7351176827190236, 5.786982774734497 
0.793795409987314, 0.6410205764298227, 5.550520420074463 
0.7980625072079345, 0.6266571428191146, 5.530665159225464 
0.8116134240572022, 0.5852532237088293, 5.488608360290527 
0.821358551493484, 0.5569721294729401, 5.56802773475647 
0.41131357398223967, 1.8479773062219802, 5.466447353363037 
0.5321762195825165, 1.4845394919088752, 5.785884141921997 
0.6639372621381617, 1.1114390689523084, 5.5425896644592285 
0.7131242071272056, 0.9309756898709557, 5.348239421844482 
0.7362472609848921, 0.8579340362480616, 5.441047668457031 
0.7696920770384039, 0.7397546025126076, 5.3643975257873535 
0.7951216699342636, 0.6590789794065856, 5.357237100601196 
0.8180140698881329, 0.5405127596457543, 5.976960182189941 
0.5299273440202975, 1.62829269282954, 5.640669345855713 
0.6115211624956752, 1.3335730355342765, 5.571546316146851 
0.7038980509745127, 1.0641820774578363, 5.153731346130371 
0.7361319340329835, 0.9366027741467637, 5.245600461959839 
0.7666935762887787, 0.8232877591648872, 5.341992378234863 
0.8326605927805328, 0.6426233381745999, 5.469114303588867 
0.8526698189366855, 0.5573129631893389, 5.516605854034424 
0.877695767500865, 0.49345512761370663, 5.6463658809661865 
0.8938992042440318, 0.4217435243511607, 5.48588228225708 
0.9035866682043594, 0.39235515049352754, 5.323415756225586 
0.904566947295583, 0.3879936401482701, 5.347649574279785 
0.4890439395686772, 1.4240688299637203, 5.62698221206665 
0.637469726675124, 1.0546538027917183, 5.374756574630737 
0.6830238726790451, 0.9177848317689971, 5.351845026016235 
0.7522200438242417, 0.7377532313583439, 5.29391884803772 
0.7898166301464652, 0.6350493086164899, 5.475979804992676 
0.8062507207934494, 0.5954965898660286, 5.208141803741455 
0.8299504094106793, 0.5168427026004773, 5.323860168457031 
0.8604543881905201, 0.4338007969126185, 5.468524217605591 
0.8680083035405374, 0.39809406554576204, 5.369332551956177 
0.5249106216122708, 1.309591664825389, 5.527156352996826 
0.5988351977857225, 1.0881785409899496, 5.6237568855285645 
0.6649175412293853, 0.9065211875545297, 5.178631782531738 
0.7102410333294891, 0.7834025193606307, 5.173094034194946 
0.7760927228693346, 0.6204853943742692, 5.441118955612183 
0.8158805212778226, 0.5120984084784274, 5.144627332687378 
0.8281051781801407, 0.4794054535097414, 5.663349628448486 
0.8414831046015454, 0.4374602139650423, 5.381335735321045 
0.8675469957329027, 0.3711591843289209, 5.259572982788086 
0.8671433514012225, 0.3672978325435778, 5.364570617675781 
0.603448275862069, 1.1531111941838936, 5.551713943481445 
0.6989966555183946, 0.8697591770299389, 5.484623670578003 
0.7714796447929881, 0.6631239908074561, 5.455571413040161 
0.7977165263522085, 0.591120457804223, 5.610192537307739 
0.8450582401107138, 0.45569639899479386, 5.698937177658081 
0.8743512858955138, 0.37365497927773966, 5.259171962738037 
0.8782147387844539, 0.3568654528693643, 5.519962310791016 
0.8799446430630838, 0.34979929251835085, 5.527519941329956 
0.6592665205858609, 0.92555893237848, 5.648069620132446 
0.739534079114289, 0.709363084915621, 5.4001030921936035 
0.7955829777418982, 0.5559813714698623, 5.508979558944702 
0.8441356244954445, 0.44831592904225337, 5.5017008781433105 
0.8738899780878792, 0.35469974252815745, 5.73090124130249 
0.8968977049936571, 0.2897811308744128, 5.330986499786377 
0.9041633029639027, 0.26441076401573504, 5.423615455627441 
0.931092146234575, 0.19840100090663193, 5.090047359466553 
0.7174489678237804, 0.8361352235814209, 5.5172553062438965 
0.7703263752739015, 0.6738422194688534, 5.361313581466675 
0.8406758159381847, 0.49003838458525567, 5.762455224990845 
0.8609156959981548, 0.4158509190868505, 5.360616445541382 
0.888709491408142, 0.3339980233824813, 5.36270546913147 
0.9253834621150963, 0.23052507196989214, 5.42591118812561 
0.9362241955945104, 0.19757694749800916, 5.5193562507629395 
0.9442970822281167, 0.1661345789059013, 5.317727327346802 
0.7360742705570292, 0.7504119043652382, 14.710843801498413 
