8.345619916915894
5.999930143356323
5.677723407745361
5.759205102920532
5.980654716491699
5.850991487503052
5.645100355148315
6.041311740875244
5.694514036178589
5.742912769317627
6.042628765106201
5.8185553550720215
5.995818138122559
6.300119638442993
5.562074899673462
5.642876386642456
6.086315155029297
5.805722236633301
5.844713926315308
5.845179319381714
6.2275214195251465
5.972479343414307
5.741196632385254
6.399676084518433
5.526117563247681
6.062738656997681
5.410860300064087
5.84767746925354
5.655879974365234
6.1374897956848145
6.09400200843811
6.126990795135498
6.013761281967163
5.720872640609741
5.9342122077941895
5.816842079162598
6.146074295043945
5.8241448402404785
5.79580283164978
5.899391412734985
5.830668687820435
5.684415578842163
6.325389623641968
5.94591498374939
6.3221001625061035
6.366569995880127
6.068041563034058
5.7624640464782715
6.172887802124023
5.837908506393433
5.735443115234375
6.4651055335998535
4.101411581039429
4.484147071838379
4.5429651737213135
4.467543125152588
4.454024076461792
4.358733892440796
4.455947399139404
4.299443244934082
4.411359071731567
4.438551187515259
4.263148546218872
4.058051586151123
4.2348504066467285
4.533454895019531
4.257666110992432
4.441575050354004
4.1939990520477295
4.288592338562012
4.355518817901611
4.214275121688843
4.205251932144165
4.512318134307861
4.1459596157073975
4.174317836761475
4.25222110748291
4.208382606506348
4.271923542022705
4.227020740509033
4.210557699203491
4.533634185791016
4.0658440589904785
4.1262733936309814
4.38439154624939
4.421874761581421
4.117775201797485
4.256093263626099
4.111432790756226
4.406164884567261
4.140539646148682
4.31389045715332
4.013845205307007
4.363661289215088
4.489162445068359
4.202271223068237
4.3970787525177
4.363330841064453
4.3017566204071045
4.132869005203247
4.291078805923462
4.167111158370972
4.210530042648315
4.285764932632446
4.261317253112793
3.9716997146606445
4.4763407707214355
4.133527517318726
4.044724464416504
4.4050452709198
4.221153020858765
4.253926753997803
4.173027515411377
4.474603891372681
4.0702924728393555
4.537861347198486
4.0961644649505615
4.316537618637085
4.411000728607178
4.505085229873657
4.229372262954712
4.530628442764282
4.3974449634552
4.187253952026367
4.028516530990601
4.2901694774627686
4.350391149520874
4.321238279342651
4.221882581710815
4.293824195861816
4.322941303253174
4.293755531311035
4.331809043884277
4.323606252670288
4.104007005691528
4.422850131988525
4.385249853134155
4.151355981826782
4.607390880584717
4.2985289096832275
4.0759313106536865
4.175483703613281
4.340885162353516
4.461035490036011
4.4491143226623535
4.079998016357422
4.203917741775513
4.288385629653931
4.490706920623779
6.224745988845825
6.132080316543579
6.305213212966919
6.000308513641357
6.116593837738037
5.794528245925903
10.10437798500061
6.771108150482178
6.592869758605957
6.711031913757324
6.816533803939819
6.756868600845337
6.682596445083618
4.780341386795044
5.046864986419678
5.191990852355957
4.983226776123047
5.183291435241699
9.814463138580322
9.381667375564575
10.126232862472534
9.436248064041138
9.72311520576477
9.874086618423462
9.735939741134644
9.670741081237793
9.338415384292603
9.67827033996582
9.745161294937134
9.923909902572632
9.694409132003784
9.599390506744385
9.751731872558594
10.077446460723877
9.770881652832031
10.161401271820068
9.874555110931396
9.324691772460938
9.482693195343018
10.074572086334229
9.58484435081482
149.89066195487976
6.58692479133606
5.347358226776123
5.350005865097046
5.3260297775268555
5.502933979034424
5.440035820007324
5.357360124588013
5.513681173324585
5.184202194213867
5.30993914604187
7.132275819778442
7.047903060913086
7.050799369812012
6.876510381698608
7.244914770126343
7.403290033340454
7.071595668792725
6.801286220550537
4.8866286277771
5.641517162322998
7.273133754730225
6.9801318645477295
6.946727991104126
6.685157537460327
5.344943523406982
5.1703150272369385
5.1264119148254395
5.272165775299072
6.540268898010254
6.957483530044556
154.12199115753174
6.852859258651733
6.996229887008667
6.583134174346924
7.156337738037109
6.53906774520874
6.888458967208862
6.325409412384033
6.701381683349609
6.891143560409546
6.690073013305664
6.8566648960113525
6.668787717819214
6.915091037750244
6.661877870559692
6.224060297012329
7.16497802734375
6.7406439781188965
6.478627920150757
6.822566509246826
6.845957279205322
6.910977125167847
6.937413930892944
6.849605560302734
6.735325813293457
6.483315467834473
5.124117374420166
4.970144987106323
5.026088714599609
5.188802242279053
6.841744899749756
153.3424801826477
7.159630060195923
6.944487810134888
6.88430643081665
6.8945207595825195
7.047823190689087
5.4375152587890625
7.193623781204224
6.971236705780029
7.019629001617432
6.873167514801025
6.876484394073486
7.096330165863037
6.727102279663086
7.215487718582153
3.651247501373291
7.564960479736328
2.1056172847747803
2.123582363128662
2.134434461593628
2.0566163063049316
2.2127578258514404
2.1724612712860107
2.1864583492279053
2.257577419281006
2.202200412750244
2.139272451400757
2.2262184619903564
2.1230530738830566
2.1412177085876465
2.1920957565307617
2.079979419708252
2.1581268310546875
2.262704610824585
2.0866308212280273
2.191624402999878
2.1853010654449463
2.1488113403320312
2.1959280967712402
2.1152942180633545
2.21537709236145
2.2500534057617188
2.1255438327789307
2.195863962173462
2.231271266937256
2.201054096221924
2.2850208282470703
7.484862327575684
2.262631893157959
2.2061057090759277
2.2397823333740234
2.294095039367676
2.268864870071411
2.402942419052124
2.324521541595459
2.3633856773376465
2.3511664867401123
2.270310640335083
2.2895219326019287
2.2019073963165283
2.3356428146362305
2.242039918899536
2.2490053176879883
2.396641731262207
2.2526121139526367
2.306187391281128
2.3197073936462402
2.201810598373413
2.186011791229248
2.2680728435516357
2.2789316177368164
2.2454049587249756
2.268188714981079
2.339635133743286
2.272298574447632
2.297527551651001
2.2700324058532715
2.322482109069824
7.458659887313843
2.4168498516082764
2.3012237548828125
2.302189588546753
2.3537118434906006
2.2169692516326904
2.363677978515625
2.321495294570923
2.2407097816467285
2.360507011413574
2.294097661972046
2.2395718097686768
2.2982351779937744
2.328888177871704
2.2127609252929688
2.2865073680877686
2.3690905570983887
2.3869054317474365
2.299931764602661
2.403073787689209
2.2631711959838867
2.30954647064209
2.335169792175293
2.3457789421081543
2.215843439102173
2.3040292263031006
2.1782896518707275
2.300340175628662
2.391653299331665
2.25221586227417
2.4730606079101562
7.79669189453125
2.3998911380767822
2.3516759872436523
2.4340717792510986
2.3517165184020996
2.4222586154937744
2.4794182777404785
2.3885016441345215
2.402911901473999
2.492523193359375
2.3953001499176025
2.422053575515747
2.4524593353271484
2.3910839557647705
2.411543846130371
2.409658670425415
2.4720423221588135
2.404755115509033
2.3057048320770264
2.372830867767334
2.2995176315307617
2.364853620529175
2.3600127696990967
2.29729962348938
2.4272968769073486
2.4513609409332275
2.3196096420288086
2.4533305168151855
2.3589060306549072
2.397597074508667
2.444080114364624
7.192668914794922
2.257256269454956
2.0790975093841553
2.235962152481079
2.195425271987915
2.2495405673980713
2.169769048690796
2.1915836334228516
2.119487762451172
2.162964105606079
2.119781017303467
2.0644407272338867
2.144177198410034
2.201580286026001
2.172147512435913
2.303704023361206
2.1332030296325684
2.088855028152466
2.1623270511627197
2.2136313915252686
2.149054527282715
2.182074546813965
2.193105936050415
2.0936028957366943
2.2244768142700195
2.150583267211914
2.1815404891967773
2.1293821334838867
2.1249001026153564
2.1865768432617188
3.394705057144165
2.368039131164551
2.3790431022644043
2.447704792022705
2.360447883605957
2.399075984954834
2.373802661895752
2.4235668182373047
2.3513340950012207
2.4159464836120605
2.3493447303771973
2.455787181854248
2.3821465969085693
2.3817784786224365
2.368919610977173
2.374316692352295
2.3214199542999268
2.342177391052246
2.3895936012268066
2.4902148246765137
2.4518229961395264
2.3131139278411865
2.3433175086975098
2.4498579502105713
2.32582688331604
2.47961688041687
2.3203253746032715
2.332193374633789
2.368708610534668
2.4627416133880615
2.4121944904327393
2.379556894302368
2.2944788932800293
2.3547582626342773
2.469881057739258
2.4156744480133057
2.3650317192077637
2.3759043216705322
2.3479928970336914
2.4258246421813965
2.262456178665161
2.3371827602386475
2.421452760696411
2.315312623977661
2.52756929397583
2.2690892219543457
2.359062671661377
2.4507765769958496
2.4601738452911377
2.485008955001831
2.380300521850586
2.2597432136535645
2.3719289302825928
2.3697519302368164
2.285484790802002
2.3593878746032715
2.360386610031128
2.3020763397216797
2.4612951278686523
2.3847341537475586
2.315753936767578
2.3558404445648193
2.4318389892578125
2.4166934490203857
2.2801473140716553
2.374779462814331
2.309659957885742
2.338153123855591
2.366811513900757
2.4079060554504395
2.3489651679992676
2.306840181350708
2.3943607807159424
2.3803277015686035
2.452683448791504
2.30780291557312
2.341681480407715
2.344151020050049
2.259862184524536
2.353740930557251
2.3873753547668457
2.359506130218506
2.2892556190490723
2.4358651638031006
2.4121432304382324
2.271355390548706
2.3929171562194824
2.431718349456787
2.37692928314209
2.345581293106079
2.3371362686157227
2.3331050872802734
2.3518919944763184
2.3678812980651855
2.3451859951019287
2.340860366821289
2.345773458480835
2.3475067615509033
2.3864426612854004
2.3174796104431152
2.4473743438720703
2.2429404258728027
2.4749720096588135
2.519199848175049
2.4459173679351807
2.3502373695373535
2.3939108848571777
2.5276412963867188
2.381131887435913
2.3163537979125977
2.4418015480041504
2.466580867767334
2.42230486869812
2.3894407749176025
2.4063682556152344
2.3334412574768066
2.4148261547088623
2.4759678840637207
2.22017240524292
2.346771717071533
2.3575687408447266
2.4598889350891113
2.4051427841186523
2.432396173477173
2.398890972137451
2.2853219509124756
2.4377317428588867
2.40724778175354
2.345059633255005
2.31326961517334
2.358711004257202
2.4179537296295166
2.4439802169799805
2.256265163421631
2.2368993759155273
2.2883219718933105
2.3538243770599365
2.349571704864502
2.4905471801757812
2.336191415786743
2.226134777069092
2.3911218643188477
2.4468936920166016
2.394862174987793
2.3421523571014404
2.3400328159332275
2.451566219329834
2.4093499183654785
2.444462299346924
2.43131422996521
2.3951611518859863
2.3735105991363525
2.3027443885803223
2.3592474460601807
2.3550243377685547
3.576709032058716
2.3388149738311768
2.480445623397827
2.420734167098999
2.356309652328491
3.448578357696533
2.4328949451446533
2.355496883392334
2.424903392791748
2.3201003074645996
2.3335978984832764
2.444650411605835
2.440124034881592
3.508267402648926
2.4381184577941895
2.415318727493286
2.315373182296753
2.3478386402130127
2.365830421447754
2.30053448677063
2.4211981296539307
2.377838611602783
2.2869179248809814
2.4337198734283447
2.4842371940612793
2.336862564086914
2.3311607837677
2.5137815475463867
2.3285090923309326
2.4571425914764404
2.4549570083618164
2.6139962673187256
4.863141298294067
3.7175843715667725
2.4463984966278076
2.575671434402466
8.9152193069458
3.999846935272217
3.3702850341796875
3.704733371734619
3.3210670948028564
3.6780755519866943
3.105191946029663
3.4854936599731445
2.945727586746216
3.7359724044799805
3.2534821033477783
3.822883367538452
3.509018898010254
3.7497024536132812
3.5752944946289062
3.681917428970337
4.103598356246948
3.6153714656829834
3.950958728790283
3.226609706878662
3.6446638107299805
3.0512828826904297
3.419910192489624
2.9981777667999268
3.595916748046875
3.299431085586548
3.7402493953704834
3.3693997859954834
4.012959003448486
3.599599599838257
3.889626979827881
4.138862133026123
3.7645773887634277
4.06282901763916
3.5720627307891846
3.8303399085998535
3.576396942138672
3.682797431945801
3.5257866382598877
3.5973775386810303
3.4946017265319824
3.691298484802246
3.4486546516418457
3.4984874725341797
3.4662230014801025
3.749142646789551
3.1672921180725098
3.6081342697143555
3.153017044067383
3.690075397491455
3.206172466278076
3.6070663928985596
3.3278725147247314
3.9797523021698
3.706005096435547
3.901031732559204
3.6889190673828125
3.837916374206543
3.8388161659240723
2.6204724311828613
2.4905550479888916
3.7736361026763916
2.2883381843566895
2.3013033866882324
2.399728536605835
2.487023115158081
2.3723011016845703
2.5907559394836426
3.9794018268585205
5.0989789962768555
2.4903407096862793
2.510206937789917
4.028040647506714
9.531846046447754
4.16709566116333
4.092491865158081
4.028902292251587
4.051455974578857
2.637808084487915
2.339651584625244
2.3570961952209473
2.409660577774048
2.3129897117614746
2.3863027095794678
2.46653413772583
2.266587495803833
2.351679563522339
2.4618000984191895
2.2423226833343506
2.3584837913513184
2.3826918601989746
2.3709869384765625
2.5789332389831543
3.6978986263275146
4.778664588928223
2.6422793865203857
2.524343490600586
3.6208267211914062
8.688110589981079
3.815464496612549
3.3895010948181152
4.00495457649231
3.8445956707000732
3.9797158241271973
4.169877052307129
3.8452138900756836
4.045822858810425
3.4994804859161377
3.840384006500244
3.579730749130249
3.777191638946533
3.4373013973236084
3.5963032245635986
3.339304208755493
3.689030885696411
3.1417152881622314
3.5993549823760986
2.9549031257629395
3.8179891109466553
3.5176966190338135
4.035034656524658
3.764019250869751
3.715618848800659
3.922273635864258
3.7374300956726074
3.98292875289917
3.6430768966674805
3.9192795753479004
3.528553009033203
3.657172441482544
3.4556894302368164
3.60805082321167
3.430328369140625
3.766725540161133
3.326120376586914
3.739687442779541
3.0338380336761475
3.391474723815918
3.0807621479034424
3.69769549369812
3.4190785884857178
3.85250186920166
3.425954818725586
3.9070639610290527
3.6560587882995605
3.881326198577881
4.170577526092529
3.7197301387786865
3.9180397987365723
3.675050735473633
3.8941779136657715
3.527225971221924
3.6559042930603027
3.3721752166748047
3.497288703918457
3.8395397663116455
3.956495523452759
2.5218992233276367
2.5537712574005127
9.070245027542114
3.961122989654541
3.4707489013671875
3.8499207496643066
3.831752061843872
3.7263264656066895
3.7361249923706055
3.8403546810150146
3.7506744861602783
3.784651756286621
3.571223020553589
3.6408255100250244
3.528994083404541
3.7016963958740234
3.5859625339508057
3.5771536827087402
3.764275550842285
3.720583200454712
3.640994071960449
3.664716958999634
3.1598222255706787
3.4220049381256104
3.1667380332946777
3.5325076580047607
3.2760651111602783
3.786405324935913
3.5331826210021973
3.6873645782470703
3.4467201232910156
3.8995749950408936
3.6177027225494385
3.99519419670105
3.808222532272339
3.851271152496338
3.774867534637451
4.132373571395874
4.0947980880737305
3.9948532581329346
4.155837535858154
3.849611759185791
4.070804834365845
3.654843807220459
3.8294405937194824
3.7978453636169434
3.7956228256225586
3.7588021755218506
3.8294498920440674
3.726766347885132
3.6631550788879395
3.7249860763549805
3.827787399291992
3.6205172538757324
3.8715295791625977
3.6641178131103516
3.6424973011016846
3.537107229232788
3.6044774055480957
3.626404285430908
3.456416130065918
3.766799211502075
3.9722936153411865
2.6131598949432373
2.685791492462158
8.892589569091797
3.7881245613098145
3.59055495262146
3.9281744956970215
3.5966737270355225
3.783766508102417
3.504884719848633
3.4783763885498047
3.548764705657959
3.472641944885254
3.3316078186035156
3.4842426776885986
3.4276819229125977
3.4361841678619385
3.416792869567871
3.54323410987854
3.2480695247650146
3.471522331237793
2.751795768737793
2.1947085857391357
2.277433395385742
2.280419111251831
2.2494654655456543
2.3353443145751953
2.322969436645508
2.3064119815826416
2.25929594039917
2.2981791496276855
2.3552963733673096
2.2667410373687744
2.202390432357788
2.2892727851867676
2.3118574619293213
2.2058427333831787
2.1981887817382812
2.3279073238372803
2.205580949783325
2.366819381713867
2.3058128356933594
2.2561521530151367
7.381239652633667
2.014634847640991
2.126408338546753
2.232271432876587
2.1157543659210205
2.247077465057373
2.1963956356048584
2.23333740234375
2.1144025325775146
2.1724965572357178
2.1819329261779785
2.194204330444336
2.1454572677612305
2.1026611328125
2.1632463932037354
2.174510955810547
2.3219830989837646
2.111182689666748
2.2025747299194336
2.087238073348999
2.2364234924316406
2.255275249481201
2.183197498321533
2.2679193019866943
2.2267632484436035
2.1252384185791016
2.208228826522827
2.077620029449463
2.115480899810791
2.1731812953948975
2.3476669788360596
7.350439071655273
2.125816822052002
2.194593667984009
2.197967529296875
2.260674238204956
2.1424131393432617
2.1405303478240967
2.157203435897827
2.218541383743286
2.190772771835327
2.2204086780548096
2.199305534362793
2.3037023544311523
2.1001198291778564
2.113929271697998
2.237143039703369
2.247244358062744
2.1276838779449463
2.2999982833862305
2.178929567337036
2.283909797668457
2.211369276046753
2.179288625717163
2.1328012943267822
2.2748990058898926
2.243445634841919
2.200282573699951
2.263381242752075
2.2096450328826904
2.1778268814086914
