acuracia,loss,frr,fpr
0.09380825565912117, 2.3040032824250893
0.10139813581890812, 2.339168475201222, 0.912369037088355, 0.44504605119708
0.09973368841544607, 2.4133438030428955, 0.9219208684249114, 0.47521034572009063
0.10326231691078562, 2.718715565095094, 0.9188730201685651, 0.45436148538575033
0.1048601864181092, 2.372386471377549, 0.9066297146033917, 0.4044300441777235
0.14154460719041279, 2.6789117713980923, 0.8775837071305808, 0.3246932746134935
0.10126498002663116, 2.6037299852396614, 0.85339999363446, 0.4498960761465519
0.10452729693741677, 2.528267992316645, 0.9096865678036313, 0.4283635379234957
0.11158455392809587, 2.479612030035329, 0.8573653339492278, 0.3722726777265424
0.15272969374167777, 2.3605542268876865, 0.8409464799493737, 0.25980686337600706
0.1252330226364847, 2.5172415871991616, 0.89411398150526, 0.31918201274183494
0.10252996005326231, 2.572242751285017, 0.8528268347446992, 0.4360813426859159
0.11211717709720373, 2.9844878809985405, 0.8483742536873743, 0.37367155865576784
0.17003994673768308, 2.4325389389350476, 0.808358426116137, 0.26440636487011143
0.11284953395472704, 2.6133089423735196, 0.9002107012006638, 0.33386804279629945
0.15579227696404793, 2.2438208442791483, 0.869699595811419, 0.28829041410706396
0.15466045272969375, 2.3322732672154824, 0.8441670222032494, 0.313533706061227
0.13988015978695073, 2.3771647054726848, 0.8560817429489509, 0.2745168876449838
0.10186418109187749, 2.338041592056996, 0.8532028287755281, 0.43938088956694904
0.12856191744340878, 2.352302209237285, 0.8749666361450084, 0.3031503416359763
0.10812250332889481, 2.303407744259714, 0.8863015024770078, 0.3845349166363332
0.10126498002663116, 2.4091866366317207, 0.85339999363446, 0.4544262695912362
0.10153129161118508, 2.3634531026753223, 0.8531412634134385, 0.4475277963083265
0.10186418109187749, 2.4147470413686114, 0.8531821402394111, 0.44116216751933607
0.10126498002663116, 2.769232596161362, 0.85339999363446, 0.4474248612859778
0.09973368841544607, 2.518202245100519, 0.8948682254877621, 0.4565654318394187
0.10126498002663116, 2.579027153815474, 0.85339999363446, 0.4523292142466605
0.10126498002663116, 2.735645151424027, 0.85339999363446, 0.45004744123414303
0.18249001331557924, 2.456329065339067, 0.844024250483073, 0.22385969398767638
0.10206391478029295, 2.334495412001756, 0.8529625876251399, 0.4412279482213365
0.09933422103861518, 2.788337195887864, 0.9184179034232867, 0.4718078007728381
0.162982689747004, 2.257168518631817, 0.8456097812270112, 0.22288227779404335
0.12583222370173103, 2.505794539226197, 0.8664253598108965, 0.3233480743957924
0.12669773635153128, 2.6102641747532767, 0.9000882761031247, 0.3852754903844897
0.1014647137150466, 2.778326798529028, 0.8532697582546416, 0.4432902940461696
0.11617842876165113, 2.3470510213971933, 0.8434711623987298, 0.38526100602247476
0.13761651131824235, 2.271879071219466, 0.86305521571823, 0.26758868531010055
0.1577230359520639, 2.2893392667233865, 0.8645201354631733, 0.24247016067075627
0.12543275632490014, 2.650284382847749, 0.8948995095853597, 0.272041548136176
0.11651131824234354, 2.5157879221455235, 0.8866854785575223, 0.32665903852952816
0.10126498002663116, 2.611115578074906, 0.85339999363446, 0.4511323396626654
0.1674434087882823, 2.4085214084855093, 0.8583934362457988, 0.22265503598160738
0.18475366178428762, 2.2557723724810326, 0.8437436798781512, 0.22483096896888843
0.1418774966711052, 2.424036306571389, 0.8808510203713398, 0.3647286635974456
0.1033288948069241, 2.5149111916634754, 0.9131764211941362, 0.37108682201723137
0.12150466045272969, 2.3622734190938317, 0.8858583804934714, 0.2911223493406733
0.11424766977363515, 2.4010679295155084, 0.9074140459882284, 0.3816078151317276
0.09946737683089214, 2.486680609829099, 0.918318642339543, 0.47267964418342523
0.10166444740346205, 2.6304349720874893, 0.8531671890180286, 0.45498637086019117
0.1448735019973369, 2.364727918746151, 0.8217888193743917, 0.2931204609660982
0.14027962716378162, 2.3388599064156472, 0.8218783410191177, 0.2875046766715314
0.12649800266311584, 2.552656609423151, 0.8764392287622057, 0.2966695698602311
0.1289613848202397, 2.6942513804778594, 0.8705064275297937, 0.2978521778248679
0.10406125166444741, 3.0370786584725233, 0.8510562580949248, 0.42990677811281425
0.12623169107856191, 2.5403690039555973, 0.8405561954137954, 0.32675031754095535
0.1366178428761651, 2.3060436709584313, 0.893209673795664, 0.2847033566890719
0.10918774966711052, 2.6678481147863895, 0.8476432521090841, 0.41268609362986725
0.18801597869507325, 2.2825511898523008, 0.7937046208214105, 0.22429856500875406
0.17090545938748336, 2.5508563084148377, 0.8124480440650369, 0.2356590246036953
0.10339547270306258, 2.551765609866928, 0.8512227084252989, 0.43679438600709986
0.1621837549933422, 2.208210497150091, 0.8161074976204471, 0.2506415043487191
0.14580559254327563, 2.3265690969166837, 0.8480305317078981, 0.2839808264018092
0.18715046604527297, 2.2791015277927946, 0.8153543982820828, 0.22030084880314035
0.14687083888149136, 2.3355043606259693, 0.838716551574155, 0.2826528157156704
0.13348868175765646, 2.4140352634393105, 0.8872170492525333, 0.30389391054480375
0.12736351531291612, 2.465246082693537, 0.8353761110887546, 0.3391266326887071
0.11744340878828229, 2.431961827613066, 0.8765873278416224, 0.34060343814104316
0.14154460719041279, 2.5917433388382394, 0.8745763078575302, 0.25415611001452104
0.11997336884154461, 2.541265877450354, 0.8417618164378601, 0.34296614999824276
0.1070572569906791, 2.6687495961805157, 0.8587101175740053, 0.40432190620853803
0.19607190412782957, 2.2363217534777644, 0.8356778316448739, 0.2267584999976864
0.13122503328894808, 2.2996896796791595, 0.8312199351688895, 0.31319629037094254
0.10379494007989347, 2.7953595000084803, 0.915257999889638, 0.3983903738564031
0.11624500665778961, 2.419014909288061, 0.8804191278444798, 0.3150861412237918
0.1059254327563249, 2.8187176770440114, 0.8497287307130955, 0.4233956021873114
0.11338215712383488, 2.7060775682072187, 0.8616808087522771, 0.3719137406960258
0.13295605858854861, 2.2788927895648183, 0.8424903467769583, 0.29343596447933806
0.1459387483355526, 2.345991173295302, 0.8221469011888135, 0.29570293688046634
0.1336884154460719, 2.500399037842427, 0.8701331019953403, 0.2775396336303384
0.20565912117177096, 2.2290180791551357, 0.8019350955765918, 0.19500833747105312
0.10126498002663116, 2.6435958293143824, 0.85339999363446, 0.4530136630266562
0.1095872170439414, 2.41474351188473, 0.9002697596204132, 0.36779646113233694
0.10505992010652464, 2.7559023238768114, 0.9087205821716029, 0.34892226993389225
0.14620505992010652, 2.365309156911986, 0.8636264317653739, 0.27086936368497055
0.12030625832223701, 2.4990659671442486, 0.8980924649454015, 0.3188339889200926
0.1029960053262317, 3.1369567417074613, 0.851542458987039, 0.4457732344573804
0.14747003994673769, 2.359953801228743, 0.8161941705156225, 0.2890178937048503
0.15978695073235685, 2.336684987365644, 0.8576650080365108, 0.2828815736776978
0.1278295605858855, 2.3181324766812406, 0.8340144520160853, 0.34621313233695306
0.13635153129161118, 2.2825676763978366, 0.8930773058674035, 0.3075526700616219
0.11790945406125167, 2.4110985235590117, 0.8945060729653815, 0.3357778332724455
0.18535286284953395, 2.2498115474469813, 0.8390533731518302, 0.22550000583655325
0.1918109187749667, 2.221575932044005, 0.8334488317362316, 0.21515812528454603
0.13362183754993343, 2.419103417883859, 0.8723258012867926, 0.28225797170716466
0.14607190412782955, 2.488407269386096, 0.8688465512161124, 0.2632325935492316
0.1274300932090546, 2.5594472879338044, 0.8457561326479758, 0.31684677430640273
0.11451398135818908, 2.304064770806804, 0.8992579764495657, 0.36582048710817994
0.15392809587217043, 2.310887016873861, 0.8123589686961421, 0.29182300186874616
0.10392809587217045, 2.4173460037349543, 0.8511152688109505, 0.4309483992330298
0.10845539280958721, 2.388614640175582, 0.8480243862007129, 0.40513222927229714
0.11245006657789614, 2.3703701070002645, 0.8452494290945286, 0.38281408546549506
0.10246338215712383, 2.3031390937762, 0.9095372941114597, 0.42322040770564096
0.09973368841544607, 2.46700703569957, 0.9219208684249114, 0.4772854825223016
0.10306258322237018, 2.558262617522962, 0.9076744981492427, 0.44786179397782194
0.10279627163781624, 3.02504855303885, 0.9146409792495348, 0.43929336447647754
0.11378162450066578, 2.9332006328948803, 0.8445719746978547, 0.37340940855093163
0.1155126498002663, 2.7449293721134906, 0.8655935947390945, 0.36650777259076084
0.13535286284953396, 2.607423991329978, 0.837212779019006, 0.32408830647746245
0.1521970705725699, 2.776939177179781, 0.875746155125441, 0.26708074257167164
0.1799600532623169, 2.5200754104774896, 0.7937384915151879, 0.2587703619960605
0.20978695073235687, 2.4492492833959756, 0.8157658442489543, 0.21140940427063215
0.2029960053262317, 2.2299747873082776, 0.7570922814831234, 0.2368929527120242
0.18988015978695072, 2.245971682393916, 0.783464811480116, 0.2579188394115766
0.15499334221038616, 2.4683702501253824, 0.8539392848732564, 0.2818779337902107
0.13801597869507323, 2.38414083313688, 0.8259291892314393, 0.30691843226532034
0.22802929427430094, 2.3010050844336636, 0.8073602977930392, 0.2120901062077283
0.1936750998668442, 2.6858134875364215, 0.8379184857368693, 0.21552055362365116
0.22862849533954727, 2.3510892642480874, 0.8071831396380615, 0.20020473494419144
0.21691078561917443, 2.634014296349133, 0.8243390350944979, 0.21727226853392628
0.1770306258322237, 2.4876463322204536, 0.841761825725121, 0.22870187914022647
0.22496671105193075, 2.1232217413171153, 0.8054065232552527, 0.20970484335579162
0.19427430093209055, 2.5334261989387152, 0.8273120275234557, 0.2269148440238676
0.13095872170439415, 2.3343994386980285, 0.8318387497573179, 0.34542070892292764
0.24647137150466045, 2.0343022691346357, 0.7708691989850013, 0.19117439491712818
0.1899467376830892, 2.119437929690281, 0.7874506605092937, 0.2585187879923694
0.127762982689747, 2.4239860180690984, 0.8474957972092187, 0.32012350197381606
0.18541944074567243, 2.4312113590786524, 0.8408523678604655, 0.25350875531141237
0.2256324900133156, 2.2990250186897945, 0.8136016320365559, 0.22472543867249545
0.22416777629826898, 2.204200190615241, 0.7938954016776657, 0.20852764481960903
0.1829560585885486, 2.4888229441031635, 0.8259475292952184, 0.24409167367595258
0.1107856191744341, 2.6513325716541227, 0.8464797194282617, 0.40843128803571427
0.1792276964047936, 2.570567770113799, 0.8187676737441223, 0.25965662311148924
0.2269640479360852, 2.271007470308385, 0.8164237664307937, 0.21726531206798097
0.22203728362183756, 2.2443251960207715, 0.8187081007256388, 0.2369317713187376
0.20639147802929428, 2.290262009082399, 0.8312579502866434, 0.23636986460693252
0.1344207723035952, 2.3594203242528615, 0.8812602993315498, 0.2947393285584699
0.16351531291611185, 2.5968763056671254, 0.8535330154348253, 0.24259304799219936
0.11804260985352863, 2.521805981416677, 0.8397382231559234, 0.3570665516322032
0.1755659121171771, 2.529477518709617, 0.8440064121483252, 0.2291521653376159
0.18435419440745673, 2.25098684782512, 0.7975579134599212, 0.24710674066732033
0.21904127829560585, 2.1710185583219546, 0.8158440936799536, 0.22421666603845977
0.18508655126498003, 2.4174765894320926, 0.8302764114509468, 0.2665863292054375
0.22636484687083888, 2.2915164855840837, 0.8129991450850903, 0.2389376208863158
0.23175765645805593, 2.164245850958932, 0.773720197798246, 0.20856530602300136
0.2344207723035952, 2.0840683609009107, 0.7721113311248314, 0.20292395799396912
0.21091877496671105, 2.157535798587748, 0.8069461714011957, 0.21022244087302244
0.20612516644474035, 2.1203517989534513, 0.8104059118932551, 0.22871472686219577
0.17576564580559254, 2.322902941632366, 0.8629616159976308, 0.26835316796692044
0.18009320905459386, 2.223431610719818, 0.8310244667708906, 0.28066860401582133
0.1325565912117177, 2.7803122404253435, 0.8702923258064779, 0.3389140362665362
0.16125166444740346, 2.309325684982038, 0.8315403652392965, 0.2529010465815063
0.23548601864181093, 2.3463521596674277, 0.7773382783046253, 0.21532857292973187
0.10798934753661785, 2.51956528284737, 0.848225955942393, 0.41962116289503426
0.18049267643142478, 2.2585108066525823, 0.8181041611159496, 0.25071247348486947
0.15612516644474034, 2.3626956001182053, 0.8448943474963704, 0.2774983320355512
0.162982689747004, 2.5692084891580236, 0.8526429811000322, 0.2465203919045907
0.25466045272969373, 2.1248965230746846, 0.7637547565059717, 0.2040114466840462
0.1637150466045273, 2.209736872505094, 0.8304442877727704, 0.25207911872405986
0.14647137150466044, 2.3001515962074346, 0.8834425663641546, 0.35647199578895106
0.21384820239680427, 2.240642739929626, 0.8134673149242689, 0.21334126695098007
0.12509986684420774, 2.411610351473133, 0.8414428562147731, 0.34398712536869824
0.17976031957390146, 2.2587435048842397, 0.8321544748842514, 0.23208044355804952
0.2270306258322237, 2.1606523541889877, 0.8069770433376948, 0.20244192358986912
0.13229027962716378, 2.86434678949624, 0.8824705367889161, 0.36670893694963974
0.18881491344873502, 2.462960773230234, 0.7889011877186926, 0.2721207891236719
0.1321571238348868, 2.4652753258751487, 0.8279022818536511, 0.35409690996945176
0.1252330226364847, 2.438497460682129, 0.8347315958512364, 0.3330392381810014
0.19320905459387483, 2.288280826386377, 0.8312186282256252, 0.23716915097574365
0.17762982689747003, 2.3045625060201487, 0.8019899481128837, 0.22878243125611064
0.12762982689747004, 2.4256786902818317, 0.8307988777318092, 0.3724149100911174
0.2070572569906791, 2.106630971793646, 0.8032861036354807, 0.2415244518295129
0.11684420772303596, 2.4117873167150345, 0.8416291587735807, 0.3543434609163981
0.18881491344873502, 2.21866453079663, 0.8519705551524026, 0.2717456518424982
0.15692410119840214, 2.3077657410688945, 0.8061341406692704, 0.2953389197300857
0.17103861517976032, 2.3679380580247162, 0.8608189001138288, 0.26099240279350266
0.23042609853528628, 2.0436726742911433, 0.7956890179483868, 0.21372882958761308
0.15346205059920107, 2.455461459006673, 0.8309585776348227, 0.28721762145355123
0.14860186418109186, 2.4314706406167916, 0.8365404198033961, 0.30066137162763523
0.1840213049267643, 2.2759025755957185, 0.8145677625174169, 0.24061788789142613
0.1396804260985353, 2.476724434835457, 0.8313162308487212, 0.30764719414635466
0.1663781624500666, 2.511455658463124, 0.840432496888775, 0.2575734937588859
0.2111185086551265, 2.258002551021017, 0.8301821864433628, 0.24662054022853688
0.14860186418109186, 2.3203914792218634, 0.8747365025992204, 0.32481844987859587
0.21398135818908123, 2.20186915891307, 0.7857733189305222, 0.2167155999691224
0.19673768308921438, 2.4087115492865183, 0.8256206169712142, 0.22390019108398676
0.1782290279627164, 2.2131885144666095, 0.854425628286688, 0.3003289263151765
0.19833555259653796, 2.1592806246325114, 0.7837783295512277, 0.24321258452889258
0.11830892143808255, 2.4327820188592817, 0.8398559532183382, 0.34967253119488034
0.15872170439414116, 2.2911244908439494, 0.8788762489502365, 0.28533415650531235
0.10725699067909454, 2.336420977361669, 0.9016313453908333, 0.42759352729304245
0.11797603195739015, 2.5058077886958574, 0.9036944348121814, 0.36947392137603946
0.1467376830892144, 2.439913144100522, 0.8526119089364919, 0.32602849525498456
0.16278295605858856, 2.8351987119124193, 0.8431762457359389, 0.27792088973730583
0.15099866844207724, 2.371123064000819, 0.8817063054856102, 0.29599832168813195
0.15505992010652464, 2.2903184114140616, 0.820302745340732, 0.2763405251781082
0.14134487350199734, 2.8520233530417265, 0.8396152164047251, 0.30383457606746456
0.2207057256990679, 2.141967987887234, 0.7673668184136571, 0.22111787883389478
0.17769640479360851, 2.256608221454722, 0.8450889131195278, 0.24593840014189644
0.11091877496671106, 2.3991117417256778, 0.8459943453319161, 0.38094752130278164
0.11491344873501998, 2.4752426600964186, 0.8416751874078063, 0.40147660762897835
0.11504660452729694, 2.642698897522553, 0.8997719737032713, 0.3160781776701947
0.11944074567243675, 2.3211384378403386, 0.9035511336812072, 0.35881363388274246
0.09946737683089214, 2.301280891657193, 0.8868668163677372, 0.27646234436057876
0.10173102529960053, 2.3488921690082423, 0.8571400096070954, 0.35855338412095156
0.11138482023968042, 2.405077155991972, 0.9053133313986217, 0.4226636710704559
0.13395472703062583, 2.75135847468192, 0.8551184515590395, 0.32592162649064904
0.10126498002663116, 3.1552048539155013, 0.85339999363446, 0.46832174176858743
0.10898801597869508, 2.629882310233643, 0.9053342940941994, 0.3589039626747423
0.10452729693741677, 3.3232699259341794, 0.9119033242377828, 0.39296834468393355
0.11817576564580559, 2.5720148850614315, 0.9041953601140055, 0.35073797313357036
0.18055925432756326, 2.4352143736161818, 0.8399366330711778, 0.24883570659409174
0.18308921438082557, 2.4941122232994606, 0.84842744183983, 0.2289263523172859
0.12822902796271637, 2.661275175566997, 0.8984765474824147, 0.29024593210910343
0.11577896138482024, 2.718221199663279, 0.8913927513020218, 0.33539297875345503
0.16165113182423435, 2.691386793281997, 0.8064220703983948, 0.28225272714070915
0.12669773635153128, 2.400950522925184, 0.8326592502928544, 0.3619443545552265
0.1854860186418109, 2.3067212246784994, 0.8161724178325079, 0.24238894829936072
0.17476697736351532, 2.4141290470937915, 0.7933557894782468, 0.2639696954726684
0.10792276964047937, 2.563245245564317, 0.8476826003739397, 0.40963427234717836
0.13921438082556592, 2.4664392001063784, 0.8869307007755886, 0.2653400134617604
0.1292942743009321, 2.793513444435104, 0.8542016408814129, 0.3135934899975991
0.21165113182423437, 2.2903090254206475, 0.7955242472989649, 0.2099932438756486
0.16478029294274302, 2.1683803410568188, 0.8032716005339033, 0.305553683920573
0.20805592543275633, 2.241336862022645, 0.8220879539504514, 0.22584166200177325
0.14174434087882823, 2.207213216281921, 0.8155879360202785, 0.33971322216621624
0.18601864181091876, 2.168566364192772, 0.7832620932334122, 0.2660382966997999
0.11504660452729694, 2.5312833896092823, 0.9043021510562147, 0.3943114359891427
0.17569906790945405, 2.282974073493211, 0.8402486762005847, 0.22771323078579303
0.1274300932090546, 2.4849523359941896, 0.8920497335904993, 0.3442649677436468
0.13102529960053264, 2.284814870682918, 0.8319412709092824, 0.3423022066353409
0.15532623169107856, 2.420203421285721, 0.8304496784985548, 0.27195555371011565
0.13109187749667112, 2.465160444390758, 0.8594900428189383, 0.3214540557235258
0.1137150466045273, 2.783064902924031, 0.9073582108741485, 0.385416039772834
0.10339547270306258, 2.5593436420598774, 0.857684852798715, 0.4366759286628531
0.13022636484687083, 2.2234233872471414, 0.831486622868132, 0.3613040899171097
0.1655126498002663, 2.3432038415843417, 0.854499248451977, 0.2876682276693883
0.20359520639147802, 2.2381685474899893, 0.8361233461141172, 0.2402464415619103
0.1521970705725699, 2.7293879157614294, 0.8458945675283709, 0.28111644383080364
0.15199733688415445, 2.4239238203762374, 0.8586715453139697, 0.2727540789719316
0.19254327563249002, 2.2437534898876668, 0.8323381244701757, 0.22575761523107832
0.12476697736351532, 2.496386529158022, 0.8680670344885101, 0.3351215300500304
0.15193075898801597, 2.4980709059657493, 0.8474723115703121, 0.2413095895910624
0.14640479360852196, 2.489972968528496, 0.8766261684258001, 0.2840525371369429
0.11990679094540613, 2.3016564887706514, 0.8988016322335927, 0.3646658480822786
0.2248335552596538, 2.1301408162288435, 0.8006815987315887, 0.17463360888636914
0.16025299600532622, 2.3459123057865114, 0.8620724905223527, 0.24304125785058348
0.14693741677762984, 2.2855811484802895, 0.8322676791474461, 0.28562036009054187
0.12396804260985353, 2.338873671564694, 0.834775120254752, 0.3371718823769067
0.12197070572569907, 2.3741740268056146, 0.8469669571705054, 0.35542553151504797
0.10785619174434088, 2.429361879881149, 0.8479819120915049, 0.4083178168726769
0.1348868175765646, 2.5514965170590127, 0.825321898988807, 0.31370615788699435
0.16657789613848203, 2.159764178908776, 0.8075121978291614, 0.2605186855836223
0.19693741677762983, 2.121036520749132, 0.8066891391037007, 0.2499564981037372
0.18468708388814914, 2.1587225502800846, 0.8073567475033032, 0.21697223862968135
0.205525965379494, 2.1276112006126486, 0.8011939346889055, 0.2306558981524494
0.15239680426098534, 2.507410400994767, 0.8558062009539626, 0.26814375063974594
0.12723035952063916, 2.3930405729342397, 0.9006206991570046, 0.3781066042474566
0.13468708388814912, 2.9294515884787677, 0.8634974633616505, 0.32213164540507194
0.1422103861517976, 2.234402709858078, 0.8164976971437696, 0.3282578696277054
0.1873501997336884, 2.1934440528743275, 0.7901656884034065, 0.26200326176717675
0.16165113182423435, 2.2720216349263325, 0.8026595022279662, 0.30374305588509953
0.2000665778961385, 2.2056334236649158, 0.8166580147589276, 0.22746850066692023
0.12942743009320906, 2.698420861454683, 0.8372712121587267, 0.313728531784303
0.22896138482023967, 2.0938021820966157, 0.7534982015016602, 0.2099751954552826
0.14447403462050598, 2.3804612614422758, 0.8860705679991234, 0.31993702891220555
0.14640479360852196, 2.7054382757284987, 0.8223624116203055, 0.29108874358984665
0.19727030625832223, 2.165137697615414, 0.779013144774946, 0.24869742921518803
0.19966711051930758, 2.0746185692188424, 0.7775512316004669, 0.24347558294819371
0.21504660452729693, 2.2457124035621927, 0.8198382570661721, 0.2199758609539564
0.1807589880159787, 2.269224371537864, 0.7877468156181608, 0.28284687197621616
0.1840878828229028, 2.519146540487178, 0.8491133415657548, 0.2573681514390042
0.15632490013315578, 2.5985077689832123, 0.863901443833942, 0.32572807435079654
0.1882157123834887, 2.250071687990435, 0.7794620116516263, 0.2489408682513009
0.23501997336884153, 2.0578922954205665, 0.7837374012725004, 0.21294041162167163
0.2599201065246338, 2.0559878118981056, 0.7310395791106928, 0.17948064764633215
0.18288948069241012, 2.0665350174697514, 0.780333016414194, 0.26970383107234275
0.28501997336884155, 2.0236095026155287, 0.6976978468685385, 0.1662017067301565
0.2307589880159787, 2.155221192961368, 0.750202325744851, 0.21374940397899445
0.21790945406125167, 2.33317575153514, 0.80652781064109, 0.20932835727233537
0.24380825565912118, 2.0012049037987953, 0.7919417366746728, 0.21408501077574477
0.2611185086551265, 2.1489905134180733, 0.7672549130164663, 0.18918519300096512
0.21990679094540613, 2.240057796997808, 0.8145269712946007, 0.22889262254407364
0.23462050599201065, 2.152451483379509, 0.8064321889716003, 0.2365632067001542
0.1693075898801598, 2.40739511905434, 0.8411531576510529, 0.26058940692140675
0.2114513981358189, 2.2083089233794, 0.765553635138882, 0.23742638040797368
0.24314247669773636, 2.091329296546357, 0.7640314434414932, 0.20189884764617932
0.23082556591211717, 2.0102036948051656, 0.7363457440341908, 0.20606088589750882
0.24234354194407456, 2.079355637401779, 0.7586504303907777, 0.20538916725229228
0.23681757656458055, 2.150350621679969, 0.7695263019918133, 0.20833246290361349
0.17316910785619175, 2.237126716312651, 0.7894466130414269, 0.2620863765704185
0.1930093209054594, 2.061550789730209, 0.7817972258869113, 0.25517956165668565
0.21877496671105193, 2.070223264759295, 0.8041130944832245, 0.20993971597297179
0.2559254327563249, 2.0267007436320563, 0.7613614379255372, 0.2032545474878318
0.2325565912117177, 2.174070067979524, 0.8033980827516288, 0.22525562688732303
0.25732356857523303, 1.9720480958329696, 0.7507945315489063, 0.20075108659350968
0.20752330226364846, 2.468137482018985, 0.7681276812581379, 0.25158010452479457
0.2552596537949401, 1.9979471255356716, 0.7339569667884611, 0.19662353263263985
0.2256324900133156, 2.0538580159908446, 0.7839652626645397, 0.23334481713297384
0.30872170439414115, 1.9136178310241267, 0.7076492020555226, 0.16208927587685967
0.21731025299600532, 2.2060923615522614, 0.7877153191785777, 0.23081783883018733
0.2662450066577896, 2.0602605646324856, 0.7214811973604592, 0.19138386004437205
0.25379494007989345, 1.9988396237201285, 0.7800911805068512, 0.19278109588900122
0.2032623169107856, 1.9935235225130492, 0.7632430569393571, 0.2520207918970085
0.10046604527296937, 2.304694650382716, 0.9134853109331807, 0.36364864435695843
0.12050599201065246, 2.360596804715663, 0.8444954599789969, 0.34106506708165724
0.10419440745672437, 2.546603927234518, 0.8517700057380408, 0.4350768524148378
0.09933422103861518, 2.5226933113506407, 0.9184179034232867, 0.4748995341200671
0.10126498002663116, 3.1909602467670104, 0.85339999363446, 0.45003873140448036
0.13508655126498004, 2.4776366425020875, 0.877283503800774, 0.3068148022066141
0.12290279627163782, 2.8478210597555744, 0.850916881128808, 0.3378315393333272
0.14720372836218376, 2.3627574068649153, 0.8697185975127506, 0.2789206159853295
0.10466045272969374, 2.530503820753923, 0.8510922139250617, 0.43204087696848226
0.14747003994673769, 2.344679053542458, 0.8948235670425934, 0.2774368317610684
0.16917443408788282, 2.251780452407629, 0.8351718654786172, 0.2916678748797785
0.1321571238348868, 2.311503535524983, 0.8888557011628958, 0.32704737331577477
0.11098535286284954, 2.317388307897451, 0.8464261487105701, 0.40523577420161816
0.11744340878828229, 2.809099037117869, 0.9034641201625468, 0.396523978166322
0.1477363515312916, 2.4644330681878306, 0.8236740948373368, 0.2909871668082504
0.11524633821571238, 2.4039028825121775, 0.8900361783974001, 0.3252461838247762
0.18848202396804262, 2.287454435987257, 0.8472833374007145, 0.2512039640130938
0.11604527296937417, 2.819010813369573, 0.8430161675074805, 0.36442637917397763
0.11218375499334221, 2.6819062432341187, 0.9121138948545351, 0.42434942119609553
0.10153129161118508, 2.468225881604158, 0.8532624613619872, 0.4502006086490687
0.10013315579227697, 2.8252329265547496, 0.9172522634919105, 0.46068236132060375
0.1481358189081225, 2.4434602105585776, 0.8821122207333946, 0.32958473840731306
0.11411451398135819, 2.375793235827381, 0.8422400055282603, 0.37393557702167773
0.17210386151797602, 2.49511963929857, 0.8482241669751686, 0.22610632715148074
0.11770972037283622, 2.3416959638205097, 0.8433282356894318, 0.382535814660854
0.19207723035952065, 2.390975954735803, 0.8414698999273861, 0.22467269717674776
0.18675099866844208, 2.2893292204835283, 0.78945879030873, 0.22979247286387966
0.14041278295605858, 2.568562595472831, 0.8804419815494794, 0.2935793027966616
0.10679094540612516, 2.7869167424272128, 0.8496523684292372, 0.41079142140435393
0.14873501997336885, 2.5897718215433163, 0.8201067155168964, 0.27960746780281076
0.11910785619174434, 2.566162894291186, 0.8433093184638726, 0.3476009387232257
0.19533954727030625, 2.4009401989840318, 0.8059589342777744, 0.2141905812083947
0.12070572569906791, 2.452045304956195, 0.8381745367331885, 0.3799538055424852
0.1252330226364847, 2.3525322187121476, 0.8903791746166063, 0.31298082365549557
0.10126498002663116, 2.72039490732626, 0.85339999363446, 0.44868215150377844
0.15885486018641812, 2.5506465636223514, 0.8458514188029486, 0.26799607399794356
0.1848202396804261, 2.4147492693918204, 0.826950965864442, 0.2269981787832281
0.11018641810918775, 2.851289251942768, 0.8465469678807517, 0.3862249092478118
0.17689747003994674, 2.2000011773385633, 0.7990873291881319, 0.2536518369482306
0.1711051930758988, 2.268309180373041, 0.864996914997615, 0.2512106982609498
0.1503328894806924, 2.431732227822912, 0.8142411759419101, 0.2964756290969966
0.18315579227696405, 2.34029135661976, 0.8398337651775242, 0.23127318546597744
0.1085219707057257, 2.3452657449420062, 0.8483714153213746, 0.4078744648122667
0.10419440745672437, 2.50539071921026, 0.8512847870185142, 0.4224506552992413
0.1340878828229028, 2.7660803190004652, 0.8569811296029141, 0.28442250568237454
0.1458721704394141, 2.4743945374628518, 0.8480253616273079, 0.2651224334883663
0.151797603195739, 2.577193686838315, 0.8689582950224896, 0.2760549168977129
0.17310252996005326, 2.462813647545765, 0.8153304294008406, 0.25205606531214086
0.10805592543275633, 2.8144597416632027, 0.8483645922800511, 0.4163562505393553
0.1873501997336884, 2.5313652261516224, 0.8473920129715333, 0.25842690215217073
0.1685752330226365, 2.2798492657519214, 0.8254335600258957, 0.2458785691377722
0.10798934753661785, 2.9064469910334654, 0.8482204300923963, 0.41848379831942445
0.18288948069241012, 2.17025312865463, 0.807660580002577, 0.23099840339369845
0.16564580559254327, 2.4653287140253224, 0.849434706454308, 0.260159809052165
0.1533288948069241, 2.2822209977436954, 0.8560291250002281, 0.29325023298497904
0.2196404793608522, 2.1708159787994568, 0.7998521035155559, 0.19641864265252829
0.15459387483355527, 2.281172506564784, 0.8699675954001833, 0.32815865122843024
0.12383488681757657, 2.4341685626303624, 0.8478773126067697, 0.3189352970259121
0.11165113182423435, 2.5959920418325977, 0.8433376257405847, 0.391248139942493
0.16071904127829562, 2.307480270995916, 0.8385376107943404, 0.25743767405866236
0.11411451398135819, 2.850191321286476, 0.842427390805757, 0.3899698055696139
0.13981358189081225, 2.386486933004364, 0.884175639994684, 0.32235431148464405
0.11138482023968042, 2.8395124007735686, 0.896357258315782, 0.40980409795460526
0.10086551264980026, 2.750304312553609, 0.917112370667477, 0.4562952383186845
0.14054593874833554, 2.7283702734465924, 0.8826125818939444, 0.263047889419852
0.14507323568575234, 2.4866278720203634, 0.8627587331426494, 0.25077832898246283
0.15785619174434087, 2.2650021806299767, 0.8539242519505486, 0.26279533770096597
0.10539280958721704, 2.980765335870964, 0.8502980471179243, 0.4107880039654198
0.12283621837549934, 2.879739050092932, 0.8603919677732299, 0.3162672312078716
0.13348868175765646, 2.3771551230617276, 0.8270543556335376, 0.34613100420029397
0.16950732356857523, 2.3725049495062085, 0.8161643462243194, 0.2560874707929766
0.16005326231691078, 2.436221189894149, 0.8194022639329532, 0.2946651543367902
0.1036617842876165, 2.6225139426327893, 0.8515231626400375, 0.43031015593452904
0.16398135818908122, 2.3410171600299257, 0.8073442183232933, 0.26594825591106336
0.12190412782956059, 2.5153068757961976, 0.8811826000998976, 0.3284667617719432
0.12197070572569907, 2.837129090327556, 0.8517598201126839, 0.3203623484478813
0.17623169107856193, 2.2464199819752126, 0.8187852783263669, 0.23538839922117777
0.105525965379494, 2.3880491024247816, 0.8494086397881412, 0.4147057533137073
0.18528628495339547, 2.2243633940677032, 0.7929672273094998, 0.2347659357525218
0.14467376830892142, 2.363170595707176, 0.8174758423368335, 0.3032121640802155
0.18595206391478028, 2.1576631415263314, 0.8361956383753992, 0.23366277932051055
0.19314247669773635, 2.211101724034778, 0.8407118765895321, 0.248463467754128
0.1626498002663116, 2.3681382814672753, 0.8049912779521147, 0.28915176069140885
0.2051264980026631, 2.323994265129658, 0.8291865875514252, 0.23399993000430225
0.12243675099866844, 2.6147026242214575, 0.8446094555989251, 0.34910111543060085
0.1306924101198402, 2.520697131622012, 0.8300613604139534, 0.2972736507579912
0.16724367509986685, 2.3645196465614156, 0.8074119144724137, 0.2697841572440504
0.13015978695073235, 2.692506629129383, 0.8955301205941656, 0.37552946194037307
0.1936750998668442, 2.2377152167211043, 0.7862054948815036, 0.23788321337262697
0.14174434087882823, 2.3880963495901515, 0.8831757265564067, 0.26018335873904663
0.207323568575233, 2.25736484411712, 0.8253998503439196, 0.226357384928534
0.16105193075898802, 2.5557003040724844, 0.8511195197926681, 0.26482295569093
0.13242343541944074, 2.3192696835483595, 0.876517817144113, 0.27980981819793926
0.18808255659121173, 2.4222804235237416, 0.8228107162657782, 0.20583142846661187
0.1926098535286285, 2.219716866649737, 0.7825351506644762, 0.23830125940772745
0.11577896138482024, 2.55192851058732, 0.8408159700013481, 0.39280448198395723
0.14460719041278294, 2.4923166541419874, 0.822560159129208, 0.29274960431843206
0.23648468708388815, 2.303599987759412, 0.7930400678697395, 0.20152814341086278
0.2078561917443409, 2.520511985610868, 0.8166101362602926, 0.2251184074181824
0.15419440745672436, 2.1821384726050055, 0.8097226080266592, 0.32625785211424435
0.14047936085219706, 2.336105970107763, 0.8848245199178452, 0.2769784285019961
0.09846870838881491, 2.3044236581112827, 0.900490490386597, 0.3206075545128343
0.10079893475366178, 2.3718488267353783, 0.8536946938947857, 0.44440157591720847
0.10126498002663116, 2.4323340422145217, 0.85339999363446, 0.4493646253162391
0.09973368841544607, 2.719248607798359, 0.9219208684249114, 0.4779113301259187
0.10126498002663116, 2.7182987238135383, 0.85339999363446, 0.44870567407201684
0.12043941411451398, 2.7034588443217045, 0.8663658874464939, 0.3216038587347006
0.11125166444740346, 2.391026977026034, 0.9088538303012883, 0.4035422501684006
0.15838881491344872, 2.5930450762556334, 0.8139913585158369, 0.2727703333862889
0.1048601864181092, 2.384972671178305, 0.8508718373511303, 0.42126311404560224
0.11311584553928096, 2.333787934884885, 0.8449461044679113, 0.38080413972570837
0.10765645805592543, 2.9219080516961857, 0.9095965597671808, 0.37531764285020025
0.131491344873502, 2.374184743375499, 0.8886839368415197, 0.3501508448617235
0.16657789613848203, 2.5097058912647388, 0.8075142167588544, 0.2541269823001287
0.1577230359520639, 2.4411950090356895, 0.8566343744927382, 0.2596376301330098
0.10126498002663116, 2.7252874900910573, 0.85339999363446, 0.4554121067954431
0.10539280958721704, 2.5865455860780493, 0.9162591416889966, 0.40274708489423405
0.15272969374167777, 2.3627865717985657, 0.8087435187882502, 0.27515935806577013
0.13249001331557922, 2.473652662513418, 0.8825152987818434, 0.29887513054053694
0.20053262316910786, 2.636137834794512, 0.8336509250485244, 0.22087685407169455
0.13568575233022637, 2.899546040965619, 0.8301583052946956, 0.304664863669481
0.11424766977363515, 2.5459812577610488, 0.9036848400758154, 0.33168793435076843
0.13561917443408789, 2.330748120577294, 0.8237037256979951, 0.33104536459829814
0.10865512649800266, 2.431179354463849, 0.8481016085134371, 0.40372132208973777
0.12103861517976032, 2.423086974965272, 0.8775507609469002, 0.32326028406702023
0.1192410119840213, 2.552715569909181, 0.889034735415156, 0.31870564053511546
0.1936750998668442, 2.6795001098462015, 0.8449599112723151, 0.23109319688733554
0.18388814913448734, 2.371011530281542, 0.8023425304541256, 0.24960871299697093
0.1274300932090546, 2.4368885124570996, 0.8772595652404341, 0.30058302743661014
0.1408122503328895, 2.3643984872634496, 0.8659771819314712, 0.2765341256281871
0.10439414114513981, 2.6354482683892573, 0.8512484881746474, 0.43118367797749046
0.15386151797603195, 2.6382021276436536, 0.8698693314943929, 0.26988253887520675
0.18055925432756326, 2.240095889187367, 0.8447594463400081, 0.2808245706385417
0.18155792276964047, 2.2752593244003076, 0.8512907381340744, 0.2651531709877314
0.14007989347536617, 2.8545894085408525, 0.8903975438081926, 0.2781868643689259
0.13641810918774966, 2.4128121144523953, 0.8340458617518878, 0.3332225284225243
0.19434087882822904, 2.2435530381894777, 0.8351387037840072, 0.2373060038144563
0.2066577896138482, 2.2447838974816503, 0.8259175575624385, 0.2391576338777233
0.21098535286284953, 2.434470308866704, 0.8226208494365941, 0.22581396663682085
0.21438082556591212, 2.3066929825453877, 0.8180208970837909, 0.2177192132823463
0.1826231691078562, 2.216419102674159, 0.7904009681536945, 0.26752316884751787
0.18422103861517977, 2.4014427639990448, 0.8394911895633317, 0.25680036300725095
0.18648468708388816, 2.4920149136954715, 0.8419878605237148, 0.2181995995956499
0.16431424766977362, 2.4832166006022223, 0.865587180788806, 0.3126203989596974
0.14580559254327563, 2.420313463357095, 0.8459734856341636, 0.28729705333844074
0.11324900133155792, 2.480244841167676, 0.8522455250202884, 0.3928973544214724
0.1782290279627164, 2.366449928847197, 0.8488205149397402, 0.22109840958871654
0.10645805592543275, 2.842796378684901, 0.9119416564283221, 0.425970015562352
0.13322237017310254, 2.5385797553310065, 0.861954456724409, 0.2933427503401941
0.11251664447403462, 2.4286205910810934, 0.8447930768501738, 0.4031532085882151
0.13462050599201064, 2.389866704256652, 0.8346984949986682, 0.33105147692311365
0.19727030625832223, 2.3457871519297004, 0.8229682184984408, 0.22090098710505957
0.20486018641810919, 2.339376666971275, 0.8225625517927143, 0.21608734494869963
0.11151797603195739, 2.542730272617861, 0.8461598095339347, 0.3787519778148167
0.11724367509986684, 2.5034665304477937, 0.9049846532233664, 0.3704356330783628
0.18255659121171772, 2.4417380830974933, 0.8420974046723964, 0.2182880498608743
0.17796271637816244, 2.5479511539643993, 0.8068530687940191, 0.24724835222923083
0.1414780292942743, 2.525980933504638, 0.8557598291812323, 0.2742185965223482
0.11584553928095873, 2.843984699975476, 0.9042204321467129, 0.32963657252220346
0.14267643142476696, 2.806507184897139, 0.8570161711534792, 0.30943085080206084
0.15466045272969375, 2.74429863517913, 0.852255762800928, 0.28194412298941884
0.13022636484687083, 2.3570438454297187, 0.8296678800918578, 0.3596460202710838
0.21318242343541943, 2.1842588779175487, 0.79897798082863, 0.22027932736957678
0.21524633821571237, 2.1601038021746075, 0.8039768726505812, 0.22493896788911505
0.17936085219707057, 2.20918359813614, 0.8296421402531862, 0.24617824504737904
0.1496005326231691, 2.3662688620001595, 0.8316648919543554, 0.2821818438319097
0.15346205059920107, 2.590967911489794, 0.8181697120070214, 0.31210615569147526
0.12190412782956059, 2.478646611643536, 0.8366622478126381, 0.3845560782026268
0.14600532623169107, 2.330009598412939, 0.8542017634486112, 0.27946231575357944
0.15139813581890812, 2.2728675353781043, 0.862120050261106, 0.29788165523504506
0.10079893475366178, 2.627155251318859, 0.9163258333378991, 0.45372036613713396
0.1873501997336884, 2.3830611437201976, 0.8433582870065861, 0.2181719876449751
0.14480692410119841, 2.581493193768312, 0.8612766747047137, 0.28060487452213706
0.16797603195739014, 2.4089487072869082, 0.844565395507185, 0.2599070350139938
0.1904127829560586, 2.4726843988927163, 0.8128713753117703, 0.23869705958068616
0.12623169107856191, 2.469931222992477, 0.8346326621050735, 0.3202488034246098
0.17390146471371504, 2.167716387076956, 0.8076745277230777, 0.2733654242109762
0.2255659121171771, 2.281774053799011, 0.7971852253111852, 0.21286464859101664
0.20912117177097203, 2.210346320092916, 0.8264499369791171, 0.24586482999918455
0.170439414114514, 2.5464140146335814, 0.853009307944979, 0.260687777320554
0.20432756324900134, 2.1712826821442133, 0.7953369496614393, 0.2397019797669239
0.20059920106524634, 2.2040158766960496, 0.8358470231626504, 0.24963246409552023
0.23049267643142476, 2.162733996247801, 0.8129412683120217, 0.21330705713364104
0.16524633821571239, 2.5624665627109704, 0.8570795661094326, 0.25590719047113547
0.18528628495339547, 2.2733858039868022, 0.8468119894619567, 0.24020703055740233
0.14933422103861518, 2.3172913363071954, 0.8577631529546543, 0.26784551848113625
0.21384820239680427, 2.252566254142915, 0.8299495731992778, 0.2275419879404236
0.1689081225033289, 2.3586212864807856, 0.8454903792703554, 0.23109051813122222
0.2219041278295606, 2.0987848165508276, 0.8075990715129718, 0.2326518551406318
0.1714380825565912, 2.381089260138462, 0.8056397256197745, 0.2569190424748484
0.12396804260985353, 2.5592034338317444, 0.8489839914747112, 0.3662693160424669
0.12656458055925432, 2.5019910871744475, 0.8812780784029816, 0.31761935983244927
0.20199733688415447, 2.2397961960572217, 0.777551064684019, 0.24883398178575974
0.19766977363515312, 2.2037267179924065, 0.7780315305346633, 0.2653348372483745
0.2044607190412783, 2.1278047769269675, 0.7852916932118186, 0.2323776927710036
0.13954727030625833, 2.3106873128449075, 0.8857671259755733, 0.3451350399723204
0.21231691078561918, 2.227298158038155, 0.8241538317566672, 0.24599532434898094
0.1932756324900133, 2.2777914780513266, 0.7964819863767768, 0.2536405225046977
0.14547270306258323, 2.600673606392547, 0.8602865348613027, 0.2913446556389037
0.18641810918774968, 2.4627660385103582, 0.8458638129573468, 0.26726889976198365
0.18528628495339547, 2.2730023354410966, 0.792615866767788, 0.2716407937181558
0.19613848202396805, 2.453325057085281, 0.8374096147064075, 0.23978049961079362
0.10093209054593875, 2.3028361287320185, 0.8940766284934399, 0.2917666161063225
0.10133155792276964, 2.3661870827131994, 0.8533390180247038, 0.4492504083526967
0.09973368841544607, 2.6520172239619786, 0.9219208684249114, 0.476188869516098
0.10126498002663116, 2.8689484382437644, 0.85339999363446, 0.44779605504068526
0.10126498002663116, 2.694340737427916, 0.85339999363446, 0.45212474906272837
0.11498002663115846, 2.9141843823396094, 0.8439255693298255, 0.36674471528696206
0.11611185086551265, 2.7139986943666847, 0.9061996187047648, 0.39404852543081215
0.11098535286284954, 2.843546127153935, 0.8462784671090595, 0.41128775666808404
0.11537949400798934, 2.9567830921648026, 0.8425446136937631, 0.36449780142201815
0.12676431424766976, 2.4989039530369954, 0.8436095999174902, 0.33016470233628653
0.13109187749667112, 2.8359414721336886, 0.8609118634742208, 0.31487519527665997
0.1374167776298269, 2.580667674156543, 0.881380157210423, 0.30920931933355106
0.22842876165113182, 2.1860537362479655, 0.7692993722182231, 0.18888252249294568
0.2448069241011984, 2.1412705461924944, 0.7638393203732337, 0.18220634367380714
0.205525965379494, 2.1823673191781685, 0.8004249397063792, 0.2175215872501836
0.18695073235685752, 2.4824922534501983, 0.8259680086567828, 0.2230315481159303
0.21158455392809586, 2.4133408410333286, 0.7941960004529137, 0.2257234101444811
0.20173102529960052, 2.4052551062780116, 0.8210426961364058, 0.2326161990815988
0.15619174434087882, 2.4217069673871547, 0.8727692323763867, 0.2974235720638412
0.21830892143808256, 2.218370126935836, 0.8237613954717211, 0.23202653131883966
0.26810918774966713, 2.100584677381617, 0.7710161206964743, 0.18863831440856907
0.21644474034620506, 2.252745353163638, 0.7779986888004025, 0.22684324682935564
0.21458055925432756, 2.20235707365403, 0.8051474358806141, 0.20991020290721876
0.17283621837549934, 2.3033443792563144, 0.8045989076236179, 0.25740227141671906
0.23794940079893476, 2.3457761934649612, 0.7671172339023097, 0.21490272488406265
0.27316910785619175, 2.113572139571732, 0.7206589956477794, 0.19197686146406054
0.2529294274300932, 2.084460751519857, 0.7621361244623392, 0.1913494677753384
0.26464713715046606, 2.122567551375705, 0.7694367647354565, 0.19811362701221966
0.2617842876165113, 2.040594808358486, 0.752756164644712, 0.1840759945739098
0.24540612516644475, 1.9837205320914164, 0.7168131666320194, 0.2272761936391392
0.23808255659121172, 2.157032493641786, 0.7743325230254956, 0.18148780017199379
0.30346205059920106, 1.9664504086129992, 0.7147790670645321, 0.16689828468169612
0.18495339547270306, 2.3899935723700314, 0.7847414612665866, 0.292845913361625
0.23794940079893476, 2.2039759254169846, 0.7472362071893864, 0.22038148539834893
0.21351531291611184, 2.2254243283551163, 0.7903188701060231, 0.23147947063020355
0.3025965379494008, 1.912567990700827, 0.6912452685377449, 0.18208858909087008
0.27470039946737684, 2.052598706629876, 0.7547107868688677, 0.19244614447009523
0.2385486018641811, 2.1192186119017524, 0.7553690109308873, 0.2176997330241498
0.2741011984021305, 2.02706213314111, 0.7619061664304304, 0.20506227509244027
0.2523968042609854, 2.3311738416572387, 0.7924056939211988, 0.2274838908248241
0.3310918774966711, 1.835714364583578, 0.6937191013619448, 0.1628216849101269
0.30239680426098536, 1.8510457121738582, 0.6850346955045584, 0.1883567614315271
0.3081225033288948, 1.8815413459441, 0.7053016888755985, 0.1680450556965625
0.2666444740346205, 2.059666073108005, 0.7651183067552672, 0.19404136985225331
0.36597869507323566, 1.7534139069355281, 0.6633990076340848, 0.147450900025597
0.29314247669773635, 2.030178447220519, 0.7498499604598746, 0.1864428883982165
0.34600532623169106, 1.7586743970288734, 0.6800370678319038, 0.16875594551563458
0.30745672436751, 1.8698224427458767, 0.7114274281438404, 0.18559973973031593
0.3349533954727031, 1.7525278673984717, 0.6522800246871975, 0.17179274984793522
0.27583222370173105, 1.955073973060289, 0.7536753548946252, 0.19339861357719212
0.3388814913448735, 1.7989781350373586, 0.6906556773688421, 0.17434321961355156
0.28388814913448734, 2.088978684412814, 0.7363952040685046, 0.1893142509368581
0.312982689747004, 2.0528042064962313, 0.6837847368621675, 0.1603404342289991
0.34054593874833555, 1.7941818551479103, 0.6670808534271686, 0.1593506133529987
0.3026631158455393, 1.8653334160579664, 0.6969537165885404, 0.19644595991366182
0.2133155792276964, 2.2015062469815447, 0.793433952698081, 0.25863077397081324
0.20046604527296938, 2.4724095860607775, 0.8151681525678487, 0.25866345200350865
0.28635153129161117, 1.9578936096156803, 0.7459337060603204, 0.2078894585914866
0.2939414114513981, 1.9145943536263172, 0.7213652367476547, 0.19172213252581688
0.222237017310253, 2.3631303695840304, 0.7798859181875486, 0.2385495712329941
0.29054593874833556, 2.1572544938000475, 0.689030342757707, 0.19698805536534944
0.36950732356857524, 1.7800239861090872, 0.6307318804542497, 0.14745976072877626
0.3318908122503329, 1.8648442641277605, 0.6769335324987753, 0.187011209534305
0.3048601864181092, 1.919602120656783, 0.7178874613396267, 0.1923820692089247
0.2914780292942743, 1.8637002825895734, 0.6985367992329806, 0.19822785025161285
0.3081890812250333, 1.9004827248143372, 0.7177454177399397, 0.19152360806300187
0.34207723035952065, 1.8390521141724008, 0.6495088106950966, 0.16571442292626026
0.31311584553928096, 1.8732795436475946, 0.6876157302648377, 0.19196684214646592
0.3781624500665779, 1.7179840824813564, 0.6259736387246793, 0.15505436226192468
0.25, 2.143071091814976, 0.729964240216248, 0.24966043829741535
0.3199733688415446, 1.816892051466613, 0.6854941758730924, 0.1855443533510673
0.3125832223701731, 1.9352470644483077, 0.7023463954140224, 0.1844503788493808
0.366711051930759, 1.7449542215914924, 0.6601852916069896, 0.16514397304991918
0.3375499334221039, 1.8043920934795539, 0.6722245895380337, 0.18200948044438445
0.29573901464713714, 1.9846877049431502, 0.6918688570709028, 0.21427487517805807
0.337017310252996, 1.7267381483393804, 0.6542636559261175, 0.1858490882128142
0.3083888149134487, 1.9741410786159506, 0.7302821073013868, 0.19563552691809633
0.38029294274300934, 1.6950450510183441, 0.6438539431491351, 0.16291887515381043
0.33089214380825566, 1.7942596729165228, 0.6868119647129557, 0.17924818995937675
0.3411451398135819, 1.741326840652448, 0.6636013153673638, 0.18987194767036716
0.3013981358189081, 1.9768176118360854, 0.6697438273679578, 0.188703090929985
0.32723035952063917, 1.849246064016965, 0.6755432435745417, 0.18771169420467781
0.3196404793608522, 1.8769181999262576, 0.6841934586970256, 0.18656995619986388
0.3645139813581891, 1.7258087473845831, 0.6285444116857856, 0.1670502150836169
0.28435419440745674, 2.1064744838861906, 0.7264577749387403, 0.19037470530841324
0.39161118508655124, 1.6123150694644086, 0.6113951231573883, 0.1565124744845801
0.28914780292942743, 2.065194327353479, 0.7006421587247271, 0.19764845431482456
0.3109853528628495, 1.86088777382904, 0.725117166922434, 0.19973369460849585
0.3774966711051931, 1.7145288073171312, 0.6186879363355067, 0.15252707559800296
0.36604527296937417, 1.777357391923785, 0.6454851567620828, 0.16390837943460312
0.34687083888149134, 1.7075396470973558, 0.6487424744253819, 0.18405628492682113
0.3377496671105193, 1.8685056708802714, 0.6716224123462563, 0.18816460817065536
0.34933422103861517, 1.7397078183257628, 0.6713973111114017, 0.1837663029587439
0.40905459387483356, 1.6717798085727007, 0.6050812915821403, 0.1440710464935771
0.34687083888149134, 1.7735043302436326, 0.6612690953900526, 0.17303140598181968
0.3521970705725699, 1.8009872773119042, 0.6722862752745149, 0.16556296930983655
0.29620505992010654, 1.9440673576680305, 0.6954429700226115, 0.21106465751876896
0.33415446071904126, 1.8106177608967422, 0.6545340280733458, 0.18390751490854262
0.35326231691078563, 1.7900420646970663, 0.663759191645498, 0.17588484669336132
0.42989347536617845, 1.5570596676612503, 0.5734352656159992, 0.14054247621201968
0.320439414114514, 1.8895753516744918, 0.6655139308061736, 0.18690313502927677
0.08382157123834887, 2.3014207152012345, 0.9148659325225083, 0.33017678213272944
0.11597869507323569, 2.3746151412057177, 0.8999319668179736, 0.36353903019340633
0.10126498002663116, 2.472915483854423, 0.85339999363446, 0.4507186512961011
0.10126498002663116, 2.4206059309518766, 0.85339999363446, 0.4513415616067529
0.17416777629826896, 2.433585457406571, 0.8168536500569954, 0.23467437247050654
0.12616511318242343, 2.5657298081010063, 0.8920670769157111, 0.2708359891642018
0.17197070572569906, 2.3301070046329624, 0.8566424527272234, 0.26258934216548935
0.17350199733688415, 2.6653622867383273, 0.8148296176328151, 0.24859909227448693
0.10798934753661785, 2.5721280942267963, 0.9087073528190605, 0.37402358879213365
0.10246338215712383, 2.822108200803578, 0.8540751405899247, 0.43927298355473576
0.10126498002663116, 2.7470329656026333, 0.85339999363446, 0.4501315928442892
0.13122503328894808, 2.41592468989197, 0.8274810638550844, 0.35988566740204897
0.18009320905459386, 2.477080605311019, 0.8508890465082627, 0.2612241816152302
0.19394141145139815, 2.575293343997351, 0.8434180448439561, 0.2528126230302207
0.15126498002663116, 2.4908718071034683, 0.8716083915983326, 0.28089434845608996
0.18282290279627164, 2.3616247755074786, 0.84757587931078, 0.2634299551792127
0.23988015978695074, 2.2329830911838897, 0.768744246637032, 0.19941910275273966
0.22390146471371505, 2.230191391192565, 0.7865054229206883, 0.21836797420658233
0.24893475366178427, 2.0727592238494146, 0.7773655792745489, 0.1970507464275012
0.15472703062583223, 2.436824583384232, 0.8654546140186896, 0.2721340745473392
0.2347536617842876, 2.0667248290880385, 0.7896292022843368, 0.1924118933945255
0.2256324900133156, 2.224971902132352, 0.8092763031787341, 0.21395914451370332
0.15472703062583223, 2.3129721432963954, 0.8398927273150909, 0.2792616379216995
0.15426098535286284, 2.411754960452669, 0.8466026124820759, 0.3267330592839486
0.2521970705725699, 2.0929382233819696, 0.7599088912773087, 0.19720291981265844
0.16877496671105194, 2.389697950887934, 0.8590718026151337, 0.2661738616416902
0.1933422103861518, 2.359621634698422, 0.8029835017230991, 0.2404187355479048
0.19047936085219708, 2.150981982673373, 0.821153786464034, 0.25436716695534356
0.21018641810918776, 2.1526879508152463, 0.7998487852492445, 0.23151124162777362
0.16564580559254327, 2.130268717288336, 0.8217333811108086, 0.2679564457257879
0.19973368841544606, 2.385195046393436, 0.7860665732603781, 0.2343472455681869
0.1573901464713715, 2.4086596289979476, 0.8506198385936387, 0.2750415436481061
0.20812250332889481, 2.315578566525335, 0.8162374977736726, 0.28920799276142356
0.2859520639147803, 1.987239773061558, 0.7332403066961494, 0.17859311677902753
0.18375499334221038, 2.2643992317024466, 0.7949185042890186, 0.2636684012099761
0.25745672436751, 2.1040429422802993, 0.7371888961538121, 0.19262051159376756
0.181491344873502, 2.240351014845222, 0.794402131657222, 0.26787191725905707
0.17223701731025298, 2.509468772106577, 0.8362329413464954, 0.2507223454965663
0.244474034620506, 2.0756481217957052, 0.7720042211969579, 0.20449949304735046
0.20486018641810919, 2.2074942175145154, 0.812358711020103, 0.22381839804393525
0.2663115845539281, 2.140311191033587, 0.7549081408185617, 0.1900910508706364
0.2558588548601864, 2.034834567136993, 0.7605876292799664, 0.1922335326501942
0.231491344873502, 2.1468784980029465, 0.8076846902902715, 0.25403256585843254
0.23994673768308922, 2.0610968088103676, 0.7667738628309739, 0.20560465934010497
0.231491344873502, 2.1967522513136246, 0.7656848473563187, 0.21644490788126036
0.17250332889480693, 2.253809932243332, 0.7954004938076021, 0.24241909197564432
0.1782290279627164, 2.172891089705113, 0.8175562165794108, 0.2633094340890526
0.23175765645805593, 2.022848752688631, 0.8006888013215245, 0.21845920163256877
0.2530625832223702, 2.0935810971950564, 0.7670062071991508, 0.2033239572877526
0.3237017310252996, 1.8924277190997025, 0.6962339914644537, 0.15317777213086733
0.20805592543275633, 2.187677148393245, 0.8014500824999012, 0.250960280985278
0.27869507323568576, 1.965076677177781, 0.7454699448215751, 0.19158001653564236
0.1755659121171771, 2.1415323615153525, 0.8023862995273042, 0.31404333194752665
0.1437416777629827, 2.1891912385087196, 0.8314424401197218, 0.2876750018970363
0.13974700399467377, 2.5740483534161482, 0.8333391863948552, 0.29900279338277735
0.24653794940079893, 1.9983110674846665, 0.7644928327951811, 0.19200187798207913
0.1926098535286285, 2.2034308998626018, 0.7868529125127385, 0.2591397349639988
0.24793608521970706, 2.143640182227809, 0.7840592326040462, 0.20290589364305212
0.3000665778961385, 2.0054908913397758, 0.7271840303854351, 0.16085716043781786
0.21278295605858855, 2.247423734320464, 0.7954694142733841, 0.22695917132181898
0.23808255659121172, 2.115224422722777, 0.7768389240894984, 0.20363875766396122
0.20845539280958722, 2.1486737563749765, 0.7755598078602669, 0.24296136211528196
0.19214380825565913, 2.1290927418935475, 0.8339264020949813, 0.26467969395254054
0.17197070572569906, 2.1908787048847156, 0.830258948178906, 0.26798768936558937
0.26757656458055923, 1.9296887794442563, 0.7295928957121471, 0.19494758505280121
0.25758988015978695, 2.0228516009215824, 0.7267262332838138, 0.17555246282362544
0.14061251664447402, 2.5355807017907006, 0.8223982661850713, 0.3091631427514168
0.25059920106524636, 1.978374912866581, 0.7356523265246757, 0.21653826202190754
0.1955392809587217, 2.354989066902553, 0.8274478178785937, 0.2531082381574196
0.1807589880159787, 2.214275126022283, 0.8399688331163532, 0.24430639307791618
0.2563249001331558, 1.9700373282365888, 0.7428091119390675, 0.2081729748837581
0.205525965379494, 2.083783134365685, 0.7659114877632875, 0.2632932770402667
0.2328894806924101, 2.0697504470415025, 0.7814795479101646, 0.217131119295361
0.27403462050599203, 1.9516714054004807, 0.7272743337111589, 0.1840371294055292
0.1959387483355526, 2.100861209369055, 0.7752979307907384, 0.2705217238769116
0.2515312916111851, 2.1519267573833623, 0.7788700513074227, 0.19599012160667276
0.28342210386151795, 1.9921972721140488, 0.7435678396292333, 0.18625378944586773
0.13288948069241013, 2.3266805547452005, 0.8272798590930998, 0.34411548768727757
0.20605858854860187, 2.317124028243968, 0.8212335115822623, 0.2211882561308309
0.22723035952063914, 2.0586283186701104, 0.8064556276101565, 0.2348181520782585
0.23169107856191745, 2.0843159256143355, 0.8010435058606802, 0.2260376469027887
0.2855525965379494, 1.9976869369553187, 0.7272109618741692, 0.17268492262499527
0.26744340878828227, 1.9526045870050768, 0.7375547498595545, 0.1968210584729173
0.24946737683089215, 2.041594350901488, 0.755134647285689, 0.21153664054411617
0.24394141145139814, 2.1048193761813496, 0.7651031882458984, 0.2346122050632498
0.17762982689747003, 2.3035758592952265, 0.84249696628818, 0.24066335176615955
0.22896138482023967, 2.0312106711370808, 0.7908555001717034, 0.22722022087526142
0.3057922769640479, 1.945345223707937, 0.7208101431224608, 0.17162471531926843
0.28828229027962715, 1.9602696247884976, 0.7354952079826466, 0.1865509007327172
0.18342210386151797, 2.1995186691912765, 0.8515771879881747, 0.25128715779881833
0.20066577896138482, 2.1741100961692164, 0.7928089635480323, 0.22298254325370911
0.16564580559254327, 2.4747224292528136, 0.8028678846581248, 0.281278987209758
0.2292276964047936, 2.0867852080439757, 0.7525803900163491, 0.23070067088680538
0.25279627163781626, 2.1648193952326134, 0.7773583653384848, 0.20941119208728032
0.1518641810918775, 2.734276632895165, 0.8717626423128186, 0.32180373384728433
0.2492676431424767, 2.2377919728484517, 0.7751279700138022, 0.20736833227195034
0.2689081225033289, 1.9996077160781296, 0.7508256245112563, 0.19411303110954953
0.212982689747004, 2.1070845278141186, 0.7993428351884553, 0.22750488349212344
0.16324900133155792, 2.3172775193870305, 0.8675838900545684, 0.281853893422138
0.14360852197070573, 2.241679881392084, 0.8164758061176168, 0.34122553391684696
0.15932090545938749, 2.3903046486618993, 0.8079682878164729, 0.30559936040503155
0.08308921438082556, 2.3053051985214936, 0.9331021608204325, 0.2338765575556907
0.1292942743009321, 2.3875432149071827, 0.8944049266054147, 0.3576972885213371
0.1455392809587217, 2.538214512980889, 0.8775989576321269, 0.3151678964355501
0.16471371504660454, 2.750504571310531, 0.8320652617425952, 0.25673740926809724
0.15905459387483356, 2.8494611705825745, 0.8707284241760975, 0.26836680990741096
0.1659121171770972, 2.8314524416123503, 0.808265682874105, 0.26899291415427373
0.16051930758988017, 2.6098391394124687, 0.8679804510029807, 0.3131531106390785
0.18575233022636484, 2.378876417383214, 0.8452183647040612, 0.2470762596211251
0.18715046604527297, 2.3012965669168453, 0.8011280269415597, 0.24243600765592727
0.15006657789613848, 2.4740879684964447, 0.8784946396169275, 0.3076618281481171
0.11664447403462051, 2.61254834808935, 0.8935851679017319, 0.32708929437133405
0.17609853528628494, 2.410179520470801, 0.8503364693789149, 0.27417145007797467
0.14494007989347538, 2.4839894965271183, 0.8181251965641577, 0.34856662342853284
0.13109187749667112, 2.826765393845727, 0.8466399857446667, 0.31431572634071697
0.11637816245006657, 2.8568504677591884, 0.8422277099436404, 0.38149360916125047
0.15466045272969375, 2.5961114621987833, 0.8588594237588133, 0.275962491320915
0.1489347536617843, 2.3813076861926943, 0.8827451054397748, 0.28807868863874786
0.15312916111850866, 2.569074066588469, 0.8269086955406105, 0.2786079217264286
0.11591211717709721, 2.6843307613453438, 0.8526675403875005, 0.3763805088684135
0.22310252996005325, 2.4109445854207965, 0.7932024111767952, 0.20318677642819527
0.19980026631158454, 2.2277343581900615, 0.777323287299923, 0.2575811995788327
0.14260985352862848, 2.64856113981153, 0.8605233568518592, 0.2808622136286697
0.24906790945406126, 2.075205577872247, 0.7736415778357465, 0.19354406762895757
0.12969374167776299, 2.466857846273722, 0.8300333374558635, 0.3445446886923038
0.17936085219707057, 2.591341964902478, 0.8218614046825736, 0.2835497077579387
0.14480692410119841, 2.8578082679432337, 0.8616182415903577, 0.3101604134972968
0.10585885486018642, 2.902231653508905, 0.9128597586892836, 0.4215450961650267
0.21544607190412782, 2.2478721802744186, 0.7757104771711993, 0.22549428932965987
0.19067909454061252, 2.6105677913155123, 0.8029935983999852, 0.25850855773946757
0.20692410119840213, 2.472090879999369, 0.7971673787441209, 0.2282261538079127
0.19054593874833556, 2.546618868317331, 0.8180637341923109, 0.2438850268658582
0.23768308921438083, 2.012051821961384, 0.7564278895762432, 0.2131464898819206
0.21418109187749668, 2.134929592830046, 0.8094069419072595, 0.2250968077572676
0.1785619174434088, 2.1509799886400627, 0.7938355093901563, 0.25758970118818875
0.29800266311584556, 2.03965973870732, 0.7034311981434027, 0.16681776145811886
0.20765645805592542, 2.151491205654195, 0.7720693213217561, 0.24645097648383607
0.2114513981358189, 2.263365150192447, 0.7655926684220152, 0.2400998877272951
0.16837549933422105, 2.200520718407218, 0.7957155453472984, 0.2787817689889345
0.14853528628495338, 2.5284002266715118, 0.8141620682972248, 0.3300472209145595
0.15545938748335553, 2.2904405904078136, 0.811870671379395, 0.2914251671126344
0.17623169107856193, 2.485261976294289, 0.8064375713174115, 0.2784216225873489
0.23089214380825565, 2.4180259327913887, 0.7594181369633979, 0.22390009077029266
0.16824234354194406, 2.4300298097368564, 0.8553260489523602, 0.2817425006844687
0.25013315579227696, 2.150224018775512, 0.7390090463548818, 0.20793313102383137
0.19061251664447404, 2.070412075567182, 0.780273894620623, 0.2698870350487979
0.19573901464713714, 2.312873221308826, 0.779570113023938, 0.2547279001784999
0.1796271637816245, 2.360635259441942, 0.8378946276196515, 0.2352838424813751
0.27996005326231693, 1.9721456184209425, 0.7375135457723921, 0.18854803583408358
0.13288948069241013, 2.4867359944689924, 0.8289315865076943, 0.3471813127078886
0.23422103861517976, 2.0524072205060016, 0.7688519241853727, 0.21959688708559352
0.2660452729693742, 2.0325739900456288, 0.745986550420054, 0.20068666498829166
0.3489347536617843, 1.78898477846392, 0.6674467015662539, 0.1397274592339909
0.25099866844207724, 2.0632300194705055, 0.7658227081752557, 0.20382071987664038
0.24274300932090545, 2.2237391435711107, 0.7886466286697167, 0.20884172514413094
0.19933422103861517, 2.0273549889835634, 0.7748881909168555, 0.26398886296850577
0.24101198402130491, 2.122799601948531, 0.777696716812921, 0.20810995093576642
0.2837549933422104, 1.9410178795635462, 0.7265977751887955, 0.19188715387792846
0.13229027962716378, 2.257663043456452, 0.8270670178188868, 0.3555940950943956
0.1988681757656458, 2.2581756536636783, 0.7728115006954703, 0.2594559291880654
0.1615179760319574, 2.482841680684039, 0.8031738046624253, 0.3089085432487805
0.23581890812250333, 2.1199570177120473, 0.8057132030102534, 0.2319451917321537
0.2393475366178429, 2.1398283929624826, 0.7658800158862786, 0.21849261987314683
0.2099866844207723, 2.232465856291165, 0.8262006201896008, 0.27254695058003847
0.22496671105193075, 2.085465448134431, 0.8086606539361644, 0.24998643905655407
0.31637816245006656, 1.8516463683781705, 0.7215545400616734, 0.17103882610768273
0.20672436750998668, 2.309751378898614, 0.8096816385714853, 0.21361881088625637
0.1737017310252996, 2.280721268506247, 0.8023022144019074, 0.26999162745601796
0.17689747003994674, 2.224122507475346, 0.8047971992441867, 0.27421713018677274
0.24280958721704393, 2.0772927194595656, 0.7350261639597936, 0.22366288693329658
0.2550599201065246, 2.0500445166615133, 0.7394050734025658, 0.21343498920782017
0.28368841544607193, 2.0298128274166474, 0.6949622274953349, 0.18463408441558468
0.2596537949400799, 1.9240026695552108, 0.7334434519321449, 0.20886168903882202
0.19394141145139815, 2.2518527943864166, 0.8423716519832791, 0.28255784265762857
0.21571238348868177, 2.1125169044804477, 0.7598400663854994, 0.2608039657907636
0.22536617842876164, 2.324506514133531, 0.8039357671007907, 0.21559856254321727
0.23615179760319574, 2.2223395304141764, 0.7482553806456934, 0.22954562426785252
0.2492676431424767, 2.1211164020745956, 0.7388106877723429, 0.2169061578719709
0.23801597869507324, 2.0433124827005256, 0.735171430171473, 0.23397203527373567
0.25166444740346205, 2.0972055329979655, 0.7775570671713099, 0.23052988299850732
0.25053262316910785, 2.0953120254486124, 0.7907289886429816, 0.21634700753545277
0.27869507323568576, 2.0377555302591044, 0.7551143339570245, 0.1919415964438875
0.2761651131824234, 1.9837939187328761, 0.7738525416321467, 0.2018861889716742
0.2510652463382157, 2.0270807615767783, 0.7908564531693437, 0.22196967336924678
0.20466045272969374, 2.2590859573438626, 0.7706477506860636, 0.2883424530386789
0.2565912117177097, 2.1653555741422026, 0.726724213020709, 0.21504342593232587
0.2617842876165113, 1.9129618963650794, 0.7164149473709847, 0.22622138516292567
0.283288948069241, 1.9618152260145398, 0.7444490744436584, 0.19900453226758452
0.2355525965379494, 2.0327819027175282, 0.755434863395063, 0.2316299591426926
0.28868175765645804, 1.9333027923908754, 0.7114792313840829, 0.19710522529421876
0.312982689747004, 1.84785647334335, 0.7108513956862907, 0.173694390418579
0.22470039946737683, 2.0123527333715785, 0.7487775723038012, 0.251683991177297
0.2644474034620506, 1.8856642446846523, 0.7180325877314825, 0.21551453554925717
0.3244340878828229, 1.8058343938322423, 0.7236591314851178, 0.16995436271632755
0.3169107856191744, 1.8702807817414662, 0.679926437362947, 0.17834375283494125
0.2415446071904128, 2.217989536179366, 0.771722118803336, 0.23671851527859789
0.3015312916111851, 1.975303234661943, 0.7235767107909422, 0.17417461045911276
0.25406125166444743, 2.1238896119253297, 0.7760877470511047, 0.203227626888844
0.23641810918774966, 2.1027630130357338, 0.7622641937626835, 0.22268419574771403
0.25712383488681756, 2.1406287384295113, 0.7889396478629463, 0.20859690460165203
0.2643142476697736, 2.015999722064097, 0.724514689694977, 0.20952541733281635
0.2886151797603196, 2.034760949674364, 0.7383573193958337, 0.18538999315601035
0.09607190412782957, 2.303015567142065, 0.9118667641131029, 0.23626639231013555
0.0988681757656458, 2.456399624944527, 0.9143502308970638, 0.4709413621645831
0.10126498002663116, 2.750090197494598, 0.85339999363446, 0.4481193307587122
0.15239680426098534, 2.560896654294112, 0.8138903913333221, 0.29831398571151624
0.13229027962716378, 2.5033034563064573, 0.8906374952106176, 0.3292662098737641
0.12097203728362184, 2.417949777032024, 0.8786241927819816, 0.3174581480307076
0.16577896138482023, 2.378586925123725, 0.7882433975064529, 0.2721006197155711
0.12729693741677764, 2.583692012630036, 0.840251594418462, 0.31812121143821653
0.11511318242343542, 3.296306997118952, 0.901179658996399, 0.39701994241269245
0.1347536617842876, 2.4319811701377763, 0.8849656770417337, 0.30746544918351415
0.16051930758988017, 2.302569411669209, 0.8509218978821349, 0.2661085472261503
0.1930093209054594, 2.555242261151658, 0.8373434177053507, 0.2233120566809453
0.17197070572569906, 2.250087221429129, 0.7969372504463458, 0.28363228580871275
0.1433422103861518, 2.219587265397515, 0.8200548889608715, 0.31560346673975975
0.14793608521970705, 2.323385710167028, 0.8561023211294825, 0.2747588160171772
0.1173768308921438, 2.2707960692448874, 0.8392218298275305, 0.39379622443537604
0.10805592543275633, 2.6266854630805523, 0.8470358948161849, 0.4170354920007505
0.19487350199733688, 2.646907007281536, 0.8192204334487454, 0.2118588846117613
0.20978695073235687, 2.4660771907169554, 0.7790849808076652, 0.21674052797820167
0.16211717709720372, 2.6540980194840387, 0.8068031146978982, 0.2905083711392961
0.2159121171770972, 2.3606684150137056, 0.811505249983343, 0.20223673525987415
0.17769640479360851, 2.4204231256413236, 0.8485611379357921, 0.22697089098604764
0.13249001331557922, 2.598657810890405, 0.8872276390103653, 0.29893528781904743
0.13888149134487351, 2.9232090917709823, 0.8563161887200067, 0.29170732467316574
0.22589880159786951, 2.1956540552817394, 0.7766716375326745, 0.20144352587551445
0.16051930758988017, 2.3539871680434947, 0.8030012444181968, 0.28701135970511577
0.15073235685752331, 2.48335440517583, 0.8554702857990415, 0.27029373161349257
0.21537949400798934, 2.3431343058136584, 0.8229542196046303, 0.23632668320781552
0.22416777629826898, 2.2088137588154937, 0.8034573203811243, 0.20541431049538175
0.1555925432756325, 2.4222900187921588, 0.82391547330669, 0.31346179240184774
0.19134487350199733, 2.2856553253892575, 0.8260332909466093, 0.23733075987769695
0.11910785619174434, 2.6225949075226778, 0.9014585936316399, 0.38597062491222434
0.2197070572569907, 2.2262472852251025, 0.8177793543165383, 0.23583726666152757
0.16597869507323568, 2.5326434243138083, 0.8276715568571451, 0.3084549622449642
0.19873501997336884, 2.211308954046982, 0.8267173191051019, 0.25113250652758773
0.21278295605858855, 2.2235577665061035, 0.8136485234099408, 0.2077915173601256
0.23315579227696404, 2.230950352505901, 0.7933784055752174, 0.20671925761688797
0.1940745672436751, 2.1095707280658056, 0.7793448737097015, 0.25417211728302147
0.19613848202396805, 2.2102810563720494, 0.7875946163624903, 0.25369689000185147
0.2347536617842876, 2.1755949036655986, 0.7925638546406982, 0.2182934846229311
0.21750998668442076, 2.0928563739504225, 0.8145346322228216, 0.23941776042092652
0.16990679094540612, 2.494000124387671, 0.8662526221511334, 0.2745777315867267
0.22842876165113182, 2.1692117049555963, 0.8166212899494509, 0.22353050489770943
0.24414114513981358, 2.006469451575559, 0.7891408515328809, 0.21842675167805722
0.1503328894806924, 2.404103461483347, 0.819522031448975, 0.3296558427903486
0.229693741677763, 2.091228376350771, 0.8048159281603321, 0.21214331697657626
0.17097203728362184, 2.178290668919623, 0.8298794710966232, 0.2696545344221491
0.22829560585885486, 2.152704480834077, 0.7892103988866442, 0.208416617490185
0.20898801597869507, 2.2234604113111485, 0.7876524368302618, 0.22763444047010473
0.2281624500665779, 2.024095415521398, 0.8199673568926978, 0.23867728200184352
0.2269640479360852, 2.2859396890262156, 0.8101614179926179, 0.24500970944395334
0.18661784287616512, 2.33393933389698, 0.8482705387693512, 0.247678122638577
0.23581890812250333, 2.3054415185346744, 0.7840447454183642, 0.21246461731423102
0.23235685752330226, 2.248086155577998, 0.7521100887034045, 0.22509564076622354
0.17496671105193076, 2.100168138111479, 0.7918795324904557, 0.31316982640762114
0.2141145139813582, 2.0134421935252913, 0.7599059970293952, 0.263094174100644
0.17909454061251665, 2.1615404735868684, 0.7896591596121079, 0.2893873010571889
0.22270306258322237, 2.135813599412197, 0.7733084378686084, 0.21725607389017493
0.15605858854860186, 2.1897415485386844, 0.8079277135769664, 0.32509779987655874
0.20239680426098536, 2.201980954759845, 0.7737936508239679, 0.26064185446892063
0.24167776298268975, 2.008596458566808, 0.7956169781689079, 0.2224558065628265
0.2411451398135819, 2.056747185100569, 0.7868182454787223, 0.2151342691554191
0.18575233022636484, 2.1538471413714273, 0.8160818422073528, 0.24947598667116164
0.23382157123834887, 2.0173317970512077, 0.7441532508377692, 0.2337191544490644
0.25938748335552597, 2.104759853705268, 0.7640574532206638, 0.196524972603188
0.23195739014647138, 1.9471081607827492, 0.7319571689902087, 0.2304255146202322
0.14940079893475366, 2.1561966035678766, 0.8143526260629157, 0.3339710854526931
0.17583222370173102, 2.158997340026137, 0.8572712645178379, 0.3067501428682309
0.18275632490013316, 2.1470322792682444, 0.8512173258015996, 0.2592879064262217
0.19753661784287616, 2.137421060798965, 0.7772138289844756, 0.284685353836474
0.1321571238348868, 2.5109691129106975, 0.8270046666140477, 0.36572720480086107
0.1870838881491345, 2.243531117172597, 0.7881151677439437, 0.2645317263018223
0.20772303595206393, 2.2241662876464714, 0.7652918542308962, 0.23621273609410828
0.2170439414114514, 2.225078578727858, 0.7691969611854662, 0.24189318322281378
0.1611185086551265, 2.3220330233738995, 0.8528071874645518, 0.24840846720736617
0.14380825565912117, 2.1494783032750004, 0.8565973815888335, 0.33312566486125306
0.2200399467376831, 2.129352640113564, 0.8190182679928307, 0.24505921044700785
0.12050599201065246, 2.3602573760657433, 0.8369911882925483, 0.38989506027733045
0.14314247669773636, 2.256389480956226, 0.8286237669097758, 0.30376436826427317
0.15985352862849533, 2.3957837278849277, 0.8407403441087535, 0.27131345996781453
0.13355525965379494, 2.2808211423188807, 0.8882832378685801, 0.3245770573630508
0.20272969374167776, 2.191749195474759, 0.8249413607466134, 0.22125050528261803
0.13229027962716378, 2.4454307768022647, 0.8238179848402065, 0.3128216557157313
0.19660452729693742, 2.1128580960309935, 0.7638517643814268, 0.23657039063485893
0.17310252996005326, 2.1837970886344755, 0.8379897273347271, 0.2869708818796258
0.19573901464713714, 2.3438332694943513, 0.8106580391189488, 0.2630826395592919
0.23315579227696404, 2.161755734626526, 0.8006804865832006, 0.22384007531216002
0.16391478029294274, 2.2694384281787667, 0.8496948887280726, 0.2570394101782865
0.18528628495339547, 2.2468447122370674, 0.8459347416973508, 0.30211208075171814
0.20432756324900134, 2.20199397149559, 0.8047345486973227, 0.24956941778005162
0.2188415446071904, 2.0897484039101557, 0.7574565692097116, 0.25305198078716945
0.17649800266311585, 2.425052443835215, 0.8143692027953439, 0.2857944077144365
0.22543275632490015, 2.1031851162843793, 0.8025342487104077, 0.22287869153122541
0.25865512649800265, 2.348625922032425, 0.7838483899518305, 0.20199674007273596
0.22709720372836217, 2.0979169769547434, 0.8093451671009103, 0.2598987172684956
0.22576564580559255, 2.1072531406873076, 0.7607883505931403, 0.22436088015959832
0.20233022636484688, 2.481784804635613, 0.7807016215995104, 0.2542134123452483
0.2141145139813582, 2.278916538515675, 0.8150514483327806, 0.2284160921696764
0.23095872170439413, 2.2658780836392336, 0.7922198210931805, 0.20963180252092162
0.2737017310252996, 1.9002344015197017, 0.7479708108218561, 0.18660432855145956
0.22210386151797604, 2.118961974474466, 0.8168735897503312, 0.2521803223998126
0.10059920106524634, 2.3027164410973358, 0.895316794126477, 0.2503438636611452
0.09900133155792278, 2.330560137682685, 0.9193266246090108, 0.3607378537147287
0.09973368841544607, 2.734168078285083, 0.9219208684249114, 0.47855773815102787
0.11711051930758988, 2.5893268933229536, 0.8982149147646485, 0.3416363891721081
0.11431424766977363, 2.582423756117827, 0.8985140802339616, 0.32757641061796067
0.10898801597869508, 2.350229725602781, 0.9054562394489797, 0.36695957416814873
0.14027962716378162, 2.338645828143258, 0.8794566105687436, 0.3145910374556736
0.09933422103861518, 2.33329425590651, 0.9184179034232867, 0.4775140792186216
0.09933422103861518, 2.461058706307062, 0.9184179034232867, 0.472188989901408
0.10126498002663116, 2.43616563657946, 0.85339999363446, 0.45099437617064597
0.09933422103861518, 2.309948036491315, 0.9184179034232867, 0.4846310999612101
0.09933422103861518, 2.5954277221118405, 0.9184179034232867, 0.47118215460275914
0.09973368841544607, 2.6553771024061423, 0.9219208684249114, 0.4823272344122744
0.09973368841544607, 2.460586334735195, 0.9219208684249114, 0.4786303543582048
0.09933422103861518, 2.3573484146007684, 0.9184179034232867, 0.47960032096936794
0.09933422103861518, 2.55260196432134, 0.9184179034232867, 0.47612110606337377
0.09933422103861518, 2.480890496458099, 0.9184179034232867, 0.48676533890551044
0.09973368841544607, 2.439504493830525, 0.9219208684249114, 0.47947126293531556
0.10093209054593875, 2.382088430053226, 0.9164722133242443, 0.42771127148754234
0.10126498002663116, 2.32894622308119, 0.85339999363446, 0.44892074400144755
0.09953395472703062, 2.4041242598058696, 0.913384678559208, 0.4902144700987578
0.0988681757656458, 2.6549502844737467, 0.9143502308970638, 0.4753963335260744
0.10292942743009321, 2.3582134626041875, 0.9106116572290796, 0.42123585087639265
0.09953395472703062, 2.419549858165327, 0.913384678559208, 0.49581222438954314
0.11151797603195739, 2.3484459984080295, 0.867749800622715, 0.35610816425554
0.0988681757656458, 2.3270026026648307, 0.9143502308970638, 0.4744500283649561
0.0988681757656458, 2.4496987324103854, 0.9143502308970638, 0.470936525254455
0.10126498002663116, 2.450804131881851, 0.85339999363446, 0.44846561800606305
0.0988681757656458, 2.4379665581189522, 0.9143502308970638, 0.4727246019302126
0.09973368841544607, 2.5725308041994803, 0.9219208684249114, 0.47942144811341386
0.0988681757656458, 2.353731420735386, 0.9143502308970638, 0.47430598665275636
0.09973368841544607, 2.656664160024945, 0.9219208684249114, 0.4740772613295345
0.10845539280958721, 2.366462931747284, 0.9138868390478985, 0.3646123215832916
0.10046604527296937, 2.319471092643179, 0.9132013423638942, 0.4529831598653133
0.09953395472703062, 2.3790752479064956, 0.913384678559208, 0.49285106042740034
0.0988681757656458, 2.435536743853286, 0.9143502308970638, 0.479313087072915
0.0988681757656458, 2.354155678239548, 0.9143502308970638, 0.4716089970999519
0.09973368841544607, 2.386864919883116, 0.9219208684249114, 0.4780840038495579
0.09933422103861518, 2.427153521442858, 0.9184179034232867, 0.47351906818161593
0.09933422103861518, 2.442158276874438, 0.9184179034232867, 0.4731008071657684
0.0988681757656458, 2.4935595659139786, 0.9143502308970638, 0.4728381331970477
0.09933422103861518, 2.4771628168784825, 0.9184179034232867, 0.4798703620285483
0.09933422103861518, 3.004577307488407, 0.9184179034232867, 0.47534691749830715
0.10079893475366178, 2.330940965385475, 0.9341581682836367, 0.46919835143167005
0.09953395472703062, 2.433890214947346, 0.913384678559208, 0.4924145627792573
0.1014647137150466, 2.5294504144775884, 0.9167045143288663, 0.42244058512922533
0.09973368841544607, 2.5653515637317765, 0.9219208684249114, 0.4782713449713804
0.09973368841544607, 2.3550763135108745, 0.9219208684249114, 0.4732051422008722
0.09933422103861518, 3.0349682728872796, 0.9184179034232867, 0.4737326961768724
0.10126498002663116, 2.400790492505748, 0.85339999363446, 0.45121633901764724
0.10126498002663116, 2.3930770219959685, 0.85339999363446, 0.4479242672495824
0.09933422103861518, 2.445744472734144, 0.9184179034232867, 0.47329408434162723
0.09933422103861518, 2.375403197651379, 0.9184179034232867, 0.47489042071821275
0.09933422103861518, 2.461906217044584, 0.9184179034232867, 0.49013968588833184
0.09933422103861518, 2.410745480501858, 0.9184179034232867, 0.47273160414328025
0.0988681757656458, 2.447937760054668, 0.9143502308970638, 0.4763868979667787
0.0988681757656458, 2.8801578627445408, 0.9143502308970638, 0.47446272327174727
0.10126498002663116, 2.8699355918859513, 0.85339999363446, 0.4497340136114718
0.09933422103861518, 2.4216573668938977, 0.9184179034232867, 0.476155157082078
0.09953395472703062, 2.3628391123564043, 0.913384678559208, 0.4942328086391427
0.0988681757656458, 2.463046770645045, 0.9143502308970638, 0.4809854828215216
0.09973368841544607, 2.537497243574869, 0.9219208684249114, 0.47914058030155343
0.10126498002663116, 2.4215377940477607, 0.85339999363446, 0.4663293255880959
0.09953395472703062, 2.4360990692946944, 0.913384678559208, 0.49418514698783444
0.09933422103861518, 2.4205368820741553, 0.9184179034232867, 0.4715574309495231
0.09953395472703062, 2.411858169200735, 0.913384678559208, 0.493017832958528
0.09953395472703062, 2.377032541871547, 0.913384678559208, 0.49300393973991374
0.10106524633821572, 2.339756638375167, 0.8535057039408668, 0.4483490684817664
0.09973368841544607, 2.346205906663214, 0.9219208684249114, 0.4771334682635851
0.09933422103861518, 2.73638287404882, 0.9184179034232867, 0.4724645420698898
0.10126498002663116, 2.4251205840933023, 0.85339999363446, 0.44793072556929503
0.09933422103861518, 2.3986891515880386, 0.9184179034232867, 0.47715353554892864
0.09973368841544607, 2.495550447678598, 0.9219208684249114, 0.47730637837707784
0.09973368841544607, 2.5815404349017874, 0.9219208684249114, 0.4733766129298174
0.09933422103861518, 2.464982899297252, 0.9184179034232867, 0.47236240311228855
0.0988681757656458, 2.5532525937185784, 0.9143502308970638, 0.4748577502137866
0.09933422103861518, 2.597327210042829, 0.9184179034232867, 0.47618640844414095
0.12410119840213049, 2.389787068792412, 0.8939327630799593, 0.34147474528253663
0.10126498002663116, 2.4303826805754762, 0.85339999363446, 0.45241822029151907
0.0988681757656458, 2.4297827289996548, 0.9143502308970638, 0.4709143698171988
0.10126498002663116, 2.3917276492925206, 0.85339999363446, 0.45249775769244516
0.09933422103861518, 3.1411423970316443, 0.9184179034232867, 0.46977771155786385
0.09980026631158455, 2.4331784186842595, 0.9178473703961675, 0.4573668689928545
0.10126498002663116, 2.4786299611614164, 0.85339999363446, 0.45028762496677116
0.0988681757656458, 2.3146269933917076, 0.9143502308970638, 0.47165080584020685
0.09933422103861518, 2.462063516146651, 0.9184179034232867, 0.485687689493856
0.10126498002663116, 2.6242205802356198, 0.85339999363446, 0.4643477106524268
0.09973368841544607, 2.339109710386685, 0.8948682254877621, 0.4640479759363248
0.09933422103861518, 2.4925541287493926, 0.9184179034232867, 0.4721853354990364
0.09933422103861518, 2.5134558714499646, 0.9184179034232867, 0.47628459093263686
0.09933422103861518, 2.573716664163473, 0.9184179034232867, 0.47376945306169865
0.09933422103861518, 2.847432424669736, 0.9184179034232867, 0.4758311514504361
0.09933422103861518, 2.4407035576281313, 0.9184179034232867, 0.4698503923736309
0.09973368841544607, 2.4716517605016457, 0.9219208684249114, 0.4781923083084434
0.10126498002663116, 2.4101021150298187, 0.85339999363446, 0.44592507180020463
0.0989347536617843, 2.530755381688932, 0.9189233004577244, 0.4246138572607766
0.10126498002663116, 2.454665012294538, 0.85339999363446, 0.45454942907896373
0.10126498002663116, 2.6297237470130947, 0.85339999363446, 0.44772051861871814
0.09973368841544607, 2.7317176354709223, 0.9219208684249114, 0.4805365946816314
0.09973368841544607, 2.571244147241354, 0.9219208684249114, 0.47688803435031096
0.09973368841544607, 2.5080131650764677, 0.9219208684249114, 0.4755370386321416
