acuracia,loss,frr,fpr
0.09470881863560732, 2.30393771043038
0.15261231281198004, 2.4160085966265736, 0.825522785115097, 0.3061265171235961
0.14222961730449252, 2.4042776410948616, 0.8795196763028501, 0.34566047225328594
0.14242928452579035, 2.3322198802183154, 0.8779448029285886, 0.2724570032901602
0.10143094841930117, 2.6829304583973177, 0.9143731590376677, 0.4622903204981387
0.16452579034941764, 2.3220948705101967, 0.8218845468278246, 0.3004037810351885
0.19068219633943428, 2.3473333184532637, 0.8145599180157574, 0.25581304699999324
0.20825291181364392, 2.2500564056466303, 0.7694332030860244, 0.20985222107112395
0.18582362728785357, 2.298071453749836, 0.8444948762556359, 0.24335393767086075
0.15034941763727122, 2.4195791859872724, 0.8782802646572824, 0.29231119897540025
0.13124792013311148, 2.9781249737660223, 0.8906705800180069, 0.3872118010391014
0.18775374376039933, 2.260108484206303, 0.814241872402979, 0.22436045726886186
0.23261231281198003, 2.113515354753929, 0.736558862332663, 0.20607424538679156
0.18795341098169718, 2.5853275236988225, 0.8155926736444561, 0.2596240793935327
0.25324459234608987, 2.0124269550929648, 0.7564483989773715, 0.20139669387593603
0.20845257903494177, 2.1685012906561676, 0.7836394300743699, 0.22848073815548975
0.2600998336106489, 2.0527904965357853, 0.7684143386512639, 0.2104106713812093
0.2610981697171381, 2.0264907768879477, 0.749186771825466, 0.18566459808550512
0.28512479201331115, 1.9400603252004665, 0.7170002300854663, 0.16568795190375862
0.272279534109817, 1.9914754776411168, 0.7520166155630915, 0.19175250899129997
0.27540765391014976, 2.0035020654530773, 0.7110538771376764, 0.1735238739905032
0.2421963394342762, 2.1058568163997125, 0.781357110889041, 0.22229159119461636
0.2741430948419301, 1.9425579637021273, 0.7401941799123669, 0.1861176209277332
0.26622296173044924, 2.0591389439228966, 0.7540258660724449, 0.20126548668348512
0.27980033277870214, 1.9373720899953224, 0.737710146708639, 0.189899459098704
0.32026622296173046, 1.8928213901091335, 0.6803152651830937, 0.16387821470820182
0.30648918469217973, 1.9186608094145574, 0.7046436524604262, 0.17939453062263266
0.29770382695507486, 1.898196497540704, 0.6874938574521611, 0.16976757648396534
0.2731447587354409, 2.1457763266632837, 0.7227051435379855, 0.19298974797296645
0.20725457570715475, 2.2660123067766973, 0.7686500555774162, 0.2649664341920409
0.33597337770382696, 1.7956263528806398, 0.6688934028586602, 0.15638092778075238
0.22708818635607322, 2.1811973148296757, 0.7863797932316633, 0.26982251716835187
0.25550748752079866, 1.9278130064768324, 0.7192874653311789, 0.21752660556446432
0.33870216306156403, 1.8406932763807389, 0.6360537602386247, 0.15925150794786405
0.3087520798668885, 2.0322257420465277, 0.673163057168485, 0.1705254530011121
0.31008319467554074, 1.872648064911663, 0.6617084111667914, 0.17795035084166275
0.2345424292845258, 2.0057452265295925, 0.7356154587622119, 0.2423098870444666
0.28665557404326125, 1.9040709593629281, 0.6936321678058531, 0.18545925740899577
0.32585690515806987, 1.8343258631923631, 0.6995572842517105, 0.17224360888570728
0.3761064891846922, 1.6826217739316272, 0.6243727431506919, 0.1486016456978471
0.31161397670549085, 1.9691953934429092, 0.7010424631364315, 0.18237458141699525
0.35034941763727123, 1.770591143158926, 0.6590307956511251, 0.16085214263733044
0.3133444259567388, 1.8301775268746692, 0.6471729045503307, 0.1771268914144367
0.3771048252911814, 1.696556692496314, 0.630523573748166, 0.14239251559662958
0.32405990016638936, 1.9300472254761047, 0.7117899065520157, 0.1788240514473363
0.3643261231281198, 1.6981868897618946, 0.6576674790528405, 0.16619494051697226
0.32618968386023295, 1.8539738470187004, 0.6834655021632622, 0.17809153062500102
0.34589018302828617, 1.7927789845958526, 0.6848168962076217, 0.17081816547443812
0.37617304492512477, 1.693192427182158, 0.6440503810016581, 0.1512115706173721
0.3462895174708819, 1.707431918299337, 0.6356124955941483, 0.16297393030637805
0.3195341098169717, 1.9060743744460595, 0.6541600260926013, 0.17217504783738802
0.29983361064891845, 2.0634394247162957, 0.7115371868541522, 0.19995351035593165
0.36412645590682197, 1.740413870248144, 0.6087845727535938, 0.15420270484141993
0.37304492512479204, 1.7057232346114224, 0.6366245418238833, 0.1538030083608021
0.2249584026622296, 2.3349644035844754, 0.8028354825393741, 0.31071024025893107
0.34688851913477536, 1.8122281003633076, 0.6607561320233394, 0.16949315541657783
0.32998336106489184, 1.7776827555389054, 0.6938163891323131, 0.17905277934351457
0.3123460898502496, 1.844006360854563, 0.7230849415886825, 0.20552930643911577
0.3852246256239601, 1.6712945438700786, 0.6189323978336101, 0.15336299241297108
0.334242928452579, 1.8287844203276167, 0.7002153666249189, 0.19208240964875245
0.29271214642262894, 1.9367048769951263, 0.7088061644193882, 0.1865390894508252
0.28033277870216305, 1.885455269664774, 0.7315869702890603, 0.22727826745997753
0.3358402662229617, 1.890462825393518, 0.6664967493841302, 0.18149495488122688
0.42302828618968386, 1.5783734754992405, 0.5754688576933759, 0.13674081336779553
0.370981697171381, 1.6764519294288114, 0.647450659675728, 0.16532497939013163
0.25797004991680533, 1.9490315790811612, 0.7521723558739422, 0.23994173132059948
0.3966722129783694, 1.621036546022047, 0.6152027952756327, 0.15446426084663362
0.3496173044925125, 1.7439391077159843, 0.6233738086493991, 0.17407627943553974
0.421630615640599, 1.564888021013701, 0.5677542410726957, 0.13484880184692732
0.4347420965058236, 1.5524445519272778, 0.561192789115812, 0.1321346688484091
0.32133111480865223, 1.8987548656759168, 0.6966609117378575, 0.19430339737628888
0.38682196339434277, 1.7121699350606185, 0.6185414494189795, 0.1548592432879715
0.3474875207986689, 1.871560950929829, 0.6846659555376294, 0.1824237479327197
0.34955074875207987, 1.882597961152056, 0.6644597898953502, 0.188183242187436
0.2923793677204659, 1.8342984052634677, 0.7149108046789403, 0.2302355094512941
0.34509151414309486, 1.7272455384687655, 0.6215200808403069, 0.16701222739553342
0.4136439267886855, 1.6246991415825145, 0.5916488378395975, 0.1403888550394708
0.3519467554076539, 1.7488111140843041, 0.6720100623344607, 0.17543094114902907
0.36259567387687186, 1.7220942931306145, 0.5977400597663, 0.15992830166630517
0.41424292845257904, 1.5907240280137085, 0.5752928051302111, 0.1374338071288116
0.27274542429284526, 1.961637664912346, 0.7313068874286281, 0.23280971669460696
0.40845257903494175, 1.6027750812572568, 0.5902178205057492, 0.14309028359601922
0.4067221297836938, 1.5901816047804922, 0.5878953327172777, 0.14965343344218404
0.34442595673876875, 1.7398908604421155, 0.6413922688758427, 0.1827052762202775
0.3441597337770383, 1.8692250846398253, 0.6491758392574964, 0.16902155386086412
0.4286189683860233, 1.5754006053524683, 0.5658068400345982, 0.13669917958059244
0.39008319467554076, 1.6192822415757298, 0.6266226668510441, 0.1695150892414034
0.41524126455906823, 1.6038358020346097, 0.5668522481305331, 0.14613899022975463
0.4048585690515807, 1.6396019602397118, 0.5941537520949624, 0.15043348701237655
0.3536106489184692, 1.756759982751481, 0.6156767530786992, 0.16751848839775346
0.38449251247920135, 1.694053889077634, 0.5898688394620221, 0.14972898050678402
0.3172712146422629, 1.9935574981842976, 0.6790439286355396, 0.20504626546501328
0.43148086522462564, 1.552599749759509, 0.56537534562277, 0.13635547065993273
0.417504159733777, 1.6797727476578583, 0.5709181765723307, 0.1550634719791667
0.3224625623960067, 1.963539784426697, 0.691002365048842, 0.1967912640338993
0.35846921797004994, 1.6989877409903262, 0.6159483006227474, 0.1591655036405892
0.4557737104825291, 1.4992024193508255, 0.538522455476701, 0.13105330972957885
0.39061564059900167, 1.6906827354612148, 0.6347007167014639, 0.16910600457014568
0.3870881863560732, 1.7201879267654878, 0.6074943626987456, 0.15213142771413102
0.4037936772046589, 1.7096614041820342, 0.6240885517434942, 0.15463760575095828
0.39434276206322794, 1.614545174781574, 0.5912343563403467, 0.1531084452239376
0.11374376039933444, 2.3004509807624753, 0.8840149913403756, 0.18272472999559053
0.10143094841930117, 2.320144401366223, 0.9408641674384615, 0.4772942660867037
0.11913477537437604, 2.4724632877518053, 0.9168816870005343, 0.37281777903561597
0.10202995008319468, 2.3433816126618727, 0.893525580069951, 0.4660786493188157
0.10202995008319468, 2.5231564946182554, 0.893525580069951, 0.46847593063077697
0.16851913477537436, 2.4018383461385717, 0.836577188005242, 0.26047341868472973
0.162063227953411, 2.305553557606981, 0.8160257939311768, 0.258364744698864
0.2194342762063228, 2.213819117490543, 0.7745955249865807, 0.20181996468534566
0.2174376039933444, 2.202152004702119, 0.7553654219878039, 0.1982995472279341
0.2280865224625624, 2.2213940732133963, 0.7598901232080616, 0.20617450435812612
0.21371048252911815, 2.211224702352692, 0.7786301832965725, 0.20551637678305354
0.2174376039933444, 2.107850588934989, 0.8049936704723735, 0.219746336345115
0.21803660565723793, 2.1192929421010707, 0.8042393184012189, 0.21811724090413284
0.26143094841930115, 2.0050466440918044, 0.7480390599559329, 0.1902045317553876
0.19920133111480864, 2.3394597306664098, 0.7869621064230546, 0.2256986971084584
0.18808652246256238, 2.391712396946207, 0.7849170470663833, 0.2645257919273096
0.19334442595673876, 2.4381313211429934, 0.7792832906794092, 0.23372907157212294
0.2222296173044925, 2.201622203344513, 0.7694287513827613, 0.20607437854863753
0.27287853577371046, 2.0574514661612806, 0.7041750426057806, 0.16644717087906125
0.290981697171381, 1.9318745913878455, 0.7057627810019038, 0.16139935544552397
0.24153078202995007, 2.1389797496954337, 0.7666874090596756, 0.19674001307516098
0.22176372712146422, 2.14875501308584, 0.76138473100402, 0.2132870413141923
0.24612312811980033, 2.059027305633177, 0.7441257094851008, 0.17686379350298825
0.29557404326123127, 1.9768730263583076, 0.7066778128107216, 0.15762299723140746
0.17217970049916806, 2.449603566581913, 0.805472873198241, 0.29243342334833267
0.32838602329450917, 1.8550569823101635, 0.6769342204725087, 0.15346281174096404
0.2756738768718802, 2.0008587227565875, 0.7362697315831161, 0.19522421501364107
0.2752745424292845, 2.0251991023001774, 0.7162808730791509, 0.22210741138405143
0.31174708818635605, 1.8804109690233, 0.6804154829890278, 0.16395898667100153
0.22608985024958403, 2.224889589146945, 0.761557264621066, 0.2156636894548207
0.24206322795341098, 2.1091611483648496, 0.724146322434511, 0.23206946024095787
0.24399334442595674, 2.0961481849246733, 0.746379063915096, 0.20686434855264613
0.272279534109817, 1.9864304802699415, 0.713622215023514, 0.19753954933737797
0.3122129783693844, 1.8609460493173458, 0.6926700117014115, 0.17675064745336977
0.33697171381031615, 1.8262673567575147, 0.6615100160881054, 0.156979922186846
0.3557404326123128, 1.789162492363306, 0.6473286563383448, 0.15768496103738178
0.28033277870216305, 1.9196651471216548, 0.6989500883559946, 0.19708697613200538
0.28193011647254573, 2.009382283578498, 0.7377163592067131, 0.20184414997543143
0.29311148086522465, 1.9673910133057149, 0.7037780338964971, 0.20202216761010086
0.33364392678868554, 1.8073974543185083, 0.6491033565785119, 0.1586450470423913
0.33757071547420964, 1.8147203232960376, 0.6722355090512396, 0.1663803842023919
0.2986356073211314, 1.888941314210511, 0.6805877996183342, 0.1780959806647881
0.23254575707154743, 2.176732531146281, 0.7821498729113371, 0.26668616887765123
0.3038269550748752, 1.9553550280737202, 0.6849677361639824, 0.1766273828499511
0.3564059900166389, 1.7777216391872843, 0.6624479160330377, 0.17654154782638803
0.22169717138103162, 2.4636805359158855, 0.7955792002579827, 0.3118844106264132
0.3793677204658902, 1.742780357736121, 0.6257969884310159, 0.14909269773262526
0.3145424292845258, 1.798202297362234, 0.6938682879476556, 0.2034887170666609
0.33104825291181367, 1.8796781018649085, 0.6874828162246434, 0.18996478381649418
0.3707820299500832, 1.7424835187345495, 0.6122594030489525, 0.14999246628507037
0.3454242928452579, 1.7149061296545527, 0.6784279173571081, 0.18083576830477738
0.339567387687188, 1.727684081798782, 0.6470286516271532, 0.18797250944721952
0.3842262895174709, 1.7013440642698037, 0.6095972437074549, 0.15371079789188005
0.33916805324459237, 1.8533684529678993, 0.6722852928275962, 0.1709223412339871
0.2574376039933444, 2.067966000943533, 0.7529753527656146, 0.23465719122605116
0.389351081530782, 1.7225090469298465, 0.5901997355914297, 0.14589404841212636
0.31374376039933444, 1.892011857445347, 0.6541895326351779, 0.19577960806385536
0.3335773710482529, 1.9175155708287996, 0.677561798024804, 0.18265313599539593
0.310549084858569, 1.8855833673011047, 0.6528128797277597, 0.18338475488867853
0.34555740432612314, 1.747895985956795, 0.6184769357799482, 0.15980227848580716
0.3628618968386023, 1.72928231371421, 0.645484818816286, 0.16499231990827123
0.3820965058236273, 1.680418992086179, 0.6151430832620596, 0.16273692091054853
0.2867221297836938, 1.9394646737718344, 0.7172567036258393, 0.2390892705093685
0.3845590682196339, 1.677179176855008, 0.62176026095331, 0.15128394901496398
0.3739767054908486, 1.6810540518308439, 0.6440398744505627, 0.16562580106878716
0.2815973377703827, 2.0670714580179648, 0.6857139513180515, 0.2094508264841908
0.37417637271214643, 1.7388927944587194, 0.6139842894773143, 0.14749410949229083
0.3663227953410982, 1.727939250545573, 0.6097453520211521, 0.15778498584924822
0.2868552412645591, 1.9582421716100562, 0.7100671600424096, 0.2146155624536447
0.3977371048252912, 1.6176079792111566, 0.6122244918651701, 0.15224792030165415
0.249783693843594, 2.0536246044564366, 0.7661237031900118, 0.27218598459738585
0.3884858569051581, 1.6687699703329217, 0.6077088940122237, 0.15258785162811395
0.402063227953411, 1.6381753566102457, 0.6166179422810001, 0.1513878722893133
0.39866888519134774, 1.668691583902586, 0.6239361260285806, 0.16027088483046154
0.38795341098169717, 1.6448905704858496, 0.6218081729498554, 0.1638588922940685
0.36805324459234606, 1.700439497032102, 0.6225533763052447, 0.16781376759713051
0.4069883527454243, 1.62975905882737, 0.6017551100517909, 0.1478526699030159
0.38955074875207985, 1.7143313664059077, 0.6005186458529178, 0.1530634180924147
0.37151414309484193, 1.7629322106409786, 0.5952806433523604, 0.1636910209299822
0.4059234608985025, 1.6559758949904593, 0.611110046104179, 0.16114828552004226
0.3562063227953411, 1.8780156211626906, 0.6682112322984028, 0.19280371264582863
0.36605657237936773, 1.8309304654717247, 0.6568996757293435, 0.18977174163265603
0.3799667221297837, 1.688479123551913, 0.5921821418916114, 0.16053734707019154
0.38988352745424293, 1.6626256661327825, 0.6047558605593767, 0.16302712345176487
0.36991680532445925, 1.667554855263372, 0.6590234274413246, 0.1759768058758767
0.40079866888519133, 1.6483063368829038, 0.6084432062643139, 0.14820701242216863
0.4187687188019967, 1.6112979726902459, 0.5722990014450046, 0.14201337495914965
0.31753743760399333, 1.7886971968640504, 0.6515785634267832, 0.191071507072408
0.368585690515807, 1.7390914030697897, 0.5899786991732408, 0.15939795626761152
0.37271214642262895, 1.6809196002411961, 0.6268142274067655, 0.17296082203381064
0.29178036605657237, 1.9304056947401875, 0.7102630139961817, 0.23063798692264673
0.40366056572379366, 1.587253319388023, 0.6037585990311736, 0.1534323289587953
0.41124792013311146, 1.5827685535687972, 0.6023161346743156, 0.14920213281584874
0.3952745424292845, 1.6608354527938385, 0.5947949550358851, 0.14883375763763992
0.3779034941763727, 1.755201776483888, 0.6451018845880692, 0.16522275728210592
0.31374376039933444, 1.963122849896823, 0.6544133145027242, 0.18682642736479405
0.42242928452579037, 1.5572467670742167, 0.5932192850202374, 0.15052121478014568
0.324459234608985, 1.7804274698367928, 0.6477992377066581, 0.18425962105137453
0.3025623960066556, 2.007060679152682, 0.6729666779710545, 0.19788842392776146
0.33324459234608983, 1.7996738454486287, 0.6712031560119784, 0.19770539435158746
0.4578369384359401, 1.4839094034367908, 0.538060110184247, 0.12879935091170164
0.11434276206322795, 2.303419821052107, 0.8695983821030826, 0.30589386880390773
0.09850249584026623, 2.3895473150961015, 0.9289507966622159, 0.44708204696262555
0.09743760399334443, 2.6405527065557965, 0.92988038898397, 0.459292191666733
0.10196339434276207, 2.438321046488059, 0.9111032762821675, 0.36080225011942807
0.11341098169717138, 2.4041922987003295, 0.8614395117974872, 0.3692454314916129
0.10302828618968386, 2.616312868190486, 0.8930063548844615, 0.4539800004554653
0.10129783693843594, 2.4724045655612343, 0.9409723699182323, 0.4815415407680634
0.18282861896838604, 2.484678945946019, 0.8080364898321833, 0.27010672574772426
0.15980033277870218, 2.3151157612015125, 0.8560700386454111, 0.32865463671771256
0.18808652246256238, 2.2198421924959204, 0.8003160259702781, 0.22712128214140856
0.23527454242928453, 2.103533563899518, 0.7668316672311752, 0.17880113044493331
0.2356738768718802, 2.210285579709959, 0.7593486555685851, 0.1953978850115302
0.17823627287853577, 2.364971906869066, 0.7920791571389766, 0.2805879412491746
0.17284525790349417, 2.215286582722243, 0.8306490330367258, 0.27118426477722096
0.1918801996672213, 2.287679436353598, 0.7972682009026527, 0.26572367587870455
0.21723793677204659, 2.095604738356071, 0.8224385967305176, 0.24935329776982676
0.2802662229617304, 1.9898317796815057, 0.7256422639730004, 0.16840206378021744
0.24938435940099835, 2.2317665591930194, 0.7566601100936806, 0.1915936670356336
0.2604991680532446, 2.0403232986002715, 0.7488253707318162, 0.17546945153025278
0.27986688851913477, 1.9899935717193933, 0.7158880694684941, 0.162510814527706
0.2497171381031614, 2.116074206444269, 0.7520002467257435, 0.19597894697029355
0.2792678868552413, 1.9643333018083937, 0.7234136416699304, 0.17133873828184246
0.20352745424292845, 2.3439152115117294, 0.7950832065123683, 0.2586463048243513
0.16492512479201332, 2.297306608711424, 0.8575153000422683, 0.3657079615517039
0.26708818635607323, 2.062619783049217, 0.7328247978404147, 0.1799507432887345
0.21896838602329452, 2.105175901058311, 0.7674800768867057, 0.22889272950828665
0.31267886855241267, 1.9131059196903781, 0.688179915587201, 0.15893675667672505
0.29437603993344424, 1.9470565627934333, 0.708598901229517, 0.17484001483832343
0.26129783693843595, 2.089431301194697, 0.7108653040063909, 0.205400800841504
0.20905158069883528, 2.2971896782056267, 0.82403610007672, 0.30396870308370233
0.2537770382695507, 2.0302616427067712, 0.7470249166225974, 0.22026015858679157
0.2147088186356073, 2.2935945318780604, 0.7548152298264766, 0.2501685527170595
0.30455906821963397, 1.9005544549653217, 0.6999637084047349, 0.1686500905345169
0.273477537437604, 1.9331579832169854, 0.705320068579891, 0.18872796990357993
0.22123128119800334, 2.0892861756588177, 0.7606970075327614, 0.26926817706024503
0.2525790349417637, 2.1297366411416188, 0.7411723843867268, 0.21071645818539686
0.21856905158069884, 2.321971939522494, 0.7505196012902304, 0.26005402820523255
0.34935108153078204, 1.81045267556154, 0.6558177047795486, 0.15515718265250703
0.355540765391015, 1.766607099253802, 0.647920806141483, 0.14955830488236443
0.31820299500831944, 1.9291101209097814, 0.6930815309710248, 0.17043794558430828
0.32319467554076536, 1.8054616545123388, 0.7030892833419362, 0.1760753589943371
0.32652246256239603, 1.8638165669115927, 0.6854489825295925, 0.16418366296884182
0.2826622296173045, 2.009466332788277, 0.7586413436690925, 0.20690865758748891
0.3479534109816972, 1.8315594770428345, 0.6645957306019911, 0.15022247964310345
0.3170049916805324, 1.8874094860228445, 0.6704278826012231, 0.17718266003095456
0.33697171381031615, 1.8689491190291483, 0.6744656370429214, 0.1681145756303913
0.3136772046589018, 1.912245641682985, 0.6921971855584107, 0.18564477882529043
0.24206322795341098, 2.0183029332811544, 0.7769949822307254, 0.277996062110804
0.3675207986688852, 1.7372544622103903, 0.623226497540259, 0.14495264240372402
0.3683194675540765, 1.7268570555942429, 0.6551847593035998, 0.16134528067840823
0.3458236272878536, 1.7662068580073644, 0.682027315215035, 0.16325250791566176
0.29377703826955076, 1.8756786092783568, 0.7310219406920182, 0.20389916084622525
0.36026622296173044, 1.751226472834779, 0.639776501441347, 0.1577341551539701
0.2638269550748752, 2.2715698462615594, 0.7103508801735376, 0.21323115334857734
0.34948419301164724, 1.7603757816543197, 0.6592907170628551, 0.16788341753267014
0.3341763727121464, 1.7988281431888384, 0.6791754883025412, 0.17259932742990536
0.32206322795341097, 1.774886347858759, 0.7156593606709288, 0.2037410196012585
0.32073211314475875, 1.860789931385767, 0.7173014742518189, 0.20015556397522297
0.3725124792013311, 1.665038971712506, 0.6616181631123476, 0.1608433088032687
0.2830615640599002, 1.912789454537997, 0.6894857770360866, 0.20600853493727275
0.36658901830282864, 1.7765235570464872, 0.6500311954955964, 0.15102574552856046
0.3859567387687188, 1.6900480294743314, 0.6138382338731269, 0.14225267894525181
0.34801996672212976, 1.737697403339697, 0.6556902123378666, 0.1759108882020714
0.38529118136439267, 1.7193693450246992, 0.6114061883880287, 0.14629106750266524
0.3462895174708819, 1.7468475174011289, 0.6502471835732975, 0.17310465238218803
0.3439600665557404, 1.9116648443467208, 0.6643131126682174, 0.16969022223698535
0.34775374376039936, 1.7272033632376824, 0.6665718888344216, 0.18542615977420865
0.3921464226289518, 1.6593905835416471, 0.6236865809097296, 0.14135439162507069
0.3171381031613977, 1.8782640231092043, 0.7187522977842258, 0.19879382362205794
0.3736439267886855, 1.7222545825125968, 0.6583516092627159, 0.16706046846104072
0.3986023294509151, 1.6696536163383235, 0.5978837873440792, 0.14170385636613808
0.3866888519134775, 1.6719246509785264, 0.645577544915917, 0.1553883451510542
0.3866888519134775, 1.6713846849006742, 0.6174952288900698, 0.154001737553805
0.3411647254575707, 1.7217648980304128, 0.6654790224837157, 0.19610814639293808
0.4173044925124792, 1.6236840592565236, 0.5917753915010737, 0.14328057950160702
0.4282196339434276, 1.5608544467947447, 0.5690815008473923, 0.13042959258877734
0.42076539101497507, 1.6005695625470204, 0.5692104757739149, 0.13697830107708822
0.360865224625624, 1.7795144962312377, 0.6244190201960698, 0.15769880086258078
0.42628951747088184, 1.5829199385643005, 0.5675285154419004, 0.1313979224883328
0.4055241264559068, 1.6197929353870686, 0.6185427154686813, 0.1475025249587059
0.335108153078203, 1.751368184476942, 0.6740082972923499, 0.17432251457809542
0.3464891846921797, 1.7680386394391243, 0.6774028463013914, 0.19349591219076484
0.36193011647254575, 1.7963003222339364, 0.6337307827082975, 0.1590077215602344
0.4329450915141431, 1.5561079991637372, 0.5775894693355494, 0.13052931808945126
0.37703826955074876, 1.7204691503151086, 0.620093310155034, 0.16507927514849774
0.41264559068219636, 1.6526138985613221, 0.6046621656581534, 0.14802362221695817
0.41257903494176373, 1.6139634275714094, 0.5704513283994367, 0.14125159055275038
0.43281198003327787, 1.5653239852318945, 0.5648334074615847, 0.133227854124962
0.39933444259567386, 1.6622485303442411, 0.6266535136999958, 0.1645415342055041
0.23560732113144758, 2.3678772750472072, 0.7841163743132282, 0.3095738657497817
0.37324459234608987, 1.7533700270502024, 0.6222571854466423, 0.16676374334396774
0.35467554076539104, 1.8161063109975488, 0.6558840078475282, 0.18173064942819334
0.4204991680532446, 1.5869395713401515, 0.5751807789927548, 0.13877061721128628
0.43773710482529116, 1.5181020535798915, 0.5665949201789029, 0.14202305960679598
0.4405324459234609, 1.5240135625436182, 0.5895570652333226, 0.13937818735427304
0.42782029950083195, 1.5505428397248866, 0.5778733123562965, 0.14504629373136807
0.4579034941763727, 1.4788173917684697, 0.557533152105824, 0.13011346870841675
0.3328452579034942, 1.818335930637631, 0.6590836748302743, 0.19018909812813453
0.40099833610648916, 1.6900348220480461, 0.6084276349817405, 0.16502571671911748
0.3535440931780366, 1.859816488787755, 0.6436246597953755, 0.16367170812164428
0.42256239600665557, 1.5666168572164811, 0.5857713862677322, 0.14456557883934412
0.09883527454242928, 2.3039721152072343, 0.9099898236219597, 0.25860961283651546
0.1005657237936772, 2.330839542636459, 0.8738167772562846, 0.4293083638338026
0.10675540765391014, 2.575185913381085, 0.8886870660311482, 0.4227937485047629
0.15174708818635607, 2.44930185040301, 0.8895586447173564, 0.3149614280962775
0.1795008319467554, 2.5699635652059722, 0.7915489996282221, 0.24547553214018009
0.15986688851913478, 2.7186083757778174, 0.8179343292279597, 0.28937627907019525
0.1832279534109817, 2.363810380199388, 0.8425327735492594, 0.24113107921221888
0.1908818635607321, 2.448073137556257, 0.8210709461445067, 0.2310660058235021
0.1648585690515807, 2.2743868776010396, 0.8514012140584661, 0.22927059827474683
0.22149750415973377, 2.172253164483386, 0.8026427117894692, 0.18646464954583342
0.16399334442595673, 2.279537603851166, 0.8488522918819328, 0.27763643955864603
0.1831613976705491, 2.31725679890685, 0.8007806935576308, 0.27331483802487433
0.184891846921797, 2.343347480975451, 0.8154636638800496, 0.2420270244507926
0.19986688851913478, 2.517915951198032, 0.7928789950851993, 0.23716660905654793
0.22196339434276208, 2.20326317511065, 0.771885545887289, 0.2273020398804519
0.2232945091514143, 2.0957375222513956, 0.7730149152041358, 0.2058193157357808
0.2015307820299501, 2.274226525777985, 0.7746902610836227, 0.2371781896095433
0.2362063227953411, 2.202832269505931, 0.7557490286779118, 0.18220883473129115
0.2350748752079867, 2.3011437610818226, 0.7397968052221205, 0.18773639943252768
0.24346089850249583, 2.2154445709523665, 0.7540145164091597, 0.19855980033342743
0.22828618968386025, 2.0709159111936954, 0.7550468808691781, 0.2154043649333674
0.22682196339434277, 2.250922592836688, 0.7929218427266046, 0.21908651283927538
0.21983361064891846, 2.1604570755585657, 0.7462062356560754, 0.2206863532409397
0.23427620632279533, 2.2529028364723414, 0.7486739509292568, 0.20896744840376877
0.23061564059900166, 2.3011518973231118, 0.7448162052513772, 0.21147528508504268
0.20079866888519135, 2.2382752343422165, 0.8024679616797231, 0.2729543669706917
0.1974043261231281, 2.0999891260062995, 0.8141511952489996, 0.2743509157241841
0.2857237936772047, 1.9526109603716808, 0.7298263993154493, 0.1769078792923458
0.16126455906821963, 2.5418729717729494, 0.8502998318720282, 0.30434398831761394
0.20019966722129784, 2.154588095229398, 0.8116018333047715, 0.27579490061536027
0.31494176372712146, 1.9205871377253096, 0.669875114261456, 0.14862876527075963
0.2055241264559068, 2.328851447709388, 0.7744580226854033, 0.2502552300386242
0.3104159733777038, 1.9373958010919479, 0.684279121782767, 0.1671438175006333
0.20732113144758735, 2.40294081536585, 0.8056100507881508, 0.2800372958145336
0.24732113144758736, 2.0770538814571653, 0.7291296739720609, 0.2284704049676831
0.2744758735440932, 2.064206356954654, 0.6931454183604616, 0.1908461631261483
0.28545757071547423, 1.949335708225428, 0.7130798082822954, 0.17229345635289028
0.30362728785357734, 1.8838469348890017, 0.7237499839866995, 0.17616424744941014
0.287720465890183, 2.0919821476182605, 0.716303168229791, 0.19104272399802516
0.2924459234608985, 2.0222929148110693, 0.7213368332884796, 0.1792884416844893
0.26296173044925125, 2.1407876294186825, 0.7514399777165061, 0.2167896359248153
0.245324459234609, 2.120339643990934, 0.735693602814823, 0.21479117624721242
0.32126455906821966, 1.8357399671526002, 0.7173363144508393, 0.1808613230242152
0.3357071547420965, 1.8174729621707897, 0.6692501028911446, 0.16060745917291372
0.2613643926788686, 2.1869003211599023, 0.7470558146832026, 0.21493458390596532
0.3030948419301165, 1.9681723609621236, 0.7037242194139438, 0.18230133122495307
0.23088186356073212, 2.336190090127872, 0.741389370104319, 0.23366156418188447
0.35001663893510815, 1.774863289709694, 0.6295963262832555, 0.1568262552244769
0.2825291181364393, 1.9194279902251112, 0.7153686565986078, 0.20300292045802965
0.31840266222961733, 1.9163444886786767, 0.6853465256280139, 0.1835828563842036
0.29903494176372714, 1.8746069040988724, 0.666825305133652, 0.19008506081782423
0.3303826955074875, 1.828249379402389, 0.6742450008213721, 0.17579885359351893
0.3292512479201331, 1.8463423211225456, 0.643143243615958, 0.1609825409199496
0.26143094841930115, 2.023562470497982, 0.7502371286927846, 0.24314475550052184
0.3577371048252912, 1.7712185090274462, 0.6399571031119657, 0.14473615676273166
0.36392678868552414, 1.7497118292672067, 0.6549270471613621, 0.15256854662606675
0.29643926788685526, 1.8209501621994917, 0.6749467173000961, 0.19631645865260994
0.3552745424292845, 1.7147212057621428, 0.6615733606814107, 0.15994550251798897
0.3367054908485857, 1.8109543347636397, 0.6774510223118686, 0.17641457266595367
0.2350748752079867, 2.303590128309963, 0.7420018524892807, 0.23224950380665582
0.37537437603993346, 1.715245296998746, 0.6418349992911019, 0.15420847004419017
0.35580698835274543, 1.7102188316557847, 0.6378002214982097, 0.16351789064220906
0.3752412645590682, 1.746756404648208, 0.6183647000156738, 0.14517368939979972
0.32006655574043263, 1.8448783093284251, 0.6810428700096955, 0.1871003641856319
0.37750415973377704, 1.7686626648563215, 0.6336260459612549, 0.14859993128384563
0.32552412645590684, 1.9016306369326477, 0.6408344815082583, 0.1689974923250384
0.3818968386023294, 1.700542407603113, 0.6246903550336088, 0.149134228937086
0.264026622296173, 2.130487038454478, 0.7337823128898523, 0.21171450481209095
0.3769051580698835, 1.8102036420239784, 0.6159366953854071, 0.15364653658691965
0.33331114808652246, 1.7893448894234147, 0.6538049542593265, 0.18899553806977795
0.24312811980033278, 2.302211069722045, 0.7588829463645587, 0.2359492688840247
0.39094841930116475, 1.6638459504582919, 0.5989673433108074, 0.14292274696401727
0.2632279534109817, 2.0426868022033657, 0.7410212505667411, 0.2315618239641523
0.35321131447587356, 1.8183874972568772, 0.651820439211061, 0.1647509178506721
0.2893843594009983, 1.9893318372419393, 0.6773725025392994, 0.20997659474781133
0.3739767054908486, 1.6783911271489995, 0.6082477209945503, 0.14829727876596763
0.38795341098169717, 1.6369292004810594, 0.6107410652822292, 0.15383175316798198
0.30449251247920134, 1.8527849906375524, 0.6736577584528702, 0.20068411869627234
0.38742096505823626, 1.6569948770539733, 0.6267576736745394, 0.15953225348433905
0.35267886855241265, 1.8101054171714528, 0.683633048004563, 0.17948236882058918
0.3692512479201331, 1.6601359439649914, 0.6270994515928447, 0.15744333497657856
0.3727787021630616, 1.6574858049485528, 0.6257407336504432, 0.15537890863872778
0.4111813643926789, 1.6338829094816167, 0.5828892447330867, 0.132718881731084
0.4043261231281198, 1.628391969699828, 0.5902434078308737, 0.13976069090204823
0.37976705490848583, 1.746052467821045, 0.628444884375945, 0.15102671897180062
0.39540765391014976, 1.6885369636274614, 0.6141635358912311, 0.14658325425178906
0.37138103161397673, 1.7055170594158269, 0.6180039556918355, 0.17063304236903057
0.3896173044925125, 1.6865798820651907, 0.5969353902734418, 0.1383771346635706
0.37637271214642265, 1.7001706651681274, 0.6346545043053806, 0.16372414852621336
0.3766389351081531, 1.7070960703526876, 0.6439472899925771, 0.16274740144323865
0.37590682196339437, 1.7510851860006715, 0.6279662668032897, 0.15813486629580625
0.3313810316139767, 1.8079375442926975, 0.6874495861318908, 0.18046457563179044
0.32419301164725456, 1.7429069775273518, 0.6643246495030993, 0.19000426265189027
0.38402662229617307, 1.651047005728755, 0.6338519749226773, 0.15724282236448797
0.3744425956738769, 1.6899171384202065, 0.6414167882714159, 0.15999987200301172
0.31148086522462565, 1.9126313462669957, 0.691219655031141, 0.21313074030690407
0.2983028286189684, 1.923878371620337, 0.719715551259947, 0.20305835950765505
0.2923793677204659, 1.9355579825390297, 0.7175083635705325, 0.23972804571821443
0.35494176372712144, 1.8472508908091687, 0.6092708402051261, 0.16387855096645595
0.42189683860232946, 1.6192382867364041, 0.5807544106162686, 0.132565048885432
0.41257903494176373, 1.5915554291158667, 0.5721468514116556, 0.13640731701950523
0.11174708818635608, 2.3027201409268496, 0.906844205497821, 0.24774722239910135
0.14948419301164725, 2.349839185755979, 0.8331236461316324, 0.30560569568012247
0.10815307820299501, 2.815878307728125, 0.8875009737252051, 0.4139767654401224
0.14622296173044924, 2.8822654628039595, 0.8288291182880865, 0.31087094186699643
0.10202995008319468, 2.841697416706212, 0.893525580069951, 0.47112328110007895
0.11214642262895175, 2.846819901133139, 0.8835297806152393, 0.3877765326718341
0.10569051580698835, 2.69121412422415, 0.8897326142693139, 0.4403842641226881
0.12632279534109817, 2.637635231498077, 0.8471156758520607, 0.31416101755330483
0.17470881863560733, 2.6029115408113515, 0.7948321400847854, 0.27050982820682307
0.15108153078202996, 2.7153375137229134, 0.8229998547149311, 0.31514597229252234
0.14116472545757072, 2.540470627909294, 0.8456524118889426, 0.3294527060651176
0.18202995008319467, 2.397695852746186, 0.843645509615541, 0.27339414249203203
0.18555740432612314, 2.23637294234928, 0.8149727862962329, 0.243433062029796
0.12579034941763728, 2.749558732916234, 0.8992758158373453, 0.3947793058068799
0.18895174708818635, 2.3613794831666297, 0.7876926814668493, 0.26949033504380987
0.23068219633943426, 2.259003923494685, 0.7512527307314538, 0.19846913668386204
0.19767054908485857, 2.2362604879896573, 0.81394528055354, 0.24936237501115335
0.20831946755407654, 2.299975781321724, 0.7611978445154434, 0.24382560058733277
0.1573377703826955, 2.400881504219106, 0.8633476527846297, 0.3587052874217471
0.1604658901830283, 2.571260942567803, 0.8607519118651512, 0.3313307124621248
0.21690515806988353, 2.289399344131673, 0.7843976598374859, 0.2453098038306956
0.2557737104825291, 2.030121931664757, 0.7276012369688113, 0.20096016303857572
0.2740765391014975, 2.133064973675669, 0.7025552418574141, 0.16972466222851373
0.22948419301164724, 2.1508542992866375, 0.7529892430862236, 0.21995947163835822
0.2610981697171381, 2.085506926884072, 0.7217698363835916, 0.174555128780251
0.17550748752079867, 2.3831907917417823, 0.8443433861577727, 0.30554675547547133
0.22908485856905159, 2.1300355047552837, 0.7757633032024868, 0.2330589930629206
0.2075873544093178, 2.2269285851925265, 0.7938112919631322, 0.2522389605639992
0.23014975041597338, 2.1058488150483954, 0.7558402196921304, 0.21447539530326296
0.20299500831946754, 2.4018655198405865, 0.7714950623513015, 0.26665229369972415
0.2286189683860233, 2.1201067872015686, 0.7423913865357186, 0.236444226057623
0.19181364392678868, 2.190987244425915, 0.8101543813016552, 0.289777191900881
0.28945091514143095, 1.9101322134719316, 0.6907786052684278, 0.17239757021721455
0.21650582362728785, 2.084691985442912, 0.8105784716472763, 0.279671557044722
0.30316139767054906, 1.968739151155294, 0.685744050333818, 0.1646422986664965
0.2502495840266223, 2.185772655256179, 0.7566452472773392, 0.20144173247333538
0.2774043261231281, 2.0124778121491635, 0.6922907171260108, 0.18237876811703282
0.20499168053244593, 2.276913767095017, 0.8001701922777245, 0.27558220967355324
0.2671547420965058, 2.0180352880058194, 0.7074895218410796, 0.20462451211479263
0.28066555740432614, 1.9650332374064974, 0.7000328759634333, 0.20192215881026768
0.32033277870216303, 1.9085468181595826, 0.6507576687249965, 0.1514266927746856
0.3156738768718802, 1.8921950257677405, 0.6473339465199437, 0.16172648137128226
0.23287853577371048, 2.109271369892825, 0.7683770984532139, 0.2583619917072237
0.21643926788685525, 2.1127255664074083, 0.792717675450646, 0.27155298550674534
0.2827287853577371, 1.9285857502652484, 0.6830320266598668, 0.19314048794078947
0.2308153078202995, 2.4331675088147753, 0.7549411457260977, 0.22274740986126262
0.23740432612312812, 2.1908525270907933, 0.7703008867761295, 0.25677157137656204
0.3077537437603993, 2.069249266824389, 0.6690516362180864, 0.17035429728994242
0.2388685524126456, 2.0407191107713443, 0.7306460902756593, 0.2340139802799931
0.245324459234609, 2.0723031456845376, 0.7229849008565513, 0.23332859974161954
0.29657237936772046, 1.9830832028765846, 0.6621750699657495, 0.18034656408925404
0.25930116472545756, 2.126231593681056, 0.727206475529585, 0.21593695454719553
0.2908485856905158, 1.9523625382210767, 0.6828725199979827, 0.18537327548389773
0.3315806988352745, 1.821760085049564, 0.6332105696903496, 0.16220820134654326
0.2688186356073211, 1.9841151252245148, 0.7306434817277637, 0.22630515345380153
0.2740099833610649, 1.9833857123913265, 0.7287846081659795, 0.20010333766487998
0.2913810316139767, 1.9002728980690389, 0.6771742507046252, 0.1774687270474485
0.26728785357737106, 2.037776233376362, 0.7052453364613317, 0.2053638554513098
0.31314475873544095, 1.9762799790615646, 0.6787899576710035, 0.18260297733444916
0.3433610648918469, 1.7861378070518696, 0.6308186499005646, 0.15208991939092173
0.3282529118136439, 1.8045634153162977, 0.6500952240902007, 0.15524182698763592
0.310549084858569, 1.9035075182803658, 0.6593020325808775, 0.17159614834142725
0.3206655574043261, 1.876262623446555, 0.6635499964970132, 0.17251690132752012
0.25284525790349416, 2.1951000523884563, 0.750608024868413, 0.24634914850276327
0.27647254575707153, 2.1384575494791624, 0.7254464023451843, 0.19934089186777876
0.33823627287853575, 1.8204771994314655, 0.6262042346903812, 0.1592573682745722
0.3507487520798669, 1.7726674808142784, 0.6133739399705515, 0.15047445779462623
0.33397670549084857, 1.8158818403059949, 0.6303982888079583, 0.16716911799520615
0.24505823627287854, 2.108447486746083, 0.77081929902513, 0.24925258785727963
0.3753078202995008, 1.6866198836666177, 0.596190449293488, 0.13924288421112188
0.3070881863560732, 1.997001311993242, 0.7104371830781573, 0.19151713325462885
0.23973377703826956, 2.505579141402205, 0.7759427140828556, 0.2752216897387012
0.2692179700499168, 2.005316348070412, 0.7324919742131241, 0.22273288230553936
0.3022961730449251, 1.8406308317263789, 0.6675330951874616, 0.19831184903269755
0.3556738768718802, 1.723395287978669, 0.6152456658605786, 0.1564912075923381
0.3270549084858569, 1.8032332843155314, 0.6801069469204521, 0.1713344669120212
0.37697171381031613, 1.687562444973706, 0.6037185559632842, 0.1399495337007929
0.3453577371048253, 1.864625298060514, 0.6366379137969349, 0.16298647823315734
0.3195341098169717, 1.9083860417332705, 0.6649471911366811, 0.17107303693709316
0.2949750415973378, 2.0127656684362156, 0.6802341913899109, 0.1785330394134874
0.24931780366056572, 2.36251410371799, 0.7221705807609491, 0.21660796414868166
0.2562396006655574, 2.1399288076658216, 0.7525877661897411, 0.2398879011552832
0.34622296173044925, 1.8910266992772082, 0.6250466937040673, 0.1624837641697453
0.27427620632279537, 2.1241035792682808, 0.6892591540246322, 0.21061703140434657
0.27108153078202996, 2.1461186167047344, 0.7315822498400978, 0.22965280313261624
0.23321131447587354, 2.3335172823002055, 0.777126157289493, 0.2587677066726134
0.28891846921797004, 2.2056369183434423, 0.6986400663451521, 0.18368034076275339
0.32292845257903496, 1.9436156129073383, 0.6371606974391555, 0.17511854713649028
0.30415973377703825, 2.049642460144895, 0.6820503340573724, 0.1897895955973657
0.3502828618968386, 1.7780125077770474, 0.6401320442089092, 0.16407685890771453
0.3744425956738769, 1.6885600424427756, 0.5983039491988359, 0.15169236792374782
0.3264559068219634, 1.898072871564827, 0.6762273438013601, 0.19027309737655387
0.351414309484193, 1.7770731871001137, 0.6377416440133671, 0.1672455457868202
0.32193011647254577, 1.8659910893241896, 0.6597149440788068, 0.18235030339921685
0.3350415973377704, 1.847057966719848, 0.6372724777867328, 0.16225710053548528
0.3176705490848586, 1.790122235134715, 0.6471791768391809, 0.18630877295201628
0.3506156405990017, 1.7330172441565057, 0.6284118952655781, 0.16095477611886438
0.32772046589018305, 1.8434101431738716, 0.6485607897396242, 0.16983071650781761
0.3631946755407654, 1.7473650813856458, 0.6188406787059427, 0.1524788805399375
0.34296173044925127, 1.8278716009131286, 0.6503387875537432, 0.18218849086773584
0.315540765391015, 1.916016967064529, 0.6695871968712516, 0.17655871555947725
0.09690515806988352, 2.3027026981918666, 0.878537885837604, 0.33978275749407
0.14582362728785359, 2.336854172189303, 0.8623255591828192, 0.24882636629960403
0.10316139767054909, 2.4658965879034085, 0.9392832807651011, 0.44304708824282335
0.14089850249584027, 2.3611713555013876, 0.8965965972776817, 0.32087555509236215
0.14529118136439267, 2.4871311826039473, 0.8891460247331017, 0.31016958373698106
0.16259567387687188, 2.354585654747466, 0.8168573231817859, 0.30215544127362304
0.18715474209650582, 2.2756598334225164, 0.8498898515196384, 0.23034648106108815
0.13643926788685523, 2.273858786597228, 0.9036468484332835, 0.34596357179123755
0.20838602329450914, 2.2410125178782994, 0.8088303442989415, 0.21726089686233346
0.21663893510815307, 2.193344971812307, 0.793056114574588, 0.1867715811969721
0.1113477537437604, 2.5899387433643946, 0.9142324187439169, 0.41754238328177384
0.16465890183028287, 2.6801232057998265, 0.8195833651139861, 0.27962934391611577
0.2372046589018303, 2.0813885815330035, 0.7596804709586784, 0.19456664138697408
0.2501164725457571, 2.114509973272111, 0.771450946280808, 0.18535636866222555
0.2723460898502496, 2.157876314926465, 0.75885612002749, 0.17954432349082988
0.2620299500831947, 2.089394093392891, 0.7138984252550078, 0.17600472020619135
0.17717138103161398, 2.244623877561826, 0.8047768232242338, 0.2678411832808852
0.2841930116472546, 2.0398117851655613, 0.7219930848423465, 0.17020964212778622
0.2905158069883527, 1.98811087607544, 0.7016536133289806, 0.16211130052322886
0.28332778702163064, 2.006669096756299, 0.7184832795775217, 0.16158601237625014
0.22143094841930117, 2.3318740852739968, 0.7611071073418905, 0.23376901029038155
0.2529118136439268, 2.0535593819776907, 0.7735644337167066, 0.211032842166451
0.2614975041597338, 2.0865750084224834, 0.7523206993915276, 0.1954685399376466
0.30455906821963397, 1.9519790488352593, 0.7072223484868377, 0.16263011737099867
0.2821297836938436, 1.9850505629950475, 0.7263780210038405, 0.1802503091092986
0.22955074875207987, 1.988024890091574, 0.7624638471056515, 0.23741461750479456
0.2979034941763727, 2.046174676247722, 0.6661334725970017, 0.16547899447332487
0.29936772046589016, 1.945019534034856, 0.6973157799468678, 0.1766879871301111
0.3356405990016639, 1.8321410651571937, 0.6477083732091541, 0.1549130837940244
0.2995008319467554, 1.8830191379497927, 0.6863087308299043, 0.16715108448564797
0.20339434276206322, 2.466026491948253, 0.819682939237269, 0.269213010282911
0.23594009983361064, 2.224159612540596, 0.7390348375443664, 0.20349277376307112
0.31940099833610647, 1.8556455070325817, 0.6799204704840734, 0.16818628966567978
0.24685524126455907, 2.2846597749460953, 0.763008403627151, 0.22091061378886637
0.28352745424292847, 1.9649654910132017, 0.7017283497258623, 0.18226577978944325
0.20978369384359402, 2.3461075117415477, 0.7998546938126434, 0.25972686856334465
0.32565723793677204, 1.8457624849979573, 0.6870935320434391, 0.1662851570681495
0.3390349417637271, 1.786794058514911, 0.6697500244021024, 0.16009280903690293
0.2928452579034942, 2.0015931140642595, 0.7258192279533273, 0.19348394957519072
0.3204658901830283, 1.8548744744786407, 0.6554716230390032, 0.1665505225084839
0.35114808652246254, 1.7380146932958962, 0.6309804408359795, 0.15172984743806348
0.32186356073211314, 1.9124132461357435, 0.6985199961746991, 0.17834052528183336
0.30083194675540764, 1.9087558427428246, 0.6862057997318867, 0.19843083634377612
0.29504159733777036, 2.006616958290487, 0.6926709447927336, 0.20371120805453488
0.313477537437604, 2.0040485985544874, 0.6652037518576407, 0.1652434759633372
0.31148086522462565, 1.8951114883954434, 0.7006617586631416, 0.17937527852661683
0.38262895174708816, 1.6841755861668737, 0.6226990772463091, 0.14366670403034457
0.3367720465890183, 1.8228294965669438, 0.6764921666866335, 0.17636171402098857
0.3757737104825291, 1.7728994110896068, 0.6031523916589375, 0.141082949636134
0.2843926788685524, 2.0235864943781627, 0.7080972398278599, 0.20064691817354546
0.36259567387687186, 1.755464600544801, 0.6551968150933376, 0.16073540080303725
0.3769051580698835, 1.716439054067341, 0.6376122251896762, 0.15464123655738488
0.37038269550748754, 1.6947339987318448, 0.644119940701115, 0.1622875923193396
0.3676539101497504, 1.72729295079601, 0.6262364985593665, 0.1563984200290373
0.29484193011647253, 1.8455999092631252, 0.6776666598768197, 0.2010181741512268
0.363261231281198, 1.7434233725626338, 0.6515658886849303, 0.15741977013656577
0.3345091514143095, 1.8813794536122466, 0.6691190792814151, 0.19381344274197562
0.3501497504159734, 1.8072777214899238, 0.6670797718010373, 0.15970004929670903
0.35800332778702165, 1.7424326854140906, 0.6578112073932892, 0.16059939919102753
0.3282529118136439, 1.8560396678475493, 0.7078885123450166, 0.20040411901640845
0.38309484193011645, 1.7453294153459458, 0.6122838902859121, 0.14907384477728827
0.424891846921797, 1.5775465239700976, 0.5962391615440878, 0.134779842364817
0.3719134775374376, 1.6882177671735576, 0.6676911842822167, 0.16616475079281343
0.34123128119800333, 1.7257990403976695, 0.6197734034188059, 0.17507147116288507
0.3564059900166389, 1.774066186855716, 0.6344172171786223, 0.1593307674318259
0.2340765391014975, 2.2859318186600572, 0.7811847239187393, 0.2830795621048521
0.282396006655574, 2.222420001387745, 0.682432591922218, 0.20267771310440078
0.390216306156406, 1.6198243807238866, 0.5851194300226682, 0.13885640190049028
0.39853577371048254, 1.6021782291114033, 0.6108484441225709, 0.15276244907733638
0.4083860232945091, 1.6072859967042523, 0.6042880905690867, 0.14358460655524422
0.29311148086522465, 1.974882423342167, 0.690916074345765, 0.1895196845594565
0.3514808652246256, 1.6988694481564044, 0.637261393708864, 0.1731126731375597
0.4247587354409318, 1.589145038865767, 0.5809552868437227, 0.13485905980831958
0.42995008319467554, 1.5772098503215937, 0.5956015514641871, 0.13963001634696448
0.4317470881863561, 1.5506391030262394, 0.5585714795793725, 0.13031555615826731
0.380432612312812, 1.6385194547957866, 0.644063292659291, 0.1820809830296755
0.4017304492512479, 1.6370328726228978, 0.6182611231477442, 0.16227194445072893
0.40086522462562396, 1.603446805502928, 0.6267856044684113, 0.15518471293372968
0.41823627287853576, 1.5743068405276726, 0.599801818077749, 0.14153439146925262
0.40332778702163063, 1.6092828753347603, 0.610579608176112, 0.14999564764692583
0.3623294509151414, 1.71436156267136, 0.6146030450234736, 0.15218572296604402
0.41816971713810314, 1.582348201556531, 0.5789827936427618, 0.13617685729861959
0.4091846921797005, 1.6439824317418001, 0.5973111767987389, 0.1403630565260362
0.4405990016638935, 1.5219354492574682, 0.5602410402451248, 0.13233551757040662
0.3872212978369384, 1.7070386396756336, 0.6092619682559828, 0.1549671599659157
0.34835274542429284, 1.8583573219561933, 0.6343946091374968, 0.16259342863015178
0.3791014975041597, 1.7239343312308317, 0.602923374067088, 0.15451702416871643
0.3803660565723794, 1.6908609627973221, 0.6090944585065263, 0.15590592496119274
0.3886189683860233, 1.6609008822385563, 0.5733120665505084, 0.1408948241803982
0.43108153078202993, 1.5611951657301575, 0.5682454898966403, 0.138863465684386
0.42089850249584027, 1.6797859445606016, 0.5718281190786786, 0.1434494721276941
0.40512479201331114, 1.6557079369752061, 0.6033324883647123, 0.16234905038925135
0.3946089850249584, 1.6543416831457673, 0.6131199420116569, 0.1530357827570516
0.41916805324459233, 1.5787578189214335, 0.5513918434070795, 0.14409084618129098
0.42828618968386023, 1.5486230445830478, 0.554991363447951, 0.13543746808454507
0.43227953410981695, 1.5733894932041945, 0.5445985466724018, 0.14441424992218163
0.37304492512479204, 1.7409261319978464, 0.5926652562224994, 0.1580834162352319
0.4551747088186356, 1.4814017457295574, 0.5580594320986925, 0.13430692085113538
0.3034276206322795, 1.9271303415734835, 0.7043674698285344, 0.22147889539112287
0.4300831946755408, 1.5857988263763325, 0.5849150738341701, 0.14584160443757868
0.46276206322795344, 1.507972532496873, 0.5343319519107183, 0.12253047108111811
0.10262895174708819, 2.3046147190512913, 0.891285518637218, 0.3238652927445219
0.09757071547420965, 2.386436741395719, 0.8889160486026735, 0.45458401204629256
0.09823627287853577, 2.5564062937563548, 0.8884156782818465, 0.4491019062809711
0.17257903494176371, 2.6089732589340846, 0.8135452032682546, 0.2865027360266013
0.19121464226289517, 2.3850482224704024, 0.804260374053589, 0.2528485972514794
0.11720465890183028, 2.4228890564437715, 0.926475641819491, 0.4042888597674214
0.12073211314475873, 2.6552568423014113, 0.8495370278295279, 0.38018371903406156
0.18442595673876871, 2.235825613247178, 0.7853654443790361, 0.2568421838548655
0.17151414309484192, 2.3193385481001334, 0.821762421338764, 0.2760445102394522
0.19307820299500833, 2.3097741089525714, 0.7961915288674775, 0.26300070687808486
0.21364392678868552, 2.2762124601299076, 0.8014746919205432, 0.22356522100485712
0.1789683860232945, 2.536573879008682, 0.7999730923104795, 0.2706023491512747
0.21284525790349418, 2.168486834889442, 0.8000692908333698, 0.23448852781632368
0.22961730449251247, 2.134547665357193, 0.7880725182801497, 0.22172439390336035
0.2297504159733777, 2.1941782927989166, 0.738486574138088, 0.19585955300991717
0.25803660565723796, 2.1802721210565426, 0.7485040785245176, 0.183673628140709
0.2307487520798669, 2.3790198128989055, 0.7859922037518602, 0.21685101147449617
0.21856905158069884, 2.2287655150592824, 0.7489096814097849, 0.23380721194309398
0.2340765391014975, 2.1805238159643037, 0.7490239754717496, 0.18591824212397326
0.23148086522462563, 2.2398782020440318, 0.7683749137701849, 0.21963199864539837
0.277936772046589, 1.987990186091469, 0.7204838252571876, 0.17903648503509875
0.298369384359401, 1.9478132468809106, 0.7040237598023094, 0.16518403733793496
0.1794342762063228, 2.4170897774688416, 0.7874928861925786, 0.2658838498449462
0.25797004991680533, 2.114587695685877, 0.7524883256257696, 0.19123187570615796
0.24439267886855243, 2.0492639330421234, 0.7422111723630623, 0.22186948826174327
0.22608985024958403, 2.250623305661111, 0.7933569013898907, 0.23681473923208685
0.2730116472545757, 2.0644641619038064, 0.7365019153333139, 0.1845912366592806
0.24359400998336106, 2.128446533556984, 0.7414230696063128, 0.23345628459322487
0.2449916805324459, 2.1965984973931274, 0.7346980631540724, 0.21243523593297106
0.30023294509151416, 1.9487689899089133, 0.714076762137308, 0.1666076658561697
0.27973377703826957, 2.077165887349854, 0.7306835433205218, 0.19385797233156823
0.31128119800332776, 2.08402617905977, 0.6886500011448912, 0.1712108901067899
0.2870549084858569, 1.9749613981199343, 0.7230688227584549, 0.18772610955788493
0.264026622296173, 2.0030134106118744, 0.7078543934600768, 0.19510733635659835
0.2550415973377704, 2.138314007740846, 0.7634218394668673, 0.22230082542878804
0.29823627287853577, 1.960938287788937, 0.6924845468799943, 0.18689811147356228
0.334242928452579, 1.9257287152833034, 0.6689803377964185, 0.15395810055875725
0.34256239600665556, 1.8917363480482243, 0.649635040296089, 0.15579086396401856
0.218369384359401, 2.272049325972349, 0.7583775269811842, 0.25089123872443575
0.30023294509151416, 1.8887978559305982, 0.6786537119495522, 0.1879197548734173
0.31906821963394344, 1.9852836203109008, 0.6905904390966752, 0.1663794788483342
0.29630615640599, 2.004407476470395, 0.7202179777408945, 0.18130345516419885
0.35214642262895174, 1.7890692434255375, 0.6253943277305201, 0.1531861183639059
0.2984359400998336, 1.9429331200372757, 0.715882353669175, 0.18626140378841202
0.35813643926788685, 1.8059804806971114, 0.6460499750372127, 0.15529957185306803
0.34682196339434274, 1.893249213941482, 0.6599616072774187, 0.15963935257922993
0.32292845257903496, 1.879766125552071, 0.6911333152999073, 0.17698497830215987
0.3442928452579035, 1.933940240019768, 0.6520521510147027, 0.15842271584607173
0.31128119800332776, 1.995875844515104, 0.6891123703624817, 0.17835711219596212
0.33118136439267887, 1.8499682762420515, 0.6827092911941474, 0.1733054132098655
0.32798668885191345, 1.8270267338899526, 0.6416553678818804, 0.1640864380658554
0.36792013311148086, 1.7258897923153769, 0.6581658276855382, 0.1581205846823335
0.2684858569051581, 2.01705615134386, 0.703817997486939, 0.21239631474986526
0.26782029950083197, 2.0416810041894133, 0.7091355498482149, 0.23441825295461755
0.3322462562396007, 1.9250511273588, 0.6276516432377232, 0.17803089723218102
0.2813976705490849, 2.1401544805384316, 0.6798346154269159, 0.20462680441444256
0.3301830282861897, 1.8942634591326342, 0.630669675162887, 0.1652164024109338
0.35367720465890184, 1.8163134913317573, 0.6036059967473759, 0.16113283030462053
0.3426955074875208, 1.8877986099676365, 0.637289457264144, 0.16299779143186208
0.3261231281198003, 1.8204090218377391, 0.635997193106369, 0.17620888623863565
0.35866888519134776, 1.761851774674287, 0.6384111905483923, 0.15839445960897802
0.3739767054908486, 1.7056528839414409, 0.6277955605574523, 0.1541788856361393
0.37484193011647254, 1.7199290507416956, 0.6373353233952112, 0.15876153574074692
0.4047254575707155, 1.627194050258884, 0.6021443857388085, 0.13525242685366506
0.34821963394342764, 1.798970676392763, 0.6622120690477856, 0.18060551208184078
0.3621297836938436, 1.8492657006897664, 0.6470085462908486, 0.15770375426360178
0.4083860232945091, 1.6710543416780164, 0.579867518438825, 0.14261773984509596
0.34555740432612314, 1.7621312896602364, 0.6595474080325785, 0.1847671368279132
0.3471547420965058, 1.7975987144873264, 0.6648686516518654, 0.1770961563425016
0.38329450915141433, 1.7239513654875478, 0.6204395796426074, 0.15669420656755015
0.363261231281198, 1.7850984940513002, 0.6414664454778137, 0.1607078945931154
0.38309484193011645, 1.7193290369006837, 0.6152600234528992, 0.15495144128686306
0.394675540765391, 1.6436996191511932, 0.6198135229823086, 0.15416487145019772
0.3400332778702163, 1.8090479253641578, 0.6228758954614722, 0.16962353556155166
0.3249251247920133, 1.7844783303106881, 0.6836351746336515, 0.20692475291526147
0.38742096505823626, 1.6996768522857628, 0.6198051142959746, 0.1506193941322558
0.35613976705490846, 1.8199764598387846, 0.6691665385373979, 0.17073286790684833
0.41211314475873545, 1.6057823839262995, 0.5912044414292744, 0.14111380461301973
0.3323793677204659, 1.9700467467030351, 0.6778052944816622, 0.18676407371865558
0.4481198003327787, 1.512270057126012, 0.5556143602302297, 0.13078726957434725
0.4421297836938436, 1.5351947426200905, 0.5367624734143529, 0.12891618996922552
0.37257903494176375, 1.738210707122395, 0.6377965786748132, 0.16190565063973483
0.3606655574043261, 1.7664709980575097, 0.6519649418200802, 0.164076544878208
0.3707820299500832, 1.7818331174683848, 0.6465936423584492, 0.17550164979649663
0.35860232945091514, 1.794465497902249, 0.6150183013522234, 0.15525958003273085
0.41324459234608985, 1.6405802989977964, 0.59055592195318, 0.14064992062026632
0.3439600665557404, 1.8780923588065657, 0.6400641104892912, 0.1817429911499841
0.42136439267886855, 1.5816248713138694, 0.5847504688545325, 0.137283538329281
0.3735773710482529, 1.6914753694175286, 0.5845311192015915, 0.16294021943695317
0.2893178036605657, 2.047436695131605, 0.6772231751768826, 0.206454750674101
0.3631946755407654, 1.7143237169927448, 0.5961760758499577, 0.1709634996872869
0.42136439267886855, 1.5850990868943702, 0.5472945885098582, 0.1397648528353962
0.3938103161397671, 1.7995744931995372, 0.6022602271942538, 0.15537521612602292
0.39600665557404324, 1.7098088977202004, 0.6119122871417069, 0.16045408853796564
0.3865557404326123, 1.7058081869575228, 0.6138748371381798, 0.16298604621937027
0.3894841930116473, 1.7382001744867759, 0.6168835574597649, 0.16133991261567246
0.4200998336106489, 1.614273010188847, 0.593963014329001, 0.1483634082113178
0.38149750415973377, 1.7326175407289268, 0.6305117110585471, 0.16379610383467522
0.4250915141430948, 1.6121033449379258, 0.5646062349961644, 0.14379434558474918
0.3631946755407654, 1.7050675232324148, 0.6168224224845547, 0.1820171238681982
0.38249584026622296, 1.7194468281451556, 0.6159197957768385, 0.16515281019193193
0.09963394342762064, 2.3048308664788424, 0.8867849038157358, 0.411118932191722
0.13424292845257904, 2.3688258757250082, 0.9066516765466258, 0.3269509755351282
0.14848585690515806, 2.4061823548810453, 0.8890784877680183, 0.2681923239135179
0.09863560732113144, 3.4837572830250974, 0.9280266176632895, 0.44964099035607163
0.13550748752079866, 2.530473583367422, 0.9047789347969349, 0.3138899097324731
0.1341763727121464, 2.606937534860684, 0.8966932170253376, 0.3494791901678763
0.1546089850249584, 2.6306825133449028, 0.8593398969448438, 0.2873234763105533
0.11547420965058236, 2.734474172100251, 0.8701348633117658, 0.3493693885426422
0.2585690515806988, 2.147033325868121, 0.7505701740298465, 0.1759104601604692
0.14875207986688851, 2.2558427230688975, 0.8507676980343112, 0.291959071626858
0.16226289517470882, 2.394495450438755, 0.873718584595122, 0.29102956577370315
0.11860232945091514, 2.914074021020467, 0.9080963622537029, 0.4076760174628066
0.15933444259567386, 2.388243784380832, 0.8589622288931551, 0.3311675728105159
0.25717138103161397, 2.1010816283154607, 0.742518592983867, 0.1868737096139973
0.2606988352745424, 2.0525427503316056, 0.7047307653952504, 0.18017008632310466
0.1842928452579035, 2.4211164466830932, 0.788599526728137, 0.2751650624951338
0.24459234608985025, 2.0531871061555163, 0.7440258055358198, 0.184261498484123
0.22615640599001663, 2.3405816905312053, 0.7725079489744847, 0.2087158281443086
0.17717138103161398, 2.608555922662954, 0.8438625014700946, 0.2904941579297807
0.23500831946755407, 2.301239145107555, 0.7602878550018846, 0.20295243909211402
0.23467554076539102, 2.0751940020269246, 0.747931724748799, 0.20229693296913454
0.2522462562396007, 2.256703154687675, 0.7370898533192961, 0.20366640883806345
0.20193011647254575, 2.32210586797477, 0.8056949012264013, 0.26719598213023876
0.15680532445923462, 2.5470154064199493, 0.8381439739477212, 0.3218363075422116
0.233477537437604, 2.149576230485507, 0.7807600616571014, 0.21871144806649429
0.18309484193011646, 2.49216246462503, 0.8322774337294556, 0.28804411544466113
0.25284525790349416, 2.091659131181022, 0.7301520772542391, 0.18954508754298205
0.26841930116472545, 2.012302929343479, 0.7006319877637144, 0.1809736420826903
0.3059567387687188, 1.9274350141407846, 0.6860375073588999, 0.18626570757360122
0.2800665557404326, 1.9203139824954523, 0.6839430920503762, 0.18504023075293644
0.2794675540765391, 1.9506889673874104, 0.7235062796225348, 0.18850725201179988
0.2796006655574043, 1.991586672498065, 0.7186144681427843, 0.19054693903481895
0.3022296173044925, 1.9008749511952012, 0.7047067813687348, 0.17646351472044255
0.3231281198003328, 1.8340165196559988, 0.6581544099458831, 0.15997402450352377
0.20359400998336105, 2.367231135197765, 0.8137164598291464, 0.30634697082196966
0.24439267886855243, 2.0619410423669167, 0.7577806835072683, 0.24096275954740465
0.32632279534109815, 1.9586576250547578, 0.6651566566540094, 0.16210707439739333
0.26309484193011645, 1.9273014258346621, 0.7005272057697699, 0.2193149034214778
0.21178036605657238, 2.3080290132651906, 0.8053957822122367, 0.26665775790130725
0.3281198003327787, 1.9069626870349718, 0.6653485087821203, 0.17791631013987821
0.313477537437604, 1.8650867822959696, 0.6745919000562814, 0.180339138868501
0.3173377703826955, 1.8727884450232526, 0.6840384596389041, 0.17540017614324974
0.31361064891846924, 1.9366789727520426, 0.700666067101638, 0.1791006852857204
0.221630615640599, 2.251672928060549, 0.7923615621391034, 0.2690296765060362
0.30828618968386023, 1.9345238982302178, 0.650445411938988, 0.1706005715448974
0.37237936772046587, 1.7062708961348765, 0.6232235800182802, 0.14443167508907523
0.38409317803660564, 1.7833784539528972, 0.6058616996036641, 0.13872821191395715
0.3343760399334443, 1.8122953052687367, 0.6688759953666544, 0.16771234862826762
0.3487520798668885, 1.7796700036942266, 0.6611655396094485, 0.15935316685795817
0.29324459234608985, 2.0853526218917326, 0.7206817363290561, 0.1901661315821113
0.2628951747088186, 2.1369198691071367, 0.7108605826421416, 0.21666951870195367
0.30103161397670547, 1.9286912638712643, 0.6676110750268588, 0.1768766463602697
0.33111480865224624, 1.8278771174965602, 0.6397633389352672, 0.16528423363514205
0.310216306156406, 2.0331632708471745, 0.6708221080030016, 0.18962707505803603
0.3685191347753744, 1.7625534504820621, 0.6521955937502598, 0.15260353058338363
0.30349417637271214, 1.9983653936747108, 0.7109163661513137, 0.18500289540753828
0.29537437603993344, 1.974211255696768, 0.6743904754787291, 0.1854563371655495
0.33923460898502494, 1.7564615872913907, 0.6313385619593809, 0.17910216252025854
0.2504492512479201, 2.1849812163886133, 0.7179500443808124, 0.2591268325131276
0.37224625623960067, 1.70722082720025, 0.6204529806157634, 0.1586286969961555
0.31647254575707157, 1.7844378656753883, 0.6581385025652738, 0.17694740350970284
0.2372046589018303, 2.3171621002075873, 0.7684735425970044, 0.2278835878308046
0.31207986688851913, 1.8991503514099042, 0.6763255313504918, 0.18163859505783495
0.3530782029950083, 1.7687631722377264, 0.6475915257073904, 0.16923291639920202
0.24405990016638934, 2.0951329627509123, 0.729673994827408, 0.2295968866844284
0.27806988352745426, 2.1281236112494635, 0.7126061655673736, 0.2003479808263658
0.27101497504159733, 2.0493638905550595, 0.709479237042875, 0.19768580021826973
0.2572379367720466, 2.0189271698002016, 0.7457861908632617, 0.22607830537366794
0.22183028286189685, 2.422783709980684, 0.7897974901788768, 0.2628582379902695
0.3486189683860233, 1.7182430681135015, 0.6475298444166653, 0.16407807023139298
0.38356073211314473, 1.6887693695101682, 0.6110967256134414, 0.14396941194319204
0.31527454242928454, 1.9082260933334934, 0.6914155744288473, 0.18249717770214396
0.33011647254575704, 1.7905257693285157, 0.6655622519267932, 0.1748402279304214
0.37257903494176375, 1.7204935727063908, 0.6279199634529399, 0.15589097610540908
0.35693843594009983, 1.7864935722446282, 0.6408715884240641, 0.16917492617131277
0.3249251247920133, 2.046057109588791, 0.6876318006727791, 0.183508144275728
0.27547420965058234, 2.060087127094459, 0.6924001639245663, 0.23334946242627636
0.2933111480865225, 1.9304966844229055, 0.6918352812518638, 0.18364216253714435
0.36871880199667223, 1.7719591495280655, 0.6308511493378534, 0.16046812559698148
0.3737770382695508, 1.6751705381318853, 0.6263132496412119, 0.16100794983583727
0.27381031613976703, 1.9093511101767149, 0.7333422225965239, 0.24347943635091296
0.33044925124792013, 1.83789591679458, 0.668271135728256, 0.18895908680332074
0.37850249584026624, 1.6642610310040378, 0.6178837730055036, 0.15703745297753466
0.27274542429284526, 1.8930127113641002, 0.7136959095111528, 0.21406802774898412
0.30462562396006654, 1.8558229332973875, 0.6653657303010648, 0.19475146196774804
0.388153078202995, 1.6311749994933307, 0.5953128279304647, 0.1508419241001732
0.3866888519134775, 1.639452819352142, 0.6269193422493767, 0.1494814151531386
0.3725124792013311, 1.7139651174513553, 0.630906571199413, 0.15378652726298248
0.3802329450915141, 1.771184125676528, 0.6114276171308581, 0.14399687264718203
0.3248585690515807, 1.9790698441927523, 0.7039673921034663, 0.19294838431075217
0.3369051580698835, 1.8528473058635502, 0.6361802216130358, 0.1792444014718231
0.3871547420965058, 1.635531567161571, 0.6263511797752994, 0.15241865413940817
0.31114808652246256, 1.8827148626965413, 0.6534530178384392, 0.1863385890971109
0.3910149750415973, 1.626255918505188, 0.5757075873697121, 0.14800085617111286
0.3115474209650582, 1.8892528723589395, 0.6514315372168625, 0.19031664721543573
0.3566722129783694, 1.7975388325470656, 0.6486174996436765, 0.17411224862328062
0.4141098169717138, 1.5887042133740696, 0.6012074731796627, 0.14228646200349876
0.38529118136439267, 1.7470461956276473, 0.6357329235040915, 0.15888484042879164
0.28625623960066554, 2.018363229685437, 0.6791036158533259, 0.2165107024790235
0.4083860232945091, 1.602579264751885, 0.5831405445095529, 0.13989556374530063
0.4047920133111481, 1.6369340910352208, 0.6230077859485833, 0.1558765917486835
0.10103161397670549, 2.3047891315326914, 0.8725831111873409, 0.37339725318304523
0.10988352745424293, 2.3292132672374937, 0.9298913998953101, 0.37249005193043083
0.09757071547420965, 2.446200030456962, 0.8889160486026735, 0.4583653107644412
0.12678868552412645, 2.402293101031451, 0.9222100854186795, 0.34016416864328675
0.12672212978369385, 2.4113610795413, 0.8429581821595563, 0.3134013939649077
0.11973377703826955, 2.5602678097425007, 0.9052766011938143, 0.3891314525540851
0.1325124792013311, 2.6561313694765087, 0.8551733536950621, 0.3256273895543779
0.20312811980033277, 2.328077901484764, 0.774317769314478, 0.21822173499584424
0.1746422628951747, 2.3385911144313716, 0.8056579662645802, 0.25013955411825745
0.18522462562396005, 2.2116676277884233, 0.7870990084583043, 0.23521729561520816
0.12006655574043261, 2.725359067924804, 0.8771061311956163, 0.3737147846119111
0.2330782029950083, 2.129675546208158, 0.7473898590897912, 0.19404293455405297
0.20539101497504159, 2.1867479145864084, 0.7674137083633471, 0.2289766764396403
0.17444259567387688, 2.383073785915946, 0.7981587119630073, 0.29590421042093684
0.21171381031613976, 2.301287573451012, 0.7840597889991592, 0.23818182804759097
0.16891846921797005, 2.2932692576248117, 0.8343049370835683, 0.3199146671757644
0.2584359400998336, 2.154270858955066, 0.7282693988981126, 0.18090162473900592
0.26509151414309484, 2.0045457910420295, 0.7443634934711262, 0.17997905930553165
0.14449251247920133, 2.685394429303644, 0.8816769127247787, 0.38283926851878614
0.22682196339434277, 2.18133537389276, 0.7644097913887028, 0.21198528048732165
0.24565723793677205, 2.110927061518893, 0.7197828217640466, 0.1970325597573575
0.25717138103161397, 1.988210741184317, 0.7262070861571192, 0.1883968387722397
0.30941763727121463, 1.904715603964896, 0.6714536393158413, 0.14902343327979764
0.21850249584026624, 2.0831270370170003, 0.8066492959222761, 0.27224626587574147
0.25996672212978367, 2.096234917263818, 0.7310691089083888, 0.2000143465911212
0.23806988352745423, 2.0321235730128357, 0.7999851558268809, 0.24170721172663906
0.30569051580698836, 1.9625868079031565, 0.6937879769227392, 0.16433931356677448
0.25470881863560735, 2.0412552761833203, 0.725941421636519, 0.19704878567122
0.2839267886855241, 2.061541159839281, 0.7105308775182702, 0.17768380417369636
0.2335440931780366, 2.145258189229521, 0.7493899394423257, 0.21425308874444035
0.29770382695507486, 1.9107930266004236, 0.6684333794346647, 0.17354959294841707
0.31101497504159736, 1.9014331360664622, 0.6636533824425371, 0.16148542867733337
0.25484193011647255, 2.135409158196505, 0.715122952346913, 0.2161052701067131
0.2600998336106489, 2.0821941156791968, 0.7211108925810286, 0.1993774261343184
0.255108153078203, 2.1686288952207606, 0.7327145913079826, 0.20063598049452935
0.3096838602329451, 1.8554778874297309, 0.7032613402650457, 0.17719615977200873
0.3115474209650582, 2.044761511238165, 0.6623835791408281, 0.16161219866439971
0.28445923460898503, 1.9762134796172728, 0.727475875027062, 0.20297763687593678
0.2903161397670549, 2.0826622279868547, 0.7248060313793326, 0.17949490298117357
0.3545424292845258, 1.7717671544976321, 0.6700937762895675, 0.15424364648036584
0.3024292845257904, 1.9205449837832997, 0.6755615940592581, 0.17074287589854453
0.34782029950083193, 1.8068496131698621, 0.6530106434639288, 0.15584233378720894
0.33397670549084857, 1.8030390312270992, 0.6735816446427855, 0.15691195409639105
0.3704492512479201, 1.7110353505789937, 0.6230133374448193, 0.14636851694406816
0.2971048252911814, 1.8962987860228973, 0.729224598744472, 0.190260634047067
0.29424292845257904, 1.9343773049126052, 0.7171188625836644, 0.2159616425115801
0.29324459234608985, 1.9994991346623456, 0.6758591831611334, 0.17946543401152634
0.3459567387687188, 1.7738564452593417, 0.6338105500148158, 0.15501685458960573
0.2958402662229617, 1.9553825599599797, 0.6774785011021509, 0.18700701313882925
0.3645257903494176, 1.7516464322279772, 0.6150672350952934, 0.1390595752648601
0.2697504159733777, 2.093212436911667, 0.7419032626419712, 0.20790382322354573
0.39640599001663895, 1.6673551638233484, 0.6077507152110503, 0.136718737715738
0.33490848585690514, 1.8537034333962172, 0.6582754564076456, 0.16451586542625316
0.3305823627287854, 1.8335290406468308, 0.650838265828465, 0.1658547116070547
0.3361730449251248, 1.8690827901073779, 0.6652387782190403, 0.1693551626197721
0.34855241264559067, 1.724324354516488, 0.614396446993989, 0.15843275823702432
0.36246256239600666, 1.7581673552847146, 0.6549185157027146, 0.15137505278886884
0.3277870216306156, 1.8744843110328109, 0.697882380914577, 0.1720106310340113
0.3721131447587354, 1.7150192219564402, 0.6468712305510768, 0.1514055533613072
0.33311148086522463, 1.8334431912676863, 0.6913962640415776, 0.18477369736760013
0.3914808652246256, 1.6908702696143292, 0.600536135443927, 0.1420008725256361
0.3102828618968386, 1.9732325451921504, 0.6870832329819458, 0.19756366406593903
0.3958069883527454, 1.7581870954088283, 0.604229514210415, 0.13757831730899844
0.356738768718802, 1.8187058154556794, 0.6336074560179442, 0.16502142462559996
0.29823627287853577, 1.8852244238919902, 0.6772289095094081, 0.19045100419036012
0.3793677204658902, 1.6655998708721802, 0.6427648821416031, 0.15102529783960136
0.3848252911813644, 1.7370681112102184, 0.6215787097255167, 0.14818204289895592
0.32006655574043263, 1.795440857426299, 0.6453938625712137, 0.1829696829930169
0.37697171381031613, 1.701842413531762, 0.6412825924983464, 0.15532012272986537
0.3123460898502496, 1.91495926142929, 0.7207311872762858, 0.22246349181402883
0.3731114808652246, 1.7158921029226555, 0.6088695050652829, 0.15742407639182038
0.38369384359401, 1.6495644903857378, 0.6294658349286927, 0.1551071515131047
0.35767054908485857, 1.7297724798019238, 0.6423292766871193, 0.15952151169046086
0.29178036605657237, 1.9831206944956756, 0.7132273183542641, 0.22118180889461345
0.37417637271214643, 1.6958488342607279, 0.6565591855489867, 0.17059523193340606
0.38988352745424293, 1.6136791211039374, 0.6369118899787273, 0.1582720569217498
0.3648585690515807, 1.6683713745634488, 0.6504070608067795, 0.16881066510176856
0.33217970049916806, 1.9998985263273839, 0.6562486065716656, 0.1766476308390531
0.42136439267886855, 1.6276209037990221, 0.5668949371349448, 0.1313667571044099
0.25863560732113144, 2.0571402067332816, 0.7118520166014869, 0.23059635806352352
0.3831613976705491, 1.6554924037789742, 0.6210092859752085, 0.15332401860604836
0.3935440931780366, 1.6468360929005157, 0.623645503445412, 0.15499701304905514
0.35800332778702165, 1.8431764159742092, 0.6774581792073927, 0.1799849520119304
0.35813643926788685, 1.7773736808006457, 0.6539662648982092, 0.16866934360267827
0.426955074875208, 1.5508462301903279, 0.5870661857152025, 0.1443483330775011
0.4388685524126456, 1.5527956051655896, 0.558884370052202, 0.12574374993973014
0.41011647254575706, 1.5903371087286913, 0.6147570775604285, 0.14767245102696325
0.37537437603993346, 1.7012346069308961, 0.6407047541661295, 0.16533516320458422
0.42123128119800335, 1.59941974843798, 0.593728866793773, 0.13786136749725195
0.37603993344425957, 1.6821939268028876, 0.657301880284956, 0.16333525263476423
0.35693843594009983, 1.7409592685286892, 0.6538067273164626, 0.17866734139700322
0.3427620632279534, 1.732542991439832, 0.6479292442549396, 0.1911726281874369
0.3209317803660566, 1.7623270142792464, 0.6502144652126008, 0.2076975059211745
0.4217637271214642, 1.6215564726355072, 0.5863161356807468, 0.13425860535583542
0.41064891846921797, 1.6211313899186208, 0.6018551225847513, 0.14381301492382237
0.4255574043261231, 1.57079665430572, 0.5668057501141744, 0.13892060115712118
0.4425956738768719, 1.522662742122041, 0.5707258230113162, 0.13503035727148724
0.38675540765391014, 1.7245635688785903, 0.6030962625016046, 0.15781688821235926
0.4320133111480865, 1.5360717988807628, 0.5906238186326377, 0.14282762251794917
0.41870216306156405, 1.5599551184453107, 0.5790267238455442, 0.14438361530732913
0.32133111480865223, 1.9049195031358082, 0.6877526843795364, 0.2039746308742834
0.09663893510815308, 2.302099870484998, 0.9158443870750648, 0.27292138443991326
0.09963394342762064, 2.3865972330724934, 0.9158021609020714, 0.47241575519344625
0.11074875207986688, 2.4146536045820266, 0.8683160661742062, 0.3331542223846651
0.10076539101497504, 2.4516455838684235, 0.8736557878876582, 0.43076251330173243
0.10209650582362728, 2.8302376521962653, 0.8939230391377532, 0.4599077526132689
0.15474209650582363, 2.5372593870337514, 0.8626977377370421, 0.25380148894448035
0.10848585690515807, 3.1197660731495716, 0.8877647607653526, 0.4026866908214384
0.11254575707154742, 2.6913072808372003, 0.9006108825490055, 0.40844510047676863
0.12199667221297837, 2.676333500501915, 0.8719219555181091, 0.3476489820198915
0.11633943427620633, 2.5724229424011686, 0.8562683663512044, 0.37902431797950364
0.15061564059900168, 2.6096163453912973, 0.8413895249006472, 0.27291103569006775
0.13231281198003328, 2.844461959701608, 0.8650699537785962, 0.31249042224978
0.13038269550748752, 2.786973046619761, 0.8597296023663797, 0.3337840297231874
0.12499168053244593, 3.1487579518110302, 0.9000214246302389, 0.38777314973840427
0.1946089850249584, 2.546350388205587, 0.7755794669096866, 0.24016447352461245
0.14129783693843595, 2.8697116501497946, 0.8688461810705109, 0.31257407243397933
0.12898502495840267, 2.9720503661066244, 0.8625569229429011, 0.34682724164786194
0.15906821963394344, 2.648429670548082, 0.8633876346425473, 0.31409320966205917
0.20299500831946754, 2.349878691119481, 0.7846708207546009, 0.23110925162178161
0.18409317803660566, 2.3664664073633075, 0.8059327197438599, 0.24010327423363573
0.2097171381031614, 2.4388562315593343, 0.7591521632465653, 0.22424614254378755
0.18455906821963394, 2.3190532555278645, 0.7851104224100427, 0.27973775840999887
0.27108153078202996, 2.0737754477439028, 0.7099540951368123, 0.1617376430253247
0.24405990016638934, 1.9919855724356932, 0.7540356985869209, 0.2118139096587086
0.1773044925124792, 2.4159813533487813, 0.8396269081381618, 0.28685329583157376
0.2157071547420965, 2.1687470538128237, 0.791380088370638, 0.21913880986074827
0.24252911813643926, 2.24609675715648, 0.7624054080976783, 0.19354255698142875
0.21497504159733777, 2.2882166384658875, 0.7651619599168371, 0.2217333303063964
0.2150415973377704, 2.2936705293909285, 0.7805772485025576, 0.2210410357790854
0.20445923460898502, 2.282719959034499, 0.8087546175061238, 0.26021457150251
0.13537437603993344, 2.784844418555845, 0.8896952753213161, 0.39132290369948286
0.23480865224625624, 2.176679976125327, 0.7589993755031282, 0.1996467222730765
0.203261231281198, 2.197553527851073, 0.7713050901848796, 0.23315237394241362
0.18622296173044925, 2.393195665418209, 0.8169894287284171, 0.25434931054614485
0.21151414309484193, 2.474081098811202, 0.7599043463941532, 0.24029378901259557
0.20785357737104826, 2.2580114739191117, 0.7893720690478804, 0.24547242434489602
0.15707154742096505, 2.462673768314863, 0.8658216557703899, 0.3374935095597029
0.2544425956738769, 2.2412351019330905, 0.7229898187453617, 0.18853071552871842
0.16133111480865225, 2.2009816885748243, 0.825350933682629, 0.32419094188344016
0.1886189683860233, 2.4206006307927224, 0.7911862080757409, 0.2599691256707571
0.21184692179700498, 2.3962473808052933, 0.7737823856289191, 0.21900683219154746
0.1621297836938436, 2.4916124751762223, 0.8597966011984162, 0.34626290221723033
0.22296173044925124, 2.1276752222794264, 0.7447308380506019, 0.22244562329036657
0.1735773710482529, 2.4121750747820303, 0.805122132020992, 0.2821836268042335
0.2668219633943428, 2.0372315553896834, 0.6987290192332504, 0.17369354047828095
0.22236272878535773, 2.1451296016658206, 0.7579004706179683, 0.22089117328769653
0.14801996672212978, 2.8679962435736632, 0.8745187013720045, 0.3772832876575467
0.2575707154742097, 1.9863688975284977, 0.7096628527444039, 0.17612875473524894
0.23321131447587354, 2.116263342082203, 0.7448059018638844, 0.2040717444117863
0.20772046589018303, 2.21115168323136, 0.7850592970789747, 0.22496742247927098
0.18608985024958402, 2.2296212939692417, 0.8343649816188019, 0.28935215284840365
0.24552412645590682, 2.0540008142466553, 0.7457675581563795, 0.2125391540142148
0.17976705490848585, 2.386422446335413, 0.8390212688173488, 0.2986054661083838
0.20811980033277871, 2.3134114182630117, 0.8093917824168105, 0.24080680899243828
0.17970049916805325, 2.382586377460429, 0.8403881828073636, 0.3016306220591429
0.26529118136439267, 1.9386868894100189, 0.7083310446660587, 0.18860705729914604
0.2340765391014975, 2.148243820060311, 0.743138470756456, 0.22840427963059776
0.1438269550748752, 2.4664400625466905, 0.8818536146648734, 0.38211870838107875
0.17890183028286188, 2.2638401084295325, 0.8262645306612275, 0.2828989097991227
0.17118136439267886, 2.367615937710602, 0.8420180607431551, 0.31650067784639974
0.22835274542429285, 2.2566542731505663, 0.7416825850983341, 0.21805487407722096
0.18995008319467555, 2.558017040580362, 0.8151183185422094, 0.2571555538690699
0.19314475873544093, 2.2039487363851804, 0.7953250616449373, 0.2488782067333297
0.2162396006655574, 2.154692203542357, 0.7536640832723673, 0.23994817333137775
0.16445923460898504, 2.401203583449175, 0.8585274938831992, 0.34003312560021587
0.24019966722129785, 2.2175594148302635, 0.7665062906632545, 0.2120393954596236
0.2086522462562396, 2.3484073643636783, 0.7613154510115315, 0.23482573626476977
0.1882196339434276, 2.2792783779451335, 0.8224826483350918, 0.28165451896881394
0.2362063227953411, 2.122966249038693, 0.7631220816217521, 0.20963544159086295
0.20465890183028287, 2.5598645366150605, 0.7695531719430734, 0.2655794636776802
0.2519800332778702, 2.1083422550226807, 0.7156442741113312, 0.20643591896595662
0.27520798668885194, 2.020253374985173, 0.7134961076667835, 0.17714721168283204
0.16073211314475874, 2.4337789800916854, 0.8646494052817179, 0.3507605951447637
0.21723793677204659, 2.485790773882049, 0.7844359168227014, 0.2567563932132446
0.22362728785357738, 2.4090154493648477, 0.7752289264280954, 0.2289896710584243
0.20638935108153078, 2.299578060170577, 0.7737694776726752, 0.2791047417902535
0.21184692179700498, 2.193930079516476, 0.8048599994290547, 0.27889441619721617
0.2540432612312812, 2.230601250572431, 0.7513881998125602, 0.19408144246265227
0.24046589018302827, 2.126840760336938, 0.7374741115372713, 0.21312414105615415
0.21936772046589018, 2.145731634498634, 0.7499362931064947, 0.24387989869508225
0.16179700499168054, 2.256087007133814, 0.829388936344471, 0.30589057271698394
0.1027620632279534, 2.3083585005314298, 0.9110096220714473, 0.45514578049600024
0.15633943427620633, 2.3090317988832063, 0.818805860154389, 0.3236887366652466
0.1427620632279534, 2.445393359081916, 0.8819850566291585, 0.3760500092939388
0.10242928452579035, 2.246211129964489, 0.9130536686474112, 0.45392723507449734
0.09963394342762064, 2.429926897126704, 0.9158021609020714, 0.4729008544015945
0.13264559068219633, 2.612915804659864, 0.8565716812236757, 0.3564081352712645
0.16831946755407654, 2.524435613195035, 0.8108250285262167, 0.2943869778645198
0.21983361064891846, 2.2145354701675313, 0.7463758488564577, 0.22151338189921696
0.19747088186356074, 2.3108324472638415, 0.7726018037451035, 0.25355288402976695
0.16119800332778703, 2.371952374156025, 0.8601705731488322, 0.3181843071708688
0.13044925124792014, 2.5942866365326425, 0.8949957069791399, 0.3731316431129334
0.18841930116472547, 2.399791143027796, 0.8327880054208978, 0.24699110844337693
0.21910149750415972, 2.1577390418235156, 0.7804767290421655, 0.2470413017273751
0.21450915141430948, 2.34782192029592, 0.7588271218889866, 0.23031078481134099
0.17976705490848585, 2.6040881411763475, 0.7992789639202661, 0.28846343296916893
0.16193011647254577, 2.5885250850247465, 0.8223827456085948, 0.29878689990269447
0.18602329450915142, 2.3477386606552835, 0.8274743593638682, 0.2869332366645875
0.1831613976705491, 2.456891732437539, 0.7953483168559874, 0.28865249072838733
0.23986688851913476, 2.122596495175322, 0.7420788322989005, 0.20107811803483683
0.1723128119800333, 2.293470971052738, 0.8503489440950763, 0.3258002756692691
