acuracia,loss,frr,fpr
0.09491773796043429, 2.3040617249803335
0.10504229667621395, 2.4151077760589565, 0.9026138420518844, 0.4573150666453187
0.128355425298075, 2.449390215344252, 0.8737111481360434, 0.4227476391138222
0.16405781655898222, 2.4259398855328014, 0.8517849140093963, 0.33075985646259487
0.14427496169986012, 2.382459767009451, 0.8877071315354496, 0.34217149335580754
0.176846732831546, 2.521252167714807, 0.8702438940846496, 0.27255297692664643
0.1637247718643842, 2.9784663611993096, 0.8493572340830873, 0.32361739495506187
0.17218410710717377, 2.4653943037078374, 0.8510503518769607, 0.29756953521196916
0.2079531073070006, 2.3407248159335645, 0.8299410885939441, 0.22020630305830857
0.1171651235595817, 2.2499569564023516, 0.873285720555146, 0.3962990093352033
0.12775594484779856, 2.2636805498837425, 0.8769796727361376, 0.392986707751399
0.1150336375141544, 2.552681337252199, 0.8862856452282306, 0.39193561599465376
0.14933724105774995, 2.2122904789532747, 0.8707089203854552, 0.2965927837090099
0.13581562645707054, 2.6397631706843994, 0.8591319543178979, 0.35743428196429805
0.16665556517684674, 2.1779794244439725, 0.877634906981078, 0.2648387508511814
0.1988942916139346, 2.1571105682722043, 0.8612573282445506, 0.24415564822917962
0.23472990075268102, 2.1239517789244977, 0.804178417376041, 0.21705767835021703
0.1655232132152135, 2.2541640717510156, 0.8463549478386796, 0.3101002986877413
0.15606474388862984, 2.5277499559757306, 0.851022324320903, 0.3335953142037166
0.1773796043429028, 2.3078009991009627, 0.8779010970681391, 0.33142739595019355
0.1723839339239326, 2.5527906483116802, 0.8860255400062315, 0.3080815632101951
0.1410777326317192, 2.2144654896419227, 0.8731797569207626, 0.37070281416234124
0.17804569373209886, 2.287084730923045, 0.8373185761138245, 0.32407571862393314
0.1683873975887564, 2.197935868165546, 0.8460369391699875, 0.33853150976392565
0.15133550922533803, 2.5134814896971367, 0.8538061124281316, 0.3362573925087399
0.16106041430760007, 2.4501304473135637, 0.8339135572982247, 0.33646231129836035
0.1679211350163192, 2.418819146034664, 0.8307910651050863, 0.2808940752103267
0.20895224139079466, 2.175425784970429, 0.818133787655424, 0.23982340686493314
0.19356557650036635, 2.4757510217845, 0.8579013421363897, 0.24874124543804105
0.16772130819956038, 2.3315032134166938, 0.8440358251645179, 0.3251905100410584
0.17371611270232465, 2.3807709434718016, 0.8745635518166639, 0.32177962037550184
0.16585625790981148, 2.4046727777488193, 0.8344142513964536, 0.33692623164329966
0.15386664890428295, 2.6195417172203834, 0.8506666847240746, 0.3523270371004924
0.16765469926064078, 2.559898217067183, 0.8781540229793006, 0.3443117840467716
0.14667288350096583, 2.4699082044251934, 0.8542078775006242, 0.361384037595836
0.18390728035702392, 2.4799921857455516, 0.8234363603350386, 0.2851040730031304
0.17618064344234996, 2.4172105919685114, 0.8370392381471371, 0.31357128089005903
0.1796443082661693, 2.3584943615539813, 0.8400629998352998, 0.2889133438387176
0.1853726770132552, 2.3018375646144555, 0.8133301789735169, 0.2756544278643684
0.1902351295543862, 2.5457339387250313, 0.8360419410998858, 0.27045050436279044
0.1683873975887564, 2.861193852906445, 0.8365539061373536, 0.2975159232401447
0.20402317991074403, 2.237323447832664, 0.7965788287492577, 0.28672885331988607
0.1878372077532805, 2.3798116593312306, 0.8191414102390423, 0.2841500431133447
0.145806967295011, 2.166629737090328, 0.8454828032638343, 0.3530033897394985
0.1703190568174249, 2.180284480985696, 0.8568446561018623, 0.3019361719285718
0.18164257643375742, 2.50796060424606, 0.873633496458973, 0.3005510781579765
0.1749150736028775, 2.526044178285359, 0.8421339053348401, 0.3331290392194419
0.1685206154665956, 2.7531375387086863, 0.8355073769060531, 0.3360676119476754
0.15626457070538866, 2.305042355142999, 0.9041756113916785, 0.3795650885750882
0.17391593951908346, 2.376925393082447, 0.8315653077436165, 0.28554150098704123
0.11703190568174249, 2.51433510284218, 0.8735068105967783, 0.3399759921916056
0.12968760407646707, 2.260899067989063, 0.8817697220960552, 0.33793547188577705
0.1789782188769733, 2.417581855508335, 0.8363268477260158, 0.32526217150796255
0.1769799507093852, 2.485228404534742, 0.8410561265159291, 0.3287032737992768
0.18077666022780256, 2.507837773965406, 0.8749463576465322, 0.33585519381408124
0.1521348164923733, 2.5699519842460106, 0.8425397198759337, 0.35593428704559826
0.17298341437420903, 2.531015204242265, 0.8279408511095514, 0.327879901909145
0.1701858389395857, 2.386755282140577, 0.8115944121554964, 0.2923201358674123
0.1795110903883301, 2.2378128419898777, 0.8782213258937844, 0.33946487982137363
0.1656564310930527, 2.2337389960324256, 0.8377113120513897, 0.3363882823936069
0.18217544794511423, 2.234454722290297, 0.8757805950674739, 0.3356838179733841
0.21301538666489042, 2.3200205935951015, 0.8370674501217733, 0.25750364135424963
0.17391593951908346, 2.200832755149725, 0.8315104400600362, 0.33150602854512157
0.18090987810564177, 2.2171018562651663, 0.8768001270411118, 0.3361340817459025
0.17638047025910877, 2.138144679273746, 0.8813829449757111, 0.34031866305940717
0.17125158196229934, 2.275554636654987, 0.8326791410027837, 0.3312163562026606
0.17971091720508892, 2.2640612324700875, 0.8661876915239809, 0.27878856805638924
0.17318324119096784, 2.1598816105441694, 0.8811439026218121, 0.2935457717942776
0.17644707919802838, 2.4285103239479846, 0.8816063513391545, 0.3450114213606378
0.17305002331312863, 2.7487953042893487, 0.8429627659455369, 0.34492075389853616
0.17937787251049092, 2.495564762656506, 0.8740414658373208, 0.33383698081029933
0.1836408446013455, 2.167431867647511, 0.8739763167412026, 0.3295861405689758
0.1838406714181043, 2.603267160431816, 0.8428072179037149, 0.2770925791544887
0.1659228668487311, 2.3724881048714828, 0.8782329087187225, 0.3376256393804227
0.18943582228735095, 2.3840140485433228, 0.8675864560606117, 0.272719010275427
0.12329314594018517, 2.2580433790064234, 0.89037307252455, 0.4047979141419028
0.1615932858189569, 2.4256094100632053, 0.8544158449307322, 0.3577041839749517
0.1795110903883301, 2.469015152101981, 0.8677770647784848, 0.2776082535785599
0.1767135149537068, 2.51398590964813, 0.8198956255959976, 0.32489454052983374
0.15879571038433357, 2.6520081922726555, 0.8456869689205453, 0.33301007760606016
0.1326850063278492, 2.4187643332491864, 0.8574921795649132, 0.35721332903236747
0.16032771597948445, 2.375952865610051, 0.8457756157188202, 0.3469848984945253
0.1792446546326517, 2.1418044274424854, 0.8118969005192531, 0.2811549735794336
0.17451541996935988, 2.336014048748916, 0.8312049193856061, 0.3438709396419444
0.19629654299607008, 2.4571102912060896, 0.859765127625846, 0.24923456753732656
0.16119363218543928, 2.2143968805945673, 0.8322735750800506, 0.30519833818847775
0.19596349830147206, 2.2568599810362384, 0.8188229652130129, 0.2799078067236934
0.1813095317391594, 2.340850562708832, 0.8134565976108281, 0.3265417693457173
0.1766469060147872, 2.4417918932824594, 0.8302201345461209, 0.312124398091365
0.18404049823486313, 2.470268911324565, 0.8386152648108267, 0.28086945448374157
0.1771131685872244, 2.3001164931178386, 0.8278473858285315, 0.3302617650530725
0.1791780456937321, 2.268232658774421, 0.8389089802465737, 0.33149779721720457
0.16678878305468595, 2.320956819960924, 0.841949905301513, 0.34199087693155994
0.17158462665689736, 2.576748596365746, 0.8315296386226942, 0.33645474345536674
0.20042629720908545, 2.208016120703813, 0.8442032613982742, 0.2851879334447437
0.18297475521214948, 2.37512931983809, 0.823587571548067, 0.34409130372063024
0.17591420768667154, 2.5314838330035667, 0.8268436208964719, 0.31961457163160845
0.17418237527476188, 2.1845714365595117, 0.8292743520743722, 0.3281478923642878
0.18057683341104377, 2.223880991535216, 0.8168502510516303, 0.32303531113118267
0.18230866582295344, 2.4031635320838522, 0.8746226321981142, 0.33481342387162016
0.17598081662559115, 2.2284585270773345, 0.8415065013409759, 0.30215920403880603
0.09824818490641445, 2.302023201106923, 0.8876266890966994, 0.2496452039827271
0.09858122960101245, 2.3687747444389013, 0.959294492246584, 0.5058194357415046
0.15826283887297676, 2.3650732749880397, 0.890961313138015, 0.3271639417030014
0.13814693931925665, 2.795386265836518, 0.8671422076303553, 0.3152385307289972
0.13554919070139212, 2.5954346817036673, 0.854612197698717, 0.3092456993119809
0.10890561513355092, 2.4114891114387698, 0.8906447635060827, 0.43989875191701266
0.1393459002198095, 2.8637462300502476, 0.8764827393730827, 0.35650224910271017
0.14534070472257377, 2.287306415965617, 0.9115289016135819, 0.37025871480422234
0.10084593352427895, 2.3272945748761567, 0.8985425361310357, 0.5101025443427482
0.14187703989875441, 2.40684775372996, 0.8888187843459192, 0.3473271710153
0.10084593352427895, 2.7460316278063734, 0.8985425361310357, 0.5047496039491928
0.10424298940917871, 2.3649587394680944, 0.8872380869371439, 0.44968429112739
0.11816425764337574, 2.328391068194364, 0.8883452006148758, 0.3985616461924824
0.15346699527076535, 2.597300842173101, 0.856198434840388, 0.30131853879736886
0.16112702324651967, 2.2961119577742224, 0.8854020474083848, 0.3271622913170664
0.16259241990275095, 2.249079148519891, 0.8200685996294309, 0.3338304653001247
0.11796443082661694, 2.761748897864961, 0.8790010757905711, 0.4253504874472311
0.12862186105375342, 2.6170782531148657, 0.8748028962904801, 0.3985587728019122
0.11416772130819956, 2.7416669866083176, 0.8913960864455784, 0.42840004651185737
0.17098514620662092, 2.2589510301678772, 0.8355170216339051, 0.26126992287399714
0.16205954839139414, 2.5127983442560105, 0.8392232587095284, 0.32834906603722486
0.17178445347365617, 2.2302873352735944, 0.8461592405328908, 0.3305608289891788
0.1749150736028775, 2.3072116237521083, 0.8779798142079729, 0.2842781724945407
0.16925331379471126, 2.2408904301161803, 0.8414301844887433, 0.29601163162969024
0.16732165456604275, 2.2629420768013246, 0.8852084139982802, 0.3319196018188693
0.16692200093252516, 2.3838084568580653, 0.890045078275801, 0.34055756088770095
0.16658895623792713, 2.4369928130047125, 0.8892882908393694, 0.3405674843279205
0.17185106241257578, 2.3771553864558785, 0.8803913286263049, 0.3293521907609643
0.16525677745953507, 2.4931086425673894, 0.8318149677115867, 0.33051014751332797
0.16772130819956038, 2.319711557399708, 0.8790716910248435, 0.3331485862091339
0.16352494504762538, 2.658254888378422, 0.8444157780069969, 0.3220730936110178
0.15300073269832812, 2.8154217514599584, 0.8836853012927909, 0.35054158571442284
0.17411576633584228, 2.1933057122629775, 0.8161286772091995, 0.32890119419575203
0.18024378871644575, 2.4185015049184306, 0.8349332065196112, 0.33124259774370507
0.16712182774928394, 2.1558131515991676, 0.8777284873220786, 0.34689230831544554
0.17977752614400852, 2.3805241193395306, 0.8166055835484857, 0.3252813948924165
0.17837873842669685, 2.265323937776952, 0.788196920023195, 0.30829923397467407
0.16312529141410778, 2.3337613129722183, 0.8946759996318464, 0.350167382613206
0.10124558715779658, 2.2820239529923803, 0.8893308756747507, 0.4810672247861866
0.1107040564843802, 2.287601320698936, 0.8797759467411355, 0.40342200545292145
0.10770665423299806, 2.393445653663853, 0.8850641276139972, 0.46011035195529687
0.1017118497302338, 2.3879636280034657, 0.8890177704608723, 0.45803922731286695
0.1351495370678745, 2.8857630003437977, 0.8608796554508574, 0.3847613815616334
0.1968294145074269, 2.375670350773905, 0.8148077158093685, 0.22989687602510026
0.16032771597948445, 2.684780628154099, 0.8967687315342463, 0.35079206157771253
0.16912009591687205, 2.3136946684053403, 0.8866549417938157, 0.33591559285157313
0.1656564310930527, 2.202807491960972, 0.8300737496362824, 0.32260331170206386
0.1859721574635316, 2.177185879313937, 0.8729760288490735, 0.28785135157264025
0.15306734163724772, 2.365264177052414, 0.842385044202118, 0.34954043677792473
0.11903017384933058, 2.309018194727058, 0.8837489025883786, 0.42029498094031686
0.16172650369679611, 2.329414645431123, 0.8398933927362645, 0.32447739694074207
0.1655232132152135, 2.319166909939268, 0.8360174649334067, 0.326215013557007
0.17145140877905815, 2.2751051480119155, 0.8822371079293229, 0.336260306022426
0.17591420768667154, 2.2460962391896975, 0.8800301006427166, 0.33502364107128296
0.1438753080663425, 2.5123855638359514, 0.8625326031698612, 0.3748011056088084
0.176846732831546, 2.7553080309003497, 0.8780874670521659, 0.3343865027196718
0.1771131685872244, 2.7169432385188705, 0.8745678572540669, 0.31677139620832745
0.16239259308599213, 2.528268531708272, 0.8799769701306678, 0.3453875073851521
0.17804569373209886, 2.18759290666065, 0.8740043185530331, 0.3308393275522162
0.15166855391993606, 2.199135567618982, 0.8193231257438395, 0.3218335541044829
0.12256044761206954, 2.2658302286499734, 0.8818280974550016, 0.4195865612381189
0.14893758742423233, 2.2725396496477956, 0.8686723157682928, 0.29492014254821963
0.16126024112435888, 2.452506875845718, 0.8312482187981225, 0.33812503285336537
0.11803103976553654, 2.2870804466223293, 0.8859960113785148, 0.41644734667618916
0.15899553720109239, 2.268325817677894, 0.8995404165309759, 0.3455970088946175
0.16532338639845467, 2.2568352399751856, 0.88083395351983, 0.33807518215444177
0.16026110704056484, 2.2268671544937084, 0.8136383264458665, 0.294500882124447
0.1703190568174249, 2.236511622415046, 0.8257030459916936, 0.3256592859628813
0.12549124092453207, 2.3553406361902147, 0.8784729335921371, 0.3995316644396035
0.16352494504762538, 2.248065148879676, 0.8890379012783658, 0.33694371898700853
0.13648171584626656, 2.2193318872220558, 0.8562093032488305, 0.3049965967718163
0.16872044228335442, 2.202629989979944, 0.8496893540256876, 0.25145295100096166
0.1659228668487311, 2.235134308782669, 0.8403280579924253, 0.33678377801148973
0.15539865449943382, 2.402649189180341, 0.8485225064253845, 0.34827136591324087
0.1411443415706388, 2.2369359629004766, 0.8370765630675004, 0.36788225260110813
0.15653100646106707, 2.2696590717617156, 0.882544353262569, 0.32937024752567
0.12555784986345167, 2.4033050990030036, 0.8724554381255057, 0.3998069406652958
0.16205954839139414, 2.572535952856005, 0.8397219219986821, 0.3269584740263435
0.1483381069739559, 2.312759675327231, 0.8523550409277959, 0.3538465326561452
0.1703856657563445, 2.480065152280329, 0.8284289850208981, 0.2745488597216356
0.16998601212282688, 2.5751673022156942, 0.8312583173093098, 0.31875230404951144
0.14707253713448346, 2.2573852861045896, 0.8865748855257646, 0.3550700290411094
0.14940384999666956, 2.2812932024930785, 0.8514712409772667, 0.3497324144173816
0.17291680543528942, 2.275127811934671, 0.8231717273440908, 0.32352327303456085
0.16738826350496236, 2.2877196877418635, 0.8505861020209924, 0.3378080890242564
0.13894624658629187, 2.2904459806982334, 0.8774923334423981, 0.3183558365712442
0.13208552587757277, 3.112563860292939, 0.8916971812092201, 0.37929113307685963
0.15872910144541397, 2.3135464844217406, 0.8447937821612049, 0.3193271287270613
0.13548258176247252, 2.1863276390091437, 0.8680972652419754, 0.3296236931801141
0.15952840871244922, 2.2455033601612726, 0.892850314480596, 0.2975736929852074
0.1194298274828482, 2.2365681993360247, 0.8719069748557514, 0.396914736467182
0.12042896156664225, 2.526526303077883, 0.8649181905758722, 0.42678416199769204
0.13328448677812563, 2.3911319140478606, 0.8659923146885291, 0.37378193792341785
0.163924598681143, 2.222137122462959, 0.8805984296217705, 0.33763082222932705
0.1573303137281023, 2.180625829723335, 0.8496257902936056, 0.349936451282234
0.13907946446413108, 2.3820544357565967, 0.8584258237234275, 0.37101145770507615
0.1482714980350363, 2.2535777784661146, 0.8692238208680125, 0.3677696930273226
0.1749816825417971, 2.1945159192454655, 0.8919903110133889, 0.32537478418980487
0.12076200626124026, 2.2560139484998825, 0.8831330843890134, 0.4224446438438957
0.12249383867314993, 2.29336406076438, 0.8705172984114944, 0.40951562858992646
0.16425764337574103, 2.512023051264824, 0.8309950794073556, 0.3258929118617551
0.10191167654699261, 2.305945150937801, 0.9119242172341322, 0.3103694464634412
0.10084593352427895, 2.3167230012946782, 0.9041746762090488, 0.521704699647614
0.1504695930193832, 2.427875856758315, 0.8864440959372338, 0.33597971134024346
0.106041430760008, 2.4067930153937134, 0.8839545950392503, 0.44294118865851556
0.10710717378272164, 2.8184918199906477, 0.8985853955516928, 0.4392399528126263
0.1414773862652368, 2.3441774349800872, 0.8889212501384731, 0.3505538809151729
0.12802238060347698, 2.336823346144289, 0.8639689139093256, 0.3932173637855017
0.09911410111236928, 2.481646742087364, 0.9140353996112731, 0.5018264482633346
0.15013654832478518, 2.310943905139822, 0.8660002773822184, 0.3356389798611425
0.19269966029441152, 2.342179415212166, 0.8298860829019066, 0.22695073920755743
0.1288882968094318, 2.3333462869145127, 0.8839866786513122, 0.3292000342112863
0.18470658762405914, 2.25116731441927, 0.8199105557965615, 0.294074830646782
0.1064410843935256, 2.6664722194235226, 0.8930061104844157, 0.489102600218446
0.1551322187437554, 2.376976353382275, 0.8487584453374284, 0.34040509322380574
0.10157863185239459, 3.1548399947822383, 0.9016058341091657, 0.5333353009010071
0.16359155398654499, 2.400007091514721, 0.8867680671871545, 0.3299668067473579
0.1376806767468194, 2.372145220209532, 0.8569064953088945, 0.35171089857250687
0.1569972690335043, 2.2791378553898434, 0.857021557256567, 0.3368643464720855
0.12349297275694399, 2.9379456546585634, 0.8819184500819951, 0.4215125389263397
0.14454139745553854, 2.4336218170581967, 0.8578101942453319, 0.36808881435334595
0.14913741424099114, 2.3782003497105486, 0.8855723764941269, 0.34800731904586185
0.1107706654232998, 2.3307175964150795, 0.8933205049806128, 0.44233484083162
0.14607340305068942, 2.5868490528934904, 0.8456606374271782, 0.3874206403946279
0.18503963231865717, 2.33386233532952, 0.7989075509415884, 0.2741321465314913
0.1195630453606874, 2.715259084649608, 0.8804591612441296, 0.3983118527600301
0.19636315193498968, 2.1882289315591303, 0.8162083979090093, 0.24247864344060427
0.12136148671151668, 2.5036481648340128, 0.8846338959965478, 0.4186219601061218
0.1970958502631053, 2.3236980310391915, 0.8388205191424593, 0.259718304245215
0.17171784453473657, 2.322830080239625, 0.8824790308013629, 0.32737198000724604
0.19856124691933658, 2.2561103191777834, 0.8144495119124379, 0.2749416519544231
0.15553187237727303, 2.1869424129718706, 0.8453270804387973, 0.33719711290413334
0.15866249250649436, 2.9075897000563784, 0.8539095840055332, 0.30193197581498693
0.17604742556451075, 2.153380101211287, 0.860856155446404, 0.27681788610472047
0.1767801238926264, 2.3128540423632162, 0.8754966543833756, 0.33037820819058494
0.1789782188769733, 2.3080919757877445, 0.8383457226054523, 0.3182167977698291
0.16512355958169586, 2.3315164616477486, 0.8792785701804462, 0.34464020308948873
0.1551322187437554, 2.2549849696522397, 0.8832555658206933, 0.35261557672802096
0.1861053753413708, 2.3174528779207266, 0.8450939249607219, 0.27499382021665425
0.10823952574435489, 2.5461626282095917, 0.882573664440568, 0.4249482108030483
0.16285885565842936, 2.79564565425312, 0.832227619871763, 0.3285238556132504
0.17418237527476188, 2.4283743110875387, 0.8318947458686706, 0.3216929415039753
0.11256910677412908, 2.6886698940243656, 0.890058927369723, 0.443605512113017
0.17125158196229934, 2.270433296482671, 0.8339671546977476, 0.31481717093130435
0.11316858722440551, 2.350359649913249, 0.8880517567924382, 0.34970408254334684
0.1525344701258909, 2.329234687848308, 0.8418931999889414, 0.353118045466105
0.1104376207287018, 2.4341647872630694, 0.8804004876846093, 0.4207503157915083
0.1459401851728502, 2.31388150361697, 0.8542028558325041, 0.3564208340976775
0.14713914607340306, 2.3034362781296354, 0.8539087244932366, 0.3444996537411561
0.1685872244055152, 2.3915872649445187, 0.8332987124139712, 0.3242140574391522
0.16765469926064078, 2.774087561746667, 0.8336811238939378, 0.3230983521417633
0.14973689469126758, 2.176877123490249, 0.8465655385324553, 0.3493819064030931
0.1724505428628522, 2.341957341701195, 0.7964413988038531, 0.29598474312949424
0.1480050622793579, 2.520601001235572, 0.8620195677878311, 0.39019096826020144
0.15579830813295145, 2.8822901069399345, 0.8490328902568066, 0.34628304547891187
0.15759674948378072, 2.332489800867675, 0.835820543913328, 0.2915156861225009
0.14034503430360354, 2.391581158170152, 0.8514125092711364, 0.3688514350741277
0.15300073269832812, 2.5040347775842524, 0.8423554607148098, 0.2809923844571523
0.13428362086191967, 2.930814553194866, 0.8601457932015559, 0.4142835383714205
0.17631386132018917, 2.240480902891668, 0.8382985543974615, 0.3255565969535692
0.20209152068207553, 2.3119650650157815, 0.8335747358461288, 0.28827816640056286
0.1765802970758676, 2.4064484259269623, 0.8747023953077532, 0.33273732292065744
0.19543062679011525, 2.1662813617698293, 0.8153076032538017, 0.2457594656623697
0.12629054819156732, 2.5036934308317145, 0.8777007956638203, 0.4104428470087602
0.16745487244388196, 2.4011220956741197, 0.8406390893333249, 0.29200114121363596
0.18244188370079265, 2.4406221361407385, 0.8752269397405457, 0.33463756572737985
0.17538133617531473, 2.656012800133999, 0.8732195616841801, 0.3154155757689884
0.19190035302737626, 2.824476766212509, 0.8488710045340309, 0.2827130713557399
0.17318324119096784, 2.2276502802967033, 0.8864650211250685, 0.3500141918822307
0.19669619662958768, 2.3466538430086055, 0.8081505189865492, 0.2301477651238514
0.17877839206021448, 2.5262365204929185, 0.8255331577845549, 0.3163377260145481
0.1573969226670219, 2.2434873959928114, 0.8469298113724143, 0.3412666972350376
0.17464863784719908, 2.4724346459932236, 0.8295139141798875, 0.32877291696340266
0.15153533604209685, 2.279337084262398, 0.8406601198783769, 0.3653999977640948
0.11916339172716979, 2.6239244153861208, 0.8809975219195809, 0.40326645042514847
0.13081995603810032, 2.4106569978991206, 0.8704563212162173, 0.3612293534641352
0.19363218543928595, 2.5144579871652257, 0.8600246464918904, 0.26874968334826643
0.14853793379071473, 2.396859980170258, 0.8854354442776469, 0.36293134751778977
0.15206820755345368, 2.431304986373832, 0.8406643596772343, 0.35946513453670437
0.1773129954039832, 2.2408418732179216, 0.8174603936136797, 0.32634658226747526
0.1749816825417971, 2.5046750226885046, 0.8840909104432717, 0.34633108588551653
0.16272563778059015, 2.5082979104921153, 0.8389320232391301, 0.3441176297435075
0.172650369679611, 2.2392358114183732, 0.8368758072547917, 0.2931034182700203
0.18210883900619462, 2.2453045289124036, 0.8587104918691514, 0.2746288389464468
0.1773796043429028, 2.435901366365287, 0.8673241999113042, 0.2912041414007439
0.146140011989609, 2.286842095965446, 0.8545344689518369, 0.35831869295359847
0.18397388929594352, 2.155932305671147, 0.8339680287807919, 0.3045841108171414
0.15992806234596682, 2.5984856271214944, 0.8488746324194404, 0.36996767291022475
0.1678545260773996, 2.4132024771779874, 0.8773881260961325, 0.3464274033614635
0.17844534736561646, 2.2128574502211635, 0.8370797051780512, 0.3321123658046372
0.18763738093652169, 2.3888466409400424, 0.8401177672541744, 0.3023611655883624
0.16212615733031374, 2.591151129387129, 0.8473987137802353, 0.37115401565836115
0.15646439752214747, 2.4442128319255296, 0.8421760485697124, 0.2943756431310799
0.18157596749483781, 2.5804856967967313, 0.8409686141181364, 0.27840817613583335
0.172650369679611, 2.371243009483569, 0.8478976973086809, 0.2971321906429138
0.18064344234996335, 2.3218470709412657, 0.8334396997351309, 0.3363428256041128
0.1633251182308666, 2.258833775480305, 0.8331124292412472, 0.3417122391964424
0.17318324119096784, 2.5224030190715383, 0.8327779544532519, 0.3437177611996518
0.17191767135149538, 2.243430335699722, 0.824116430109316, 0.3326918403289659
0.15966162659028843, 2.265626966512585, 0.8467555765423758, 0.32883766297186934
0.1727169786185306, 2.308176163503349, 0.8849879699722087, 0.3407360519896313
0.18097648704456137, 2.5060184919714237, 0.8745188070509148, 0.3373969474152517
0.08659162059548392, 2.303475457299266, 0.8799983939390064, 0.356037251979368
0.10084593352427895, 2.5887294456324015, 0.8985425361310357, 0.5074348638369999
0.10277759275294744, 2.5172153580064087, 0.9024580121134909, 0.5003827975148359
0.16545660427629388, 2.2969677565155457, 0.8499417543215315, 0.32567640819750715
0.13914607340305069, 2.432593686587169, 0.8806379029495058, 0.33948881772292555
0.12922134150402984, 3.099673493859897, 0.876379423423686, 0.370822431748257
0.15852927462865515, 2.6723074051967464, 0.8832757215099685, 0.331483884272051
0.16678878305468595, 2.2366840671049415, 0.8562630789734593, 0.27117814696361203
0.17411576633584228, 2.4497607837374122, 0.8369728009005934, 0.3179820264000251
0.14780523546259908, 2.244475497663009, 0.8547226209593541, 0.33715842913524324
0.15153533604209685, 2.2177165235168, 0.8661195929636747, 0.30191110948709726
0.16998601212282688, 2.3491279984317726, 0.8541606262675577, 0.30876099938589585
0.1702524478785053, 2.4663212233163656, 0.8779120813848541, 0.32117183105431407
0.18563911276893358, 2.221961880837117, 0.8106945864154108, 0.2648861078767414
0.1812429228002398, 2.2334007672702003, 0.8153695772620699, 0.2763998274536356
0.1853726770132552, 2.151435077916946, 0.8616093080591293, 0.2649724893084919
0.18184240325051623, 2.1759491591389075, 0.861018332197041, 0.2694470664778531
0.2188103643508959, 2.230410707725053, 0.8219533286444891, 0.26171481156569076
0.2080863251848398, 2.219436833631871, 0.8019186312513314, 0.2582422862692263
0.14747219076800105, 2.3249563790809655, 0.8446927749370982, 0.3479363394136209
0.15633117964430826, 2.2330518338504466, 0.8464548887580975, 0.32993690164268785
0.17651368813694798, 2.226877319759574, 0.8777819927414552, 0.33041882806395667
0.12682341970292413, 2.40470370435305, 0.8935664666093037, 0.3986705467783478
0.15240125224805168, 2.26223716553687, 0.8741818550554464, 0.2933432739928157
0.1947645374009192, 2.1573923225287857, 0.8193404938107562, 0.22501799177746543
0.1657896489708919, 2.2296114183239273, 0.8069378812701619, 0.2942844269821459
0.17831212948777725, 2.354139738482129, 0.8181506534626669, 0.3292994065462796
0.1747818557250383, 2.1601178039758375, 0.8028563534088786, 0.3058928308944198
0.14693931925664425, 2.243650987393961, 0.8629406510493365, 0.3899160839795498
0.14494105108905614, 2.2852842079714106, 0.8456813660977767, 0.35677048501100334
0.14054486112036235, 2.3121773380907022, 0.8890604629888872, 0.36922423303545426
0.1702524478785053, 2.4157451767198235, 0.8813362437117176, 0.3269018798588686
0.15093585559182043, 2.5598841300733577, 0.8849463324805844, 0.3568356022665697
0.17611403450343036, 2.266233620463051, 0.8248847732612058, 0.320972202430407
0.11123692799573703, 2.4080286005355926, 0.8921280868271235, 0.43697162690826874
0.17305002331312863, 2.2353105377104394, 0.8202293067710775, 0.329374770436829
0.17178445347365617, 2.618685670571698, 0.8771496187044292, 0.3396243955233259
0.1707853193898621, 2.866610607407376, 0.8329710184244628, 0.3264622732827157
0.14900419636315193, 2.7877948552931855, 0.8590283836677599, 0.39351171164517146
0.1747818557250383, 2.4608912950971336, 0.8192822459676284, 0.3269739096196673
0.1521348164923733, 2.2141944296330003, 0.8359711144040656, 0.36148134520235325
0.14021181642576433, 2.2254734840731647, 0.8505973668647446, 0.3631403002281694
0.17424898421368148, 2.2753794398289062, 0.8234098076237298, 0.32842917567341834
0.1925664424165723, 2.3349827500129057, 0.8399962589905534, 0.2610641933629829
0.18876973289815493, 2.5663473101258716, 0.7817178658877453, 0.25006501782645124
0.1683207886498368, 2.5529205605039302, 0.8802426994962259, 0.3320964116870783
0.16485712382601744, 2.657669780365609, 0.8797672667746946, 0.33480527229556956
0.18530606807433558, 2.418839669283977, 0.813186923748693, 0.30844493763635566
0.17638047025910877, 2.3943173747341233, 0.8170225749141544, 0.32647403235889805
0.18204223006727502, 2.1790776503147233, 0.8517291527891642, 0.3022180618993075
0.17285019649636982, 2.153195009783902, 0.8318038718604035, 0.303096141808851
0.16905348697795244, 2.154548564432368, 0.8778696589269238, 0.3338948019918256
0.17631386132018917, 2.600395212792496, 0.8587004467997998, 0.27886552857270813
0.19629654299607008, 2.497614225365848, 0.8200856566115041, 0.27787883809650876
0.16499034170385665, 2.1529909938162923, 0.8241419584852148, 0.31253667741042396
0.17977752614400852, 2.2063564263725395, 0.8687913324639542, 0.28324103733006945
0.18264171051755146, 2.28502365470544, 0.8671913071730002, 0.28082572506396664
0.1772463864650636, 2.3339727652316675, 0.8776991299990204, 0.29307270174682487
0.18330779990674748, 2.2001536720988355, 0.8729565593095577, 0.33231606524355606
0.16705521881036436, 2.1164161004987108, 0.8923113121170199, 0.3446638925122443
0.18324119096782787, 2.371333270262554, 0.8228516689522444, 0.2768373107284611
0.18177579431159663, 2.2858430575555833, 0.8566868995349228, 0.30548779798120596
0.18623859321921002, 2.36820753782934, 0.8314028749717337, 0.28746973897929606
0.18670485579164725, 2.124570425787654, 0.8325773957153032, 0.27579715078531025
0.20189169386531672, 2.2102872120351846, 0.8184589982172396, 0.2621182357066341
0.177179777526144, 2.1896387787191745, 0.8235991705628898, 0.3251710856978086
0.18850329714247652, 2.191919704697828, 0.8135177611871771, 0.2984180213435179
0.16225937520815292, 2.637550170284787, 0.8419963456622902, 0.3437302998953654
0.15593152601079066, 2.2286063271265064, 0.8264271323637324, 0.29415354573519004
0.15879571038433357, 2.572650260815874, 0.8511269553291726, 0.30913936467608005
0.15066941983614202, 2.20257214868457, 0.8537946286976453, 0.3757042383792087
0.17358289482448544, 2.1805212689471944, 0.8768242563146407, 0.33714104206104306
0.1616598947578765, 2.256083886627988, 0.8359406508795608, 0.3481258183783119
0.16039432491840405, 2.2310668154702324, 0.8362061599300574, 0.344201825537509
0.1708519283287817, 2.218445373543859, 0.8721070166786626, 0.3039571538266814
0.16758809032172117, 2.346712310134884, 0.8374296624017135, 0.30080604105377756
0.18570572170785318, 2.491209744319269, 0.8684858728518735, 0.30053714026850586
0.16538999533737428, 2.5511658394955257, 0.8529388747414922, 0.28534203675175385
0.1819756211283554, 2.3356006213050136, 0.8738844125317792, 0.33438723084287136
0.1837074535402651, 2.3876424037202453, 0.8712809661462593, 0.30039789223085095
0.18723772730300406, 2.2731851825213547, 0.8599313453215458, 0.2851265499720649
0.1812429228002398, 2.117395153387409, 0.877249611745355, 0.3384908564173835
0.19836142010257776, 2.1175740774075007, 0.7690947901410133, 0.22812104874785977
0.18410710717378273, 2.1909318973863576, 0.8729861984815681, 0.32212580867291096
0.18430693399054154, 2.3595422989188384, 0.8143952639250465, 0.2746186285276441
0.17538133617531473, 2.2387763289725418, 0.8335886500983294, 0.33087149586328796
0.1743155931526011, 2.1403881792763935, 0.8844319265321833, 0.34773391030120954
0.17458202890827948, 2.617886697607594, 0.8748412791896036, 0.33569574402997876
0.18217544794511423, 2.188928926458748, 0.8738565563764036, 0.3350901348672644
0.18224205688403383, 2.4189907915109576, 0.8731791785598958, 0.29850260806314133
0.18097648704456137, 2.1643420822542736, 0.8769716431956252, 0.3419606542657951
0.12335975487910478, 2.3375197343375915, 0.868573656567901, 0.3877229561637682
0.176846732831546, 2.2324979645672465, 0.8798188964272307, 0.33843675494162295
0.1794444814494105, 2.1520967918734066, 0.877547578781251, 0.3352945998320519
0.163924598681143, 2.605023616450319, 0.8789891792084195, 0.34681987079585824
0.14853793379071473, 2.2070403863800396, 0.852571465946807, 0.3613589212414104
0.15353360420968493, 2.2843918277001958, 0.8194773004661995, 0.3510912505361031
0.15306734163724772, 2.334952942386328, 0.8537104078882376, 0.3145887605973089
0.18170918537267702, 2.2744295353425112, 0.874581510073057, 0.3323816694382574
0.16758809032172117, 2.5470343473066714, 0.8370128162833664, 0.3335776082110493
0.1773129954039832, 2.084480615250713, 0.840189115514811, 0.3124795592515728
0.1084393525611137, 2.305374693062211, 0.884227001529932, 0.268627801820861
0.0995137547458869, 2.423298865435626, 0.9581308097317855, 0.5038399958521806
0.14227669353227204, 2.472675885770177, 0.8794767974034251, 0.2801230870883603
0.1020448944248318, 2.428626407513269, 0.8957410214188599, 0.5039027442692385
0.10417638047025911, 2.5769158654802764, 0.8951718416961754, 0.501665936053713
0.11296876040764671, 2.4789675562622975, 0.8969343401519225, 0.418664480551347
0.16106041430760007, 2.2662655311970186, 0.8926514304830014, 0.33304635526243703
0.1504695930193832, 2.313162304674897, 0.8493447591718665, 0.33647266024896083
0.10783987211083727, 2.5154492368087027, 0.8831600617769636, 0.4267759545765884
0.1616598947578765, 2.474232822869037, 0.8555089130868015, 0.3330768659682074
0.1614600679411177, 2.3972753861088156, 0.8560125484814494, 0.3316978126772109
0.14667288350096583, 2.3344392813888564, 0.8876198223247943, 0.34913508550280986
0.1613268500632785, 2.307537686282469, 0.834054153704413, 0.32130560839459477
0.16106041430760007, 2.3604741923807304, 0.856457950045615, 0.28295830062008587
0.1616598947578765, 2.3100110865176053, 0.8923361248432853, 0.33480880737649943
0.12076200626124026, 2.3180732392045122, 0.8595831470904735, 0.3808117607122996
0.15619796176646905, 2.2072507605072755, 0.8985818967296378, 0.3183729494693338
0.15772996736161993, 2.2601603363273797, 0.8984759345974981, 0.3435453558008125
0.11530007326983281, 2.3746149227969027, 0.8764741023766567, 0.4230051415631085
0.168454006527676, 2.516691031426138, 0.8793458200421547, 0.2776052119115498
0.14480783321121696, 2.4324581956256757, 0.9121204536789749, 0.3727770199927749
0.15073602877506162, 2.6618600185894277, 0.854615523950331, 0.35384356618482277
0.1505362019583028, 2.318536617043953, 0.8484537564853621, 0.29338705111424485
0.12988743089322588, 2.5298027998918475, 0.8889812218810708, 0.38025883504362623
0.1723839339239326, 2.2444717982683544, 0.8295705217887855, 0.2769867802374069
0.1679877439552388, 2.6103230070037147, 0.8830066755457293, 0.32608305087237655
0.16971957636714846, 2.2951940371767394, 0.8801948060125406, 0.3323501122745459
0.1773129954039832, 2.3592789521630566, 0.820016508912866, 0.2976121717645534
0.16898687803903284, 2.274443296337083, 0.8871901662659472, 0.33956445123759826
0.17777925797642044, 2.321656878324223, 0.8277629856298837, 0.3129932270244899
0.17451541996935988, 2.6371797188001844, 0.8768804372728052, 0.3315492517865048
0.15333377739292614, 2.2505656164522883, 0.8528437739342303, 0.352086746136638
0.1522680343702125, 2.533609157041175, 0.8542515237940481, 0.37982522050935397
0.13335109571704523, 2.641801729745712, 0.864654956894458, 0.39799867896560603
0.16951974955038968, 2.3217729377308274, 0.8807760406494154, 0.31728041761983816
0.1701858389395857, 2.352288996380063, 0.8798950059063099, 0.3259123041218269
0.17331645906880702, 2.235730647437301, 0.8263876194179056, 0.3235721277312233
0.17058549257310332, 2.584128216285181, 0.8873012513601817, 0.3458950418368105
0.17977752614400852, 2.1837658847600356, 0.8360798865348787, 0.3309880733903535
0.1747818557250383, 2.3840451536160803, 0.8793198675523468, 0.33540549466870095
0.15306734163724772, 2.3739306493260623, 0.8836524566084553, 0.34707515338170314
0.15812962099513755, 2.3051790915569046, 0.8337773857895598, 0.34679624262941866
0.1567308332778259, 2.2788683543601964, 0.8441989733274953, 0.35721792159081756
0.16432425231466063, 2.4060478852986735, 0.8801699044780656, 0.33097527021532236
0.16465729700925863, 2.54868222461712, 0.8798940648676361, 0.34454129433698844
0.12882168787051224, 2.202728806357948, 0.8270557200012162, 0.37756644540078504
0.1703856657563445, 2.1215665884738297, 0.8222671746458236, 0.2708928144954064
0.1656564310930527, 2.175784144785548, 0.8332097568602143, 0.3363561723004406
0.11270232465196829, 2.251097602902362, 0.8860473409396026, 0.3975243468192894
0.16479051488709784, 2.260834288582814, 0.8310578290596309, 0.3322032295702303
0.16665556517684674, 2.3651294582555353, 0.8894241280364936, 0.3412540665847431
0.16718843668820355, 2.203032062959363, 0.8196510781945252, 0.3048544196499525
0.14094451475387998, 2.224150692559826, 0.8520093598708846, 0.3912522053789079
0.1479384533404383, 2.278730810653327, 0.8528240973770476, 0.3526292385543398
0.17185106241257578, 2.2931676772324763, 0.8817789989284863, 0.33428417790508747
0.13748084993006063, 2.280812186601835, 0.8798902797823285, 0.3601623305153906
0.17404915739692267, 2.6034998969131933, 0.8304226757924681, 0.3143621768545614
0.15006993938586558, 2.4293455654431537, 0.8812926782094641, 0.3093576065950197
0.1769133417704656, 2.6528869332697407, 0.8400282018893102, 0.3044626885742665
0.16692200093252516, 2.3986782749178945, 0.8845417613688509, 0.3362498269126502
0.13101978285485913, 2.2737140256115245, 0.8747472613216958, 0.325262110843949
0.16092719642976086, 2.3345124494987366, 0.8377126452397133, 0.3447794238835884
0.1550656098048358, 2.2882323741976367, 0.8485269897690803, 0.35118743352579374
0.16725504562712315, 2.409539018291577, 0.8409413690210185, 0.2779838123001013
0.16352494504762538, 2.2365919867942248, 0.8902856299382884, 0.336969008977582
0.1679877439552388, 2.581740121703109, 0.8818612639426707, 0.33866094772831135
0.15779657630053953, 2.5630260468609194, 0.8334962255648918, 0.3438335768470756
0.13161926330513554, 2.253321364727438, 0.9216268729150183, 0.31088154102026183
0.17211749816825417, 2.3476410687331044, 0.8783681660280049, 0.32838778036862487
0.17165123559581696, 2.246668453006291, 0.8377316072738283, 0.32583471900837574
0.16352494504762538, 2.475888037633143, 0.8844508853567085, 0.3284387805901502
0.168120961833078, 2.3636659331128924, 0.8808923605936114, 0.33391526920275644
0.16305868247518818, 2.2937514131831302, 0.8356710439293499, 0.34351284897370293
0.15439952041563978, 2.5675577791377306, 0.8839145756472474, 0.3464934317032914
0.18324119096782787, 2.294279530008192, 0.8062218227201183, 0.23868495986863847
0.16072736961300207, 2.166749096882301, 0.8234932540272526, 0.31551382653734394
0.20961833077999067, 2.2520780479106803, 0.8344632285859406, 0.2679992610989031
0.12875507893159263, 2.281301824485788, 0.8651979725882922, 0.3671206137403916
0.17178445347365617, 2.3847324597337676, 0.8240100279356793, 0.32620268315246825
0.13395057616732164, 2.463216066781315, 0.8739644775600064, 0.32238066562788875
0.19269966029441152, 2.160649658178478, 0.7954481164740055, 0.21634448501053732
0.1794444814494105, 2.3223970142344936, 0.8286986230659584, 0.3179891718407473
0.17784586691534005, 2.2146079073039298, 0.8182744996904061, 0.31123726242022
0.1701192300006661, 2.286867406837851, 0.8422068135386775, 0.31228800622968
0.18031039765536536, 2.188863629195213, 0.8659296137583686, 0.2779452560222401
0.18963564910410977, 2.2783723919680505, 0.8716400865855224, 0.3095135032396936
0.17598081662559115, 2.2225652002108327, 0.8293981787310447, 0.3235130403690932
0.15419969359888097, 2.227196276430079, 0.8519466758653097, 0.3568345945356758
0.16918670485579165, 2.613858729908597, 0.8789260625067079, 0.33294612317538047
0.15106907346965961, 2.198192623972869, 0.8532767301412105, 0.35392198468968317
0.1747818557250383, 2.249938950169883, 0.8312665775870297, 0.27193556748081754
0.14514087790581495, 2.5656898605635328, 0.8470035829228115, 0.349326167676267
0.17371611270232465, 2.2089246800093045, 0.8213964450377699, 0.3127564016493752
0.13961233597548792, 2.4102252598154403, 0.8599589599233693, 0.37440830557568905
0.17631386132018917, 2.4993255152292924, 0.8559576541713902, 0.27284907370920775
0.1678545260773996, 2.34348080963073, 0.8903952481023957, 0.34761906699859446
0.11263571571304869, 2.398555957178427, 0.8785440190953041, 0.4171190697304291
0.13541597282355292, 2.289194708215732, 0.855629973696589, 0.371547357714593
0.10111236927995737, 2.8993424618418064, 0.8893862044861256, 0.4975026188435569
0.16505695064277626, 2.477689103347142, 0.8547510103263793, 0.2839274503400405
0.17538133617531473, 2.356573784787277, 0.8730761152146531, 0.2912879240745768
0.11176979950709386, 2.3018562842009347, 0.8937734281160339, 0.26273706725933654
0.13648171584626656, 2.416593864797347, 0.8654885843934836, 0.33568415559645326
0.10084593352427895, 2.479609920708096, 0.8985425361310357, 0.5088766977322605
0.16066076067408247, 2.385334129123234, 0.8181623714569051, 0.2999892596264497
0.10084593352427895, 2.6172688593674187, 0.8985425361310357, 0.5076383738202007
0.10197828548591222, 2.4224501712916338, 0.9007843554996139, 0.537741768286873
0.14534070472257377, 2.2960303205005936, 0.8905988565070387, 0.3319794151990868
0.10157863185239459, 2.6511921774004663, 0.9016058341091657, 0.5384533787431028
0.101845067608073, 2.7725375356024986, 0.9558051307496953, 0.3909058146933722
0.14454139745553854, 2.7908431982633584, 0.9092690176087481, 0.34890994527093716
0.10217811230267101, 2.6220997016156593, 0.8661843804467251, 0.40397628998267077
0.13315126890028642, 2.7904608139213285, 0.892995852690109, 0.3681788799835469
0.15759674948378072, 2.758399749631163, 0.8917706391078513, 0.3281152893457032
0.16872044228335442, 2.350633117683023, 0.879357569149627, 0.2651717857313124
0.15300073269832812, 2.2586960645882237, 0.8261324437677671, 0.29717957647201904
0.11629920735362685, 2.36868696570722, 0.881635357074859, 0.42055849310139876
0.10810630786651569, 2.392365033991974, 0.9016484072471019, 0.4756017423437509
0.15120229134749882, 2.282139173935964, 0.9042630112948439, 0.352952747002485
0.21088390061946313, 2.2418883419891253, 0.8217733795636579, 0.21032841474266228
0.16032771597948445, 2.4973784996239927, 0.8898250632432646, 0.319740105708732
0.16079397855192168, 2.5756133157249486, 0.8441624954675782, 0.32977089297672413
0.16872044228335442, 2.8634437331430425, 0.8184106275762888, 0.29232815890935854
0.18157596749483781, 2.2076048154560324, 0.8292088364598221, 0.2599890662013359
0.16485712382601744, 2.2414916139102226, 0.876142910396325, 0.2993274095097445
0.15852927462865515, 2.430920181089879, 0.8961002333448874, 0.3420351471802204
0.1017118497302338, 2.29253724171162, 0.8978057634959979, 0.48375248116220904
0.1061746486378472, 2.3463352126807764, 0.9485634288320876, 0.3412653693273706
0.10111236927995737, 2.345151660682629, 0.8894438494953487, 0.5040562241549515
0.10091254246319856, 2.302091885127575, 0.9041429905309754, 0.5204607498164574
0.12682341970292413, 2.4478889101867964, 0.8629906122183572, 0.3267486835105195
0.10084593352427895, 2.8461461720020047, 0.9041746762090488, 0.5250616764155163
0.11097049224005862, 2.505100510744984, 0.8783301794990479, 0.4118751238871841
0.16212615733031374, 2.699533154127052, 0.8823450249779251, 0.29014766832650013
0.15080263771398122, 2.6534920104147233, 0.8887133722399, 0.33236097389664765
0.14900419636315193, 2.377725089738968, 0.8539485276302041, 0.36410186843985004
0.14880436954639312, 2.8136142218350364, 0.8533726570898713, 0.33449400757321096
0.16119363218543928, 2.419424469185282, 0.8337250910950192, 0.3209691479397751
0.11296876040764671, 2.3168378985238602, 0.8865127916394524, 0.4204253259752192
0.10104576034103777, 2.8847452307107933, 0.9039526743855058, 0.5245428361279737
0.1525344701258909, 2.83116114908188, 0.8842423326831019, 0.33545758201400244
0.1680543528941584, 2.2955276149503794, 0.874166075848084, 0.27532569894037207
0.11037101178978219, 2.363032593389168, 0.8811780733900274, 0.4343780680788837
0.09898088323453007, 2.544343812321311, 0.9141417840971361, 0.4780939416419307
0.11137014587357623, 2.379722891733361, 0.9004066218572507, 0.45155539860920835
0.16345833610870578, 2.4752868198184386, 0.8848572500130191, 0.2637181647637893
0.1544661293545594, 2.574394824248695, 0.8854384566937792, 0.3333936846253822
0.15892892826217278, 2.42215147191057, 0.8468913987606219, 0.3327617588826197
0.10331046426430426, 2.83723611618227, 0.8991212329610713, 0.5188277458614424
0.18084326916672216, 2.3783469298515887, 0.863336786710061, 0.24486716361402183
0.18084326916672216, 2.2744963511249923, 0.8592844187856764, 0.2972309454846075
0.2104842469859455, 2.4116164502492157, 0.761562851124266, 0.2318386898348804
0.16412442549790182, 2.270068740857431, 0.830473208584159, 0.3281828010718021
0.14773862652367947, 2.312562243701663, 0.8864453206748852, 0.352429294770186
0.11809764870445613, 2.334000341715807, 0.8813371533636764, 0.3918221489549981
0.10570838606540998, 2.297959679338558, 0.8972582436715302, 0.4745871572751992
0.10524212349297275, 2.459617743277418, 0.8939579009429177, 0.4399932268825064
0.15866249250649436, 2.6514957520627154, 0.8277154076118002, 0.31100796252697666
0.16086058749084128, 2.4019860123076158, 0.8524209388313663, 0.3270518803526458
0.11569972690335042, 2.582777962697018, 0.8869420326662002, 0.45793044935834837
0.11883034703257177, 3.0142224463365275, 0.8974231723955551, 0.40869070196064977
0.10977153133950576, 2.5289659418891732, 0.8933196413252638, 0.4474530854098407
0.2016918670485579, 2.2013647868045205, 0.7999367839858837, 0.2500435209695687
0.10084593352427895, 2.4965960833437637, 0.8985425361310357, 0.5080074047222216
0.18963564910410977, 2.6787729130303894, 0.7838217929148663, 0.24245588298829449
0.19316592286684872, 2.224935298978246, 0.7856974962302499, 0.27772253397452895
0.15959501765136883, 2.182093441061547, 0.870769951174462, 0.3315227973707178
0.1529341237594085, 2.2646660575747277, 0.8495718036884654, 0.36145047165814526
0.15080263771398122, 2.4971607768987423, 0.9056255607260593, 0.36454022439945877
0.09918071005128888, 2.335456255091616, 0.9138492090105232, 0.5026687166751654
0.10157863185239459, 2.397650608881114, 0.9016058341091657, 0.5351697734780795
0.10284420169186705, 2.3435307407985797, 0.9002490012067816, 0.5015555792794505
0.11310197828548592, 2.6070994675568384, 0.891638360538438, 0.45332220530065614
0.11176979950709386, 2.5885436514315945, 0.8778158464897355, 0.3862361646277708
0.14760540864584026, 2.3039031065194013, 0.8514672351602183, 0.34468472314217236
0.09898088323453007, 2.3191984343050733, 0.9140826139644365, 0.5141389257149186
0.1039765536535003, 2.6404651681103064, 0.910806152009372, 0.44945854739023494
0.159062146140012, 2.366681912464169, 0.8943249616212634, 0.33961858326722066
0.10344368214214347, 2.4468668739363566, 0.903166485608392, 0.495356759731326
0.15233464330913207, 2.264982079606795, 0.9033592861093348, 0.36245890663510666
0.1438753080663425, 2.300785975747492, 0.8274171768581778, 0.34491398541666685
0.16345833610870578, 2.254543354515549, 0.8248247386773654, 0.2796300982301279
0.11216945314061147, 2.295056771336378, 0.8863111550140734, 0.46371909877218087
0.15186838073669487, 2.3234853036222773, 0.8576432938784514, 0.29117861488558755
0.15006993938586558, 2.66920533466409, 0.850378695852898, 0.35639017826498043
0.17185106241257578, 2.269647134189673, 0.8242116493982496, 0.29432752803260015
0.10224472124159062, 2.44094535493441, 0.9026371705380087, 0.5076085477617982
0.12415906214614002, 2.521282811815334, 0.8954082851976984, 0.4009838956113372
0.16172650369679611, 2.6912438122244575, 0.8920258605533522, 0.3347457131472001
0.1659228668487311, 2.333568856653109, 0.8853344049203434, 0.3281497573835272
0.16126024112435888, 2.600550104424676, 0.8831159800885509, 0.33420514757428654
0.16052754279624326, 2.2607055146792803, 0.817251192808665, 0.32007775177889325
0.15546526343835343, 2.2823683048941454, 0.9014131513849508, 0.35987008571432166
0.16638912942116832, 2.3401349770318483, 0.8720158401380516, 0.27778946434861046
0.15559848131619264, 2.6415218757311014, 0.8836219245025166, 0.341689867377513
0.11156997269033504, 2.285068933336325, 0.892482925838243, 0.4256091940415618
0.1659894757876507, 2.3898357648936197, 0.8477553447521824, 0.3260882684704552
0.16665556517684674, 2.3407777716569895, 0.8302433392666767, 0.31311914327216817
0.20095916872044228, 2.4134708575227948, 0.7970420419127267, 0.22999226498598632
0.17165123559581696, 2.2440098655507317, 0.8788240321233245, 0.33255111498668544
0.15786318523945914, 2.264002068430406, 0.8823385997706839, 0.34685296112736413
0.15066941983614202, 2.239477115762724, 0.8340601085800303, 0.2698966606422431
0.09578365416638913, 2.3043343808517096, 0.9324736293906908, 0.2944263002139119
0.10337707320322387, 2.373212356058562, 0.8872273570661877, 0.4956876194310021
0.10084593352427895, 2.73461113788854, 0.9041746762090488, 0.5246555057446112
0.12422567108505962, 2.695719295630153, 0.8956062997518753, 0.3899016793315137
0.15300073269832812, 2.4672943505155867, 0.8611280733693081, 0.30939144540378616
0.10111236927995737, 2.58204895713332, 0.8894438494953487, 0.5070805280819364
0.10517551455405315, 2.421059728859823, 0.9003223195266914, 0.4564424447308005
0.1545993472323986, 2.6463577126405355, 0.8428191970316329, 0.32650093146732295
0.17305002331312863, 2.5164129650823868, 0.7984034687376036, 0.2556528523550564
0.10783987211083727, 2.3690903962416785, 0.8830743133320105, 0.46266372066822836
0.13981216279224673, 2.2775722376186858, 0.9166241817687322, 0.37487279941980306
0.155198827682675, 2.38068912564132, 0.8988845480281453, 0.33934753492665404
0.17564777193099315, 2.6080450260813084, 0.8875626297372723, 0.31596986687979933
0.17404915739692267, 2.579731094196398, 0.874341659070628, 0.28498569284603115
0.17178445347365617, 2.204820185556312, 0.8383151717995695, 0.2702468423808094
0.15206820755345368, 2.5251202809535105, 0.8661795974172277, 0.2904740701684041
0.1796443082661693, 2.4479941945680093, 0.8188605248461458, 0.2857037452097663
0.1769133417704656, 2.3743132542287024, 0.8397522193083542, 0.3310757404706899
0.15806301205621795, 2.2616775209911815, 0.8992154002590098, 0.3373659955244797
0.1811763138613202, 2.3125331473844417, 0.817004281750582, 0.2799578510213374
0.15366682208752414, 2.3402035563622405, 0.8655120242405878, 0.3400799861549747
0.17411576633584228, 2.1922909264750956, 0.8829598258523669, 0.33530617211392066
0.17638047025910877, 2.6641939805372323, 0.8776570123085252, 0.3274488630522931
0.2012922134150403, 2.2063799810498477, 0.8391543343030291, 0.26693197882557046
0.17811230267101846, 2.3016326274845147, 0.8789422090073333, 0.33811448556163304
0.1702524478785053, 2.369820200078041, 0.8252812264109972, 0.3375894172128095
0.11936321854392859, 2.300784085018125, 0.8875548530481815, 0.45392170167688334
0.16032771597948445, 2.2261032271510652, 0.8566094086088942, 0.3416103670730192
0.15320055951508693, 2.376544768651623, 0.9048113145023798, 0.3712424115190049
0.14334243655498569, 2.3924172086178292, 0.8606764384182556, 0.3861492512793699
0.13994538067008594, 2.4918179900071484, 0.8673494535635115, 0.36783775658534007
0.1789782188769733, 2.222262363680626, 0.7850955895899171, 0.30350630141456103
0.15166855391993606, 2.271706180665254, 0.8846575173893347, 0.35660278016358193
0.16439086125358024, 2.277036128653634, 0.880877852793768, 0.33603400033152453
0.1662559115433291, 2.3434739434599186, 0.8922214959524881, 0.33288592917699844
0.15133550922533803, 2.287716950493936, 0.862624672634411, 0.35578558042265723
0.14194364883767402, 2.4027582508237835, 0.8526193914604674, 0.3738621734744495
0.16472390594817823, 2.254525386325557, 0.8478150363635741, 0.280034904977571
0.12096183307799907, 2.419110212598882, 0.8826772247071892, 0.340920287322074
0.1749816825417971, 2.218588456865838, 0.839163279609755, 0.3423577802722276
0.13415040298408046, 2.319330018397088, 0.8561858295824303, 0.36871168430424406
0.1683873975887564, 2.4027632261858245, 0.882514259255859, 0.33036021459586723
0.13834676613601546, 2.496993242745427, 0.8517251697092089, 0.3680441294988303
0.16692200093252516, 2.312037524913063, 0.8321569909639439, 0.3362886715175303
0.17598081662559115, 2.3199900107389126, 0.8198492930516601, 0.3128795554124502
0.14207686671551323, 2.460989723582418, 0.8684654398892118, 0.39848877812111855
0.1637247718643842, 2.3906104409431843, 0.8323126046382718, 0.27090095710046225
0.15959501765136883, 2.2012171281818893, 0.8470578786079805, 0.35095386717614185
0.17331645906880702, 2.2432037235886475, 0.8229988735041497, 0.3255153460429554
0.15786318523945914, 2.431715716656938, 0.8381643921363958, 0.33292861360358017
0.19050156531006462, 2.249287001584647, 0.8303850717516352, 0.27858065500879575
0.154865782988077, 2.326782977835911, 0.8486832581685387, 0.3576209400086578
0.14480783321121696, 2.5802036096942835, 0.8588549516807051, 0.3410880336312373
0.12322653700126557, 2.3559127773759303, 0.8685780952774976, 0.3949382637078537
0.15852927462865515, 2.1872344337821144, 0.8519603656809874, 0.32880842341365385
0.13095317391593952, 2.797434203753995, 0.8590019870755519, 0.38838305401464673
0.1637913808033038, 2.297881864035605, 0.851828774013051, 0.34560855739866836
0.1486711516685539, 2.554695059884232, 0.8771184839938814, 0.31644204034234774
0.17538133617531473, 2.4123538826225457, 0.8797691965219634, 0.33531256187083175
0.18170918537267702, 2.404708354920794, 0.8312506469987804, 0.2771340041945244
0.17351628588556584, 2.222968580514294, 0.882999735867003, 0.33230343252531963
0.1773796043429028, 2.215562837180883, 0.8191311769440739, 0.32277000700409053
0.1526676880037301, 2.3441559003495698, 0.838973626050459, 0.35654441713562945
0.17638047025910877, 2.190670510774957, 0.8373125128006624, 0.3455683895628375
0.16412442549790182, 2.3536821912894963, 0.8474932284248433, 0.36481620503945805
0.18164257643375742, 2.181039668388865, 0.8155856780826435, 0.26930540807135595
0.17424898421368148, 2.489555618466475, 0.8411289401177224, 0.33157005680901924
0.16918670485579165, 2.1985660562157623, 0.8643466162959559, 0.2869610029613186
0.17851195630453606, 2.313245535353424, 0.8350166615930311, 0.3379736088866462
0.1813095317391594, 2.1657906183870597, 0.8260125610845203, 0.3134243898309852
0.1570638779724239, 2.6371493357841205, 0.8398800408267464, 0.34875667626606194
0.18517285019649637, 2.310519741642033, 0.8181398641166385, 0.27048910375131624
0.14334243655498569, 2.3848469617968195, 0.8618400162999962, 0.3575978726813281
0.16585625790981148, 2.219512127062422, 0.84008981815733, 0.349118605884015
0.17338306800772663, 2.483405913021407, 0.8765326488420067, 0.33183219846042367
0.2034903083993872, 2.325624489985927, 0.8316734837592572, 0.24863037730631943
0.1633251182308666, 2.3595095032546043, 0.8417068318541228, 0.3653177851762066
0.16479051488709784, 2.546609960251762, 0.8362894233957029, 0.34729727154019285
0.18517285019649637, 2.063042586333968, 0.8313414760454538, 0.2992679233660601
0.18110970492240058, 2.3192014080777934, 0.8241766728606746, 0.31696611490026044
0.18410710717378273, 2.0957772464030575, 0.8231817763107081, 0.3249385395092893
0.18903616865383335, 2.2975613744700527, 0.8240639050259461, 0.32475401965027323
0.1945647105841604, 2.0803036845231415, 0.8311746322972781, 0.2823105148063234
0.185572503830014, 2.2758246841908996, 0.8328881420332916, 0.32653523706679033
0.17811230267101846, 2.224409398006375, 0.8789958241103533, 0.3362399962257133
0.17058549257310332, 2.2159172886654894, 0.8717856441962983, 0.32884372217476054
0.21121694531406116, 2.1172174922489178, 0.8261337160109056, 0.2681082008449425
0.1750482914807167, 2.211782188098864, 0.8190418801146105, 0.3340326462709601
0.17624725238126956, 2.1486514933396883, 0.8363458854613711, 0.3438100785959129
0.16985279424498767, 2.119075948779305, 0.8769902237999755, 0.34085133689715097
0.15799640311729835, 2.1920259573835525, 0.8524285238448922, 0.3810948623954064
0.16312529141410778, 2.290119343612129, 0.8796184989887056, 0.3479935558796955
0.1459401851728502, 2.4353135333605613, 0.8576490905575718, 0.2743095606529021
0.18723772730300406, 2.3633366091845476, 0.82743227019741, 0.27398452264869294
0.16205954839139414, 2.165727226665715, 0.8337890832075596, 0.3513387667148039
0.1791780456937321, 2.666665624285462, 0.8739109171902536, 0.3360545553171967
0.1795776993272497, 2.2143654363792025, 0.8169329737792177, 0.3191184729047662
0.18204223006727502, 2.2965969329574936, 0.8131706716188649, 0.3236704959367446
0.15333377739292614, 2.1771212282643235, 0.8509034293958566, 0.3773911660445498
0.1767801238926264, 2.3216685496783307, 0.8749185265960143, 0.3326297479750579
0.17831212948777725, 2.4841656016849276, 0.8814593296079597, 0.3274325826818108
0.08505961500033304, 2.3056207693672066, 0.9085662411751884, 0.265426633241426
0.11030440285086258, 2.628702201016189, 0.8819365702538497, 0.4639733867202772
0.1486711516685539, 2.748362258409172, 0.8743043624809899, 0.326869015160253
0.1081729168054353, 2.4081406651446513, 0.892548076309519, 0.4580031699963837
0.16778791713848, 2.367133740191535, 0.8850855790679069, 0.315377141819264
0.16685539199360555, 2.701720898345779, 0.8343786775526636, 0.3169346508693257
0.11330180510224472, 2.647682268813442, 0.8987923548934595, 0.4559141433581068
0.1708519283287817, 2.3054043217160465, 0.8243756528206184, 0.30931766496845853
0.15326716845400654, 2.4650226923703653, 0.8281322668441294, 0.308011538872352
0.16272563778059015, 2.408100846875701, 0.8481686925242862, 0.34997616813049126
0.20908545926863384, 2.153272080368247, 0.8118350185592913, 0.2721172024471782
0.20435622460534203, 2.2193278655899142, 0.8169149817091576, 0.2584034667892444
0.16339172716978617, 2.4376153570659347, 0.8407714118718133, 0.32255722873391374
0.17531472723639513, 2.445221174043571, 0.8750070860544115, 0.32255327890107577
0.16425764337574103, 2.1592114109158604, 0.8467952628279903, 0.35684013245780954
0.18237527476187304, 2.090711342465002, 0.8287274461603964, 0.29863863424070536
0.1483381069739559, 2.675937635508081, 0.8468298754252082, 0.30104312118947407
0.13395057616732164, 2.4544512183774376, 0.8660582450706957, 0.3716465365913354
0.17205088922933456, 2.4499541865874517, 0.8378531755273034, 0.32644144441771566
0.1835076267235063, 2.2163768540845754, 0.8305490863100985, 0.30661809546225877
0.21841071071737828, 2.2824653846739706, 0.8267716944863279, 0.24470132934816968
0.18424032505162194, 2.662956309681419, 0.8739428377200162, 0.33040073857673424
0.2188103643508959, 2.345716831606773, 0.7903982519707708, 0.2403353899262824
0.1462066209285286, 2.2725477055968746, 0.8565677529484292, 0.3558189489784459
0.1528009058815693, 2.2573117868679398, 0.8586731011693637, 0.2935005192412775
0.15539865449943382, 2.3809028105955568, 0.8519181448005592, 0.3580592672442305
0.18956904016519016, 2.330579405406453, 0.8162228376971005, 0.3056956007363237
0.19336574968360754, 2.3488462396213694, 0.8029868861460241, 0.2595623134635904
0.23552920801971625, 2.135619756149228, 0.8043418405396008, 0.24308525091419314
0.20662092852860853, 2.093573098154728, 0.8049656872096147, 0.27974545071098683
0.19110104576034104, 2.2772999408322425, 0.8090561997551093, 0.2670422614962636
0.2121494704589356, 2.157598032534007, 0.761303019123685, 0.24230529767171896
0.12622393925264772, 2.7678262613793643, 0.8758734128571086, 0.4261708411427767
0.1903017384933058, 2.1226448710901877, 0.8297670780157305, 0.2713807571731377
0.2123492972756944, 2.3702081001980875, 0.7897501895420337, 0.27381957162164633
0.19423166588956237, 2.2433812316917274, 0.8111180609659204, 0.29040183208909054
0.1923000066608939, 2.1170605740111728, 0.8648836504608962, 0.28654262308671274
0.21508026377139813, 2.2596191357210063, 0.796105439032077, 0.23625389846072448
0.20648771065076935, 2.2518032410909785, 0.7944008239911813, 0.2611583196783315
0.2170785319389862, 2.118275902173286, 0.7833885743600922, 0.24539146640214846
0.17458202890827948, 2.31137436261892, 0.827377255515796, 0.3360026561176066
0.21841071071737828, 2.0173515568787654, 0.7987928368068824, 0.2571576048322201
0.22287350962499167, 2.2028748437366232, 0.7803765906202212, 0.26255002140352535
0.1969626323852661, 2.165702324374753, 0.7856760652601682, 0.31268979701527555
0.23985878904949043, 2.021292350233923, 0.7960960690886184, 0.25430409903802365
0.17551455405315394, 2.5271339236931665, 0.8485217785482992, 0.3291323172614294
0.1837074535402651, 2.1865405074396973, 0.8229050791685124, 0.3158822014164067
0.23599547059215348, 2.3013584041237345, 0.8052053388247877, 0.23612693379133579
0.25171518017717975, 1.9688626202745805, 0.7507476280761447, 0.23591176155655572
0.2082861520015986, 2.145419712555144, 0.8540118580502425, 0.2928471763759831
0.23413042030240458, 2.0904055683425273, 0.8156921393104749, 0.25960161904556356
0.21621261573303138, 2.240643885386885, 0.8439329233615107, 0.28859073963827797
0.23346433091320856, 2.320940662472934, 0.8132252389314785, 0.23755326994428239
0.23799373875974156, 2.1880769610508195, 0.8343998131399966, 0.26282337096807745
0.18324119096782787, 2.3051968807423924, 0.8151437349329985, 0.3011354310656289
0.24691933657496837, 2.2157437831058195, 0.759103824670079, 0.23728068344315623
0.2010923865982815, 2.228126335904734, 0.818741596133561, 0.2845571619529133
0.19176713514953705, 2.406583246384837, 0.8276851436996336, 0.291125874011758
0.19103443682142143, 2.1719724186723095, 0.827219407170601, 0.31078750033755476
0.1881036435089589, 2.0862291631109113, 0.8161920916415092, 0.3030869695086444
0.1877705988143609, 2.400671187509093, 0.8184252836321946, 0.3141201572395187
0.23626190634783187, 2.0489777692477693, 0.7755616742134259, 0.24181740910317323
0.18051022447212417, 2.043279572321844, 0.7984831903548739, 0.32099611897786107
0.1907013921268234, 2.0772698762645048, 0.813468804840204, 0.3096671678836699
0.13015386664890427, 2.156253225090486, 0.8850047455463524, 0.3865959457261338
0.1636581629254646, 2.3918711252861415, 0.8758752604960713, 0.3261377621530276
0.17291680543528942, 2.2578683341914423, 0.8263399140582475, 0.3301842776755018
0.22760274428828348, 2.156787988569912, 0.837610342828774, 0.2644123269295341
0.16272563778059015, 2.492736370584311, 0.8796785487856136, 0.3505821689143572
0.18697129154732564, 2.217887816081825, 0.8234303233775055, 0.29068911617994725
0.18896955971491375, 2.5513384825367202, 0.809588094932727, 0.3165693049807567
0.17531472723639513, 2.3642128498813246, 0.8295306143965228, 0.3332202116599988
0.1662559115433291, 2.2740268595831816, 0.8241328923380393, 0.3590758728248873
0.1881702524478785, 2.4960900413627143, 0.8089038617105053, 0.3276576028101273
0.23779391194298274, 2.185537935883424, 0.7693089251693845, 0.2448198507271238
0.23366415772996735, 2.0847523940607635, 0.8086448192999913, 0.257598838284709
0.23586225271431427, 2.141396330741358, 0.7869203251396792, 0.258329619280691
0.21994271631252915, 2.12478391707543, 0.7946696030566687, 0.2553211192495397
0.22920135882235396, 1.9740802259422323, 0.7712977131000145, 0.27823430334924476
0.21354825817624726, 2.0987146657168934, 0.809511330627551, 0.27624754136577345
0.2190768001065743, 2.4193544597444054, 0.7819494395227669, 0.24765582505195746
0.23053353760074602, 1.9440483931244346, 0.7490180491880991, 0.26331319704608647
0.21294877772597082, 2.0791452908106205, 0.8181246253953234, 0.29215156756769
0.20462266036102045, 2.185632976561473, 0.7952677505313479, 0.2773426600188759
0.2747618730433624, 1.9548035832984867, 0.7509493066156323, 0.2060569345507585
0.25817624725238125, 2.109139625908874, 0.7723961173154228, 0.23372892516069183
0.23739425830946512, 2.1895705957023006, 0.7496322220645022, 0.22632372934222283
0.19356557650036635, 2.2773065561021597, 0.8081411871065175, 0.3196516196756572
0.19336574968360754, 2.2564199778016176, 0.8144946540535697, 0.30469037042344427
0.25964164390861255, 2.0026793499929254, 0.7885392149596552, 0.24295018738946608
0.2256044761206954, 2.1779625965675, 0.8236278027640577, 0.25090951485219865
0.18530606807433558, 2.1529436182516815, 0.8756905576592681, 0.34005079121102516
0.22180776660227802, 2.219519997456164, 0.7800691665030058, 0.2706807422034547
0.1924332245387331, 2.182853234439149, 0.8029338732274341, 0.28206303195761223
0.22180776660227802, 2.194273810601684, 0.8084154342935129, 0.24106890348263182
0.16678878305468595, 2.3483646461570284, 0.8291683243599186, 0.2839748489883777
0.19742889495770333, 2.2386255415626333, 0.811374814217855, 0.2886968275890141
0.18883634183707454, 2.2530572353574696, 0.8184682050240225, 0.2717491381636232
0.2323319789515753, 2.148302395124784, 0.7748521574984386, 0.22651823550019304
0.21974288949577034, 2.1177100277729943, 0.7937703985698744, 0.2433213799788069
0.21394791180976486, 2.1868996036082082, 0.7848000082648252, 0.2544678483365314
0.1105042296676214, 2.3051059962922933, 0.9015584206099682, 0.24497512260916587
0.17118497302337973, 2.397559916029, 0.880146305222192, 0.2568358702961483
0.15240125224805168, 2.687848711350467, 0.8810394457262598, 0.2999516380169475
0.16712182774928394, 2.4685890216985564, 0.8422395965390315, 0.3079234949301115
0.10157863185239459, 2.506847587740573, 0.9016058341091657, 0.5328577773822276
0.17611403450343036, 2.5424105934860752, 0.8436459326885661, 0.2743907840131892
0.1750482914807167, 2.858198961760276, 0.8680340334181963, 0.28794994324673456
0.16545660427629388, 2.3933242891183073, 0.8850115006262367, 0.32272528177175064
0.16225937520815292, 2.579163648604489, 0.8743970514731985, 0.31020789077912003
0.171984280290415, 2.4245422835163595, 0.8591540356969013, 0.2778743894082224
0.16905348697795244, 2.4645921095877177, 0.8797059073639835, 0.3287920719911308
0.18470658762405914, 2.2523748068157445, 0.853602632773591, 0.2632692625624864
0.16645573836008792, 2.6124992707298462, 0.8793510121524873, 0.3289572658562288
0.15406647572104176, 2.4555674858353074, 0.8417382634213499, 0.34140491199237655
0.18011057083860654, 2.1995810413832255, 0.8379357042441589, 0.31729400451679113
0.21508026377139813, 2.125000707077121, 0.7887770247083356, 0.23992355528724613
0.17071871045094253, 2.360348806385672, 0.8881542106794941, 0.33393500318617353
0.1747152467861187, 2.1107585628337753, 0.8843345896519306, 0.33089819524582176
0.2012922134150403, 2.148628856207857, 0.7953422331653602, 0.25036396075555933
0.22367281689202692, 2.0648713815635475, 0.755954734528948, 0.23553196597959455
0.1926330513554919, 2.1878772569212472, 0.8191698877682942, 0.2735818457593343
0.18051022447212417, 2.158361886054712, 0.8460638686482518, 0.3180292371354261
0.19543062679011525, 2.1173285426738095, 0.8592421525453382, 0.2756358291926539
0.185572503830014, 2.206589550075672, 0.8257779096894721, 0.31947618769009656
0.20535535868913607, 2.2512335339528224, 0.8385735946048791, 0.2590378636109688
0.16265902884167055, 2.15149700385157, 0.8538647838926373, 0.3444785348370725
0.21834410177845867, 2.2671914647343807, 0.7883112985333899, 0.2573692754610926
0.1708519283287817, 2.3911721318422225, 0.8228543431462185, 0.31971715531227674
0.20282421901019118, 2.222830781404321, 0.8205694787336023, 0.2615987525500326
0.2235395990141877, 2.0300745475477218, 0.8163894854844898, 0.23239940295903513
0.1812429228002398, 2.1770363671230317, 0.8772839207236769, 0.3365068267577397
0.18677146473056686, 2.2318732681959195, 0.8108910595583051, 0.2697566772477833
0.11450076600279757, 2.424985708366472, 0.9005626983020892, 0.3402475874422488
0.15593152601079066, 2.214306269218942, 0.8491791360229197, 0.3613204140073185
0.141610604143076, 2.4476317134448533, 0.8557864176014771, 0.37894993094282864
0.16705521881036436, 2.3020431592019306, 0.8486414293452874, 0.34645954157561976
0.18284153733431027, 2.651947045289707, 0.8338186306738825, 0.3114043401483577
0.1261573303137281, 2.299161410550881, 0.8936287055514331, 0.39888294878361163
0.1881036435089589, 2.2747831833892205, 0.8096300171394235, 0.27362872869590876
0.1796443082661693, 2.258125569186283, 0.8753334088068495, 0.3327540046686143
0.17411576633584228, 2.1906228854528695, 0.822049899411297, 0.32858186842655523
0.1813095317391594, 2.260987241072983, 0.8333901649872428, 0.30453771386768197
0.12942116832078865, 2.3131303384176523, 0.880741505426119, 0.4242281841546475
0.18224205688403383, 2.1120093086689624, 0.8553796905872627, 0.2704182305994065
0.1639912076200626, 2.285231631263333, 0.8510740381060022, 0.28435336210195616
0.1393459002198095, 2.2586198550573493, 0.8712477978990132, 0.4089947425056197
0.17804569373209886, 2.2771204309016295, 0.8144540225430346, 0.2753277925202908
0.16199293945247453, 2.435836408407137, 0.846763548012909, 0.35772830229921027
0.17937787251049092, 2.2821825169106753, 0.8691983423694843, 0.28473063176887836
0.17398254845800307, 2.3015749692233993, 0.8763758139419953, 0.33730381197486936
0.17544794511423434, 2.754401023765237, 0.8749126024663483, 0.3415251151441415
0.20881902351295545, 2.131295641726516, 0.8019983866969873, 0.24719409840282686
0.1703856657563445, 2.2903433358701837, 0.889118431496413, 0.35993311501037833
0.16958635848930925, 2.1666568221269644, 0.8331772069503331, 0.3316037620956476
0.1417438220209152, 2.4096901068591836, 0.8586469442089488, 0.3702319130374053
0.18077666022780256, 2.164433803960452, 0.8709923490563929, 0.31340919485913254
0.20495570505561847, 2.182083259319343, 0.8040078497130099, 0.2630112311177159
0.1743822020915207, 2.170766915787801, 0.8411815680994847, 0.28107519603776143
0.17564777193099315, 2.41419771631879, 0.8598653316771268, 0.2752112929746638
0.18097648704456137, 2.304079484837938, 0.8742364106923247, 0.32851656875516444
0.18031039765536536, 2.15329064368757, 0.8149800335765252, 0.32390472981109225
0.1812429228002398, 2.1737935172640444, 0.8764806669576292, 0.3370357192353955
0.1148338106973956, 2.378227383261604, 0.8985676094440125, 0.421683805820702
0.17837873842669685, 2.1911564683688676, 0.8357234762709129, 0.3442463314331653
0.1521348164923733, 2.304753539993072, 0.8561359938065654, 0.38779079601670896
0.17138479984013855, 2.295449287054628, 0.83453104684478, 0.3420850100803177
0.10890561513355092, 2.5479136052459115, 0.9045750083005656, 0.4204904076710155
0.1418104309598348, 2.4500670830938094, 0.8500611031644555, 0.36384853643011367
0.16485712382601744, 2.1614464678072256, 0.8798130177864051, 0.3403469296365569
0.1348831013121961, 2.2814645513118976, 0.8637387656398696, 0.3073203819219389
0.16991940318390727, 2.4200460660436174, 0.8355133646565049, 0.3130419570162942
0.10630786651568641, 2.3301813822476114, 0.8967751755764901, 0.4562622868811245
0.14554053153933258, 2.192985603153956, 0.833165240799928, 0.35270745195276404
0.16006128022380603, 2.2732346002428123, 0.8337765977077861, 0.3435816336452266
0.17171784453473657, 2.444311647485672, 0.8117005055033302, 0.24966598150643277
0.17191767135149538, 2.180834667096487, 0.8219556424166772, 0.3217320675284572
0.17231732498501298, 2.3567798696669255, 0.8862741061142699, 0.350651780985842
0.16978618530606807, 2.3236105096321915, 0.8295480776310311, 0.323919212503805
0.1392792912808899, 2.171971577493671, 0.862107497050902, 0.3576621178847946
0.18170918537267702, 2.2228653064965487, 0.874828554909221, 0.2977201985006643
0.17291680543528942, 2.158671022291259, 0.8067555990560485, 0.32639656272916145
0.15633117964430826, 2.325177472873094, 0.8356156658930919, 0.32294354375485057
0.1573303137281023, 2.6365401959372403, 0.8815799013023093, 0.3539177788491333
0.18297475521214948, 2.1147286043028632, 0.8344730101386352, 0.330521284980343
0.1747152467861187, 2.287555310740935, 0.8248242841117559, 0.32701106037627464
0.16931992273363086, 2.327639801627845, 0.8230015613127689, 0.3311511084359604
0.18737094518084327, 2.258904552115103, 0.8560006475504448, 0.2547113106323131
0.18104309598348098, 2.44427742360474, 0.8768255929285932, 0.34143442679342256
0.16252581096383134, 2.2433724666446944, 0.8145861059859707, 0.3302691331972064
0.1704522746952641, 2.2541710104415396, 0.8896134586274833, 0.3289247956618397
0.1796443082661693, 2.253838872048806, 0.8788377783507857, 0.3426343347342117
0.17331645906880702, 2.1380697853646367, 0.842067922366156, 0.33825279543266495
0.17757943115966163, 2.6003214697238963, 0.8745730055180383, 0.33785852447224485
0.16758809032172117, 2.1947786121168944, 0.8299531874538305, 0.3415993057810048
0.18970225804302937, 2.2012550289821617, 0.8520971289032154, 0.28578105527368747
0.15360021314860453, 2.2160326208620775, 0.844047427536273, 0.34378059609570594
0.16991940318390727, 2.5046215003060683, 0.8209264805883109, 0.30981446787769895
0.14993672150802637, 2.300466780999845, 0.840341360657551, 0.3650977116116928
0.18290814627322988, 2.169351475661071, 0.8329511333740932, 0.3256224393526335
0.16099380536868046, 2.384467955505253, 0.8419598479819523, 0.31143168834859003
0.1769799507093852, 2.3892663181054394, 0.8386398078239414, 0.3349812289162772
0.09085459268633851, 2.3042988362195116, 0.9025367649974285, 0.29026904426412153
0.12342636381802438, 2.3246137359700834, 0.834590739009364, 0.329703026051236
0.11090388330113901, 2.534125264358101, 0.8594222240560375, 0.39167642020048554
0.10164524079131419, 2.3751488970080836, 0.9015660251919682, 0.525079706917946
0.10111236927995737, 2.515327278039032, 0.8894438494953487, 0.5028063380530973
0.1440085259441817, 2.330631958551381, 0.8881974416244904, 0.34077265169186916
0.14480783321121696, 2.446896617801488, 0.8688662229150355, 0.35366289016760377
0.12735629121428096, 2.682095048763143, 0.8944582654720488, 0.3843082083090863
0.14767201758475987, 2.3816761723374937, 0.8706554731648237, 0.34620439840496964
0.19269966029441152, 2.4421708362850336, 0.8670179643684355, 0.2713837767277441
0.16472390594817823, 2.1960757008194727, 0.8833700357247709, 0.3296655976174828
0.243122627056551, 2.184489339226799, 0.7923544942507365, 0.2073115868317835
0.17584759874775194, 2.5589646945023197, 0.8387427310950561, 0.32743845512931796
0.19083461000466262, 2.71106520165119, 0.8579573668783634, 0.2651835666355936
0.16205954839139414, 2.573420936751793, 0.856577639872223, 0.3284827726044081
0.17098514620662092, 2.790532023504685, 0.8771912136146887, 0.3303525471559085
0.21967628055685073, 2.180058595489107, 0.8262149558241036, 0.22704544769761234
0.20915206820755344, 2.1480817608597325, 0.8059945899653898, 0.24684041324721678
0.19443149270632118, 2.471759306009213, 0.8374253496686898, 0.2938175999811562
0.2478518617198428, 2.0507511573327593, 0.7432060515492683, 0.22596527276427109
0.23972557117165125, 2.1330415665297413, 0.7504057886814717, 0.22753559036516696
0.19569706254579364, 2.2760134606527185, 0.8518015502475041, 0.2946353804573735
0.22693665489908746, 2.2019980402200203, 0.7636245749674477, 0.22974762284274952
0.18490641444081796, 2.4759736700616353, 0.7867824358582176, 0.3125259595261711
0.22420568840338373, 2.0517043576784935, 0.7492773035461511, 0.22415211640316485
0.19563045360687403, 2.100507090782203, 0.8583897009498369, 0.29572965446697197
0.1924332245387331, 2.121145069746049, 0.8294820962643845, 0.2528969161925256
0.155198827682675, 2.328843690208311, 0.8828581202903759, 0.3591656362145391
0.1881702524478785, 2.2481625892412, 0.8654833108753971, 0.282939764328115
0.13808033038033704, 2.310245996255874, 0.8584163180484333, 0.4084341333962338
0.17831212948777725, 2.2711360351016454, 0.8401071860232671, 0.3298496651078682
0.19676280556850728, 2.1000369470949884, 0.7749726256493976, 0.25080395553410384
0.19376540331712516, 2.076875018595474, 0.8049539217704698, 0.2827831049789594
0.21741157663358424, 2.331696265647264, 0.7759851344720989, 0.24800509152569336
0.26203956570971826, 2.228319814316653, 0.7222166044561399, 0.19154912838997362
0.17971091720508892, 2.1428707324711334, 0.8360661187271814, 0.330748706208864
0.1749816825417971, 2.5421643133806784, 0.8748833985286583, 0.33487104057001693
0.18110970492240058, 2.2813193296469847, 0.8257384038069585, 0.3350264797524303
0.18683807366948643, 2.2545861600757573, 0.8288367260104106, 0.3060983926124783
0.2232731632585093, 2.1100352669051237, 0.7948050488054719, 0.2414523147049267
0.1794444814494105, 2.101449691200371, 0.8365161366116082, 0.33477741264865923
0.14514087790581495, 2.4039178696096695, 0.8633203650284509, 0.36932404592161905
0.20602144807833211, 2.195655374605429, 0.8307627766547254, 0.286035000835582
0.20022647039232666, 2.2699304871116706, 0.7955384759042655, 0.2364960786654316
0.2257376939985346, 2.0750793077511687, 0.8283769875475585, 0.25302977543245164
0.15439952041563978, 2.1895695059413653, 0.8333472404535556, 0.37795375110458934
0.18157596749483781, 2.16992566601898, 0.8146075149193948, 0.29022647630140247
0.17624725238126956, 2.2916596640929434, 0.8750137201186471, 0.3310526299648932
0.16732165456604275, 2.3322395575179145, 0.8433652635282105, 0.3583113213855649
0.17638047025910877, 2.1183607860241342, 0.872437163427499, 0.33464639891757086
0.18936921334843135, 2.134404971063125, 0.8720273853169898, 0.31428121282486365
0.14194364883767402, 2.1844598335182135, 0.8669186263941789, 0.3874795093432993
0.18430693399054154, 2.732715783389255, 0.8404903450104502, 0.28823743751116604
0.1811763138613202, 2.0769198549776022, 0.8397261702907916, 0.27752782969960677
0.16638912942116832, 2.6183198566762482, 0.8312163931536706, 0.3404428326175162
0.2104842469859455, 2.0397736062527434, 0.8277659045874529, 0.28285477028613226
0.1970292413241857, 2.0718977819044584, 0.8187504868019051, 0.27532850807805626
0.19389862119496437, 2.082261001548419, 0.8683232632478832, 0.3134061316898859
0.21135016319190036, 2.1068100469431443, 0.8220673004415712, 0.26075386965458763
0.15086924665290083, 2.162210201983654, 0.8384859563396716, 0.37890265572295734
0.14667288350096583, 2.213622323782084, 0.8633159257166302, 0.40380422179600445
0.1724505428628522, 2.223358692028994, 0.821006210002893, 0.327783059112429
0.19429827482848197, 2.4707661728740478, 0.8629873115029749, 0.27325317294992624
0.15952840871244922, 2.224941258958359, 0.8811580043431151, 0.353994306747623
0.1725837607406914, 2.63889205288039, 0.8415763415941185, 0.3338573573262932
0.19429827482848197, 2.127825001384578, 0.8598771308821848, 0.28276733564877016
0.16499034170385665, 2.256956464618748, 0.8505353882359049, 0.35257984278585985
0.15859588356757476, 2.4068967739309577, 0.8361445375913098, 0.34807865137128685
0.1990941184306934, 2.1559348339752757, 0.8610378045644291, 0.28642661385974455
0.20089255978152268, 2.1409355466707094, 0.8120667492955581, 0.2618408318284601
0.18503963231865717, 2.265794504513026, 0.8310249297581429, 0.32769285439372314
0.1969626323852661, 2.1255704629415675, 0.8579729204445078, 0.2837468395025752
0.19130087257709985, 2.0194398867316115, 0.8044332855395423, 0.30968457623889684
0.2100179844135083, 2.0109705844551495, 0.7821957436796444, 0.27798467926798814
0.21314860454272963, 2.0230197573473583, 0.8393897255044841, 0.26198311746898445
0.20089255978152268, 2.2456186939340315, 0.8602592806079574, 0.29071407199485216
0.19603010724039166, 2.2934652692129966, 0.8610879625490891, 0.30260329357254523
0.1701192300006661, 2.0516377075487267, 0.8355319755917192, 0.33402948296582136
0.24005861586624924, 2.1093481419715814, 0.7140078865609948, 0.21440501720845512
0.19436488376740158, 2.1922208288004468, 0.79856247727231, 0.29708239031257466
0.19516419103443683, 2.215101072950699, 0.7762990766945908, 0.24495115461122147
0.18011057083860654, 2.2363222388735875, 0.8336651503397547, 0.3386342859993415
0.1993605541863718, 2.1658663315434112, 0.8502641981259089, 0.2792619491116491
0.18444015186838073, 2.228922607156205, 0.833994314370347, 0.33299554180794594
0.1304869113435023, 2.996537416227485, 0.8737831041208445, 0.4070218750380696
0.18184240325051623, 2.0931179401979834, 0.818991544460075, 0.2960315971025425
0.20635449277293014, 2.0762285087980943, 0.8209710140755743, 0.2830738657671491
0.18990208485978818, 2.37096022551536, 0.8682795238768994, 0.31555591711289244
0.20901885032971423, 2.1133130429499807, 0.8510675338456171, 0.2793920137092835
0.18703790048624525, 2.3283822128331724, 0.8674405336313343, 0.2867676166825538
0.18004396189968694, 2.114811503481422, 0.8455992954451418, 0.3212441553866602
0.18450676080730033, 2.2028760860644865, 0.8365407198194792, 0.31592269970972453
0.19956038100313062, 2.107645684418335, 0.8521428741070863, 0.2774617039180446
0.17344967694664623, 2.1512729975191496, 0.8265195209635292, 0.32606468208358025
0.1434756544328249, 2.23588266033943, 0.8358432084222691, 0.37426595583909383
0.20662092852860853, 2.22956288776399, 0.8271895657136609, 0.2603823496441938
0.168120961833078, 2.271183833087824, 0.8248761362639344, 0.3333872688966506
0.16865383334443482, 2.1883550895441144, 0.8274268818125649, 0.3349929951887982
0.1747818557250383, 2.1881492361987145, 0.8384744778413287, 0.3074002702338308
0.12795577166455738, 2.445020747670706, 0.8672762513204606, 0.4424280497504672
0.17571438086991273, 2.325974737074106, 0.8393752875668825, 0.33677030407607844
