acuracia,loss,frr,fpr
0.056782514409633056, 2.312808135992206
0.14843348741653825, 2.279846520080473, 0.8674423164654169, 0.3401307811768655
0.1017519831079153, 2.2556608678856063, 0.8565790307168472, 0.49382572074283837
0.251269759744336, 2.003530082110502, 0.7586533407980046, 0.38460383645344726
0.3667180277349769, 1.7054056309880863, 0.6242602197133642, 0.22060461009084148
0.17177423957084975, 2.1058397518202696, 0.8442412871179099, 0.3894672525613537
0.2651943160417737, 1.8804332937156407, 0.7700381957733674, 0.3231697772338754
0.4518632654225875, 1.6067460100720041, 0.5581600491857971, 0.18723733251918814
0.2970952462477886, 1.65972516562292, 0.7360595209120225, 0.34705797340203326
0.4546595902528106, 1.4221879293852893, 0.5828150507190583, 0.18742814996343604
0.4642469896707185, 1.396962111437286, 0.5821275153102705, 0.1950784123221943
0.5360954174513497, 1.2915998807931977, 0.4920296508060313, 0.1592045842619942
0.5216572504708098, 1.3676675027233685, 0.5246681003721714, 0.18545399227475964
0.4931803914854762, 1.420113514423207, 0.49901182300755165, 0.19142010977704063
0.5251954573988472, 1.3671702418140657, 0.5048588493345579, 0.15769848168179665
0.4522056725446556, 1.5919832020448657, 0.5569347470439141, 0.203337016977276
0.332477315528163, 1.6417820979279008, 0.7099297640571581, 0.2697215682089531
0.38703418364435316, 1.5684260484059707, 0.6489935788454524, 0.2470258389785421
0.5216572504708098, 1.3443416555416419, 0.5112138210664178, 0.168405095995188
0.40969012155452833, 1.3894025816708158, 0.6364468020946322, 0.25572224159010554
0.45203446898362154, 1.3897623515888307, 0.5703780052904249, 0.20179705011738264
0.5488215488215489, 1.3884597199050108, 0.4883060114603842, 0.17182777124402318
0.5398048279404212, 1.3530458651815982, 0.507821649732566, 0.17515200460389974
0.5586942875078468, 1.4023412093141747, 0.4731366596985962, 0.16112410621232875
0.5274211036922901, 1.4128141982781386, 0.4974767412261346, 0.16398597028294992
0.5535581806768247, 1.3591083244823507, 0.46641204430360556, 0.14844397648126348
0.4770872567482737, 1.4700854233846792, 0.5373039912091908, 0.1716277542676214
0.4625349540603778, 1.3716340026692944, 0.5113558171071203, 0.18383435284996122
0.4479826513724819, 1.3208108275902568, 0.5790629247879576, 0.17768641043541442
0.4615077326941734, 1.3880628681050884, 0.5817172483087475, 0.21912904950247689
0.5359242138903156, 1.3101111644667345, 0.4830133166617171, 0.15490261648187156
0.472921303429778, 1.3505897475673865, 0.567232391416077, 0.20754549123471788
0.5915653712263882, 1.3573044318352252, 0.4273573715664146, 0.14158494071654443
0.41037493579866463, 1.5002710537259276, 0.5964162754643023, 0.20591196672630863
0.30148947098099643, 1.6324535005016971, 0.7238175544290489, 0.2782272510715594
0.6067454203047423, 1.4693537321984886, 0.42217071261480765, 0.1455562539928515
0.5053929121725732, 1.4947656668403313, 0.5383992550550107, 0.1845967701218675
0.47052445357530104, 1.504423117039649, 0.5517413944388709, 0.18551308282220155
0.5342692461336529, 1.4015656756781922, 0.49896943680521577, 0.1726535783077792
0.5904810820065057, 1.1717480900764112, 0.442481155434179, 0.15004684837298338
0.48393539918963646, 1.2399090207317665, 0.5345699038751665, 0.16791020574460688
0.5037950122695886, 1.3751840765298804, 0.5470223104694957, 0.2048165737822164
0.5511042629686698, 1.2423526596898515, 0.46270715178204475, 0.14603888221012054
0.4960908520230554, 1.3978033985700031, 0.5425387601408987, 0.19775277091341156
0.47263596416138787, 1.4445736814577925, 0.570179756804256, 0.19515101902362045
0.3824116874964333, 1.6363337791051753, 0.6378643269082038, 0.22960849421374252
0.3789876162757519, 1.4471119249451414, 0.6402966796128263, 0.23805029802026179
0.40238543628374135, 1.3943153905629064, 0.6182261392356191, 0.2163739546806396
0.49934371968270275, 1.4609161336907157, 0.5447537717333808, 0.20255921652495734
0.5447697312104092, 1.264512450472375, 0.4937637157737499, 0.17516469087634629
0.6703190093020601, 1.0642855882607236, 0.36746962074828704, 0.1248814489436181
0.5944187639102894, 1.1715603346205028, 0.4292735435763481, 0.14351700245684765
0.45722764366832164, 1.285734043924162, 0.5762362593489063, 0.19811567335770314
0.524681846715745, 1.3482324443968003, 0.5046700748542206, 0.1723083390047678
0.4453004622496148, 1.4939532600526484, 0.5397868477055847, 0.18964521094198847
0.36894367402841977, 1.6147489579091407, 0.669471738044934, 0.25423422321341577
0.4955772413399532, 1.4225212772995113, 0.5443882318271032, 0.19367394572051716
0.47520401757689895, 1.4274356380952844, 0.5724718566187376, 0.21488739366035167
0.4782286138218342, 1.3330302031040329, 0.5735082529783241, 0.20788181252239726
0.4980882269017862, 1.2410063045533601, 0.5119888508424545, 0.1851301949611275
0.6099982879643897, 1.1235269775568115, 0.4053612604822623, 0.12631175933579733
0.5006562803172973, 1.4481978688495574, 0.4740226076515047, 0.17024119526920786
0.4152257033612966, 1.634237577458301, 0.5978587157506233, 0.20839695965378807
0.42156023511955715, 1.5581608307196289, 0.6167294251736806, 0.21127183568652033
0.4150544998002625, 1.6415505046197651, 0.5842403008927772, 0.20236218846153278
0.3725389488101353, 1.6110258952454128, 0.6525176892461018, 0.22477890842909667
0.42258745648576157, 1.653205172514076, 0.6082320300630487, 0.20832251122880463
0.4588255435713063, 1.4048560894032915, 0.5873716848323081, 0.23799362480512304
0.54676710608914, 1.3235277099566651, 0.4595247975169627, 0.1346744064216556
0.5003709410489071, 1.4177575974879264, 0.5226210029848998, 0.2048412142543635
0.40900530731039203, 1.467579119469976, 0.6065329642481897, 0.2109658726629913
0.4884437596302003, 1.3814016267353695, 0.5341200374022379, 0.17443165484744627
0.42743822404839354, 1.502399754605527, 0.5821361694609075, 0.17737594498248185
0.5554414198481995, 1.2426483068745517, 0.47238087906057796, 0.15939567190033704
0.413799007019346, 1.3756772898195395, 0.5585002528674462, 0.22618283227544655
0.5409461850139816, 1.1942636792105858, 0.48809812181264506, 0.1526263058431142
0.42789476687781774, 1.3806599053299495, 0.5817215330894855, 0.20631595562226565
0.42178850653426925, 1.4936395681204402, 0.615954384447978, 0.23279253916572376
0.45026536551960283, 1.3678166582378521, 0.5765156459499103, 0.19500921736774748
0.5181761113964504, 1.3442603851510313, 0.5012486629105555, 0.17872213676363938
0.49837356617017636, 1.3368168794074056, 0.5521917817844569, 0.20199701766443864
0.5182902471038064, 1.4034399456141888, 0.5093028701738159, 0.16906154964923076
0.5921360497631684, 1.317409043873866, 0.4406003179594637, 0.1510526504925528
0.5201164184215031, 1.3507660152378376, 0.5054186036071721, 0.16619928648699928
0.48285110996975406, 1.3939041201704911, 0.5302842851945647, 0.18066956073981455
0.5579524054100325, 1.333140212780794, 0.45942009359997094, 0.14608240284411345
0.44861039776294015, 1.5103046872609964, 0.5343520256879013, 0.17878644161788834
0.4060948467728129, 1.5914484176986505, 0.5953844518160946, 0.21813476899507206
0.48228043143297383, 1.5821149907230223, 0.5245915852701252, 0.17535162993068798
0.5239970324716088, 1.4085271054037913, 0.49511936742664875, 0.1585578410172636
0.41020373223763057, 1.470100959322329, 0.5742909324185129, 0.18377808417486455
0.3095360383495977, 1.6681736785990118, 0.7119928992337178, 0.28915768596384644
0.4717228785025395, 1.6549843237197732, 0.5380740523955707, 0.1825107016658573
0.4298350739028705, 1.6303145958327856, 0.5780231570185986, 0.19380288647018362
0.42601152770644296, 1.8069722939114494, 0.5793507876569021, 0.20214908322022312
0.35798664612223935, 1.8367071215953892, 0.6523979559380166, 0.25776930638985507
0.43365862009929806, 1.774562128774721, 0.5713812756096002, 0.17326079561282876
0.2985219425897392, 1.7639545062776367, 0.7322196907761132, 0.2905238042821792
0.3873765907664213, 1.791573545074637, 0.6179459920136371, 0.22521759341979647
0.3022313530788107, 1.8163671394070147, 0.7330681743876917, 0.28470136060717594
0.39011584774296637, 1.6473019967331963, 0.6237703690102855, 0.22681246264753566
0.10277920447411973, 2.3045998061825097, 0.9179208324425114, 0.4006764481992302
0.1714889003024596, 2.2879838965659287, 0.8618622864476327, 0.33993697805730133
0.13490840609484678, 2.250403438904021, 0.8955697778789148, 0.5177260203248765
0.23997032471608742, 2.240292386697633, 0.7607175267731076, 0.2961287487995715
0.24522056725446556, 1.9706059244338532, 0.7760074763048335, 0.3035863401625277
0.31033498830109, 2.062776355777287, 0.6667474227486104, 0.1897545028874264
0.40461108257718426, 1.6954970079943081, 0.6227916076554713, 0.22117018758192195
0.44638475146949724, 1.6186331597486396, 0.5553681800558109, 0.17830369889316758
0.4256120527306968, 1.7044823453326086, 0.5902446014053315, 0.18128542711278403
0.37493579866461224, 1.8215174680974449, 0.6671337882369355, 0.24168838562678424
0.3474861610454831, 1.7321582241893216, 0.6649021589942506, 0.26116356018793313
0.3544484391942019, 1.6602113487676542, 0.6846906815351824, 0.2465770218220689
0.49489242709581693, 1.608504898283625, 0.5312624319733007, 0.19666123444343667
0.43217485590366944, 1.590883463500386, 0.6074801147418701, 0.20080186229440558
0.527306967984934, 1.6806883328800324, 0.5240827829765633, 0.1757546373074238
0.42772356331678363, 1.5500973596635736, 0.6007109451548476, 0.20799273667906387
0.3339610797237916, 1.7534848168710864, 0.6687108808099667, 0.2354708817019098
0.35113850368087657, 1.9740244463984977, 0.6604249586778425, 0.2590372092305097
0.2773497688751926, 1.8897069857584887, 0.7466475153096244, 0.2667241636657372
0.16275751868972207, 2.1086449688144766, 0.8555290713029385, 0.3940665104895984
0.27552359755749584, 1.9446450375683373, 0.7589557296920675, 0.2826298675740103
0.32408834103749357, 1.744506455526323, 0.6784129372490199, 0.2581610762338808
0.443360155224562, 1.5027179581855168, 0.5595926981829333, 0.18037263416838742
0.3240312731838156, 1.6767494949257442, 0.7055534601381855, 0.2683884301302261
0.43308794156251784, 1.7121200256135947, 0.6061146284447505, 0.21727550853354385
0.3765336985675969, 1.5872481334347543, 0.6577173919522904, 0.2561011402785148
0.4293785310734463, 1.4837210025681498, 0.5809063932282309, 0.20418354093535912
0.4931803914854762, 1.380665249294705, 0.5042513984893573, 0.1672556032842295
0.36483478856360213, 1.59628954979952, 0.6745962709996458, 0.25323250883350934
0.4248701706328825, 1.5411881077053518, 0.6205830706376559, 0.21844020178591247
0.4734349141128802, 1.4787192555831215, 0.5537184552795121, 0.1947064353489951
0.35159504651030077, 1.6036328796871528, 0.6906754975425289, 0.24605495294149343
0.40386920047936997, 1.6519786125923928, 0.6255403364545061, 0.22071380004777222
0.45876847571762824, 1.4434252310063151, 0.5552530543078202, 0.20459203578711546
0.4841066027506705, 1.3572176431593188, 0.5057778026847393, 0.1640770086952091
0.3600981567083262, 1.564516592864569, 0.6721737494898142, 0.2523168701349465
0.3314500941619586, 1.62722719022824, 0.7068192458725837, 0.2703028091653057
0.40432574330879417, 1.669193391045336, 0.6345301495359339, 0.20962510981008878
0.5068196085145238, 1.4496409229129334, 0.5177035358825942, 0.16532799325193803
0.33727101523711694, 1.6440872130060362, 0.6902651367165092, 0.26012477009506907
0.2760372082405981, 1.9619995345843748, 0.75144862023705, 0.3186601579941615
0.5618330194601381, 1.3602117687091295, 0.47224593731221465, 0.14152839320715002
0.47206528562460764, 1.3628807747866787, 0.5699161556928902, 0.20057781034729133
0.3999315185755864, 1.4752921912588908, 0.6139381921385861, 0.20751385140588272
0.47571762826000114, 1.3349665258223693, 0.5703114946496578, 0.1968989099649847
0.4061519146264909, 1.720569012188608, 0.6036152841983282, 0.20946587618163734
0.2312960109570279, 1.8009402762603346, 0.788723415293729, 0.29606880869198915
0.47320664269816815, 1.6541324979480811, 0.525929769146406, 0.17990798164455898
0.36175312446498886, 1.613452057227393, 0.6708355816452117, 0.2242802262908028
0.3684871311989956, 1.676334622777339, 0.6341933366648738, 0.22519297505668778
0.3464018718256006, 1.6867529363348313, 0.6595004216327015, 0.2520121406369971
0.2805455686811619, 1.7299402335500607, 0.7489679745319092, 0.2771680473051256
0.3199223877189979, 1.8724281785593304, 0.7164509506789417, 0.27239055175489413
0.3704845060777264, 1.792275142875129, 0.6694591944562777, 0.2511441962189792
0.44404496946869826, 1.6176233342240434, 0.6142248747632219, 0.23966329392511218
0.3666609598812989, 1.666686146354414, 0.6392338991963961, 0.21274456064523195
0.34571705758146437, 1.6840775419178193, 0.6895924848646372, 0.2625022916975747
0.32106374479255834, 1.891917803444928, 0.6997309527823193, 0.2382174872564712
0.2573189522342065, 1.905737998196709, 0.7584154545154298, 0.28810989576752627
0.32300405181761116, 1.79517934319704, 0.7083731811141137, 0.2658612043286837
0.3807567197397706, 1.7049163932711309, 0.6628973722061211, 0.22780827732205378
0.46367631113393826, 1.4615888335433636, 0.5293511759011685, 0.17299716852900598
0.3016606745420305, 1.6251381130541784, 0.7248398913262595, 0.26888593263525157
0.3784169377389716, 1.6904881483056886, 0.6539151765657744, 0.2335511480779318
0.42224504936369345, 1.5688032841992652, 0.5756558326022408, 0.20008958167076488
0.3636934314900417, 1.5907461505798024, 0.6080775832764915, 0.2197941101722847
0.40409747189408207, 1.43265914150207, 0.5812639135689512, 0.20905029841930697
0.4836500599212464, 1.4583230191038221, 0.5421259857689019, 0.1908040610554578
0.39839068652627974, 1.796005594725615, 0.622308395721793, 0.22882599637936257
0.23837242481310278, 2.0561685175084565, 0.7819025837362622, 0.3313130171305041
0.364492381441534, 1.7804391241261373, 0.6491649636253578, 0.221721511110566
0.3702562346630143, 1.6417177009479114, 0.6233821620165224, 0.2266492890997955
0.3150716201563659, 1.9618705748246357, 0.6594705575935357, 0.23912368088430272
0.3381841008959653, 2.023402910965093, 0.6651769034507161, 0.24920304188909131
0.27792044741197286, 2.0622710217993085, 0.7596352673328105, 0.3135864257570845
0.35176625007133483, 1.9428202576345555, 0.6684363850972102, 0.259873374832982
0.3315642298693146, 1.8241491934782783, 0.6956003026921205, 0.23688831137823446
0.3445186326542259, 1.6115475617736494, 0.6586844674434931, 0.24023008445250962
0.3608971066598185, 1.625421145623156, 0.6711791469713788, 0.2590179084246845
0.42869371682931007, 1.7896939471779856, 0.5997904489389896, 0.1819701700799943
0.28762198253723675, 1.8168558701732513, 0.7461308101716108, 0.32097714042477093
0.3438908862637676, 1.7587586771929598, 0.6405422897552666, 0.21249169250426556
0.3320207726987388, 1.6404916084718195, 0.6244514581910193, 0.24727531437677205
0.45414597956970837, 1.543626685527364, 0.6046019864358331, 0.2130899980815552
0.4110026821891229, 1.5920067981539445, 0.6145949685609448, 0.21179119622785172
0.431033498830109, 1.4850831381644531, 0.5740999185147673, 0.18338690492417578
0.3457741254351424, 1.5522836627722372, 0.6574864737875352, 0.24636127837341495
0.4340580950750442, 1.7586656988316771, 0.6078795456803895, 0.19856368461050058
0.3925697654511214, 1.6459969737102116, 0.6231269342051633, 0.21607375772617907
0.3697426239799121, 1.6625018961753555, 0.640853793128325, 0.24607252624248038
0.421160760143811, 1.575224984297978, 0.597525924350373, 0.19557570027893212
0.4402214232722707, 1.4796793230359688, 0.5735237662020067, 0.20983550187238967
0.3534212178279975, 1.583063740541978, 0.6656804727618664, 0.24351535618996975
0.39861895794099184, 1.9318037735968905, 0.6009964209200276, 0.20837514532627582
0.2354619642755236, 1.8180422010245147, 0.7864895053034766, 0.28592586001431913
0.3150716201563659, 1.9012025791726714, 0.7171430940600306, 0.29412665100823354
0.3095360383495977, 2.0014737080777336, 0.722846029764948, 0.2812161659918588
0.38058551617873654, 1.468535368788333, 0.6339569010106312, 0.23580030529542811
0.4702391143069109, 1.427297142975095, 0.5422001917793653, 0.1944878199944994
0.49049820236260916, 1.5369324000745863, 0.5254931371746355, 0.17312702864966564
0.32962392284426184, 1.729294185666184, 0.6839010978591965, 0.26113861345211
0.11487758945386065, 2.3031481179188003, 0.8873953149106633, 0.2287789288312478
0.20789819094903841, 2.2604747638510276, 0.8176783659505816, 0.3395267586827731
0.19488672031044912, 2.40188561637999, 0.8202716234689178, 0.4027645919941531
0.18484277806311705, 2.2292578779779624, 0.793229774995339, 0.44142906932040304
0.2863664897563203, 2.1434281509175515, 0.702127920052806, 0.2433463460145244
0.3656908063687725, 2.0367051358229222, 0.6472685471281121, 0.24697328242666333
0.2693032015065913, 1.8607894229520192, 0.7216479571938008, 0.35563887605609457
0.270958169263254, 1.8702656975696192, 0.7293623372849557, 0.2837078609912276
0.3293385835758717, 1.7176711311699804, 0.6685530507956855, 0.24760505396760857
0.3147292130342978, 1.7744409278114248, 0.683601373811958, 0.27331148650020487
0.3975917365747874, 1.7249095710449918, 0.6237078686233104, 0.25166387439342874
0.455629743765337, 1.585755247884857, 0.5690395159976547, 0.19774292614231603
0.4659590252810592, 1.535302878011207, 0.5721005248877222, 0.18862063222308026
0.4379387091251498, 1.694319012910272, 0.5453529278525207, 0.20419392388207183
0.3634651600753296, 1.7935651629671674, 0.6431459076007403, 0.24608446421137925
0.35941334246418993, 1.7442459256445062, 0.6305211025501294, 0.20702900678261635
0.38412372310677395, 1.8685688042908726, 0.6194074527338941, 0.19485171546979782
0.32819722650231126, 1.9128760702090402, 0.6752948324704648, 0.26005432810402523
0.3878331335958455, 1.8532732570306736, 0.6103157685705869, 0.18526219439123626
0.3921702904753752, 1.9224011755449508, 0.6033805029633693, 0.19780149634459784
0.31855275923072535, 1.9926629475872926, 0.6928964195878625, 0.2745200739796801
0.2430519888147007, 2.013619870282482, 0.737240567364362, 0.37925800877832394
0.21400445129258688, 1.9019726735472182, 0.7662103212021797, 0.38018778395368974
0.3289961764538036, 1.813258209817929, 0.6821696688466478, 0.28241238619545345
0.2650231124807396, 1.7930105189268075, 0.7568639814566663, 0.3411565495469491
0.37447925583518804, 1.5015421506171152, 0.643579743511711, 0.25160800985427695
0.3652342635393483, 1.4549224812870991, 0.6528812922488922, 0.23836255734088646
0.5301032928151572, 1.3278998890328828, 0.5207263076540791, 0.17523191576072739
0.40951891799349427, 1.5615561614058058, 0.5921490424158934, 0.20362462404982004
0.3167265879130286, 1.7986044249754753, 0.7152760298380747, 0.26206494444924416
0.3019460138104206, 1.9053690870392033, 0.7307329690420992, 0.2781723769056249
0.35832905324430747, 1.9600313615970386, 0.6486743785923735, 0.21812443634635373
0.30280203161559094, 1.9882813963805446, 0.7029098205730898, 0.27766501187423215
0.16173029732351765, 2.103874607594503, 0.8598125878177871, 0.43097292322824626
0.30491354220167777, 1.9529199972957099, 0.6961915205171564, 0.2601171152319745
0.3340181475774696, 1.83008941574156, 0.6563310236866546, 0.2330821446018954
0.3209496090852023, 1.6786757963525374, 0.6940615754290721, 0.2552888415126831
0.3203789305484221, 1.607632701400888, 0.7100187946081032, 0.2745895107336861
0.4632768361581921, 1.5327723994039002, 0.5461457648425991, 0.1947614832942756
0.3679735205158934, 1.607997638390726, 0.6208115638198738, 0.2111493735005225
0.43908006619871026, 1.4725080682848617, 0.5737705992811387, 0.18349103136479247
0.3475432288991611, 1.6951662768874343, 0.6196831256663854, 0.2448924150041923
0.2764937510700223, 1.8993026801374195, 0.6764756798286474, 0.2599896420789281
0.29806539976031504, 1.919862787037661, 0.7206702648323093, 0.2913182230320228
0.22421959710095304, 2.131763933163857, 0.7972471221214256, 0.37621268562490706
0.3573588997317811, 1.69218286837895, 0.6533877834846922, 0.25274370262456175
0.48701706328824973, 1.5372116374811653, 0.5355201671520597, 0.19107345787146315
0.35941334246418993, 1.7662684244767501, 0.6551703934601423, 0.24375616794471058
0.3388689151401016, 1.6250581786334974, 0.6485280924324593, 0.23902745776428075
0.3955943616960566, 1.7278524866518021, 0.6395550830604482, 0.25055121983442735
0.2873937111225247, 1.952160471889694, 0.7259424866592322, 0.3217511287715864
0.2002510985561833, 1.9279402156660683, 0.7779375947632424, 0.39219211005060595
0.342407122068139, 1.767044650306238, 0.671378837377255, 0.27878288765493947
0.29173086800205444, 1.9045276489934304, 0.7163059515327466, 0.30021400892134753
0.2961250927352622, 1.8272863422525614, 0.713932826273932, 0.2916308209092942
0.3469725503623809, 1.7402559100802628, 0.6305064107631274, 0.2544303282930912
0.31512868801004396, 1.7278639874671655, 0.6808504646301785, 0.27574243743662447
0.431147634537465, 1.7241955531933997, 0.5491967932509288, 0.18327771835116616
0.26907493009187927, 1.8545265153126107, 0.7191990957236584, 0.25993312920886724
0.29173086800205444, 1.661416523568007, 0.6940332246396718, 0.31243881771818666
0.3231752553786452, 1.5263501250539095, 0.6761695311373185, 0.24125335369264891
0.3628374136848713, 1.4882703438432687, 0.647876866109855, 0.2634757410038176
0.41020373223763057, 1.5657763164323575, 0.6332692425156878, 0.2425855196185405
0.327455344404497, 1.719362374630474, 0.7006063782683918, 0.2533035340497042
0.3538206928037437, 1.6103802485763432, 0.6837113074519204, 0.24341044388916774
0.3651201278319922, 1.7755991467287746, 0.6362360835370315, 0.22068736250061657
0.34400502197112365, 1.6743564063648393, 0.6955906716869101, 0.2733688167918035
0.3993608400388061, 1.688095789116784, 0.5737317111166704, 0.25268847002269734
0.36249500656280315, 1.715673357949017, 0.653845880162485, 0.23793537088060213
0.39388232608571594, 1.541548467489272, 0.6202481577540155, 0.2267976832627957
0.44940934771443247, 1.3719167611149017, 0.5680997738998574, 0.19749904887614708
0.4649318039148548, 1.4738274017221435, 0.5162437787465094, 0.19612379156897178
0.3115334132283285, 1.6740601563272715, 0.6998946147513814, 0.2649991050133176
0.435941334246419, 1.8069087043851026, 0.5369999336119309, 0.20104227629216975
0.25674827369742625, 1.6447027020786937, 0.7257154758450152, 0.29439003726683544
0.3711693203218627, 1.6794550260547525, 0.6353586749768719, 0.26172221915232907
0.33259145123551903, 1.6764463576485167, 0.6879837781187593, 0.2651303468074823
0.3822975517890772, 1.805399414802233, 0.6007179819606526, 0.2172780761231623
0.327569480111853, 1.9638998417905196, 0.6416888000960121, 0.2412529213100336
0.30086172459053817, 1.8691026219383928, 0.6759637607057595, 0.26510138066102856
0.3260857159162244, 1.8908499520111932, 0.674694094484131, 0.2521712797888579
0.2876790503909148, 1.998106962890377, 0.7039729006308123, 0.2693793149758177
0.3745363236888661, 1.8819859715681713, 0.6660915032830268, 0.23004011792851434
0.2953261427837699, 1.9254973664686763, 0.7288665681053963, 0.28116488496806913
0.354733778462592, 1.9137763415393592, 0.6450700356602361, 0.25736292731261556
0.3852650801803344, 1.9889357803837047, 0.6270803292066734, 0.19360417491858137
0.322604576841865, 1.7526542774204903, 0.653652838172335, 0.25147577153230516
0.35062489299777433, 1.7957771537592782, 0.6616532483029022, 0.2622559534896435
0.30571249215317015, 1.9083162494522927, 0.701490269090429, 0.2665926703488283
0.33732808309079493, 1.9907597233523504, 0.665155113107447, 0.2570945256196893
0.30622610283627233, 1.9689733887116045, 0.6970223110149456, 0.2707558884851953
0.30691091708040863, 1.956640999379621, 0.6988750294098331, 0.24347686135367896
0.29275808936825887, 1.8689841132066582, 0.7349455255223485, 0.2742979226110445
0.3925697654511214, 1.700256049211239, 0.6430371161194796, 0.2440072724375989
0.32648519089197053, 1.7723461384575423, 0.6912268996915024, 0.27460060985779894
0.3791017519831079, 1.4579264639699214, 0.6352073090825127, 0.22639199035891006
0.3148433487416538, 1.845704860838589, 0.7194784882590318, 0.2719066775470511
0.44427324088341036, 1.6559825635987697, 0.584254118138968, 0.23002292859286733
0.3410945614335445, 1.8378921472161611, 0.6224699061873699, 0.25217779222604003
0.24584831364492382, 1.9584820723415257, 0.7823708012520731, 0.2933933783978094
0.2273583290532443, 2.0979162956327704, 0.7400113507140682, 0.2965772066041255
0.13216914911830166, 2.2980827113873596, 0.8659837434965744, 0.2343028230784569
0.20139245562974376, 2.2555710787588907, 0.8384590434113937, 0.40363964522469714
0.13262569194772583, 2.2853961731482335, 0.8946834163323749, 0.4960806482268739
0.2876790503909148, 2.140480383239924, 0.7163696303138484, 0.26839832673346964
0.19311761684643042, 2.1738171880528077, 0.8314917976400055, 0.36813386864291964
0.20042230211721737, 2.179535928854474, 0.7778157914498139, 0.3897943496952557
0.1669805398618958, 2.242261632347477, 0.8394912829493396, 0.3860876824877918
0.19448724533470296, 2.2114165605818688, 0.8194854565722522, 0.33991133645455807
0.21115105860868572, 2.3652568586080958, 0.8269487072951375, 0.40414876889273527
0.26582206243223194, 2.2578409830776787, 0.7303637285090139, 0.28683123510112957
0.19306054899275238, 2.1008361472404826, 0.8262680509269603, 0.3449466927629582
0.2608571591622439, 2.073389406713906, 0.7716725756592239, 0.33355602626667497
0.3490269930947897, 1.9237712138674543, 0.6376448724615974, 0.2156590072996533
0.2760942760942761, 2.0377184381184565, 0.7533668309198066, 0.29143814911423227
0.23848656052045883, 2.1101160285639273, 0.7372898852668579, 0.30719589039673567
0.21075158363293955, 2.2049314729537293, 0.8112188849373673, 0.3260040087376202
0.3574159675854591, 2.11299642359075, 0.6825731311432873, 0.2418711392753265
0.2819151971694345, 2.0343572204327844, 0.7185981552446783, 0.2902665312949211
0.26559379101751984, 2.0884940397934657, 0.7607331838388676, 0.28850691678585455
0.3549049820236261, 2.013299002832714, 0.6859968971191568, 0.24743854497586384
0.3277977515265651, 1.9042223291480636, 0.7063832689739618, 0.2793329845715581
0.30183187810306455, 1.9922469642372809, 0.7037811866439534, 0.2782190711193229
0.2613137019916681, 2.0153881931001516, 0.7639124141983419, 0.3004296199521903
0.19243280260229412, 2.1270277477634596, 0.8206828806268879, 0.32249199086561664
0.3190093020601495, 2.0122592878526717, 0.7083996395620271, 0.26706450216477473
0.19146264908976773, 2.1803272986448783, 0.820172553983765, 0.3236115383994345
0.23249443588426638, 2.1748436504947004, 0.748571796126506, 0.2797939603332512
0.1900930206014952, 2.178590821218444, 0.8237718730292616, 0.3537787306287306
0.25115562403698, 2.3704228927618645, 0.7751355571563054, 0.32691480018034835
0.37179706671232093, 1.9643735110076033, 0.658762714373274, 0.2271520095079983
0.26713462306682645, 2.054770283711825, 0.7656460399151208, 0.32392575657109574
0.2850539291217257, 2.032088199081142, 0.7150634961740839, 0.28342035129236487
0.31763967357187695, 2.04916611352427, 0.6822413595642591, 0.27017112905395313
0.35153797865662273, 1.8683287800089692, 0.6493791111380456, 0.2347116921260441
0.36882953832106374, 1.9109196804745763, 0.6288679250884832, 0.2199594353012841
0.3418935113850368, 2.0389028259222486, 0.6995328372563118, 0.2626059975164336
0.1861553386977116, 2.207355850425776, 0.8499843050694786, 0.47492511516403607
0.2629686697483308, 2.0949107522065935, 0.7148799751418028, 0.27969272842516185
0.310392056154768, 2.045841954773075, 0.7035250191758948, 0.232799762369057
0.3206072019631342, 1.8073682128474884, 0.6867951057717182, 0.24817202312678607
0.4169377389716373, 1.836601257586135, 0.5870970223619428, 0.19399794264023068
0.34480397192261597, 1.8849212440740692, 0.6695279590380149, 0.26747592149293575
0.3111910061062603, 1.9302964669271792, 0.7042314386515046, 0.25342281754494494
0.3832677053016036, 1.9967558917162225, 0.6221283742556101, 0.22362373683386436
0.21217827997489014, 2.083012683944112, 0.7727741550416042, 0.2963223367822907
0.26770530160360667, 2.05130015504365, 0.7617656318329445, 0.3027342394308454
0.17651087142612568, 2.188340093089056, 0.8253525529165504, 0.3292701323906139
0.16880671117959253, 2.2086649385345165, 0.8118466764941813, 0.3166384118464099
0.17046167893625522, 2.1919518017689943, 0.8362297312625806, 0.37851021490462394
0.25526450950179763, 2.068841271671756, 0.7200054717930232, 0.3081602043275049
0.3378987616275752, 1.9693567725558032, 0.6566336559799832, 0.25407392258649053
0.2667922159447583, 2.005306450330673, 0.757469092682918, 0.2953147423896674
0.2588597842835131, 1.9169022638946203, 0.7184825788422575, 0.2712711687965609
0.33538777606574216, 2.0912470569714956, 0.7005223837614878, 0.2737338511261066
0.35553272841408434, 1.753859712191384, 0.6416722192217669, 0.24575104278129892
0.2776351081435827, 1.9027296358242514, 0.7495944253937609, 0.2789335164864363
0.3379558294812532, 1.854322229054586, 0.6716150861787769, 0.2241508839447716
0.36694629914968896, 1.8483621204599414, 0.6521663692459921, 0.24901832928480688
0.40455401472350627, 1.7890877090672996, 0.6217982671502252, 0.26265079702476457
0.25503623808708553, 1.91489000456631, 0.7310135890528547, 0.36818759064465284
0.2770644296068025, 2.0762694141047464, 0.7158772358988582, 0.2789824367650034
0.25109855618330196, 2.0703454551199885, 0.7304862938630149, 0.2850701565539278
0.1850139816241511, 2.1866976330420855, 0.8390913798212696, 0.4078290345467199
0.1475204017576899, 2.1639761613573594, 0.8705320324655256, 0.4269076204804064
0.16595331849569137, 2.3698090242651073, 0.8245880440964842, 0.34958154472550973
0.22404839353991896, 2.3791055825433114, 0.7982153386848737, 0.32192118648457874
0.27723563316783656, 1.8062702154947226, 0.7214059824321738, 0.28715926673879555
0.3540489642184557, 1.7596658263917806, 0.659793792605646, 0.24730342510636918
0.36694629914968896, 1.6606529887062171, 0.6457990854974437, 0.24555098585236207
0.275923072533242, 1.934827821824687, 0.7233441565948164, 0.2766502958155639
0.25903098784454714, 2.2068931959109825, 0.7659366133263191, 0.30187728308329104
0.3619243280260229, 1.8435010319583214, 0.6761371567016775, 0.24315775019476535
0.34069508645779834, 1.8593574569563829, 0.6580469215945914, 0.25750532054731173
0.3761912914455287, 1.7056460400112876, 0.6376643352523331, 0.2093935647409638
0.3945671403298522, 1.7338641285658196, 0.6207168712064356, 0.2071644584144375
0.46544541459795696, 1.585024048348972, 0.557499447712024, 0.18262955389081192
0.45180619756890944, 1.6636456840523899, 0.5765300061067296, 0.20784755121238832
0.48205216001826173, 1.5201962589027063, 0.5369125232422339, 0.1791082302614218
0.4575129829367118, 1.5222194619540148, 0.5632939041816515, 0.19108212926007168
0.3120470239114307, 1.9425189382768837, 0.692255991610498, 0.2696486342103161
0.2941277178565314, 2.0243344409943496, 0.6733960689935845, 0.2640485012463999
0.2714147120926782, 2.0276752148072945, 0.6912182767598175, 0.30583208766379105
0.15431147634537465, 2.2361401923713853, 0.8619188472190883, 0.418207827211539
0.23449181076299722, 2.1020294059692355, 0.7909159943279256, 0.3031557149410142
0.2786052616561091, 1.9763601031918672, 0.7179735128106555, 0.26921849970495765
0.20795525880271643, 2.062572670150945, 0.8017216490931817, 0.31358565753136597
0.2568624094047823, 2.2057222547320507, 0.7667073954792714, 0.284081179029032
0.35855732465901957, 1.8466339231129276, 0.6577526218815808, 0.24134539707718025
0.40329852194258975, 1.7090066259856884, 0.6481985738254766, 0.24289348817371084
0.36728870627175714, 1.7485732363557895, 0.6816079239619921, 0.24342728771941366
0.3920561547680192, 1.6202936328036366, 0.6220592817654808, 0.2079622886454727
0.4332591451235519, 1.465864499525645, 0.6274626123352918, 0.24182958200133958
0.36049763168407234, 1.572506253467312, 0.6501965988296873, 0.22992392471257952
0.48416367060434856, 1.675547420390085, 0.5180775613044994, 0.19681300276488278
0.3180391485476231, 1.9593691130053987, 0.6833657579038619, 0.2329893768565997
0.2563487987216801, 2.0399979866919082, 0.7431734795655672, 0.2776626727104296
0.3428636648975632, 1.8831123941015286, 0.6700491407385042, 0.22107537195523774
0.34691548250870285, 1.928195751509982, 0.6882034565706971, 0.23790895799734255
0.40215716486902925, 1.8000993547847484, 0.6107975319582126, 0.1960066455494086
0.27843405809507504, 2.0310231762131568, 0.7513687007976502, 0.31567197304441613
0.20635735889973178, 2.182376056489475, 0.8192280385315637, 0.3475958391013644
0.20424584831364492, 2.2942053074094657, 0.8173834153127404, 0.2387790374235042
0.18164697825714776, 2.277448772669777, 0.8457657979856611, 0.33182735566663724
0.15773554756605604, 2.287424544959364, 0.8552126434317048, 0.3878447506880284
0.19933801289733494, 2.213586040931784, 0.7815113295093442, 0.3790325295470519
0.10032528676596474, 2.27746740574911, 0.8586418569705919, 0.4960539642722169
0.10854305769560006, 2.2239988989898865, 0.9041691180833227, 0.40993817528587745
0.20230554128859213, 2.2374297048256007, 0.7830427685135894, 0.33365987014063
0.12897334931233237, 2.22874685182954, 0.8854511446365539, 0.48134758312023085
0.1711464931803915, 2.2510096649529556, 0.8033697972777032, 0.4505483804492815
0.1977401129943503, 2.2152882600724544, 0.7794733697805308, 0.4005991647525012
0.22701592193117617, 2.1483248389284952, 0.7637168928449192, 0.4036893183821738
0.19722650231124808, 2.093561083733175, 0.7762821208440456, 0.3869625978313093
0.263425212577755, 2.1848694922301837, 0.7241195206743946, 0.29455302681595297
0.23591850710494777, 2.2169851492115646, 0.7496582004071617, 0.3956046187582988
0.2860240826342521, 2.0807607972866147, 0.7313503000300136, 0.260464551277831
0.26022941277178563, 2.0528878150843175, 0.7354474718805112, 0.31975780728861314
0.33778462592021913, 1.8949214970760067, 0.6466166249878739, 0.25816796799114977
0.20390344119157677, 2.0617546292735867, 0.7801676939325134, 0.3897964941104469
0.19346002396849854, 2.103038374405368, 0.8350054793390843, 0.4388429603152814
0.2911601894652742, 1.8878657062093274, 0.7035677693951704, 0.26786104626118135
0.2224504936369343, 1.986196226366972, 0.765836271696744, 0.3358446339641778
0.19494378816412714, 2.3768963268128647, 0.8335895474629423, 0.4190620977263762
0.25652000228271415, 1.9420370622863035, 0.7022195641319295, 0.24798455167870542
0.19112024196769958, 2.2030787207741094, 0.8397161779549854, 0.32822738730522516
0.16441248644638476, 2.2350935007362125, 0.8091142311056377, 0.38044739697957447
0.12817439936084005, 2.2259868175099173, 0.8347074074311505, 0.4259311967185505
0.15334132283284826, 2.2324945113297394, 0.820314572701474, 0.40603267649532376
0.17074701820464533, 2.2623970902198076, 0.8122390787433263, 0.32100379856485267
0.15996119385949895, 2.275361405294902, 0.8531357720362277, 0.363095119546265
0.20264794841066028, 2.2138815013498214, 0.7712631895287152, 0.32653170597658066
0.16863550761855847, 2.1788939539240437, 0.8127019141681657, 0.341939881894683
0.19642755235975576, 2.1746747630960774, 0.7808814485587994, 0.40486479131692243
0.20413171260628887, 2.1688297247019954, 0.7813130819193022, 0.36079046360816164
0.18535638874621926, 2.248035407451396, 0.796662839027625, 0.39417615374390763
0.1630428579581122, 2.1999185790633566, 0.8286348755890883, 0.34349874036377753
0.16738001483764195, 2.214961899079968, 0.8251606795720596, 0.3415626100579312
0.14055812360897108, 2.2006136711374547, 0.8724370539960333, 0.43310409438105407
0.20059350567825143, 2.094617819099647, 0.781770684612656, 0.3334335842817114
0.1507732694173372, 2.187538944572127, 0.8687295542114346, 0.3418000098442347
0.12018489984591679, 2.2437541572319577, 0.9029050806217135, 0.5229433118123985
0.26194144838212635, 2.1383686068190944, 0.7264957456913923, 0.34138698080470886
0.19294641328539633, 2.1012347993979694, 0.7884034406354499, 0.3830394469215706
0.13468013468013468, 2.30878351754211, 0.8855307762210807, 0.5008454495605668
0.1450664840495349, 2.1176069113773237, 0.8487683784718182, 0.3261313202164596
0.1977401129943503, 2.112437988092235, 0.8028199208251077, 0.3604922538514529
0.2650231124807396, 2.2189526704867557, 0.749443472829456, 0.29582515458291075
0.10032528676596474, 2.786445423731934, 0.8586418569705919, 0.4951083202799442
0.26924613365291333, 2.1367102819157675, 0.6942721563555193, 0.2614204680089169
0.22079552588027165, 2.066933017720481, 0.7668105437735874, 0.34113056531857516
0.24841636706043485, 2.1328211265741497, 0.7189228890091016, 0.2743517290455769
0.26119956628431207, 2.232067460843174, 0.7020967993719479, 0.2851040186114294
0.19853906294584261, 2.205363528611337, 0.7816673909903773, 0.38345643101759286
0.21149346573075387, 2.1959118487144695, 0.7686267752166465, 0.39465607888054016
0.26839011584774297, 2.2493724592171636, 0.7240317219169683, 0.27395914731509247
0.14586543400102722, 2.196322224595017, 0.8678322731781027, 0.34306840069271616
0.10032528676596474, 2.3506634631930017, 0.8586418569705919, 0.4907777540314288
0.13701991668093363, 2.202787129994513, 0.8313729977932699, 0.4588341600546484
0.19716943445757004, 2.1091199291355838, 0.7851954370329544, 0.37786498133385094
0.17474176796210694, 2.129234315842477, 0.7769343993132506, 0.3082454410848405
0.43411516292872226, 2.0525119135874097, 0.5872992051924886, 0.20699829873064174
0.2869942361467785, 2.0988151327167577, 0.682272297504322, 0.2435608986799573
0.1999657592877932, 2.1337201304409334, 0.7781650413773796, 0.3865003778514912
0.1997945557267591, 2.1700938867936226, 0.780325947218628, 0.32026585952612396
0.09952633681447241, 2.2801127804677415, 0.9176248793692628, 0.5081232252703795
0.09615933344746905, 2.604264414426787, 0.9136423611374128, 0.5222913443961599
0.10392056154768019, 2.2614561370713986, 0.8562795811461207, 0.4801800235757917
0.20875420875420875, 2.090854999688855, 0.7845463433168833, 0.31460278257864654
0.19836785938480853, 2.1669135852565655, 0.7793902185768963, 0.3996208778721842
0.31393026308280547, 2.1700820426163197, 0.6811884453179909, 0.2993594816673725
0.2238771899788849, 2.153002750925949, 0.7595851638914523, 0.2967917270536994
0.19174798835815784, 2.1905285033952193, 0.7895984062033116, 0.3832338840571612
0.22404839353991896, 1.9999948609727694, 0.7605335163342596, 0.3778440405294095
0.1830166067454203, 2.000532640221932, 0.7819966069273945, 0.4051378013445344
0.29583975346687214, 1.9831257720574025, 0.7014689693562594, 0.30573749847220205
0.12149746048051133, 2.178353709247445, 0.8502562127520775, 0.3616953009727968
0.11390743594133425, 2.3441481708711547, 0.9001698424457535, 0.3782183153954137
0.2467613993037722, 2.046286467519966, 0.710168187748577, 0.27492193004725557
0.2900188323917137, 2.050263408132049, 0.6970373707247853, 0.2820836002899564
0.24219597100953033, 2.1616534308702007, 0.7205322217915745, 0.26779711566518366
0.16606745420304742, 2.144958253681799, 0.803233558655462, 0.40784909117540696
0.1958568738229755, 2.130871268002565, 0.8051617915329833, 0.35725831007502556
0.33755635450550703, 2.075768352874656, 0.644167271897955, 0.2377360145460079
0.27854819380243107, 1.992197761176173, 0.7118754564664969, 0.29918929088118923
0.24367973520515893, 2.172008229548315, 0.746894543025355, 0.33796974087799486
0.20105004850767563, 2.201110127247993, 0.7773208571530266, 0.38129714862880204
0.22456200422302117, 2.207366310011978, 0.7737993946980918, 0.303029415224065
0.23215202876219826, 2.24680806160082, 0.7369801853672796, 0.3089786642723526
0.2651943160417737, 2.061010433190327, 0.7302965540886704, 0.34809977305813006
0.2002510985561833, 2.0397389033256665, 0.7738010220499171, 0.3606955656619971
0.23666038920276208, 2.1852873700983357, 0.7575318207164814, 0.3521469468500334
0.2682759801403869, 2.10621463508902, 0.7273385599219052, 0.32134184942588195
0.24373680305883696, 2.1489250720149338, 0.7668587742405922, 0.2824736377617206
0.19271814187068426, 2.2016961950897413, 0.7854614379286408, 0.41512505634323005
0.1717171717171717, 2.2920489375982998, 0.8024868875490118, 0.31694185127387764
0.1524282371739999, 2.142381663002163, 0.8370698055150749, 0.36211120553765336
0.17017633966786508, 2.1697841114236742, 0.8067869693049707, 0.4150609563787922
0.19642755235975576, 2.10719090960365, 0.7819393054952043, 0.3988088673576718
0.197055298750214, 2.210328243723445, 0.8122508874516825, 0.3390850819501305
0.1564229869314615, 2.187835492513866, 0.8135899561109714, 0.4204238241661727
0.1941448382126348, 2.2496228780075955, 0.7909177530966438, 0.38735834777903355
0.2798607544370256, 2.1372853319496485, 0.7111927384973673, 0.2727874811799137
0.10032528676596474, 2.2974385071758645, 0.9152681355984664, 0.4024133340243215
0.13981624151115676, 2.263131020092661, 0.8809400037295229, 0.37300219427422054
0.2170290475375221, 2.2385969485402795, 0.7883920564688466, 0.30618213049524534
0.16709467556925184, 2.2889438014538506, 0.8629616102703788, 0.4454550019196414
0.28619528619528617, 2.1645188114825826, 0.7261497604127082, 0.25961002234670755
0.30091879244421615, 2.076452651681308, 0.7216398569930985, 0.2525281422273492
0.3296809906979398, 1.9134414268160413, 0.6813415586312735, 0.20743356774217522
0.428579581121954, 1.6062532191624048, 0.6209138984994935, 0.1997702201614973
0.2697026764823375, 1.7660263709055128, 0.7353473434734653, 0.299038170894144
0.3906294584260686, 1.5100444406024371, 0.6098481536496171, 0.23281216385591733
0.39873309364834786, 1.5155677908102154, 0.6284943069148814, 0.21688408093664427
0.5078468298807282, 1.3471119842752843, 0.5242014841238789, 0.16386939017953597
0.48404953489699254, 1.3025792945855177, 0.5625782089556023, 0.17183960012259575
0.4716658106488615, 1.3402225722792704, 0.5738770267198329, 0.21213979323742668
0.5150373794441591, 1.3063140393786525, 0.5439121659705547, 0.18931581880737144
0.47851395309022426, 1.347205193116874, 0.5412998287892123, 0.1791864651801389
0.47206528562460764, 1.4416749277088607, 0.5747208609278353, 0.18660349407646198
0.4246418992181704, 1.4723922475600144, 0.5953798400788066, 0.21764335201721788
0.4899845916795069, 1.498878823471336, 0.5331491138479569, 0.17129081027823898
0.36266621012383726, 1.781129647186002, 0.6813725653978032, 0.24433771646490005
0.4668150430862295, 1.3141287843959486, 0.5676849939363996, 0.215749874987858
0.5217143183244878, 1.259924677679856, 0.4726498557053987, 0.14842161968264425
0.5872852822005364, 1.361114434803933, 0.44495629934295167, 0.1639455094416751
0.5331849569137704, 1.3500664030036813, 0.48587597110912206, 0.15841353246548673
0.4347429093191805, 1.3558040566877205, 0.5842696193171751, 0.1998402818270564
0.4977458197797181, 1.4529526998638487, 0.5153510025160665, 0.17131100426308446
0.39764880442846545, 1.467511328487971, 0.5706197408458542, 0.1835058452414922
0.3844090623751641, 1.5122779922837613, 0.6567870746144027, 0.25307294701542915
0.45437425098442047, 1.4412052289458475, 0.602192865350444, 0.2094177760171778
0.5219425897391999, 1.2881561410806022, 0.5256554726659216, 0.1849416809995663
0.5512183986760258, 1.3550320017530324, 0.4586211727443915, 0.14393673385129882
0.44404496946869826, 1.3200591925451053, 0.5350008377332299, 0.19405300221085073
0.5170347543228899, 1.3308352018832303, 0.498507496066196, 0.15970585770261214
0.5267362894481539, 1.3426597257754522, 0.502418896902507, 0.16242097050485885
0.43896593049135424, 1.4408528632934812, 0.5619714537944074, 0.20149479810538212
0.6001826171317697, 1.1279035432779005, 0.4288644900828634, 0.14245475537204558
0.44861039776294015, 1.554660168610603, 0.5778597368658306, 0.22460593969147052
0.6031501455230269, 1.2696168080932344, 0.4279053360539969, 0.1424238382198962
0.45112138332477314, 1.2698754280523263, 0.5352054515856144, 0.18720671488858515
0.46122239342578325, 1.4167187684921685, 0.5514676543700097, 0.19406564398686296
0.5288478000342407, 1.4238424954441307, 0.4954934482352108, 0.15660548019389925
0.43862352336928606, 1.456723992165206, 0.5771752266558665, 0.20344393158941945
0.48119614221309137, 1.3071337715441838, 0.5319329393137334, 0.1786568768527971
0.5057353192946413, 1.2540684709679295, 0.5031082988399196, 0.16897205797517023
0.6448667465616618, 1.2356704821844036, 0.3888958701639636, 0.12954856800375664
0.5137248188095646, 1.238865610292661, 0.5040157961335567, 0.1610273803813053
0.3920561547680192, 1.4191726251279275, 0.5922735242242791, 0.19629128336248539
0.5027677909033841, 1.3417905060516906, 0.5531317032951912, 0.2108403432298662
0.4636192432802602, 1.315504434462763, 0.54424419262686, 0.17654071084109255
0.47594589967471324, 1.371921461497119, 0.5785451274333997, 0.2233524523266558
0.57130628317069, 1.347702647438538, 0.4487922437707316, 0.15762875729018117
0.502482451634994, 1.3093831047925109, 0.5380491193075512, 0.19461613476761774
0.5334702961821606, 1.17708256671991, 0.5101293292812991, 0.1846152218024242
0.5424299492096102, 1.2852116743550075, 0.5080123020897335, 0.18981938199929746
0.6224390800661987, 1.1075400869772736, 0.40831260766042, 0.13273389232167387
0.5311305141813616, 1.2493863296683627, 0.4851581256926203, 0.16191480095728175
0.482794042116076, 1.447617764832977, 0.5344441785510643, 0.19024961069392207
0.5175483650059921, 1.3314099752859785, 0.5120412864807103, 0.18664728722584895
0.44718370142098957, 1.436371957300624, 0.5677687745234572, 0.19675578929466422
0.40033099355133256, 1.4722141658804675, 0.5817719279914865, 0.21493287138350653
0.4724076927466758, 1.3311111856170532, 0.5453800276109262, 0.18081098144823526
0.5612052730696798, 1.2353895353528046, 0.4670704517053351, 0.15669312987121392
0.5480225988700564, 1.3985381477031371, 0.463551651843274, 0.14484040676328305
0.44107744107744107, 1.6869383406361536, 0.5347678928849812, 0.2128438300908502
0.42127489585116706, 1.6298107552397763, 0.5909906151309564, 0.2301066952980934
0.4302916167322947, 1.5763166828840718, 0.5913384775045344, 0.2214093078394417
0.3952519545739885, 1.5114647494795381, 0.6468149033558548, 0.24001975766712108
0.5287336643268846, 1.2957939789330981, 0.4855235196927705, 0.16170709029669883
0.5862580608343321, 1.1886535839538068, 0.4278048484216263, 0.1394913577707878
0.5862580608343321, 1.2590339689628791, 0.44641795541935086, 0.1620784142881747
0.5391200136962849, 1.372438266554468, 0.4810296871076672, 0.16044573749391533
0.3864635051075729, 1.6147716130451382, 0.6530932912632574, 0.24949389764554927
0.3449751754836501, 1.696000839697473, 0.6743185456966392, 0.2529425129028728
0.426125663413799, 1.4481891774120297, 0.6224483436113971, 0.22971703306507457
0.40364092906465787, 1.3840198954917562, 0.6089747635799042, 0.2080285459494854
0.5038520801232665, 1.3070298632173065, 0.46889740869313207, 0.16818558375424628
0.4962620555840895, 1.2644112299810342, 0.5147810239145556, 0.1619735627517621
0.5108714261256634, 1.3774144852601222, 0.5247554861857426, 0.18765698055699756
0.48490555270216285, 1.4203664993648626, 0.5728303458117492, 0.20372971359546518
0.4569423043999315, 1.3632001619115715, 0.595265065379418, 0.21035042545577198
0.5850025680534156, 1.254176948867738, 0.44541179500413625, 0.1497967935687555
0.5574387947269304, 1.246105903617692, 0.45134325829521166, 0.15381324364561003
0.529418478571021, 1.2218287805576735, 0.50702925926014, 0.18447058246369538
0.4717228785025395, 1.3363038729717898, 0.5811248627529261, 0.21318202650851958
0.5106431547109513, 1.4190634834916394, 0.5110800319308134, 0.16070431051483192
0.6361924328026023, 1.1426853989773142, 0.389815574672937, 0.1239339436309971
0.48039719226159905, 1.2125834266456956, 0.5284030674316913, 0.1710363012035033
0.5484791416994806, 1.1415920077577504, 0.44350656795798177, 0.1606586159265743
0.5132682759801404, 1.1879192730022308, 0.4919952636642816, 0.14544105965219198
0.5981852422530388, 1.2871790123823972, 0.4247029929976861, 0.14587843757928312
0.5814072932717, 1.2314347385584625, 0.45007047265920563, 0.1544459816862545
0.4596244935227986, 1.3221636866486413, 0.5432543121422285, 0.19526111739522822
0.4967185984135137, 1.2714396345658245, 0.5118833335057522, 0.16574202772732463
0.564058665753581, 1.2211675008331906, 0.4493929394528861, 0.16649287982826844
0.5953889174228157, 1.1221885487742533, 0.41059549701863157, 0.13345806250016054
0.502539519488672, 1.2679576773077619, 0.5132380767682628, 0.1722813290433203
0.5333561604748045, 1.1815035759546775, 0.507717946298864, 0.17007905869546905
0.5947611710323575, 1.2106169110130776, 0.44849895026120257, 0.14868184641099358
0.625691947725846, 1.0966317127901744, 0.40197139963039225, 0.13410937474836598
0.6099412201107116, 1.2581013855831826, 0.41860775941554546, 0.13947698608403153
0.5652000228271414, 1.3624728777525204, 0.4585330967271993, 0.1508435106671343
0.15596644410203733, 2.303415786646507, 0.8012481533480024, 0.2589411177031763
0.17651087142612568, 2.278732085108233, 0.8322715046655101, 0.32626646504614054
0.23369286081150487, 2.2763336503069636, 0.7421202813881812, 0.33870562307814694
0.23072533242024768, 2.228814910843663, 0.744935586350694, 0.33540627430667325
0.10192318666894938, 2.277139351335704, 0.9179563757742396, 0.5361163332620399
0.258688580722479, 2.1026953798936927, 0.7223216902405414, 0.2574490032236814
0.18586999942932148, 2.374559706229091, 0.8281480298901085, 0.353313506335556
0.2962962962962963, 1.8408443897661537, 0.7361015177507436, 0.28968462733359307
0.37356617017633964, 1.807979625619615, 0.6425279201978229, 0.23680547769671784
0.2976659247845688, 1.8409419391910786, 0.7218052715490476, 0.25664142292731273
0.3125606345945329, 1.967459300715024, 0.7225305565177411, 0.27216207654612545
0.2814586543400103, 2.1039188260194788, 0.7497072997480196, 0.32598439058345824
0.2530388632083547, 2.0128452597990747, 0.7390580675089884, 0.2961767039211766
0.34891285738743366, 1.974721227315084, 0.6552693964929015, 0.2475799145931958
0.34035267933573016, 2.0625520720844066, 0.6900395208426962, 0.23160059003127323
0.35056782514409635, 2.0128828909668837, 0.6571131544463161, 0.24952977746411084
0.2697597443360155, 2.0902638900826283, 0.763440625640727, 0.31955838999949204
0.26182731267477033, 1.9982260099619564, 0.7370792049975654, 0.3190477313870718
0.3121040917651087, 1.9270232771960445, 0.6605485650692123, 0.23194169311440713
0.2780345831193289, 1.707916610808172, 0.7547394511304818, 0.30174259058192726
0.33327626547965533, 1.880564541037902, 0.6346234152029405, 0.2374941657580023
0.29292929292929293, 1.9616188369085479, 0.7137463180105021, 0.3004924396324436
0.2869942361467785, 1.8212931323784818, 0.7396725319371275, 0.29841045051141174
0.34537465045939625, 1.9063219491500585, 0.6449412502166355, 0.23005505618240787
0.2504708097928437, 2.0031809633618884, 0.7243825562533259, 0.3131610042295473
0.39542315813502255, 1.7654640333759848, 0.6350534762737142, 0.2303877775887652
0.3539348285110997, 1.5985020324566563, 0.6268055324209917, 0.2462828896546507
0.5060206585630315, 1.64154660364322, 0.5149148379162639, 0.171560384102642
0.28882040746447524, 1.8696360495620712, 0.7437499877642235, 0.3012252787464078
0.3942818010614621, 1.7843822437300636, 0.636920215620033, 0.22572687195880156
0.3179250128402671, 1.692612652353981, 0.645789476067997, 0.22571198175501056
0.31621297722992636, 1.784529670299967, 0.7074837461740083, 0.2619400311748566
0.2780916509730069, 1.8760286662320476, 0.7206496198403328, 0.3092747713495125
0.3748787308109342, 1.6702606678961456, 0.6373812726670255, 0.23009267412719706
0.416309992581179, 1.8046677618825953, 0.6008703216838568, 0.2253685718656511
0.3525081321691491, 1.8713463562465398, 0.6405189401973223, 0.22218559598108306
0.35091023226616447, 1.8908064094898955, 0.6411660069788255, 0.2360760213096251
0.2483022313530788, 2.142731965040566, 0.7703952636882841, 0.3233289689476801
0.33972493294527195, 1.7934943827661363, 0.6772911257550719, 0.2572434054194911
0.43040575243965074, 1.5798802544916493, 0.605757997593664, 0.21244580598853874
0.3541630999258118, 1.4451211907970016, 0.6163088174028675, 0.20678669281250336
0.45933915425440847, 1.509138102731578, 0.5474000404382616, 0.18769529007496247
0.4436454944929521, 1.6347728206715015, 0.531159829541534, 0.17309201104746688
0.30822347771500314, 1.8164045464868028, 0.677814056329343, 0.2517876645095074
0.3436055469953775, 1.7957792264280583, 0.656059296079862, 0.2185639056864731
0.3993608400388061, 1.9503497104765053, 0.6025687163515964, 0.20615794475958474
0.3329909262112652, 1.9845704099314674, 0.6577622750733865, 0.24324959127542095
0.3171831307424528, 2.0885735553250986, 0.6923955438819436, 0.29121164151974255
0.21434685841465503, 2.123788087565163, 0.7817510222173154, 0.32411078050647946
0.33955372938423783, 1.9848285142549373, 0.6998135577890079, 0.26208865286380567
0.24276664954631055, 2.0672298528516375, 0.7542767827501161, 0.2951784229661266
0.2125206870969583, 1.9860676170749247, 0.773954015741167, 0.35916344604787587
0.2849397934143697, 1.9736543258412178, 0.7193606145364184, 0.2827283203087306
0.24185356388746218, 1.921920950779569, 0.7944448418931973, 0.37796513687322353
0.2642812303829253, 1.8447306267183705, 0.6982301084386309, 0.3038998125199393
0.3143868059122296, 1.9003977048195015, 0.6869784721193611, 0.2446718417139454
0.28220053643782456, 1.9088296826276403, 0.671893335463772, 0.28356188054519144
0.3239171374764595, 1.8199261535841982, 0.6750488953791444, 0.24605939379002675
0.26040061633281975, 1.9415765962174567, 0.7586763633034824, 0.2867084912796403
0.28476858985333564, 1.9928167890020683, 0.7364034034587152, 0.276065024505458
0.33806996518860927, 1.706744968064577, 0.6601204570099384, 0.2641804101958199
0.3295668549905838, 1.7488387622279757, 0.6226080332743634, 0.2607693952687594
0.3676881812475033, 1.7362040295173933, 0.6036070404392665, 0.22764131520402126
0.3567311533413228, 1.9987755589089777, 0.6840202389223482, 0.23075965884814229
0.2596587342350054, 2.0016007521296313, 0.7513642465023983, 0.33549258342993976
0.3476002967528391, 1.9028435350927067, 0.6665205807641078, 0.22497636917511846
0.31090566683787024, 1.8542658350228625, 0.6847622986359424, 0.28565435863643635
0.302859099469269, 1.732032648012776, 0.7236778682667471, 0.2653774212262557
0.31387319522912743, 1.667185897972869, 0.7116267524117637, 0.24922503991980507
0.4324601951720596, 1.6511753309142445, 0.5727847474313917, 0.19200221117259095
0.33829823660332137, 1.622829413870484, 0.6879244783865744, 0.2656991840852805
0.3886320835473378, 1.6754437197644587, 0.6514677876830408, 0.22369037287684332
0.33904011870113565, 1.6714426581666246, 0.6914706525318507, 0.2571181190419082
0.362038463733379, 1.5951348895257327, 0.6810474728841107, 0.2547461525488201
0.37248188095645723, 1.6446425177963508, 0.6435960710876163, 0.2442762743289125
0.5115562403697997, 1.494133648603384, 0.5184241507404486, 0.18097953328036248
0.44638475146949724, 1.562081086766888, 0.5977383889192681, 0.21238252000216745
0.47919876733436056, 1.6431376815747025, 0.5613116630766122, 0.1913840528854453
0.3948524795982423, 1.7360156330113703, 0.6094073302121852, 0.21061885380138037
0.41391314272670204, 1.9453435699219832, 0.6170986734159674, 0.20675397743140966
0.2731838155566969, 1.9395330636929766, 0.7208016638609883, 0.28455805199422207
0.2747246476060035, 1.9115687890227768, 0.6844556583880829, 0.2504348437694169
0.3156993665468242, 1.9678881048700387, 0.7108464130885658, 0.26887808961490495
0.36814472407692744, 1.7668105022606428, 0.6438269389687119, 0.21838413544688212
0.34058095075044226, 1.7461075722807273, 0.672916032019321, 0.23690589272669002
0.40215716486902925, 1.6349234515718691, 0.6126032827789986, 0.2096494191572504
0.32962392284426184, 1.7491408200294727, 0.6703829023374861, 0.2341457034841013
0.47862808879758034, 1.5631313461701715, 0.5428320490494298, 0.1791265995930846
0.48850082748387835, 1.4565267436874312, 0.5341239634686267, 0.17544074177490296
0.43896593049135424, 1.4237198949477543, 0.613441701279579, 0.2362473741521721
0.5027677909033841, 1.30569291407507, 0.5216000977024311, 0.16969049703648997
0.44472978371283456, 1.2615045007807864, 0.5346461299602934, 0.18776562035215602
0.45237687610568966, 1.3864555298467414, 0.5738739343574629, 0.19425972050763507
0.5638874621925469, 1.6999566046769696, 0.4656538276039839, 0.16096985881976392
0.2751811904354277, 1.8371999251654054, 0.7431214381297971, 0.292929778192753
0.20612908748501968, 2.010413318751698, 0.807355924459548, 0.2942629093194264
0.37550647720139246, 2.0006716448864914, 0.6003150917304779, 0.20874903428139494
0.285738743365862, 1.9880961888199602, 0.7465253797366274, 0.28460399569617406
0.35353535353535354, 1.8068903810676018, 0.6727259326684469, 0.24226881682321275
0.2608000913085659, 1.9710368045162938, 0.7129670900933518, 0.30494144908826376
0.1556811048336472, 2.0771320254564736, 0.8632673451291148, 0.44327543042870104
0.09461850139816241, 2.3074631400218, 0.8993432752439693, 0.30264604305750187
0.2818010614620784, 2.30553287867371, 0.6754194576025593, 0.2603095300291301
0.37773212349483537, 2.1731820377334508, 0.6291836870453927, 0.20009878451996704
0.10192318666894938, 2.281000303812565, 0.9179563757742396, 0.5335012761677326
0.34617360041088857, 1.9947465427361455, 0.6550067874428259, 0.23589217787526198
0.2900188323917137, 1.969794842455748, 0.7273419046946535, 0.368288969367369
0.2840267077555213, 2.1458097032771932, 0.7403600355862704, 0.26885140118288126
0.2593733949666153, 2.0733137685846588, 0.7657346361874257, 0.26936932185101864
0.450778976202705, 1.6837253170471136, 0.5857002157138673, 0.1828851686741485
0.3607829709524625, 1.956952827560339, 0.6665929461058868, 0.22895589899454524
0.2840267077555213, 2.040373112930457, 0.740170048991264, 0.25609509409552167
0.09615933344746905, 2.267176699245152, 0.9136423611374128, 0.518222166439921
0.24841636706043485, 2.21638123639294, 0.7714782463825183, 0.30637822884432364
0.23340752154311475, 2.0079381936884824, 0.7577513986295215, 0.28878057034794596
0.22507561490612338, 2.017691905242847, 0.796364445113325, 0.29648405338427314
0.2990926211265194, 1.9688546507487672, 0.7219603075242014, 0.26565645107301883
0.26804770872567485, 1.9352636802198544, 0.7551516071721169, 0.2994620831093968
0.2376876105689665, 2.003349173101655, 0.7828169797030979, 0.2904551468084965
0.21708611539120012, 2.116522143918861, 0.7734732528257223, 0.34337167518470574
0.30069052102950405, 1.9295616026903772, 0.7184153650405981, 0.22495518135118536
0.2911031216115962, 1.8336948704544025, 0.7073319739807767, 0.267562493883099
0.30605489927523827, 1.9538055286759595, 0.6616161487313336, 0.22685600509598983
0.19648462021343377, 2.033345915863981, 0.8171461890495807, 0.3246766904340347
0.26051475204017577, 1.8717687308281474, 0.7366963710979234, 0.29877812635886947
0.39154254408491695, 1.7969017621691639, 0.6450937665107189, 0.22490941154659502
0.39365405467100384, 1.7329786029375218, 0.6188890116774901, 0.22710282627491996
0.33259145123551903, 1.7262873834163055, 0.7084524312076257, 0.26828788564562633
0.24225303886320834, 1.8961929707183471, 0.7513723391852637, 0.30070562007038426
0.28733664326884667, 1.9666137991039705, 0.7186525256515475, 0.3056450448276227
0.2911031216115962, 1.9283826514472227, 0.7181196056139275, 0.30014336814149173
0.3228899161102551, 1.5937537404066051, 0.7094750445826207, 0.25866562011424055
0.35433430348684586, 1.7636711230947024, 0.6628820914973516, 0.26834822179206164
0.3896022370598642, 1.79783754409846, 0.6239765368375788, 0.21102676287524819
0.30748159561718885, 1.7049790231841262, 0.6500811237815299, 0.2544122947788123
0.33858357587171145, 1.7229051351145863, 0.622615122111221, 0.24266265485603097
0.3519374536323689, 1.7457782257666552, 0.6146452698472965, 0.23308230782775913
0.2756377332648519, 1.8778307107116972, 0.680419331220369, 0.25383702873770153
0.29983450322433375, 1.7370924993797585, 0.6836426744328029, 0.2379178640373917
0.35798664612223935, 1.6901644648927632, 0.6698561886124704, 0.2227393175292844
0.29173086800205444, 1.8827200077279806, 0.6976711344161366, 0.2553308430799442
0.4536323688866062, 1.7719963232975522, 0.5741999161998389, 0.19033820357470851
0.3610683102208526, 1.7339989616654816, 0.6558455588846944, 0.2545149534822461
0.4978028876333961, 1.869188004076661, 0.49631370745758574, 0.16374438984051312
0.15505335844318896, 2.1547781716608494, 0.870168436214623, 0.4256482637679668
0.278319922387719, 1.7335189901645656, 0.7215079193471187, 0.2873561531013131
0.3853792158876905, 1.7322467505976074, 0.6472648982981366, 0.22890248957769924
0.384180790960452, 1.7131489424586317, 0.6487509677327734, 0.2324752060200072
0.3314500941619586, 1.7117558485574662, 0.7056403229730324, 0.26364578867414495
0.39593676881812473, 1.5692268150116573, 0.6461607543682003, 0.2361235982980085
0.4890715060206586, 1.5220218449771483, 0.5440771214216994, 0.18264926407729346
0.44672715859156537, 1.6077318490180823, 0.5847327691098906, 0.1884124035092702
0.33196370484506077, 1.601714608578869, 0.7042345356206011, 0.2646403798190903
0.3593562746105119, 1.667734762066842, 0.6714030861395515, 0.23924370756186833
0.2564058665753581, 1.8310347140849008, 0.7703171162247757, 0.28460370416436265
0.3784169377389716, 1.5623707442868553, 0.669549350643626, 0.24089889918494073
0.41933458882611424, 1.6202056032605947, 0.603716152696364, 0.20060765761528002
0.4093477144324602, 1.6014702613240934, 0.638610401588847, 0.23288964581356345
0.3840666552530959, 1.6795032673561565, 0.6194304300692487, 0.23068768475364487
0.40951891799349427, 1.649761017509528, 0.6000274925834307, 0.23035955341292558
0.3993608400388061, 1.7088449023596393, 0.6031071180195501, 0.2177939880526659
0.3985618900873138, 1.6057848127738787, 0.6194911988823708, 0.2382733259447259
0.4213890315585231, 1.592818805859567, 0.5698206824284665, 0.20183403320908502
0.38914569423044, 1.4553573266346078, 0.5718744983371346, 0.21047881487220407
0.30457113507960965, 1.6292569263039036, 0.6957932317171038, 0.2769301424981411
0.5089881869542886, 1.6228653776967443, 0.5161519649381259, 0.16832974925353172
0.45945328996176454, 1.5191128186824991, 0.5196135318153002, 0.18922219876361995
0.3233464589396793, 1.7793107796210592, 0.6858842514095244, 0.25158532804198974
0.4935227986075444, 1.6792210823174025, 0.4814355688770991, 0.17641096725174163
0.46219254693830963, 1.550003289036886, 0.5476078764098393, 0.18830588284626193
0.5415168635507619, 1.44275208073433, 0.48451259982621686, 0.1719050824069183
0.2697026764823375, 1.79686464556295, 0.7581407527473344, 0.2785770436619825
0.39667865091593907, 1.6439105458967913, 0.6408748202979667, 0.21242373337880277
0.47640244250413744, 1.3829094233125379, 0.5480356896764175, 0.1837310223236685
0.4792558351880386, 1.4672960836933757, 0.5124115472589759, 0.17238612173141327
0.4150544998002625, 1.5157302682077152, 0.6020998337746533, 0.20010670849083076
0.4444444444444444, 1.52055359162241, 0.5628837639907316, 0.1955308117648004
0.3950807510129544, 1.534264838747229, 0.6061596008941523, 0.19960764557077917
0.4124293785310734, 1.724264680471879, 0.5967960452139001, 0.20686388278371828
0.3002339782000799, 1.9114641626118076, 0.7156597434964717, 0.2713778074795465
0.3470866860697369, 1.6664085292635202, 0.6914109572771159, 0.25563722884848283
0.37573474861610456, 1.605899661611029, 0.6051942220488886, 0.20872508017824673
0.38823260857159164, 1.7343561851508214, 0.6452295930532819, 0.23547429129776012
0.4490098727386863, 1.6099592603682273, 0.5875836601900233, 0.19456828517712008
0.3483992467043315, 1.7326507076126987, 0.6902338966402219, 0.24751406994186229
0.4517491297152314, 1.554550751076845, 0.5792579993907966, 0.17986465997347315
0.43519945214860467, 1.582404694011996, 0.5765228379376839, 0.18813864802624108
0.44107744107744107, 1.6464128961630051, 0.5680352211902745, 0.1779283509394536
0.3368715402613708, 1.723965607171515, 0.6985066387753911, 0.28271745490201045
0.28830679678137305, 1.8723795672689734, 0.7152867220762414, 0.2910405234253753
0.4075786109684415, 1.9124185419624162, 0.5989946726159958, 0.2092640260034929
0.3520515893397249, 1.6838668940893586, 0.6555084542481369, 0.24491737429785645
0.3450893111910061, 1.809135858866883, 0.6913850967200437, 0.2575999212771801
0.4189351138503681, 1.6798813869669742, 0.5845693086670783, 0.20613074777741644
0.37573474861610456, 1.7200751804784369, 0.6351909305939017, 0.22614093131886148
0.35062489299777433, 1.6470527517525484, 0.6820522277565509, 0.2680997329738828
0.36808765622324946, 1.7437112779845347, 0.6436056690362777, 0.22091910403053697
0.3653483992467043, 1.7961468135005079, 0.6505178890145864, 0.22098488559750742
0.29646749985733034, 1.7940617939356847, 0.7273381993720774, 0.28055407073347755
0.37744678422644523, 1.6863096107231361, 0.6655330200369676, 0.2440522149323686
0.3934828511099698, 1.5396180540716131, 0.6448291784341261, 0.23206858230111296
0.5636021229241568, 1.360084467957242, 0.4738428025301549, 0.15822445930650628
0.13142726702048735, 2.2962310693106587, 0.8741028254199201, 0.23620328709342778
0.0987844547166581, 2.261991716938762, 0.909084412331732, 0.5067220108058809
0.10192318666894938, 2.4989159963436136, 0.9179563757742396, 0.5368010312166928
0.3445186326542259, 2.1394806607281285, 0.6996271051656443, 0.24892441298513437
0.15208583005193174, 2.1621184662271022, 0.8517663761317618, 0.41699678166217174
0.24590538149860183, 1.8536108763381334, 0.7273673171082728, 0.36847309472264583
0.3982765508189237, 1.8073265485068826, 0.6120886591448655, 0.23162601120007306
0.39519488672031045, 1.6561428981815673, 0.6380047654712196, 0.24067023388332584
0.2859099469268961, 1.7774671650617244, 0.7277846011522977, 0.27237531799972964
0.3436626148490555, 1.6583429210868892, 0.6782875932587404, 0.23528816994514884
0.4547166581064886, 1.4430112167474294, 0.564695387275073, 0.21026430835056928
0.500199737487873, 1.408195996198767, 0.5357137505850738, 0.17807439240396902
0.4713804713804714, 1.4436674757695787, 0.5435245386406116, 0.17634277480080132
0.5884266392740969, 1.2980927522818002, 0.4346442515955156, 0.14394585409960078
0.517263025737602, 1.29747449902971, 0.5128666117111166, 0.16785845003925604
0.6055469953775039, 1.1411251296825906, 0.4239218009822844, 0.13124317076576983
0.42401415282771215, 1.4442798053232535, 0.5896493871232175, 0.19060984886892415
0.4713804713804714, 1.3562602118097307, 0.5518362220023726, 0.18466285358249754
0.5065913370998116, 1.29372505153133, 0.5482718226469478, 0.19097023293970666
0.47526108543057694, 1.38785472108401, 0.5732968642955837, 0.22003421306491847
0.524453575301033, 1.1989243635844522, 0.4918811206163464, 0.164047573266584
0.49055527021628714, 1.2695085878551928, 0.5225270872755355, 0.1860272970366819
0.6038920276208412, 1.084452858648279, 0.42696869100116425, 0.1469627822527704
0.6383039433886891, 1.0765781689726286, 0.3636819155160808, 0.1289712517775255
0.534383381841009, 1.2179776879669202, 0.5225211590036498, 0.19175646853079617
0.401472350624893, 1.4264863590329693, 0.6253438103978511, 0.2643965960737443
0.6259772869942362, 1.1384489675942862, 0.4051724725667072, 0.14486736597677743
0.6090281344518632, 1.189803460242235, 0.4348561295987837, 0.15475219084496486
0.630599783142156, 1.2035842988188732, 0.39915160629597596, 0.1371589264517968
0.588597842835131, 1.290673203482745, 0.441752276471912, 0.15819956527191423
0.4510072476174171, 1.3759878057658466, 0.6005247925073222, 0.22598203437368833
0.504879301489471, 1.3804271579577907, 0.48365576299334556, 0.14858831040425766
0.5291331393026308, 1.2647874737280127, 0.4902172229673302, 0.17975174988098436
0.44935227986075443, 1.2955488267383952, 0.5972175778140022, 0.22421379046894405
0.5008274838783313, 1.2506975915761513, 0.5128602925999787, 0.16384887884779553
0.5438566455515608, 1.1833206790107738, 0.481947365572559, 0.1496794714767233
0.5130400045654283, 1.3527048305548646, 0.5046784115699121, 0.17109423504471513
0.5150373794441591, 1.38552060489451, 0.48614018886568017, 0.15414124733465667
0.39177081549962905, 1.4963485353111248, 0.6512899513692674, 0.2380452432820374
0.5491068880899389, 1.2599334552844135, 0.4840083020080115, 0.14932509401530308
0.37151172744393085, 1.527040309263937, 0.6715668583650947, 0.2580726786255189
0.5129829367117503, 1.419192011318393, 0.5194417274186248, 0.17680773139484082
0.4534040974718941, 1.419767560442105, 0.5756772778708562, 0.2135467743645344
0.42452776351081434, 1.3374807588934239, 0.5383373071233387, 0.19987530541157172
0.5089311191006106, 1.294848757986846, 0.460618397075432, 0.16280013819783878
0.35159504651030077, 1.6748556635671368, 0.6876808855405945, 0.26650595659966736
0.517205957883924, 1.48204500890653, 0.5009144612692753, 0.1724428689855099
0.4956343091936312, 1.405911441804584, 0.5254750836912528, 0.17944489564359647
0.40580950750442274, 1.4213536670450098, 0.6018776089634088, 0.22518608401270368
0.5052217086115391, 1.3349696174132146, 0.5197270196576372, 0.19874884358848205
0.5464817668207499, 1.278181596329337, 0.47960761182655853, 0.17385457311774127
0.5389488101352509, 1.3643667408574127, 0.4912242752208228, 0.177975111253494
0.49249557724133997, 1.3795100420786557, 0.5300863940313932, 0.184664241130681
0.5537293842378588, 1.3804538226516077, 0.4669425973977182, 0.15178014855933386
0.472807167722422, 1.377058016623236, 0.5502564599925027, 0.18493236249018216
0.6113679164526622, 1.2260104230275704, 0.42034597905340015, 0.157960253597805
0.5597785767277292, 1.3555482137810726, 0.4709092364251641, 0.17112786616439082
0.49500656280317296, 1.3482009368774683, 0.4828274204430995, 0.18585417421186598
0.6017805170347543, 1.260089666840149, 0.4074710106931834, 0.13303410698033688
0.5162358043713976, 1.301562953269462, 0.5308544498190629, 0.18474294379394252
0.5959595959595959, 1.2362535651712625, 0.43408551572515547, 0.1348551724499905
0.5453974776008674, 1.3543627308478048, 0.486782716653382, 0.15305392500638312
0.5149803115904811, 1.290791896372185, 0.5367139349777303, 0.20308188040427416
0.534611653255721, 1.2628961289737866, 0.4915826616158456, 0.16687843636277588
0.450778976202705, 1.3778969003040142, 0.5929079404537517, 0.21854106084152322
0.5266221537407978, 1.2575798882698215, 0.5226056745589752, 0.18265335274095454
0.5084175084175084, 1.3222975258562435, 0.512510208402666, 0.1744747654486585
0.44849626205558407, 1.408036325598208, 0.5696631004452544, 0.18460214781159165
0.5703931975118416, 1.24023150130813, 0.4582383660737294, 0.15977038421987974
0.47120926781943734, 1.4009562645802478, 0.5775641466344033, 0.20057732598439032
0.5253666609598813, 1.2608853865586847, 0.48049912959383206, 0.15876483121578244
0.49477829138846086, 1.3154490097812108, 0.5581765297201363, 0.20018222940899477
0.5767277292701022, 1.1725819186792046, 0.45096200561193983, 0.16202305596853325
0.5166352793471437, 1.2109657610110045, 0.4955227686018981, 0.17218386327160137
0.4854191633852651, 1.3041488662441183, 0.507605290396452, 0.16923825369114587
0.5420875420875421, 1.3525133305544152, 0.4862359882645267, 0.1690645380454995
0.6062318096216401, 1.3389234038436888, 0.40003607942333996, 0.1324008379683669
0.5935627461051189, 1.2307144502849738, 0.4240148516617579, 0.14281628053329207
0.5234263539348285, 1.3321756189082614, 0.4911727438287458, 0.17027560293748936
0.477886206699766, 1.4577205660139352, 0.5501270367932957, 0.1982992770586723
0.5402043029161673, 1.2012960396488936, 0.4840713773509926, 0.15930895899471112
0.4917536951435256, 1.338305250006656, 0.5162963814325697, 0.17813097667426445
0.39451007247617415, 1.5545833327230345, 0.6335774155164573, 0.2233314863235588
0.3433202077269874, 1.6541233812946983, 0.664426763490324, 0.23002270121070045
0.46070878274268107, 1.5099539865691225, 0.554097996265108, 0.19024354894834117
0.5882554357130628, 1.2763603609517673, 0.44134810362979404, 0.15474694823911594
0.5750727615134394, 1.2302631449938868, 0.4390874422324841, 0.1444793665590922
0.6117673914284084, 1.3692482749036015, 0.41915914531988585, 0.13866898540434164
0.27147177994635624, 1.8062768436057148, 0.7517283532344105, 0.2843114592649486
0.44318895166352795, 1.3845088508094696, 0.5921509193779398, 0.22516709766799262
0.564058665753581, 1.17492308688342, 0.4355780535508754, 0.1486559801703794
0.583575871711465, 1.2135011592354465, 0.4272892226987681, 0.13471923525927115
0.48119614221309137, 1.3401982380920285, 0.5704998843273135, 0.21387850960706498
0.3960509045254808, 1.439363038259517, 0.6458998940539095, 0.2360648531778544
0.5945899674713234, 1.1598898077663518, 0.4154982786729616, 0.13022016079012072
0.6334531758260572, 1.1624693108113167, 0.38021323046493427, 0.12883117065610183
0.5451121383324773, 1.2169055278998004, 0.4848043156155809, 0.1509406742088528
0.6252354048964218, 1.0803721836204025, 0.4072383048796639, 0.14263218158731694
0.5606345945328997, 1.1472405220713509, 0.4813374913458563, 0.16985700433056924
0.5726188438052845, 1.1948809670693104, 0.45100256166393493, 0.15804192832712657
0.5611482052160018, 1.3353968187090892, 0.4634622652915003, 0.16214629452051801
0.06368772470467386, 2.3069131871931887, 0.9128690100329327, 0.281578161752489
0.10032528676596474, 2.288150398887565, 0.8586418569705919, 0.49426119355817805
0.09952633681447241, 2.3063634504420447, 0.9176248793692628, 0.5095241498154385
0.09952633681447241, 2.3452174046850094, 0.9176248793692628, 0.5071553380523635
0.10192318666894938, 2.528046698179214, 0.9179563757742396, 0.531826545699978
0.142840837756092, 2.391511371314903, 0.8595397430754358, 0.42444168826865397
0.10249386520572962, 2.4770679340809916, 0.9176607232335336, 0.5367360063994794
0.17223078240027392, 2.408175222474895, 0.8357582409786962, 0.34591027775125344
0.1775951606460081, 2.235544231039595, 0.8541292924081181, 0.3413104546186574
0.20510186611881528, 2.2020836056064526, 0.8049682510585215, 0.3657454993694849
0.10306454374250984, 2.2313026869833785, 0.9169882607938507, 0.5300498203450298
0.2443645494492952, 2.0532062248314773, 0.7830329806983575, 0.24042069139902975
0.10780117559778576, 2.271820289607136, 0.9132311372205483, 0.5031667500623899
0.20487359470410318, 2.2288362525787444, 0.7707136258120545, 0.352707874685845
0.1568795297608857, 2.1602395605545697, 0.8469731744228177, 0.3491599666861933
0.2596016663813274, 1.9728485604219088, 0.7605167030749647, 0.25942958794198673
0.35199452148604693, 1.8027297259227453, 0.679905598664077, 0.2423114101090686
0.27455344404496945, 2.342142463829095, 0.751940902369588, 0.2967979009344142
0.3105061918621241, 1.9433179750552987, 0.6956721336616414, 0.23848350223287318
0.18609827084403355, 2.329654285310168, 0.8489033737414479, 0.4327056348518726
0.2447640244250414, 2.057683949001656, 0.7852989309179935, 0.3028012966425434
0.3482851109969754, 1.958955725789213, 0.6822106570502661, 0.26803635832758865
0.1696627289847629, 2.191696565040189, 0.8570391467469033, 0.35976828254878873
0.3189522342064715, 1.9170363734507678, 0.6776811704488689, 0.25889903115545293
0.23797294983735662, 1.8661337775338602, 0.7836136551352656, 0.2981966712779587
0.3235747303543914, 1.810143397815395, 0.6957093198052795, 0.26314184109127353
0.2630257376020088, 1.8332610310726103, 0.7629277891900579, 0.28375780249025245
0.16658106488614963, 2.1324096303385347, 0.8589342645448321, 0.34641157630169117
0.28533926839011586, 1.9873766695290458, 0.743303385845349, 0.3067008574592519
0.28876333961079725, 1.9874605344275609, 0.7382773409614363, 0.2849750778519964
0.28961935741596756, 1.893228452189875, 0.7310362658774142, 0.2866799592003677
0.3579295782685613, 1.8723828355410066, 0.6729686943998665, 0.2241982925828753
0.31758260571819896, 2.0293281672650303, 0.6590903046726981, 0.23536758593322396
0.3335616047480454, 1.9906911139468355, 0.6641368447085941, 0.25643843092605
0.3430919363122753, 1.9509440224335182, 0.6975867079936162, 0.2601477413011334
0.23648918564172802, 2.0831561879378873, 0.7857443680499718, 0.30363305336648894
0.2669634195057924, 2.057204725943301, 0.7579724491353171, 0.3049741881161403
0.34765736460651714, 1.9284656305519379, 0.693404173569125, 0.25264675686797344
0.21012383724248132, 2.0587759731785047, 0.8244230218184103, 0.38890009911630724
0.302973235176625, 1.750020010642916, 0.6981273711371869, 0.26674919965887767
0.21406151914626492, 1.9034701029656922, 0.8012120864509619, 0.31293617312634564
0.18935113850368088, 2.1721874682563005, 0.8259812492157239, 0.3414731288163191
0.28111624721794215, 1.91930321732633, 0.7400743450935998, 0.26381724826896114
0.2756377332648519, 1.8812253904527694, 0.7434090114441517, 0.2911733982551328
0.33361867260172345, 1.9810354093543907, 0.6918121913910774, 0.2531385099899382
0.3372139473834389, 1.8613841336441388, 0.6881772167191752, 0.2380439515603979
0.2806026365348399, 1.8388695235340276, 0.7464223983436793, 0.2952844775087842
0.35130970724191063, 1.945349178969748, 0.6898466171982803, 0.26233333667964176
0.3033156422986931, 1.9601826552338424, 0.7115068142746477, 0.24495681044933998
0.3290532443074816, 2.045208645500985, 0.6924198974825901, 0.24954000337773993
0.18204645323289392, 2.1545573446649002, 0.8340781071294961, 0.34476904736846303
0.23643211778804998, 2.2471315583389235, 0.7929644179939122, 0.28876358611812
0.2942989214175655, 2.110240276318492, 0.7339590850064417, 0.2488638706828879
0.27027335501911776, 1.9388376062253645, 0.752500775596972, 0.2855242807771941
0.298122467613993, 2.048884870723959, 0.7330019416385102, 0.27788067331326527
0.18541345659989728, 2.0844617850743887, 0.8303124352214525, 0.33559135026672793
0.2596016663813274, 1.91575795947121, 0.749683775441805, 0.3112148465070367
0.28727957541516863, 1.9425003541996917, 0.7343395833285496, 0.2897923622039162
0.30571249215317015, 2.0089551018082115, 0.7235335013429651, 0.31037899281875103
0.20561547680191747, 2.4600155631993683, 0.8095763796271831, 0.32910594940335774
0.36095417451349654, 1.895038504323778, 0.6759190399529446, 0.27339045638251147
0.2738686298008332, 1.9163819115105294, 0.7503279337708643, 0.24244721073655146
0.2827141471209268, 1.9196700253749501, 0.7374707539854334, 0.2878039042595767
0.3164983164983165, 1.876639368639807, 0.6974205633230927, 0.22482197383390515
0.2911031216115962, 1.7836175980799507, 0.7036471005892583, 0.2635936981680409
0.28339896136506304, 2.0298066085137196, 0.7219277012559691, 0.28540489758970405
0.3341893511385037, 1.8394292832536594, 0.7003733414521977, 0.2586618107354998
0.3893739656451521, 1.9004830370032066, 0.6213660120216533, 0.18827253825249934
0.35045368943674027, 1.9124433986129592, 0.65621718344258, 0.2323731347541567
0.2849397934143697, 1.806458396314452, 0.7405627600083636, 0.28754013304512893
0.24054100325286765, 1.9105096443571716, 0.7394876488549191, 0.2698171532471799
0.28562460765850595, 1.8984422223899813, 0.7429189802805551, 0.2927262006830941
0.39918963647777206, 1.9859429720921216, 0.6376542103535979, 0.23053693392909497
0.33755635450550703, 2.0258808362050624, 0.6572071950259228, 0.2448945392890744
0.2108657193402956, 2.167521802453712, 0.7743445039383676, 0.26956243630568016
0.21805626890372654, 2.208108053178553, 0.7737623267847619, 0.3518915199764108
0.2642241625292473, 2.1557897901804433, 0.7647819961129316, 0.26817497720762185
0.3030873708839811, 2.1161205577760542, 0.7192822738175261, 0.2632632689904535
0.17896478913428066, 2.462103263306467, 0.8304761566090958, 0.3380091190252631
0.25903098784454714, 2.0896788296318283, 0.7561561009865947, 0.30307876523247596
0.22011071163613535, 2.100807327362376, 0.7902739001015118, 0.32602757761917794
0.27666495463105634, 2.1301836920595467, 0.7552162818650909, 0.30104448583430204
0.3199223877189979, 2.0727811462903807, 0.7184804841722287, 0.2681310249575782
0.2601152770644296, 2.0653610645564786, 0.7625417135254972, 0.3097389631038518
0.22273583290532442, 2.0714342268486243, 0.7914048663521955, 0.3207915019186102
0.194601381042059, 2.260723837392213, 0.8183116970873852, 0.3257850674551249
0.31313131313131315, 2.05854877388546, 0.7130120000614107, 0.2608189789953434
0.28762198253723675, 2.1670034636388813, 0.7430486240609346, 0.28792648536071397
0.16424128288535067, 2.2545898445854107, 0.8520647298407568, 0.3729234003243847
0.15351252639388233, 2.1364239572641925, 0.8385328340385175, 0.36492989045146557
0.23951378188666325, 2.1014369204729677, 0.7829911941063092, 0.31628769262814443
0.27421103692290133, 1.9741466161507162, 0.7102196770795806, 0.258294273850086
0.24733207784055242, 2.015347954284408, 0.7752185070925727, 0.2910729429066782
0.332477315528163, 1.8593102558245704, 0.6821823676677071, 0.22704698704783516
0.18261713176967415, 2.085955755266909, 0.8425128269728573, 0.3419790406729866
0.3169548593277407, 1.8010992775093724, 0.7166001488822201, 0.2693199069264001
0.3477715003138732, 1.8150389176885715, 0.6658296784542795, 0.25488439694889226
0.4076356788221195, 1.7800121329040661, 0.593605998061961, 0.19164060881187642
0.41448382126348227, 1.6328512756803948, 0.6016112938227592, 0.1882057761618365
0.3430919363122753, 1.8562752533359002, 0.6744312410234379, 0.2512385862889912
0.19448724533470296, 2.1437788125771076, 0.8368417535912778, 0.3215832029187683
