acuracia,loss,frr,fpr
0.05593926593983675, 2.3128284007230913
0.1308293852388835, 2.547993968145387, 0.8860118770841313, 0.3774808764093454
0.2863747930817969, 2.27158793411514, 0.700553306544845, 0.23900433865690598
0.180033106912495, 2.358977576383779, 0.8349839520667692, 0.38700821624748905
0.35081911067983335, 1.7597482681233587, 0.6606384003441272, 0.21191463456864093
0.3624636109366973, 1.8032000632402159, 0.6347886588837689, 0.2216197217235562
0.49152348878360635, 1.4648344088814644, 0.5195743182921178, 0.15247478919075155
0.41497802385980936, 1.7683796437959147, 0.6015063523304028, 0.2043324472094018
0.43815286260631314, 1.420237793001902, 0.5463169849149763, 0.21988912723479476
0.4532222158799018, 1.4178625490567245, 0.543626080425345, 0.1895486263915908
0.4430618185969519, 1.3776140921436644, 0.5548330235972245, 0.20722680946963576
0.5757748729950339, 1.2241304185800925, 0.42086431997296103, 0.1317748881259917
0.5060220332210743, 1.2482954091761127, 0.5257000082616543, 0.1534692427969498
0.5287973057822936, 1.2532442767570482, 0.4727805822191402, 0.15025053105477673
0.6538615217763571, 1.023038356572541, 0.33828612755936505, 0.10978353554482
0.6245219475997489, 1.1471290438708102, 0.38034051846437295, 0.10956683238698078
0.5450653576117358, 1.2037112771855742, 0.4634870854893046, 0.14433100576709987
0.500770591928763, 1.340927291375071, 0.4875496868235031, 0.17299722154184596
0.5951252925395285, 1.1808494454597092, 0.38907061591346215, 0.13389531470224036
0.5865060791141047, 1.064934456058034, 0.40633723936288285, 0.1452536199117209
0.5847365717221302, 1.1138095340360157, 0.4149095380633954, 0.14500869892660415
0.6309720874479137, 1.0082842141740282, 0.3605356106134528, 0.1250870247864967
0.5749757406244649, 1.1308906857863965, 0.40735641551124124, 0.14138132874276851
0.5656715565956961, 1.1526721380275682, 0.42988841065062894, 0.13956978600391778
0.5557965637308065, 1.1024436327258313, 0.44463134043932434, 0.13224140559112976
0.6149323591529197, 1.0601297118941062, 0.3796489633009115, 0.1287974524291169
0.5793709686625949, 1.2760933590905634, 0.4142142408692892, 0.14926585581233776
0.578743078942862, 1.1646905684222424, 0.41731512060397735, 0.15704508480508492
0.56413037273817, 1.1647860995199903, 0.43977951647408686, 0.14458549423559838
0.5892459615274844, 1.0899799535906556, 0.40450292389014353, 0.12037430401940893
0.5512871739254523, 1.2352501406012772, 0.45430403188269075, 0.14786193784335036
0.5446657914264513, 1.2394446145854343, 0.4503774081540144, 0.14414273392946778
0.5857640276271476, 1.1490723931415232, 0.4038330949434827, 0.12764564006874732
0.6092813516753239, 1.170388225102181, 0.3734181993829104, 0.13521422889212886
0.609395513442548, 1.2470330064652193, 0.3824168160425448, 0.12450058982869949
0.57429077002112, 1.3310952664405742, 0.42138550716325845, 0.14873565473913283
0.5944974028197957, 1.0403333062947058, 0.37675091898335694, 0.12394413609756491
0.6101375649295051, 1.0218460422826416, 0.36555971223390654, 0.1218910886616281
0.5693818140304812, 1.1519197846930134, 0.4137532490371557, 0.145697537821165
0.5543695416405046, 1.181344954984102, 0.4347237610436684, 0.1656202003825109
0.5714938067241281, 1.0469180495057233, 0.4469059342215321, 0.1470004474816611
0.7050059934927793, 1.1266701772908545, 0.28832930178027744, 0.09236577842624856
0.5943832410525715, 1.2720171829916394, 0.386466759872056, 0.12699810642667636
0.4800502311775786, 1.249900468843353, 0.5029259293466716, 0.1654549751345216
0.5328500485187511, 1.252973291227872, 0.4710403997376197, 0.15304919911873255
0.494891260916719, 1.4244827797756638, 0.5149980054777937, 0.17803445176250424
0.5855357040926994, 1.2817515261002181, 0.3786646150783149, 0.12852564003199693
0.5859352702779839, 1.26052068859531, 0.39849402384493865, 0.13351797995889536
0.5038529596438153, 1.3312389059891214, 0.5012967630376023, 0.1649194204061203
0.5600776300017124, 1.2461211987414331, 0.4391711314945998, 0.1607364146917848
0.4568183115474628, 1.3542577655970747, 0.5396794954687699, 0.1796366845711422
0.6213824990010846, 1.0598617238433021, 0.3963764072788567, 0.1251503704400515
0.5935841086820024, 1.0974702181975975, 0.41204202643200466, 0.12930734889592094
0.5820537701923626, 1.0444972311475145, 0.4211616291924118, 0.15050642226013616
0.5878760203207946, 1.163840597073872, 0.41551844631132473, 0.13300284202196377
0.5457503282150807, 1.2646452252395255, 0.45338984578395497, 0.15112237172538287
0.5428962840344769, 1.1813777231385538, 0.46348644757975904, 0.15303000322698396
0.593983674867287, 1.2031997730146906, 0.3910185975171467, 0.1339279391478939
0.42234145784576743, 1.4659327323360254, 0.5971449241858718, 0.19937908054743608
0.6083680575375306, 1.1423249287720352, 0.41362743490168064, 0.13311713482210022
0.6448998230492609, 1.0492900460575725, 0.3629205511603881, 0.11167281850513494
0.5283406587133969, 1.2891308104561865, 0.4667309664616907, 0.16623316627907958
0.5331354529368114, 1.2283649920687445, 0.4781394141517605, 0.15820380225413933
0.5250299674638963, 1.2595093879818735, 0.4772061287772145, 0.16029995581535725
0.5656715565956961, 1.1996147791655738, 0.42807992399933276, 0.14824857561276716
0.6303441977281808, 0.974274726328638, 0.3584310001185436, 0.1130479397018221
0.5540270563388321, 1.148961454312635, 0.45106477772224507, 0.14217743432629645
0.6512928820138135, 1.0057326585141155, 0.36481518882758074, 0.1123729301420826
0.561904218277299, 1.137214232098567, 0.434272920023879, 0.14409673076155063
0.5161824305040242, 1.3153786637721265, 0.4941583903341302, 0.16723698926672317
0.5269136366230949, 1.331928673638513, 0.46544330872574, 0.15472359199085314
0.5323934014498545, 1.338281810190098, 0.4674584958436824, 0.14931496760521681
0.5225184085849649, 1.244914478844323, 0.5169212923878405, 0.15424085256978212
0.48821279753410585, 1.4044655131303594, 0.5263656320868365, 0.1829542805763898
0.5849648952565786, 1.0746680205769004, 0.41054536635333805, 0.13674590468450074
0.6554027056338833, 0.9992526396577425, 0.3325969342134142, 0.11102297691796575
0.6102517266967292, 0.9912350293587207, 0.3809234104953552, 0.11626632975319148
0.6640789999429191, 0.935411138830145, 0.32277332705957235, 0.10204025745700833
0.6389634111536047, 1.0155799210979974, 0.3404468138579684, 0.11424256662111168
0.5631029168331526, 1.0167372306422138, 0.4271443777820068, 0.12967046970953106
0.6756093384325589, 1.054148760495634, 0.3199971953281646, 0.09616601119923945
0.5313659455448371, 1.2029344111641007, 0.4815860698449486, 0.15873724990870056
0.5701238655174382, 1.1513112513167183, 0.45863478164782107, 0.14460115223420159
0.5007135110451509, 1.380429241360782, 0.5082733399983735, 0.18314342660698565
0.4798219076431303, 1.4482359070743598, 0.5426256381183397, 0.16066495145339268
0.44968320109595294, 1.5947986541392358, 0.5268476818956891, 0.16259207517825125
0.42251270049660367, 1.5054676693673479, 0.5709509040212534, 0.187909208416742
0.4869570180946401, 1.3510570458876867, 0.5120767331559082, 0.16646955981513617
0.483246760659855, 1.224960136477537, 0.5216174556090062, 0.17588415713942576
0.5200068497060335, 1.1788770673820244, 0.4838785138156837, 0.16492883480444157
0.6193846680746617, 1.1288711121245751, 0.363729261020027, 0.10803713269388618
0.5729779096980421, 1.1200042225293314, 0.4118802501104837, 0.11922148852119134
0.5752040641589132, 1.2517636576125721, 0.41450240329555627, 0.12363133035407953
0.5432387693361493, 1.1738302422615856, 0.4612018001283949, 0.144669805737286
0.542325475198356, 1.175741422180784, 0.46199451086477594, 0.1503715825264156
0.5194360408699127, 1.403837489240051, 0.4863668204202986, 0.1678923812240535
0.5044808493635482, 1.2640186593268663, 0.5041267565133964, 0.17458534064681996
0.5535704092699355, 1.1458152026094115, 0.435082825300184, 0.13927562727650852
0.5256578571836292, 1.203629340228399, 0.4742280680349904, 0.16096410214731055
0.5766881671328272, 1.0753098842679665, 0.42875445755182134, 0.14453979374155812
0.6679605000285405, 1.0598440646063731, 0.30374995918602604, 0.10219205658943137
0.097665391860266, 2.313546211100705, 0.9024630919062152, 0.29709611795772334
0.17306923911182145, 2.241020607331809, 0.836674662342828, 0.2930240447116319
0.18905188652320337, 2.235745349372112, 0.8242735765075621, 0.26019522200271916
0.19047890861350533, 2.2120182224452014, 0.8046537485468288, 0.34556861492842883
0.20018265882755865, 2.2371047496305727, 0.780660160228671, 0.26847722919768596
0.09829328157999886, 2.2696159237071702, 0.9291768306238016, 0.4193415204568041
0.22632570352189052, 2.178884404014116, 0.7804592206264692, 0.24584933308912363
0.14121810605628174, 2.16400045507935, 0.8578747446872722, 0.3634838509509298
0.16513499628974257, 2.262175100716195, 0.8410802231374788, 0.27926062803416424
0.1792339745419259, 2.0979902486944315, 0.8304298713267704, 0.3740337666932252
0.179291055425538, 2.2846319583379704, 0.8598732521746213, 0.291518020897882
0.09857868599805925, 2.3496425022402, 0.9288147658973627, 0.40832939779501304
0.28597522689651234, 1.8724020238376942, 0.7455194719736974, 0.2781550789380312
0.3048119184884982, 2.1267960812819724, 0.7017316104249731, 0.23936790591778973
0.4155488326959301, 1.696912987352377, 0.6038392299846521, 0.19092168612256352
0.36737256692733605, 1.8771055019625151, 0.6393702465050498, 0.24055584265142682
0.28386323420286547, 2.0597159495071446, 0.7191756989177882, 0.2887225102207043
0.3616644785661282, 1.9136745610447519, 0.6298504870902111, 0.23060562133137172
0.3253610365888464, 1.9238006410427824, 0.6636181465297768, 0.27940641543432126
0.28865802842628, 1.988100299144405, 0.6976455477995047, 0.2483331538709326
0.2538957703065243, 1.826204509762734, 0.7519848058526732, 0.3258603773123805
0.4348421713568126, 1.679175349143047, 0.5797377060045161, 0.18460073327259074
0.4855870768879502, 1.7849059923373303, 0.5318183352243444, 0.14950798094194723
0.3209658085507164, 1.8752754303518853, 0.6837574557592648, 0.22187558134076
0.4143501341400765, 1.7626816862841652, 0.5974490902524857, 0.18317321033478387
0.3032707346309721, 1.8226616114090481, 0.7154530415878558, 0.26294950148960633
0.3099491980135852, 1.7388623596918462, 0.6940213351560302, 0.26468164111631803
0.3225069924082425, 1.7023655390302588, 0.6828044239204442, 0.2175623426903244
0.4210285975226897, 1.5759823131019635, 0.5906711647799383, 0.19699596299669855
0.4717164221702152, 1.7421857234556468, 0.5581778918587988, 0.17026733795515728
0.48473086363376905, 1.6981426845559573, 0.5430854333026698, 0.16389540839393849
0.2967064330155831, 1.803393932433765, 0.6750803316397989, 0.25171911244776146
0.330897882299218, 2.0163803594529788, 0.6607832092831765, 0.2360080001516618
0.24088132884297048, 2.083841149151968, 0.7738644455710423, 0.2923053637044712
0.37222444203436267, 1.9483685614182338, 0.6333950884572573, 0.23340775432338962
0.2852902562931674, 1.826194015255706, 0.7250853549816969, 0.23240497714430838
0.33500770591928763, 1.7778931493199548, 0.6698594066813854, 0.24569422721966233
0.2668531308864661, 1.8270984927066978, 0.7337808233003491, 0.27193492891319143
0.345453507620298, 1.9001829738696965, 0.6736544885048555, 0.20896558612328622
0.2761002340316228, 1.9757333084752935, 0.7339332800954201, 0.2559943376430331
0.255836520349335, 2.315309812536223, 0.7395165661227869, 0.2686198445356983
0.34077287516410754, 1.88518668124036, 0.6690153059607026, 0.2121534062567299
0.26867971916205263, 1.9776973630189965, 0.7555062800079932, 0.21904863906087535
0.3863805011701581, 1.721178533225389, 0.6052255616014464, 0.18163136503574137
0.3835835378731663, 1.6606423708121318, 0.6369524276348489, 0.21333461141867727
0.3538443975112735, 1.7295133310186583, 0.6450663361914315, 0.20766534274016557
0.3419715737199612, 1.70755706150392, 0.6249011703274069, 0.2203805892808532
0.4376962155374165, 1.7333060021514497, 0.5663292022744483, 0.17678415522277777
0.3327815514584166, 1.739330177808898, 0.6379650527151187, 0.22185966373266122
0.33026999257948514, 1.6420350403173702, 0.6817540070075226, 0.23340656234681703
0.3887208173982533, 1.8369975362141673, 0.6406192602388573, 0.22845755006677493
0.25766310862492153, 1.836768394940329, 0.7660336963971506, 0.2591278180898118
0.311204977453051, 1.8025575298612893, 0.7095816161864363, 0.23196656004513344
0.41777498715680117, 1.811643495877602, 0.6144866242074479, 0.2012390531377456
0.41286603116616244, 1.544154538177547, 0.6131150043500291, 0.1959914647519261
0.3960271705005993, 1.6444243562399126, 0.5993202075942862, 0.2178274491662888
0.405274273645756, 1.6322906826401051, 0.6046340698906112, 0.20457872318489656
0.3680004566470689, 1.7262407391982724, 0.6369218271089003, 0.22800819229477828
0.36526057423368913, 1.9272718646903446, 0.6022697425440832, 0.19778450835670922
0.28523317540955534, 1.8378044642932039, 0.6697721915968511, 0.23979714201467575
0.24390661567441063, 1.7929022549371672, 0.7540811644602472, 0.2817584787352819
0.3605799417774987, 2.113317703573363, 0.654643422719366, 0.23014372070400627
0.24305040242022946, 1.9562198606226853, 0.7173599198975578, 0.25279585192886284
0.38603801586848563, 1.7607369983201022, 0.6236620050191818, 0.2039391631789663
0.38364061875677835, 1.7012835143397569, 0.6131806789152328, 0.24303643427084257
0.32256407329185455, 1.825754404721232, 0.6637886593430393, 0.28582670253309667
0.36417603744505966, 1.7407226258420707, 0.6309980914845085, 0.2437374517002699
0.48130601061704437, 1.5870426205155974, 0.4902090358754804, 0.1589563290283342
0.2969347565500314, 1.8004300315138262, 0.6970378563507903, 0.2498168818412591
0.3060676979279639, 1.8527392372263574, 0.7017126985926376, 0.24799684090819354
0.31708430846509505, 1.676213845514504, 0.6848976878056499, 0.21818978842389658
0.36389063302699926, 1.7352704498394826, 0.6266497206320721, 0.21875545375899164
0.3176551173012158, 1.8638538228005224, 0.70173846780845, 0.25425849906386205
0.359324162338033, 1.621069156699641, 0.6502948644721681, 0.21099704747193024
0.3344368970831669, 1.7569849317943038, 0.6753322097071284, 0.23508950557834843
0.44368970831668475, 1.6407103457436714, 0.5588069469244127, 0.17363336342683539
0.42468177407386265, 1.630913257968025, 0.5606520697251444, 0.18776205175615782
0.40955533991666193, 1.6337086211751126, 0.5987669764626972, 0.20390862327596804
0.37861750099891545, 1.8133883624324802, 0.6191951099687896, 0.21126892835029878
0.36942747873737086, 1.824030032406401, 0.6395802718044199, 0.2232517769665799
0.3521890518865232, 1.9758837689217166, 0.648457518841935, 0.22620585474867913
0.4072721045721788, 1.6728640646244253, 0.6061861657095987, 0.2159337672949314
0.41081111935612763, 1.6343698317744402, 0.6105898152698216, 0.21280285658996878
0.4037330897882299, 1.462602429754951, 0.5977803270462476, 0.21203737983964532
0.4612135395855928, 1.4580207849496085, 0.5518603788842352, 0.17864291297132287
0.41069695758890346, 1.5830900209993455, 0.5771222018332334, 0.21733757530106868
0.2774701752383127, 1.7487910624147585, 0.7278288038219636, 0.2485525539050008
0.36976996403904333, 1.7314157490044657, 0.6333845796401295, 0.210244979225543
0.30966379359552487, 1.8972839664273817, 0.711209888925655, 0.22066520243320878
0.4435755465494606, 1.9873814914139298, 0.5749713251378692, 0.19127696449591514
0.32884297048918315, 1.7996003393461677, 0.6892785031004778, 0.22732683549714902
0.3222215879901821, 1.9411490178317796, 0.6906708348559418, 0.24683961971264112
0.4093840972658257, 1.5955276747151075, 0.5982992956171502, 0.2028126577457346
0.3511615959815058, 1.7760302801029861, 0.65204721147192, 0.22859667119535632
0.40047947942234147, 1.699201104806856, 0.5791107941619889, 0.17021923644976972
0.34619555910725497, 1.716050797571255, 0.6676745349878938, 0.24471908883743607
0.33517894857012387, 1.9589694497234045, 0.6559757359397974, 0.2400712695928966
0.20309378389177465, 2.0684802545873233, 0.7895358275984737, 0.30148994758992836
0.26474113819281925, 2.137956625196282, 0.7324987059199226, 0.30850113120621253
0.19652948227638564, 2.108610538160075, 0.8041731350867621, 0.3198129144874045
0.2476739539928078, 1.901086889565879, 0.7783624409107845, 0.3297718053531504
0.09047320052514413, 2.3042079496141423, 0.9135381734725699, 0.2846152030149619
0.1798047833780467, 2.3124264003043917, 0.8226085903312149, 0.3599259454308784
0.1668474227981049, 2.2051130916792085, 0.842274952358768, 0.3024206697715192
0.3540727210457218, 2.1454187879089326, 0.6701725245030847, 0.23125872539369857
0.19841315143558422, 2.227399522824486, 0.7975084251007435, 0.35525835001655354
0.15851361379074147, 2.2961016299619925, 0.8547840318690453, 0.31571368484177315
0.17021519493121753, 2.418932682024343, 0.8355772754270808, 0.32707435654087796
0.11302014955191507, 2.1898826488560417, 0.8899940619718133, 0.35402206794919655
0.2453336377647126, 2.016350739057617, 0.7556207582336492, 0.2704113085548998
0.16764655516867402, 2.048429153180434, 0.8558953504669392, 0.3088433346590839
0.4488840687253839, 1.957528235596727, 0.5519090249977582, 0.17198459772065458
0.34259946343969405, 1.91247083794561, 0.6681573688620991, 0.23909612064686525
0.24961470403561847, 1.9625206910092043, 0.7527643407895751, 0.2820925875292314
0.26445573377475884, 1.7880730864847758, 0.741870836085834, 0.28094678380203825
0.3711399052457332, 1.8111249460967969, 0.6424233097654559, 0.2152130683921367
0.20035390147839488, 2.071285846516574, 0.8029108658626337, 0.3118530869964764
0.0997773845539129, 2.1798958950468963, 0.9099316708605147, 0.4248102310532905
0.16119641532050916, 2.252416045543667, 0.8078598464739568, 0.3190581000287319
0.19573034990581653, 2.2560659080643424, 0.7704687244722958, 0.29924592308492604
0.1002911125064216, 2.283487150172228, 0.9092846101236194, 0.417609398008633
0.12323762771847709, 2.304615140008875, 0.8823601502431339, 0.34694923684262846
0.10120440664421486, 2.3000273751616445, 0.8730109843615549, 0.4018897095568981
0.09863576688167133, 2.307320784328939, 0.890700889784959, 0.4210883888614134
0.1263770763171414, 2.4360151145547904, 0.8670774586627307, 0.377166044390117
0.17752154803356357, 2.2614760915808048, 0.8234286360034515, 0.318224430250128
0.15309092984759404, 2.214949945981892, 0.841560990188754, 0.3252899838181279
0.16016895941549175, 2.1838197163287836, 0.8031202376375025, 0.3328451435916137
0.15023688566699012, 2.212603469439052, 0.8150792999900477, 0.3525105844643641
0.20777441634796506, 2.2340569739214082, 0.7755025991002407, 0.27575676305042435
0.2115988355499743, 2.19839017026752, 0.7952290783893784, 0.2853893945577094
0.41069695758890346, 1.7852768967416883, 0.6004439429598643, 0.18198066470841123
0.1529196871967578, 2.058098771779108, 0.8365486028340722, 0.3456143779263761
0.31873965408984534, 2.000299476537471, 0.6467242992459257, 0.22272218272205063
0.17997602602888293, 2.1297098039607696, 0.7866952761537577, 0.28307481781152966
0.1498373194817056, 2.188505289713687, 0.8442882427330991, 0.3806320878032575
0.190250585079057, 2.1738117111076933, 0.7755921513446906, 0.32192077979686073
0.20594782807237855, 2.1978629368633107, 0.7946459610142255, 0.30471302812113554
0.19875563673725669, 1.925862473238208, 0.7595425994055246, 0.2861779244223944
0.2489868143158856, 2.0868573432215287, 0.763361167898112, 0.25443406667906016
0.24778811576003196, 2.2948389318110607, 0.7330859760023801, 0.27657309261127955
0.3226782350590787, 1.946476811302927, 0.6643025334508877, 0.22786304241711874
0.28277869741423595, 2.0852127149909507, 0.7196245791851561, 0.218385073850547
0.3040698670015412, 2.113710723386534, 0.7165981931317944, 0.2446911690927153
0.2263827844055026, 2.079466406541965, 0.806676136460082, 0.3016450605858449
0.1771790627318911, 2.2615418229393507, 0.8166096407064485, 0.3164572769461228
0.2702779839031908, 2.170141066969499, 0.7341937758801127, 0.20735363713486157
0.3248473086363377, 2.116305589798386, 0.6901301688754632, 0.23911949171244917
0.1892802100576517, 2.078988995737964, 0.7707267627744473, 0.2830334785367495
0.25703521890518866, 2.070640604785469, 0.702840669902779, 0.27471483871465135
0.1397910839659798, 2.1995983337238707, 0.8667784080298653, 0.335015859698607
0.19886979850448086, 2.3110103753339932, 0.7879936192880173, 0.28389052276726867
0.23174838746503795, 2.1558823400493954, 0.7528958665303342, 0.25302507154954934
0.3610936697300074, 1.808390788342271, 0.6547269536744658, 0.200007097204089
0.25343912323762774, 1.804473034710473, 0.7505212482596888, 0.26401660682322314
0.26673896911924194, 1.9508741672973027, 0.7353304824395613, 0.27167324927993347
0.21896226953593242, 1.952824674803166, 0.7782371317634207, 0.29414100315512826
0.19441748958273875, 2.0624531015096252, 0.7621701343780488, 0.29148227494891044
0.23437410811119355, 1.8525755354936104, 0.7592041211102837, 0.26439857254864807
0.23814144642959073, 1.9250079042747268, 0.762400220230266, 0.2563336379179888
0.3167418231634226, 1.876431185139104, 0.6939773660869836, 0.2317188793554826
0.3374051030309949, 1.812878787534559, 0.6807517524618422, 0.23040422029411928
0.35041954449454876, 1.7774466018207515, 0.6677320764964584, 0.21324418404784354
0.4908385181802614, 1.6827995995148601, 0.47959315667073876, 0.15184387796151638
0.32935669844169185, 2.0265220220083924, 0.6719236585443922, 0.2091886437348388
0.468634054455163, 2.001216498852402, 0.527714456471169, 0.17114532000658997
0.2513271305439808, 1.992753859061385, 0.7419300724006349, 0.2581173891472897
0.27393116045436383, 1.7809402563302605, 0.7095369125977136, 0.24605869063781052
0.3290142131400194, 2.166277601346148, 0.6603379532342696, 0.23668767554870254
0.11256350248301844, 2.1147272257753427, 0.8610094879233345, 0.34158170645634117
0.23762771847708203, 2.3185932764493136, 0.7581338482792102, 0.2761927672298312
0.36634511102231865, 1.9762940893122047, 0.652145769553159, 0.1922080659974506
0.2851760945259433, 1.9118601584571961, 0.7145979514813898, 0.22964905474939673
0.3871796335407272, 2.0245308713204198, 0.5810845295808563, 0.1741804552425271
0.2687938809292768, 1.8835913535768674, 0.7219133539863389, 0.26400028708852125
0.34602431645641873, 1.8632698854400358, 0.6168426471216585, 0.20588692941337491
0.27216165306238943, 1.9746584326064547, 0.7198127405336546, 0.2466162282424677
0.1860836805753753, 1.982259816714186, 0.7730217118883452, 0.2917512555367305
0.2477310348764199, 1.9591972525652308, 0.7606382190978045, 0.285241470030955
0.2110851075974656, 1.9949506897381692, 0.7869207679203585, 0.27095028694726614
0.327986757235002, 1.8763985267594032, 0.6796551589193828, 0.23017746416409413
0.510930989211713, 1.5893846871857094, 0.4922045708443435, 0.15088336398682353
0.3832981334551059, 1.8612001108397862, 0.5947736039912737, 0.20519414568534203
0.31891089674068157, 1.7912501046116462, 0.711946770253998, 0.23302768017651102
0.27216165306238943, 2.106772544476681, 0.7236095867908295, 0.2557792283419531
0.28397739597008964, 2.094125917441116, 0.7166734141540122, 0.26054562081783356
0.3311262058336663, 2.1151054277901262, 0.6905257084804393, 0.24980078995512997
0.16296592271248359, 2.1811766827635193, 0.8340740035230357, 0.3210055031018895
0.10308807580341343, 2.4071276610324532, 0.9005268552185298, 0.3665939109960324
0.1685027684228552, 2.0728427365297213, 0.8468722002218683, 0.28481628629906197
0.2669672926536903, 2.0469631866080773, 0.75005275751385, 0.258058321684883
0.24887265254866145, 2.018094887668952, 0.7687801848395985, 0.28271226928263904
0.24858724813060107, 1.9366135085933496, 0.7729330344286128, 0.27990191432951883
0.2169073577258976, 2.176302438096931, 0.7952016528996438, 0.3049351319200873
0.12700496603687425, 2.2956440636022797, 0.8635295907587377, 0.37463619465465775
0.27678520463496775, 2.0713764345123993, 0.7475614758969042, 0.2600504924169383
0.28603230778012445, 1.8633471011734422, 0.7219662291489455, 0.2842245543620275
0.3029282493292996, 1.824166937392626, 0.6882883028264059, 0.2213738107607607
0.260174667503853, 2.0803189185021695, 0.7043824750538534, 0.2300938984268392
0.4065300530852218, 1.7846669373691773, 0.6015570098260459, 0.2130658691260091
0.4266796050002854, 1.5067972342417089, 0.5833330252098026, 0.17834386622958312
0.4115531708430846, 1.7659333634780718, 0.5982552354517812, 0.19486461858406245
0.12158228209372682, 2.302445326502502, 0.9018117114271114, 0.2982271927326662
0.09972030367030081, 2.421799764757566, 0.9099764135898212, 0.4244211480734345
0.17969062161082253, 2.2154522131441854, 0.8215067800067051, 0.293819656774485
0.28038130030252867, 2.248304195617444, 0.718819282738023, 0.24316858412622488
0.4400365317655117, 1.8176722763009154, 0.5504394266609867, 0.16592765981860194
0.308293852388835, 1.9058923674991355, 0.686140683056631, 0.2589505715746521
0.21810605628175125, 1.9374761205536364, 0.7777931152863116, 0.2634874220838499
0.249272218733946, 2.015501798005591, 0.763639403865206, 0.2545377888622677
0.32735886751526916, 1.7815376180778852, 0.7019697341010545, 0.2355830804170282
0.4745704663508191, 1.6136086860934147, 0.5451313605768878, 0.16662249673885074
0.38603801586848563, 1.8873817282688183, 0.629720030675243, 0.18723303924934687
0.2723899765968377, 1.9271381284025775, 0.7218272155878069, 0.30189015273681347
0.276956447285804, 1.9458336984330753, 0.7174669840440993, 0.25741178163097056
0.41594839888121465, 1.851716002761872, 0.5885384091187832, 0.19464431049037237
0.2586334836463268, 1.9541979642673486, 0.7322238748888275, 0.25323614420825263
0.4359267081454421, 1.8584548906891019, 0.5794513147956515, 0.1814881219172447
0.3713682287801815, 1.751083965007284, 0.6049827556259452, 0.1929157457709595
0.3327815514584166, 1.7857939401604594, 0.6783001074934841, 0.2405145087484487
0.4109252811233518, 1.613629614859794, 0.6322476773610732, 0.2016368638266786
0.26730977795536276, 1.8354727852337027, 0.7373529872607354, 0.28393921258160243
0.3516753239340145, 1.79858359801823, 0.6597247098662096, 0.22798248784142952
0.35938124322164505, 1.7904320166524574, 0.658584042262783, 0.22959512330483306
0.38289856726982135, 1.9894791250019572, 0.6309130598479186, 0.20975560693647258
0.3708545008276728, 2.018077865690359, 0.6438999086426987, 0.2146451433055635
0.42844911239225986, 1.6385644577097842, 0.577366316612726, 0.2029805599815214
0.4873565842799247, 1.395013070887246, 0.4913494529349116, 0.14990578936916607
0.42559506821165594, 1.454769567482765, 0.5481114519426388, 0.1653393056799056
0.36503225069924083, 1.6121882948539825, 0.6424889441672434, 0.24224872448809653
0.26782350590787146, 1.8343564671491324, 0.742357485434798, 0.2550369668182502
0.4729722016096809, 1.6848202163725794, 0.5290849054117248, 0.18421233410567872
0.4452879730578229, 1.588139867781232, 0.5835579257777969, 0.1904456978540611
0.4535076202979622, 1.4058186371013164, 0.5814405819196451, 0.18426295253874034
0.3824419202009247, 1.5698732919831535, 0.6383656054330701, 0.21314261771842985
0.2727324618985102, 1.7632902266704449, 0.7280107681909292, 0.2776845503788941
0.39762543524173755, 1.7315993540308383, 0.5953244378962271, 0.2202006604550153
0.30703807294936925, 1.8536201520416316, 0.7058661682660182, 0.24894251949703405
0.37918830983503626, 1.78754872134358, 0.6213712271504945, 0.1868849445667637
0.47331468691135337, 1.5235606287806212, 0.5294043243429758, 0.16204460886626923
0.5111022318625492, 1.44056888692482, 0.4780716688183925, 0.1439280840433497
0.379759118671157, 1.6368107850117881, 0.6158078981370205, 0.24178233530558654
0.45818825275415265, 1.4809638613319211, 0.5543600737678477, 0.174591480003088
0.402306067697928, 1.6986227581789215, 0.5983472870392766, 0.20715326948604276
0.4519664364404361, 1.4416600163991786, 0.546222292926869, 0.18957828555131137
0.5326788058679148, 1.234316980852725, 0.48385688493393886, 0.1373274141226884
0.5694959757977054, 1.1630358932604359, 0.4376818559379691, 0.1282647980063736
0.5747474170900165, 1.1595752999740239, 0.44561053429946407, 0.13004323864233786
0.5044808493635482, 1.3057072055532724, 0.5139039107060753, 0.16492509320581175
0.547348592956219, 1.1582688283934577, 0.44986059970345615, 0.13521379034991596
0.5994634396940465, 1.0424372682210632, 0.40031116229320046, 0.12631261306996136
0.5914150351047435, 1.1102449086350838, 0.41474884110611304, 0.13297529121906762
0.5279410925281124, 1.2590587568021785, 0.44207127356703735, 0.1344153059149136
0.4230835093327245, 1.7445162049479745, 0.5439271603734583, 0.17630513463614275
0.3596095667560934, 1.6068648614937315, 0.6474488898048862, 0.24773340842080432
0.4914664078999943, 1.5037473480385306, 0.5074046200673547, 0.1768493779738443
0.3515040812831783, 1.6281968170638852, 0.6593085973959413, 0.23254548253277377
0.36212112563502485, 1.6301219387103163, 0.6476454967960399, 0.23251618887516604
0.4267937667675096, 1.672487610020222, 0.5922828286632363, 0.19625440931218788
0.4485415834237114, 1.5156520648585503, 0.5671907026699197, 0.19706479404938354
0.4356983846109938, 1.485252231158747, 0.5573699207408538, 0.18636270361002563
0.5104743421428164, 1.3769845516807964, 0.49655330724589286, 0.16298845603218318
0.5306809749414921, 1.3302954096787052, 0.47554349404131047, 0.15548149760206173
0.5074490553113762, 1.308490896507025, 0.5008963480481686, 0.17606621035545722
0.4859295621896227, 1.3506011340910253, 0.5223005353466518, 0.17392956161175657
0.4826188709401222, 1.492080517899562, 0.5257852128095327, 0.17889110601725966
0.49848735658427995, 1.441217086894088, 0.5090389950619323, 0.16607369210166187
0.42365431816884525, 1.4888994593218559, 0.5752385480163467, 0.18281827947438395
0.515269136366231, 1.2759939977649657, 0.4769336466400601, 0.14601553004228124
0.5197785261715852, 1.4620181615547054, 0.4759753510680332, 0.1495863283590819
0.49951481248929736, 1.3645053913695497, 0.5011736332863147, 0.16382942717802768
0.504366687596324, 1.5032528871866528, 0.502348225560223, 0.16877922509999074
0.5109880700953251, 1.6088167031038991, 0.5082949568916634, 0.16385180198767674
0.35401564016210973, 1.759264328974255, 0.6561492116968806, 0.22308501168889305
0.41132484730863633, 1.6933492296287354, 0.5932869574817993, 0.19573240302829675
0.4430618185969519, 1.603875325656834, 0.5522024934081287, 0.18490691039795898
0.30258576402762716, 1.8343972940640305, 0.698187507367269, 0.2520709954178562
0.4423197671099949, 1.5451125406063517, 0.5567059776490878, 0.17742233211584618
0.5489468576973572, 1.4874313988569385, 0.42308047726019365, 0.14103728342390848
0.43215936982704495, 1.521654120869639, 0.5252156483436989, 0.17396865080550344
0.5359894971174154, 1.5846400054678729, 0.43632312749465135, 0.14434008814903213
0.46949026770934416, 1.559168942317318, 0.5295426654924488, 0.1626847608198245
0.4762258119755694, 1.5735162093974295, 0.5246096349684091, 0.1630637909513723
0.48729950339631256, 1.5134509416947022, 0.5166423574791387, 0.17030604945853625
0.38443975112734746, 1.7448289831708477, 0.6144388818732467, 0.20745170315088604
0.3896341115360466, 1.738690141622685, 0.6210008352086124, 0.22461474931326716
0.3150864775386723, 1.68117358714616, 0.6895934204255044, 0.2178890696249015
0.4193732518979394, 1.632993260975726, 0.6010454405182538, 0.20172722391570697
0.3924310748330384, 1.6134827489470216, 0.6177491489509213, 0.22040827490896842
0.40869912666248076, 1.767084306154135, 0.598571868689278, 0.19155250144394764
0.5163536731548605, 1.7011109522416634, 0.5030657397574918, 0.1544903831236339
0.35247445630458357, 1.7984294999992407, 0.6515453098846062, 0.2103005485884189
0.35184656658485075, 1.675151610855534, 0.6416136269292815, 0.21945258368576212
0.2787259546777784, 1.8684344751505937, 0.7262287263232186, 0.2470226802928522
0.3992236999828757, 1.815163801621272, 0.6110737710077513, 0.195823992310082
0.36491808893201666, 1.7789010415543187, 0.5934051768943834, 0.20709972665715026
0.40550259718020437, 1.7352924249414317, 0.5957079326646203, 0.21500641882153868
0.3379188309835036, 1.6883412697889657, 0.6811752119746423, 0.2378584977513818
0.3332381985273132, 1.6562568200655918, 0.6412691457251196, 0.24292942198943673
0.36514641246646495, 1.6905582886123516, 0.6498682792423293, 0.23854654562900965
0.319938352645699, 2.063933576285972, 0.6959764958716935, 0.2489773255848803
0.4311889948056396, 1.5783194480414422, 0.5816940190654608, 0.19757858486636168
0.45339345853073804, 1.5558282476210066, 0.5491832212822688, 0.18983389046609922
0.08704834750841943, 2.3051098109557278, 0.9041222570091183, 0.3213904465393581
0.09829328157999886, 2.33939157612037, 0.9291768306238016, 0.41568587701253307
0.1327130543980821, 2.4655723786189396, 0.886896390735165, 0.35465335448150476
0.25492322621154173, 2.17124449366392, 0.754773330419673, 0.2866498645482856
0.19333295279410925, 2.180486627634587, 0.8305085775804408, 0.26517731765705316
0.1849991437867458, 2.1593576947319515, 0.8166157357496818, 0.3465875087810029
0.1830013128603231, 2.3262802210632025, 0.8329606903932509, 0.3116540878079852
0.20571950453793025, 1.9298062868107126, 0.7836555176526939, 0.2871620177592913
0.24596152748444547, 1.9260229208411008, 0.7337171386576804, 0.2883520948704814
0.2806667047205891, 1.965913209559146, 0.7151851682252746, 0.2705750144714552
0.2975055653861522, 1.993325420666846, 0.7106437316022362, 0.25034897527274513
0.19299046749243678, 2.0670685754382205, 0.8175967950320516, 0.3035150815997029
0.3214795365032251, 1.964802771937705, 0.6841899880969494, 0.2459651742491223
0.29077002111992695, 2.0047872825615807, 0.7137380971941039, 0.268027772733422
0.35070494891260917, 1.7115120381053925, 0.6476208628336465, 0.21201565048546153
0.26417032935669843, 2.0424192624996023, 0.7125104602270421, 0.22720591358562087
0.46098521605114445, 1.778817252669407, 0.533959577866158, 0.15776928801327364
0.41920200924710316, 1.768506453464453, 0.5428842971908958, 0.1735367369619219
0.2916262343741081, 1.7758526126062824, 0.7115388335682776, 0.24583975957100926
0.3481933900336777, 1.553590154833592, 0.6517875079611994, 0.2022625007996386
0.4743992236999829, 1.4032028696644734, 0.5468193827330784, 0.16382834494335127
0.5375877618585536, 1.3334674088807368, 0.45818956690679685, 0.13416972936735955
0.47925109880700956, 1.3539954644738283, 0.5360605248681085, 0.1636645206395508
0.5361036588846395, 1.2158180805503374, 0.4718586727744535, 0.14219341153930387
0.4955762315200639, 1.3171840472755771, 0.5084577825448842, 0.1655898908142885
0.4721159883554997, 1.3556711965907864, 0.5273456491505235, 0.16743258317291818
0.5290256293167418, 1.1715306532446164, 0.496099346032055, 0.14409768836631673
0.42650836234944917, 1.4157243635877776, 0.5768478365325406, 0.18513022477804508
0.5456932473314687, 1.2835987770528143, 0.4466244370241112, 0.1551765217082738
0.5560819681488669, 1.3811847874444467, 0.4225442509858054, 0.13080666293484572
0.5304526514070438, 1.235353819089867, 0.4698991766215848, 0.13136339704745403
0.4515668702551516, 1.6306045700598881, 0.5420314129251709, 0.20141600757237488
0.3471659341286603, 1.713740315827355, 0.6130318213980269, 0.21070125561769565
0.45881614247388547, 1.66038767808621, 0.5517357647361937, 0.16682285159014817
0.5295964381528626, 1.4847266729029065, 0.4578968661813437, 0.12408888009814552
0.398709972030367, 1.598288101927777, 0.5880585838473771, 0.22259159119332203
0.5068211655916434, 1.3556602746830886, 0.5081760101445767, 0.1498007999727792
0.6366801758091215, 1.1192694644384311, 0.3380949517253353, 0.11015329718781797
0.6210970945830242, 1.1880430013572485, 0.35961679733497937, 0.11114491121462551
0.5422113134311319, 1.433126824574694, 0.45740284100449846, 0.15196076044047474
0.48815571665049373, 1.547921089312483, 0.5131451130668243, 0.17321337747258692
0.4392944802785547, 1.7487269532864915, 0.5491384830214576, 0.18317947003385815
0.31080541126776645, 1.87145869590385, 0.6772380312276419, 0.241832631318182
0.4291340829956048, 1.610871828342724, 0.5683987780553622, 0.19781460633594833
0.3487071179861864, 2.0648388189688767, 0.6508482518068205, 0.22113701634283756
0.38837833209658085, 1.7259729157798782, 0.581789662232523, 0.17879035875901522
0.4930075917575204, 1.393665757873803, 0.4793697713827334, 0.16465358343453115
0.4682915691534905, 1.5965856316801526, 0.5286738793717682, 0.1798063342097952
0.5443803870083909, 1.431388119634234, 0.45405629259356034, 0.1390349771486207
0.5257720189508533, 1.410002652640974, 0.44994191792165417, 0.13910222920765392
0.47548376048861235, 1.4601459913566046, 0.5548071367297449, 0.1814833029660804
0.5103601803755922, 1.2545782510707713, 0.4973316637858406, 0.15156456642845104
0.56413037273817, 1.3768146976729059, 0.4344193348372404, 0.1465536985086589
0.5742336891375078, 1.3487041676294191, 0.4264337608865428, 0.12719929344862976
0.3611507506136195, 1.6306452360679329, 0.6388644652136705, 0.2243856100137126
0.44762828928591814, 1.5031627703695594, 0.5567666971661457, 0.1790816754522575
0.4956903932872881, 1.4433862069908006, 0.5329240029418185, 0.16908591110067622
0.44625834807922826, 1.5814962327306799, 0.5659511120086078, 0.18518226642104854
0.3500770591928763, 1.8066567524810844, 0.6537691072505238, 0.2382895096748605
0.403048119184885, 1.7570517470832523, 0.5912991784400268, 0.19833381223109295
0.31126205833666304, 1.7402135041235136, 0.681085288569711, 0.24221278836435428
0.47833780466921627, 1.5155734009396453, 0.5084404816092651, 0.1686282733276238
0.4436326274330727, 1.5368170372236332, 0.5595658266387751, 0.18717679851667746
0.4303898624350705, 1.5650198778793674, 0.5583019481015384, 0.1838274694116515
0.5229750556538615, 1.4968694795061923, 0.48674977129879854, 0.1401479396758037
0.4827330327073463, 1.5258194935587868, 0.5306646254020625, 0.17967701215009832
0.4654375249728866, 1.5728147785031052, 0.5395739247573449, 0.1712721001263632
0.5655573948284719, 1.396675471482031, 0.4443288239393122, 0.13187426277988082
0.5479764826759518, 1.2883147299919127, 0.45230519269922703, 0.1429740716163659
0.5762886009475426, 1.2896508438360323, 0.43481746432521573, 0.12406643377966844
0.45367886294879844, 1.5149732677470034, 0.5519014994610912, 0.19329867039540335
0.5448941149608996, 1.3282145029575532, 0.43599103885354773, 0.15441091918847047
0.4553912894571608, 1.3558473593347373, 0.5184841427539016, 0.1898733090960517
0.572178777327473, 1.1640328395376196, 0.4226981628892304, 0.14178591653021633
0.561961299160911, 1.2447583593984834, 0.44237169121891035, 0.14649591107917342
0.5248587248130601, 1.502134435773202, 0.46972032969207234, 0.1569868693030474
0.46897653975683545, 1.8534073198050545, 0.532468740201218, 0.16472423624958035
0.4681203265026543, 1.6011723529136415, 0.5335085043316451, 0.16583240161141458
0.43073234773674296, 1.451398638503057, 0.547993989816323, 0.18036127074224584
0.44060734060163254, 1.4246763420107362, 0.5686679186452901, 0.1976518415398165
0.5141845995776014, 1.4313688266596447, 0.4828728390168522, 0.16545163222281786
0.5025971802043495, 1.4764795711074656, 0.5254203123844544, 0.1629817174976643
0.36680175809121524, 1.8006985878943036, 0.6258510619149162, 0.22355025475847476
0.3717677949654661, 1.6699793693940248, 0.6377190705540646, 0.22353515889033918
0.39517095724641815, 1.6503994106069209, 0.603183667070332, 0.20067613663678854
0.34003082367715054, 1.8427413349874529, 0.6443078906674006, 0.24902180498058546
0.4029339574176608, 1.671169673847386, 0.5940985072897249, 0.18922859656602875
0.3125178377761288, 1.657966291527136, 0.6734475129070425, 0.24640381657659569
0.46949026770934416, 1.593459682868383, 0.5291045505338506, 0.18411785002502104
0.39414350134140075, 1.7255638058129508, 0.6052456842920889, 0.19789705408761435
0.5177806952451623, 1.2366975235696782, 0.4766990081111229, 0.14675884124287003
0.5092185627033506, 1.3089068692952193, 0.484970410143953, 0.16551846767273828
0.5411267766425024, 1.3329461067328068, 0.4646199633648229, 0.13250525045021339
0.48815571665049373, 1.30858279319208, 0.542478499237831, 0.16898433354734352
0.6112221017181346, 1.441699203818048, 0.3800065256168944, 0.11468099748440215
0.448256179005651, 1.801786566489676, 0.5539036254187485, 0.19993849009315426
0.27946800616473544, 1.9039866236888068, 0.6917998183179899, 0.2568784809269406
0.21861978423425996, 1.9487784609442684, 0.8037160033962748, 0.2508250557331243
0.32467606598550147, 1.8453001460498841, 0.6703664270208094, 0.2332564021108113
0.2661110793995091, 1.9714347166024397, 0.7317152033199816, 0.23866764711285068
0.4862149666076831, 1.6457545225652523, 0.5235139608903202, 0.16000657148972958
0.11576003196529483, 2.29973418653144, 0.8687901523312083, 0.25442361023732113
0.2840344768537017, 2.2332553499412766, 0.7092862952936899, 0.2074097792870696
0.1626805182944232, 2.313832469417649, 0.850068501833379, 0.3394480933743161
0.23888349791654775, 2.210853172325708, 0.7672378037927976, 0.2905295570146941
0.2316342256978138, 2.0600428951746714, 0.7789576258212625, 0.27820963889561506
0.1560591357954221, 2.1012143885424517, 0.8525656299282196, 0.3349991220552069
0.22210171813459673, 2.2511519855223763, 0.7848622268697585, 0.3027991864882946
0.2540099320737485, 2.09168137930539, 0.7553433553623331, 0.26020756052830857
0.3071522347165934, 1.8867918834871908, 0.6923303959603027, 0.2294041218049826
0.19253382042354017, 2.1442653950650614, 0.8128377855887814, 0.30139422396524923
0.19219133512186767, 2.075127626790243, 0.8199068833941408, 0.28433478358485154
0.35784005936411895, 1.7708105194840136, 0.6539917241573504, 0.22244814706680327
0.20309378389177465, 1.8478389625489708, 0.7788823780301545, 0.303519396630489
0.49426337119698616, 1.5962041980416353, 0.5182051712609463, 0.15867664188164604
0.3061818596951881, 1.7547160899287333, 0.7140101297286666, 0.24632910153320292
0.3515040812831783, 1.7347919449896578, 0.6651999403638602, 0.21729302807407547
0.48204806210400136, 1.5067383083036157, 0.5326030286838698, 0.16913132944453224
0.47137393686854273, 1.5759235020173834, 0.5187441091631587, 0.172536435719577
0.4774815914150351, 1.5167830384847978, 0.5348993946439342, 0.1794643870546318
0.5204634967749301, 1.503101750196976, 0.44431162737608126, 0.1567585069503903
0.3798161995547691, 1.5501703809668426, 0.6281881141566013, 0.20735568670609536
0.4930075917575204, 1.502968007791899, 0.5342389409207674, 0.1715641289272719
0.4705748044979736, 1.638716453000477, 0.5616578152451784, 0.16874357032749682
0.37439351561162165, 1.6979328842085242, 0.6508582903232817, 0.21213054427382713
0.3708545008276728, 1.791371125097831, 0.6475141508372104, 0.2127212469933882
0.46075689251669616, 1.5119396221202914, 0.5556043012913178, 0.18451566988190668
0.5219475997488441, 1.683945327502175, 0.4666587843074614, 0.14538376673432868
0.4193732518979394, 1.7353420508793143, 0.6145371022342726, 0.18811844442666323
0.3869513100062789, 2.0261142753331285, 0.6366295081136614, 0.21294698195888123
0.10194645813117187, 2.210156305337498, 0.9020282897294645, 0.35347876359805286
0.0994919801358525, 2.4283166902339772, 0.9038224491075705, 0.4244840637812745
0.18596951880815116, 2.1968293829087804, 0.808772675530615, 0.24458210073768577
0.13128603230778013, 2.391451931964644, 0.841771205630344, 0.38547588456927157
0.18180261430446942, 2.0446024451450953, 0.8034283144953578, 0.33477673520656803
0.3816427878303556, 2.0366965507874446, 0.6334732130422499, 0.18096592888292443
0.28934299902962496, 1.958260866569407, 0.6745971086398024, 0.26383164782335944
0.22170215194931217, 2.0783220730427225, 0.7849893931789295, 0.30636852888594435
0.13248473086363377, 2.320924029811495, 0.8621953775566726, 0.3810486130773891
0.2489868143158856, 1.7971813040608733, 0.7269765411476733, 0.26703070129830486
0.37131114789656944, 1.809467490612559, 0.6296380108766716, 0.2028958583390045
0.35133283863234205, 1.9056204403635506, 0.6628439097382115, 0.22932723564060858
0.3531594269079285, 1.86333889643197, 0.6512870420475763, 0.20600569502148625
0.2659398367486729, 1.9501899273756589, 0.7391378779380529, 0.26298969242290343
0.20452080598207661, 1.979070232110356, 0.7991492082246558, 0.2953016117061847
0.21182715908442262, 1.9853991935518385, 0.7936752347899361, 0.30355722715592287
0.2664535647011816, 2.0794868846160512, 0.7342759038732658, 0.2700108886676274
0.47257263542439637, 1.5468393913792098, 0.5363518534868947, 0.1765106791434016
0.5031109081568582, 1.602205292037704, 0.5080370865512241, 0.15356110332424022
0.37901706718420003, 1.7400765364671844, 0.639648493629724, 0.21789087477433225
0.3785033392316913, 1.7026468940988049, 0.6554033600154774, 0.19549144117119924
0.5009989154632114, 1.5543552330962545, 0.529648296677021, 0.16462151042751685
0.5441520634739426, 1.3874141509517686, 0.44000100224079375, 0.1358642835807044
0.455562532107997, 1.5597146613609165, 0.559630997609982, 0.18573647022905854
0.5067070038244192, 1.574552293448179, 0.5019797143740148, 0.16208315762786296
0.46138478223642904, 1.6381602291511315, 0.5375543076633823, 0.1779939326045767
0.48707117986186427, 1.5609645141818438, 0.5005402823163435, 0.15394608273381127
0.3846109937781837, 1.5390870362372218, 0.6256112098247653, 0.20900880407438435
0.4645813117187054, 1.625616086577912, 0.5255413977902312, 0.1811021932552704
0.4600719219133512, 1.582766609775999, 0.5469463615628033, 0.18158608924673791
0.4524801643929448, 1.4644827264749103, 0.5302189302789503, 0.16731401355516073
0.37016953022432786, 1.6061231751230742, 0.6284234187881352, 0.22213841818445193
0.43472800958958846, 1.760619812104533, 0.5420369542799217, 0.17827452656588338
0.23391746104229694, 1.8302982309425426, 0.7518005315640831, 0.28682056132993866
0.3684571037159655, 1.7494437206015343, 0.6454982002691417, 0.21087474229170364
0.36834294194874134, 1.615266396119664, 0.63477660765113, 0.21157308914408676
0.4188024430618186, 1.6089217422660937, 0.5787683564975697, 0.18591150664314562
0.44448884068725386, 1.6105513449394033, 0.5355436126393974, 0.174358111197702
0.368799589017638, 1.7294117173509473, 0.6079659980259284, 0.19475396949499169
0.3930589645527713, 1.764480054919473, 0.625887046599205, 0.21413970565207932
0.2972201609680918, 1.7818556536012224, 0.7135881901128193, 0.25646410543525433
0.27535818254466576, 1.8356004564264974, 0.7267932308609911, 0.2602679597041171
0.4951195844511673, 1.5082119900319217, 0.5376176385665085, 0.162909607181365
0.5326788058679148, 1.4990792176659382, 0.4594834642499152, 0.1421061318085718
0.4851875107026657, 1.5392336348477098, 0.5049548755985852, 0.15337797962421512
0.5426679605000285, 1.3680159241752956, 0.4464404332805937, 0.127133849891155
0.5048804155488327, 1.5007033116336799, 0.5294366368564916, 0.15652320324765984
0.27307494720018266, 1.8079770146061878, 0.7267643841435547, 0.2750178391664027
0.4396369655802272, 1.654031969074844, 0.5770583125901312, 0.19232796045216147
0.45704663508191107, 1.6617210817171004, 0.5594699856504066, 0.18519378767681471
0.4655516867401107, 1.8234949301786023, 0.5301002117541033, 0.1478924271447284
0.277698498772761, 1.9892788039500926, 0.7477389655028474, 0.2236498829382331
0.345453507620298, 1.7650108234653312, 0.6969679655592564, 0.22478099872138166
0.48444545921570864, 1.5561557737099838, 0.5290739301008425, 0.169258003137298
0.5153262172498431, 1.4533733926827017, 0.4809039797463076, 0.14701419312749406
0.5436954164050459, 1.510954662129122, 0.4777762047044443, 0.13929986014416038
0.3431702722758148, 1.9110208832922984, 0.6619755101310703, 0.21926093596762347
0.4700610765454649, 1.6486005929855663, 0.5537175482855589, 0.16512099711392342
0.39260231748387464, 1.759326280013932, 0.6205908167843759, 0.2117966560179771
0.5012843198812718, 1.8617349292284904, 0.5030714730100376, 0.15128173193946157
0.3595524858724813, 1.7725556286031563, 0.6544249051067613, 0.21944293081634814
0.5139562760431532, 1.4845563810167945, 0.49594351028581807, 0.1596780088756693
0.3988241337975912, 1.7367651411222944, 0.6172566365898549, 0.213517149618681
0.44260517152805523, 1.442441939333713, 0.5432102929039951, 0.18506385663882907
0.4924938638050117, 1.5551161157213205, 0.47132796539585625, 0.1569117804423073
0.4242822078885781, 1.5510646417959006, 0.5806070211725489, 0.1771602464135291
0.43238769336149324, 1.4939903348737047, 0.5770718559260054, 0.188184483715086
0.5074490553113762, 1.3732133468330108, 0.4948952050666592, 0.14664411040486547
0.4800502311775786, 1.5078446154595204, 0.5280707255240942, 0.1735958118591995
0.5299389234545351, 1.4082567251309037, 0.4713030920470404, 0.14964541660018946
0.4527655688110052, 1.5809606817396844, 0.5406659028320048, 0.18733228780397632
0.4695473485929562, 1.6458191462960496, 0.5284939460497047, 0.17681748191631963
0.11039442890575946, 2.3033457421584176, 0.8903277840423007, 0.24780415231644554
0.17090016553456247, 2.2379093133353285, 0.8377148501434094, 0.28205319811748547
0.2082310634168617, 2.229245162451129, 0.8050051967750069, 0.27467921407874346
0.3509903533306696, 2.0395991098622877, 0.6658537268600964, 0.20148693640822504
0.1213539585592785, 2.032311753409047, 0.8829085943493864, 0.36993483585107706
0.211370512015526, 1.9927065720963175, 0.8030697341960176, 0.27352974658758494
0.3787316627661396, 1.8456005421911814, 0.6482214706590298, 0.1939955753824309
0.38364061875677835, 1.6597184019074047, 0.6121317093837981, 0.18325667881567204
0.3758776185855357, 1.7338304902988861, 0.6352372652531432, 0.20606747769816777
0.45179519378959987, 1.7168457473383842, 0.560123805808917, 0.17832905733022886
0.3660026257206462, 1.6827236785315183, 0.6398199007748697, 0.21279385029964756
0.35938124322164505, 1.911583661046418, 0.6524087067625491, 0.2042969846627444
0.44289057594611564, 1.68287667586002, 0.5693741720287675, 0.1777871510339522
0.4478566128203665, 1.6598504255661592, 0.5577706699830389, 0.16791933775712536
0.3990524573320395, 1.6430112931957541, 0.6032760574015213, 0.20038127638314102
0.3812432216450711, 1.7291849064183253, 0.630795434436471, 0.2017833544595872
0.3829556481534334, 1.8220602066537699, 0.631823501254364, 0.23447913022878034
0.34807922826645354, 1.951934814990686, 0.6665216874049849, 0.2386469462712092
0.33517894857012387, 1.9360358588764524, 0.6666820535483986, 0.2453029663632213
0.2974484845025401, 1.838031177913648, 0.7039345761019037, 0.235044189813531
0.4241109652377419, 1.4428532223984138, 0.5981883218980214, 0.18130103769603725
0.4884982019521662, 1.4521505584475372, 0.5004737561084077, 0.1487727126955952
0.49049603287858895, 1.4310106366313111, 0.5108845903485852, 0.1741852018543594
0.43649751698156286, 1.4851552173457017, 0.5744115267453465, 0.1893606948880567
0.48547291512072605, 1.4793066662960628, 0.5285009760098436, 0.17239140023555577
0.32193618357212167, 1.7318799390736506, 0.6662590532204381, 0.23475705799572558
0.38466807466179576, 1.7291793943419427, 0.6112539309228245, 0.22486499909387894
0.4143501341400765, 1.7388016495797738, 0.5907503222549298, 0.2149839312655411
0.5133854672070324, 1.2804589780795295, 0.4918704913458712, 0.15537005035159498
0.4940350476625378, 1.531450040234, 0.5026601179832562, 0.17200031982846153
0.3707403390604487, 1.6683260447431953, 0.6265713768489514, 0.20540732596949368
0.44945487756150465, 1.5669385186204683, 0.5670828067032333, 0.1829361493983346
0.43421428163707976, 1.609706897014039, 0.6138627488025693, 0.1922566851367956
0.4296478109481135, 1.5846580526002554, 0.5951527016294209, 0.20404633628889018
0.35401564016210973, 1.5801345870622632, 0.6555160815832427, 0.2417259916739408
0.4751412751869399, 1.557449591994061, 0.555148541421424, 0.1784535127636059
0.4302757006678463, 1.5404257966854358, 0.5780327769059397, 0.19664518516190324
0.4656658485073349, 1.8230976495876712, 0.5065013146257953, 0.16344670496262584
0.28420571950453793, 2.009838647143986, 0.7518139184321448, 0.22326794673676878
0.2596609395513442, 1.8876913889159799, 0.7715085649828544, 0.26773002914110583
0.3140019407500428, 1.9221146758325744, 0.714553777447465, 0.19843705482774038
0.2824932929961756, 1.8917199720006208, 0.7310906108595221, 0.22218710421722224
0.26919344711456134, 1.8939392864619076, 0.7449894866577279, 0.23403023555105404
0.38866373651464126, 1.6852967322223147, 0.6327004224980032, 0.2057344396587563
0.3709115817112849, 1.7369152353305142, 0.6545148052304204, 0.20851215657050026
0.3656030595353616, 1.7644107766745876, 0.6444204894133351, 0.189789921949179
0.3647468462811804, 1.7060889034138143, 0.6388081562881964, 0.20539937877420122
0.30389862435070497, 1.7030652466311058, 0.7036235459913435, 0.22972059569543032
0.4498544437467892, 1.4396323665114896, 0.5540076985553248, 0.17915644718932316
0.49688909184314173, 1.4941746000013596, 0.523220153311297, 0.1597865647839463
0.40207774416347963, 1.590430744280247, 0.6164191607150661, 0.206383417083489
0.4282778697414236, 1.6095090735223347, 0.5793263681594165, 0.18739802500166938
0.3839831040584508, 1.7491295614895248, 0.6188146374361029, 0.2049951060030588
0.41046863405445516, 1.6670044131921071, 0.6004214182528559, 0.18970089647325655
0.30806552885438665, 1.8775717990843017, 0.6972430969827978, 0.20261851067656927
0.34151492665106453, 1.7258375612620696, 0.659802113440372, 0.20587651071482038
0.42354015640162107, 1.6648961832870515, 0.573869604937498, 0.1898013305680176
0.36891375078486216, 1.6912057160773202, 0.6299896344841344, 0.21128220329258737
0.5060220332210743, 1.3944894835056048, 0.500084829591461, 0.16253385083141259
0.4034476853701695, 1.7134967807224675, 0.6161356988658752, 0.19834835405006918
0.5063074376391347, 1.5952182078655468, 0.5013396497303111, 0.16726868660918598
0.2786688737941663, 1.7843694138781407, 0.7161318163762984, 0.2360803299544808
0.3344368970831669, 1.6623162577852988, 0.6612727259615326, 0.2055788028052471
0.4024773103487642, 1.782006590066554, 0.6193153653055417, 0.21247144698973788
0.36925623608653463, 1.686605213651327, 0.6525690638471133, 0.21707905375406367
0.31525772018950854, 1.640487985177783, 0.6746417210040861, 0.23648703515076608
0.3908898909755123, 1.5546226456044328, 0.618772498074962, 0.20987440447233704
0.40099320737485017, 1.6568843130073534, 0.6124876476533408, 0.2147857849622069
0.40184942062903134, 1.6004580806376651, 0.582275929975117, 0.19654937263685496
0.327986757235002, 1.9327675378943858, 0.6812117090617407, 0.22829151364337036
0.3529311033734802, 1.747011358862197, 0.6589547207527015, 0.2364727622307323
0.2182772989325875, 1.9929114892212072, 0.7907429930176544, 0.2625625379220678
0.31177578628917174, 1.7750764880811007, 0.689723695536488, 0.251547439494678
0.444603002454478, 1.840365067050367, 0.5282263395619272, 0.15420816808567234
0.3567555225754895, 1.6232769615751292, 0.6480378558734075, 0.20968398531227106
0.42239853872937955, 1.5718343459285349, 0.5902743488698373, 0.20687959675317927
0.5088189965180661, 1.334102675800992, 0.48546125567626774, 0.15060003537153535
0.5375306809749415, 1.3073458027125862, 0.4334828225807609, 0.14627114768787394
0.5591072549803071, 1.2808767455858117, 0.39650296953622205, 0.13703412288942338
0.3640618756778355, 1.5542750307683348, 0.6330900553841582, 0.22004181538363163
0.3890062218163137, 1.6393173505055645, 0.6135883181077557, 0.2080510407414348
0.47086020891603403, 1.6586579050305459, 0.5387279011909826, 0.16433261797438806
0.3777612877447343, 1.7353501402216318, 0.617379851432739, 0.21312447546712968
0.413265597351447, 1.6416607013484599, 0.5833486392048713, 0.1989572497760799
0.5221759232832924, 1.4059922012287132, 0.4681907254259579, 0.15433687325793577
0.4884982019521662, 1.4065790518899712, 0.5240297046743332, 0.17672946239834475
0.5050516581996689, 1.357284165010842, 0.48865167233686163, 0.1429398114245389
0.5824533363776472, 1.339931864367343, 0.4039022762397469, 0.12809939527114003
0.47651121639362976, 1.6773735316786784, 0.5369684778569996, 0.1695466262470246
0.31337405103030996, 1.79893740939321, 0.6755663312058273, 0.22734970022635578
0.42622295793138876, 1.6566581334573194, 0.574339461554937, 0.17482719804573507
0.32284947770991496, 1.9666116718655546, 0.697497632271918, 0.23981768915573895
0.4231976710999486, 1.911603256565869, 0.6016746152868843, 0.1904540436112145
0.3064672641132485, 1.9147040513193399, 0.7028188335200979, 0.23612735681264735
0.3434556766938752, 1.8418671782889509, 0.685060721233721, 0.2123577509194935
0.535761173582967, 1.467956376195505, 0.47896788404541113, 0.13850889532123614
0.41811747245847364, 1.8113620132879822, 0.5737315377873419, 0.19887150970098094
0.24036760089046177, 1.8272780374860347, 0.7584908858710173, 0.2755259951405153
0.23808436554597864, 2.0013336704517513, 0.7584755800109668, 0.2654092905166296
0.19972601175866203, 2.2177308019308257, 0.8066790199734979, 0.28707300638874456
0.3429419487413665, 2.0007997144812544, 0.6739230412973356, 0.2352674297797645
0.0900165534562475, 2.2984373809417717, 0.9143584185507264, 0.31737722875322294
0.11576003196529483, 2.228738975549399, 0.9001158417030573, 0.32657708418655806
0.16193846680746618, 2.298896010975103, 0.8622199333945652, 0.355682945292411
0.21707860037673382, 2.0985001354866957, 0.8077435875422998, 0.25331861422809
0.16918773902620013, 2.1785773848131833, 0.83859532764796, 0.31071813445285273
0.2811233517894857, 1.7448502246209003, 0.7324155089164013, 0.2690360149181998
0.20731776927906845, 2.067793832630101, 0.8016405990732607, 0.29169466597147303
0.4045893030424111, 1.6579439595645336, 0.5811778234018029, 0.17432684293141346
0.3703978537587762, 1.6247722532227402, 0.6370237146118086, 0.21277256719752338
0.4369541640504595, 1.4228628851455045, 0.5731256800312878, 0.18967655966916733
0.4442605171528055, 1.3626504875691903, 0.5801868493872944, 0.19472388833217244
0.4462012671956162, 1.4037165117802886, 0.5614623353237871, 0.18605660775252744
0.4497973628631771, 1.4785186314374945, 0.5661414047654979, 0.1940381949468165
0.49860151835150407, 1.4180697111535259, 0.5123782592875016, 0.16171073334774755
0.4669787088304127, 1.5027254354420287, 0.5514662857779467, 0.1789097893400074
0.4253096637935955, 1.5906627946998153, 0.5720068008247053, 0.18264785565141234
0.49523374621839145, 1.4311625310416785, 0.5093107221703314, 0.1647233744196775
0.5347337176779496, 1.296890633565302, 0.47347322881505205, 0.13868960480904763
0.5836520349335008, 1.1930855235706979, 0.4179453625870569, 0.13547162353916425
0.4943204520805982, 1.4897231527595285, 0.5323771330605834, 0.17658685400553825
0.5326788058679148, 1.456765499096754, 0.4726036634883917, 0.14874943558295795
0.45242308350933275, 1.6490651070246571, 0.5526247171294253, 0.17457986544401627
0.4659512529253953, 1.5384058738633972, 0.5367971062021994, 0.18086101540223054
0.4269079285347337, 1.467807619605513, 0.5879064343246465, 0.19237890485437512
0.5679547919401793, 1.1296622148557125, 0.4622282399249776, 0.13831253291869808
0.45984359837890293, 1.3307960835505623, 0.510544557636235, 0.16369741107045058
0.5762886009475426, 1.3263593584178306, 0.42170207550384653, 0.13788714608033137
0.37684799360694105, 1.552958660061191, 0.6428564581978824, 0.21781463629696485
0.6302871168445687, 1.2668024032510192, 0.33273175956578954, 0.1152917352652611
0.5828529025629317, 1.1769791839363517, 0.37758691878335765, 0.13059823082228522
0.584565329071294, 1.2913614963245375, 0.4178025284218145, 0.13645244212466479
0.6111650208345225, 1.230545708279889, 0.38733696719762795, 0.11017843958272139
0.5570523431702723, 1.264572577240655, 0.4451988393519792, 0.14843729364549008
0.5581368799589017, 1.49110130336542, 0.4278292369968827, 0.13479090663589235
0.4403219361835721, 1.553920858999428, 0.5514443457732221, 0.17616070099815576
0.40995490610194646, 1.6605544513821555, 0.556848974494291, 0.19467878002232358
0.5596209829328158, 1.5037251399140277, 0.4380082309103022, 0.12944087153796704
0.42159940635881044, 1.6036844067877303, 0.5453364663611062, 0.17533894354641175
0.42548090644443176, 1.6531076313044983, 0.5931595231939589, 0.20071249316911272
0.5005422683943147, 1.5980470291698174, 0.4992874324936405, 0.16358654020286753
0.3464238826417033, 1.6802784937947803, 0.6757069685313053, 0.19539790201842888
0.53501912209601, 1.3244942049129864, 0.44742747548018, 0.1433684954320858
0.3522461327701353, 1.614755156563259, 0.6404564783515576, 0.21541302972324738
0.5486614532792967, 1.3832673106000837, 0.45870116524299315, 0.1533356104050542
0.4156629944631543, 1.6854586979225759, 0.5943797175122519, 0.2087915060443439
0.4559050174096695, 1.3047168505022368, 0.5403476482070948, 0.18308077413938922
0.545921570865917, 1.205996255328839, 0.43788774959739307, 0.14563334814714937
0.45561961299160914, 1.3280595924659124, 0.5429645398031403, 0.1841230679286471
0.5773731377361722, 1.1653447599630866, 0.39931388687672004, 0.12638790674942355
0.46652206176151606, 1.4952807993987929, 0.5347052825814061, 0.18459111628465766
0.4254238255608197, 1.6269816211891253, 0.5697619159222929, 0.19378743705090098
0.452594326160169, 1.500612950509076, 0.5448462139473199, 0.17846970792233904
0.4093840972658257, 1.6419973419960607, 0.5800494839064033, 0.2053675752357117
0.41200981791198127, 1.4750245736712115, 0.5800045591400497, 0.20516565198699196
0.5381014898110623, 1.2988189304298214, 0.4215485812393529, 0.1433931894090128
0.4644100690678692, 1.444848398826589, 0.5357279397687528, 0.18300774138006604
0.46315428962840344, 1.3545018219517087, 0.5327599223818591, 0.17871257559598366
0.5282264969461727, 1.2905711279580756, 0.4805117274317995, 0.15382403239779932
0.5278840116445003, 1.2341589769075787, 0.46135451093261515, 0.15318727503770613
0.49346423882641705, 1.410085215231512, 0.5104781325299443, 0.17983872313266375
0.5563102916833153, 1.4731639003473314, 0.4527319671310256, 0.1270337148914664
0.3847251555454078, 1.55589851038363, 0.6136730820882832, 0.20623373031802789
0.47753867229864716, 1.398093240283805, 0.523192439163281, 0.18360343306315205
0.5705234317027228, 1.2475091871353676, 0.40273614926909057, 0.1374728321865118
0.5439808208231064, 1.1735379476580992, 0.48616558184092523, 0.14063684638723298
0.48969690050801984, 1.3856040883854621, 0.5112579275119942, 0.1726634331929071
0.5190364746846281, 1.2453743711346135, 0.48854396375029635, 0.15869396258374746
0.4623551572578343, 1.4907171436581712, 0.5028315691560388, 0.17034865157564957
0.48444545921570864, 1.3570368907100887, 0.5085923770711781, 0.14992413185368955
0.5233746218391461, 1.3742507721953818, 0.4853030218955624, 0.15353876954866139
0.5240025115588789, 1.271467300404206, 0.4842637082204946, 0.14280730345354964
0.5025971802043495, 1.2833097719863449, 0.5120027545223278, 0.1668547299115744
0.6251498373194817, 1.2571829759582644, 0.3685016819907604, 0.10801086396296924
0.5532850048518752, 1.37988949723287, 0.47382724284537253, 0.14623987888400178
0.4975169815628746, 1.4881485590173356, 0.5116134601951202, 0.16905601769047948
0.5181231805468348, 1.4235913321861524, 0.48413661412922104, 0.1679383912713031
0.5919287630572522, 1.2334401157425041, 0.39478445233435544, 0.12295661101620721
0.4366687596323991, 1.5600489355350264, 0.5761447313694245, 0.20167119935645983
0.5508305268565558, 1.4265019378680517, 0.4426085653615532, 0.1428127817850607
0.5744049317883441, 1.299370417147373, 0.4078367205293161, 0.13776658508795928
0.6010046235515726, 1.1178048733955472, 0.3961714041758971, 0.12121309450721938
0.5331354529368114, 1.2974982597752516, 0.47554552088044066, 0.14168255930385507
0.5790284833609224, 1.1352617535549823, 0.43658935067122356, 0.1351528552272125
0.5245733203949997, 1.2713784587634018, 0.504936396268516, 0.15280160229894746
0.5258861807180775, 1.2039613092690409, 0.4796870626071163, 0.16041286513884792
0.5068211655916434, 1.3714091377454545, 0.5019632377039265, 0.16892715580161496
0.586791483532165, 1.0993537397180064, 0.41572107380088524, 0.1484823519339511
0.5424396369655802, 1.1268893304088017, 0.4612529640485056, 0.14204805461908954
0.5498601518351504, 1.180462488095383, 0.4396291582169682, 0.14625285405406804
0.48153433415149266, 1.3678114530930503, 0.525047832324418, 0.18581803202281028
0.559050174096695, 1.4152367410934559, 0.4344446458379461, 0.13760656761166223
0.43187396540898454, 1.537844903158525, 0.5750814146018581, 0.20673494384748345
0.476682459044466, 1.3496921253439784, 0.5236987116258388, 0.16834327342506406
0.5826245790284834, 1.417958268030395, 0.41399245831910414, 0.13212275113164818
0.32142245561961297, 1.757483588518961, 0.6757973948020094, 0.2510290312439786
0.3248473086363377, 1.8645035470414566, 0.6794791262373951, 0.18918372001541614
0.39391517780695245, 1.5916292957944123, 0.6355356847453825, 0.20355929580701107
0.43586962726183004, 1.558293551722035, 0.5546400533318873, 0.1769784974290885
0.34288486785775446, 1.6716583497217103, 0.6605789298383116, 0.21925031584498192
0.49346423882641705, 1.4543160670042732, 0.5363240037040886, 0.15802390436954983
0.47365717221302583, 1.388938160048506, 0.5397181346743175, 0.17407451887185543
0.05154403790170672, 2.309953266725508, 0.9479382447727442, 0.223875897225305
0.10103316399337861, 2.2500438416505677, 0.916444763096602, 0.4426947531238753
0.1919059307038073, 2.331563638799763, 0.8125325902740432, 0.3363727252825032
0.2322050345339346, 2.1048175018718576, 0.7756555815159749, 0.3035466813902439
0.27164792510988073, 2.0196591231218584, 0.7544125401605917, 0.23022914961069854
0.4109252811233518, 1.9175421520867735, 0.5980598154594787, 0.20219624527798385
0.38683714823905474, 1.6326939383457564, 0.6307178249456422, 0.2048228161305362
0.4034476853701695, 1.6103411167613366, 0.620687889334656, 0.19654847018723412
0.3993378617500999, 1.7240190020875032, 0.6081445136621575, 0.21415108798368698
0.4541355100176951, 1.4434530397051937, 0.5465423345005603, 0.18171208320195092
0.46127062046920486, 1.3068621003744816, 0.5468416891865336, 0.18646041839992605
0.5571665049374964, 1.1352563854845985, 0.46921327770802357, 0.13997661204881068
0.5181231805468348, 1.3570399671849123, 0.4820086409756106, 0.16351473409549364
0.4573320394999715, 1.3615401254746664, 0.524704936389044, 0.18310613282659316
0.5366173868371482, 1.2453546767311285, 0.45140445727604517, 0.1635756773235097
0.5861065129288201, 1.095896135725396, 0.4101017504281128, 0.1319908908040449
0.6514070437810378, 1.1416963409058096, 0.32960601430640574, 0.10370544250736213
0.5394714310177522, 1.1602048478538747, 0.45523207749965083, 0.15156599623863423
0.5649865859923512, 1.1349113756145706, 0.4624130030039877, 0.14870514614024388
0.564872424225127, 1.1754806345150388, 0.42157699951400784, 0.13362984738711012
0.5963239910953821, 1.1756047764691502, 0.39340618479601736, 0.12916215143962714
0.6065985501455563, 1.0784411129316134, 0.3753875234557458, 0.12355188800422633
0.509503967121411, 1.2483662998924583, 0.49536804952575053, 0.1684576920847682
0.5064786802899709, 1.3553940735947028, 0.49950881164344874, 0.17218120800249348
0.5058507905702381, 1.2726393860169243, 0.5080260206729008, 0.16590374153985607
0.6133340944117815, 1.0902802841995696, 0.3763444936101132, 0.11608067335643012
0.5221759232832924, 1.2888849906466433, 0.47985712211682424, 0.16120184777157665
0.5518579827615732, 1.3912898980136794, 0.44016420758334035, 0.15250041542943252
0.5470631885381586, 1.421821317210563, 0.4568619262000611, 0.15592834145430026
0.5632741594839888, 1.2841690175745188, 0.42208831655541096, 0.12596236117906504
0.5155545407842913, 1.4123300955348503, 0.48656741513533197, 0.1542235242322065
0.5343912323762772, 1.2255680008713081, 0.47231584782927805, 0.15237057031387913
0.5289685484331298, 1.3440796302530387, 0.4748893178974797, 0.15787813202114448
0.5229179747702495, 1.1970491293394387, 0.47745350001498815, 0.15974517743620875
0.5426108796164164, 1.186266542619508, 0.45750545651354796, 0.15430031848521514
0.4975169815628746, 1.2416229334754127, 0.5119588671350069, 0.17799167251791373
0.567041497802386, 1.1313276484211434, 0.42997566574977414, 0.13865659254812307
0.5290256293167418, 1.238533392481366, 0.47514145594295343, 0.14839719492011216
0.48975398139163195, 1.4431243270586271, 0.5215553280918732, 0.1781415818429395
0.41366516353673155, 1.580854833429722, 0.6056311679186617, 0.21300309096154618
0.4677207603173697, 1.320654543174634, 0.5749512122972046, 0.1859123806481962
0.4953479079856156, 1.2827992722238128, 0.5267604151626255, 0.18947515282557525
0.5103601803755922, 1.2637246803263222, 0.5229759741470817, 0.17092719522102415
0.4943775329642103, 1.3980377853204635, 0.5146965320142414, 0.1768950645641638
0.5819396084251384, 1.266562747587195, 0.43811634242143094, 0.13750241651010042
0.4870140989782522, 1.440269310991271, 0.5377260493534246, 0.17250446453025262
0.3890062218163137, 1.686660662369135, 0.6429605789460702, 0.2000802582297575
0.45864489982304923, 1.524201701707958, 0.5504303233738032, 0.18698544098733927
0.432216450710657, 1.5181859194759473, 0.5830808862864368, 0.2011591174287583
0.5425537987328044, 1.3196013390667478, 0.48459997034315916, 0.1470477158012608
0.5601347108853245, 1.2709613146388072, 0.4558442489589558, 0.13680366083851112
0.5637308065528854, 1.2129614204568089, 0.4601949505857952, 0.14185276708100203
0.600605057366288, 1.090955517804611, 0.3972868794245784, 0.11978758415436676
0.5828529025629317, 1.1809972552252495, 0.4066607931309257, 0.13780217122125285
0.5035104743421428, 1.3768854615869104, 0.4973094789367989, 0.1681564698031176
0.5125292539528512, 1.3733533142247567, 0.4912747946671775, 0.16120866744349643
0.5181802614304469, 1.6246743921894986, 0.4888511692664532, 0.15986613689491716
0.2818654032764427, 2.0353747866705434, 0.7195045946387615, 0.23055921750596847
0.39180318511330553, 1.791422525856809, 0.6292864662895681, 0.21816345531016063
0.5142416804612135, 1.2615711154445228, 0.49303053859720136, 0.15929602913598304
0.6088817854900394, 1.17478999271806, 0.383120331829079, 0.11817227321942667
0.5073348935441521, 1.3652839489120419, 0.5021969768050346, 0.16095737679725747
0.5616758947428506, 1.1269358678549874, 0.42810788437949915, 0.13235302149982855
0.6031166162452195, 1.1129006385582925, 0.3811943557537669, 0.12881199869850898
0.5152120554826188, 1.4804462298688785, 0.495279011147937, 0.15634908881438475
0.5365603059535362, 1.337370337586359, 0.46686994226730394, 0.15239560032266003
0.5367886294879844, 1.2457311144259717, 0.46754591271433704, 0.14886561873887352
0.5628175124150921, 1.0139775651022414, 0.4387732344428049, 0.13424105999143496
0.5984359837890291, 1.0558086782158003, 0.3998323965681333, 0.12100702599398101
0.6174439180318512, 1.3316384340841154, 0.37902412792101164, 0.13004994100700684
0.564872424225127, 1.262013559929958, 0.4440318777307107, 0.13704360971974974
0.5148124892973344, 1.3407961423010972, 0.4961284610709384, 0.16187770458897371
0.5420400707802957, 1.4004875684040166, 0.4533442407381372, 0.14320552412807616
0.5635595639020492, 1.198149511983245, 0.42761536711852727, 0.13956569605931285
0.5521433871796335, 1.1314579638645008, 0.47985316744725964, 0.1453180898569862
0.6148181973856955, 1.0037800923242466, 0.41014213070308086, 0.12462406418128248
0.5894742850619328, 1.143764349309758, 0.41910541260036277, 0.13688009196199497
0.48187681945316513, 1.4145809217527907, 0.5137957538904544, 0.18294040669232664
0.47833780466921627, 1.4840203012561504, 0.5320744687840314, 0.1809010969800999
0.47268679719162054, 1.6163394051087836, 0.54303352120091, 0.18745434233041305
0.4913522461327701, 1.3977955217601379, 0.5095570832975638, 0.15859267455514872
0.6333124036760089, 1.147141660356693, 0.35172372173172917, 0.11801721612260353
0.5074490553113762, 1.2853433005943427, 0.49125163644825065, 0.1507714113693095
0.5755465494605857, 1.2600158474320002, 0.44978507280376123, 0.14825634745823468
0.5091614818197385, 1.3327673919376863, 0.5237319544670714, 0.16745392208161633
0.5370169530224328, 1.2979779673552185, 0.48554525966664136, 0.14749007729344207
0.559792225583652, 1.5624277265290023, 0.4670351916686692, 0.14414094747354395
0.45573377475883325, 1.5844546413951026, 0.5500472544139834, 0.18011826628614422
0.32307780124436325, 1.8314263779752717, 0.681048049456774, 0.22778361494428118
0.26280038815000856, 1.8148112576589905, 0.7400396759903367, 0.2686407651765588
0.46098521605114445, 1.7333664514681093, 0.5270094556046776, 0.18041250545326887
0.3738227067755009, 1.5809926913477146, 0.6286302529959399, 0.20998404274673288
0.45870198070666135, 1.5243648796656122, 0.5278110351886922, 0.18101593683790462
0.3900907586049432, 1.7178843154615702, 0.5973610090573662, 0.19542346712528716
0.42496717849192306, 1.4270332899480265, 0.5651008064232749, 0.18112880546659624
0.564187453621782, 1.2141942282699207, 0.445138267472277, 0.14384231181704832
0.5253724527655688, 1.2287348957638864, 0.4731076208170599, 0.13982786264070102
0.6554027056338833, 1.3710822800848539, 0.32921429238222255, 0.10478326808690955
0.45573377475883325, 1.4589251266051675, 0.5549202973133596, 0.18836155943285185
0.3511615959815058, 1.6135624967193527, 0.6178050114440111, 0.19915247638555528
0.39494263371196986, 1.6470889292852582, 0.618967715931553, 0.20752575875243184
0.0921285461498944, 2.3017852182386673, 0.9323166837677157, 0.28104858121449594
0.2476739539928078, 2.219633555710333, 0.7709275937949931, 0.2525133935658046
0.19104971744962612, 2.324201642817113, 0.8414893316167275, 0.31755209883712787
0.1814030481191849, 2.3636012210701147, 0.8257616869194737, 0.2809466759290832
0.17809235686968433, 2.45638122258308, 0.8310634965764262, 0.2892966024524256
0.18305839374393515, 2.6125126310737787, 0.8386982471998031, 0.3114064289108743
0.2443061818596952, 2.223325703403872, 0.7785583853465634, 0.26491692338744194
0.28500485187510705, 1.84047021751664, 0.7088661651709759, 0.24362428140940037
0.1963582396255494, 1.9351233193384294, 0.8098040960963534, 0.3007388307094694
0.4168046121353959, 1.7022256818194117, 0.5947281978980966, 0.18033191024765202
0.37970203778754497, 1.7823280802130448, 0.6380252977056307, 0.20534562980566295
0.47548376048861235, 1.7422875053527809, 0.5031418241361876, 0.148340914496799
0.2604029910383013, 1.8736313446055701, 0.738967974960985, 0.24455068997428903
0.498544437467892, 1.7870753525163399, 0.5327275747457196, 0.1606576311480761
0.3318682573206233, 1.8069708467421246, 0.6639520128565269, 0.22088155103077095
0.20223757063759348, 1.914443282589016, 0.7534824748253861, 0.28643958348335885
0.4232547519835607, 1.7196382877182843, 0.5815317776941756, 0.1936098925790864
0.22592613733660596, 1.976958726644448, 0.772932409158092, 0.28474839826070275
0.19327587191049717, 2.2482263565308442, 0.8006730800091565, 0.30567754746322184
0.327244705748045, 1.7384512776707641, 0.6813489911857741, 0.2455669269555342
0.4157771562303784, 1.7064764322507286, 0.584935881905223, 0.17381205993769172
0.5039100405274274, 1.5910881231878915, 0.5019826532183311, 0.1481681713233943
0.4088132884297049, 1.5418663573742075, 0.548006694929574, 0.18436413081398395
0.4077287516410754, 1.6244595511651378, 0.6048739085328073, 0.20371155042366737
0.518922312917404, 1.4500882577888292, 0.47826576469191145, 0.14516409404035555
0.48444545921570864, 1.4835049436104488, 0.5291256643453521, 0.15950330447932684
0.471602260402991, 1.586315437340765, 0.5001321073191497, 0.16375803465978062
0.37542097151663906, 1.8324793476758738, 0.643248584689496, 0.2103221576902072
0.266053998515897, 1.8252925148047816, 0.7488765428307184, 0.2586878570126605
0.29870426394200583, 1.7862273396929347, 0.7022726455619535, 0.25749160674377225
0.44597294366116785, 1.711057323126551, 0.5554963994250435, 0.19074090665655447
0.35995205205776587, 1.7563227929918726, 0.6351444722996008, 0.21745959449620034
0.46794908385181805, 1.598950239878361, 0.5423500029566651, 0.19244901042547952
0.4109252811233518, 1.6334620698315958, 0.6002629970404673, 0.2158462498206503
0.5217763570980078, 1.4604527248735535, 0.4814736276145274, 0.1521655340553969
0.4032764427193333, 1.567378151402489, 0.5859849937293804, 0.20357876132073233
0.4884982019521662, 1.4699878973230474, 0.513059393013831, 0.1532985149683483
0.46321137051201555, 1.5402520366807908, 0.5426649763236642, 0.1942006995037357
0.4841600547976483, 1.577114543356514, 0.5207649693411277, 0.18229989511748812
0.5108739083281009, 1.438145667938849, 0.4909478875148617, 0.15557900035737451
0.46087105428392033, 1.4902153643981202, 0.5342726557824712, 0.17488423922120283
0.37159655231462985, 1.649551794464522, 0.6472649048273429, 0.2324104522454805
0.36628803013870653, 1.7856252432657136, 0.6583194147407434, 0.21908941229081313
0.3907757292082881, 1.4981977856866375, 0.6137496755983539, 0.20401598867815696
0.39174610422969347, 1.4589132576733461, 0.6119371042895893, 0.1944786529301596
0.46035732633141163, 1.5019702563493231, 0.5524282763735026, 0.18011549720621756
0.4137793253039557, 1.4445587506957833, 0.599558710135802, 0.2073625811095094
0.4237684799360694, 1.426367943411011, 0.5908592673520962, 0.20219344449673649
0.4325589360123295, 1.5004956929594817, 0.5751188820413301, 0.20620229500012674
0.44603002454477997, 1.3994353596318618, 0.5377408493197546, 0.15871328545230734
0.44289057594611564, 1.3600999349273704, 0.5515335107008962, 0.17282682315176548
0.4128089502825504, 1.4792609379857369, 0.605243135755258, 0.20307474318096655
0.5064215994063588, 1.2540526303257855, 0.4956132866271649, 0.16563014451055286
0.48393173126319994, 1.2856405772325334, 0.5156655573226451, 0.1719051188168524
0.5107597465608767, 1.2047290798523116, 0.4823957319691462, 0.14900674438224681
0.5460928135167532, 1.260724190627884, 0.4635438194231494, 0.14990413093232505
0.43421428163707976, 1.4771522869121485, 0.5647810312437846, 0.18091045906174227
0.59626691021177, 1.301967644260738, 0.41443171452625904, 0.12240576231758717
0.4545350762029796, 1.442732317703072, 0.5574349250318329, 0.18909354579556362
0.523317540955534, 1.2710581415594033, 0.48253439791956654, 0.14725416550051104
0.5715508876077402, 1.1429320568988275, 0.42255063383939656, 0.12879539286377406
0.5813117187054055, 1.2101698663638358, 0.40178581008412045, 0.12584510667375348
0.5289685484331298, 1.352135214510829, 0.44939493518544965, 0.15630365444967448
0.5502026371368228, 1.295504707085844, 0.4427060256694745, 0.15609366878301426
0.5328500485187511, 1.3425265344698563, 0.4680479035423767, 0.1639969655450206
0.5282835778297849, 1.3577945322007565, 0.4697713075931154, 0.14929957023890647
0.593355785147554, 1.0843487714504303, 0.3882750915747377, 0.1205506438982802
0.5690964096124208, 1.2322760256561993, 0.4301111843878102, 0.14402270470329032
0.5730349905816542, 1.311077395546017, 0.4423320848542296, 0.1452764422834909
0.5171528055254295, 1.3133873835693408, 0.4865906598050166, 0.16256288778786135
0.5029967463896341, 1.3676375195505657, 0.5047908288781022, 0.16880264514621474
0.5652719904104115, 1.1629334908237985, 0.42177106793971547, 0.12646602502181944
0.5161824305040242, 1.2428771606245381, 0.48569906020612935, 0.15923170160899128
0.5032821508076945, 1.3531706736407818, 0.4979638287724383, 0.1651534502990533
0.5482048062104001, 1.2789444281321505, 0.45994099312753456, 0.13877471610553405
0.4950625035675552, 1.4415936369443159, 0.5109728254417274, 0.16530502313212778
0.5170957246418174, 1.507683317764902, 0.4844512084248103, 0.15701650529028968
0.5322221587990182, 1.2718017806275481, 0.4733729599843048, 0.1488811187786401
0.5408984531080541, 1.2089599293996716, 0.4552553514989979, 0.14023111505782035
0.5057366288030138, 1.3305190752602052, 0.49857295941158236, 0.1726746117824169
0.5776585421542325, 1.2979446358894116, 0.411194791003961, 0.11963476699671734
0.5934699469147783, 1.1627776670880539, 0.38597543624150454, 0.12794237174394116
0.5596780638164279, 1.4040758204848685, 0.4261020370691375, 0.13576685762170324
0.5123009304184029, 1.2655372105713638, 0.4938209713967761, 0.14866389910719155
0.5133283863234203, 1.3582254247963719, 0.4927911410879017, 0.16638297039231154
0.5184085849648953, 1.5005243171621616, 0.46786007471282604, 0.16547020979992372
0.3347223015012272, 1.6414707659300525, 0.6651416012870419, 0.2430356557322271
0.5033963125749187, 1.3983219142383796, 0.4973519853656107, 0.15940587232209472
0.4967178491923055, 1.632070306726185, 0.5082597645596176, 0.17214223265324674
0.4805639591300873, 1.573436844026711, 0.5265507821225666, 0.1786860506717445
0.4988298418859524, 1.4115871597836092, 0.4932650255477629, 0.15549337293038612
0.49346423882641705, 1.3183209455695775, 0.5027208124759914, 0.15592108292070056
0.5098464524230835, 1.3139295520716943, 0.49965240639289166, 0.15483040880285684
0.5688680860779725, 1.125864225919609, 0.42494178462643206, 0.133750699291464
0.6317712198184828, 1.2200328398988607, 0.3370284000858269, 0.11494914656095562
0.5794851304298191, 1.322200384450099, 0.4135740450151129, 0.12227191438831236
0.5328500485187511, 1.7230107867491151, 0.43263015143806294, 0.13875775361337447
0.446829156915349, 1.6916218503533083, 0.5256797159422951, 0.17650746788889649
0.3201095952965352, 1.79496339340652, 0.6458066882887336, 0.22140700927969317
0.4401506935327359, 1.6235157180284283, 0.5560297698047095, 0.1721288685214609
0.405274273645756, 1.8055194250572026, 0.6029391401836574, 0.16989579597756785
