acuracia,loss,frr,fpr
0.05441671900873637, 2.3128449842916634
0.2847598926511734, 2.2817424593065465, 0.7321667256010234, 0.2443449631431284
0.10169588305829955, 2.7087199092217626, 0.8552046442301903, 0.5147728524226947
0.32867013076000684, 2.137919412983592, 0.7031348393469239, 0.22887569333891622
0.22794495517615485, 2.088270393092744, 0.8269228837015163, 0.3050047085348152
0.23479700793696112, 2.3085454458281784, 0.8054304063697794, 0.37163544327209086
0.19813852566664764, 2.135629966986933, 0.8310175671226891, 0.39256113895224426
0.1515445668931651, 2.2724241187855236, 0.8823334626184149, 0.466425926836846
0.1675897904413864, 2.2973498112673574, 0.810806175963523, 0.49290794785674735
0.3731513732655741, 2.2107680726077197, 0.6659866609392668, 0.21581941831203721
0.2742534117512705, 2.2187919342006652, 0.7399303049249192, 0.33124295175903795
0.27825044252840747, 2.1554551879662487, 0.7857237549493131, 0.3742700339973575
0.1939701935704905, 2.208731587722873, 0.7852362906226227, 0.37142344760939844
0.15668360646376978, 2.5673423469881747, 0.8365346763931584, 0.28342424217009893
0.13098840861074632, 2.3028874541243827, 0.8891938902067293, 0.42203263098702876
0.20093644721064352, 2.069888928245179, 0.7765164693495611, 0.37000002383495234
0.28613030320333466, 2.129655107250833, 0.7748979065048257, 0.3250486590673904
0.18968766059498657, 2.350479384847332, 0.8150773412392534, 0.26508915534372013
0.1875749443270713, 2.15706380705691, 0.8375145519543457, 0.3584045202469367
0.24753040598412607, 2.23808841365862, 0.7864716723947077, 0.2924824581824349
0.27082738537086737, 2.453443922355583, 0.736829517533302, 0.2173930828498968
0.3422600354022726, 1.8269917091813874, 0.7016141019279194, 0.26929184809527873
0.277736538571347, 2.058924630899483, 0.7289231104668719, 0.3759072269216998
0.22006509450122766, 2.1467529388468685, 0.8150302766801991, 0.34140104747975003
0.3143950208416605, 1.900368840950503, 0.6964292105503405, 0.22207431059099303
0.3202192656883458, 1.9195075645402124, 0.69634366033849, 0.32482353414422355
0.26620224975732315, 2.0749527631314852, 0.7131084388569786, 0.2542912458125174
0.24564609147490435, 2.13479510074761, 0.7324591168095358, 0.37297970236275524
0.2572374807286016, 2.113550690113086, 0.7798352802781805, 0.3054938767893146
0.1982527265459944, 2.316508494952701, 0.8264385370805473, 0.27605768651018947
0.1832924113515674, 2.086620709580656, 0.8307262848988465, 0.26191385493418584
0.17084451550276938, 2.239838996048161, 0.8667340473647996, 0.4627955130395593
0.23696682464454977, 2.1653755363728897, 0.7928990492134848, 0.3250996402450522
0.19568320676069206, 2.205432995120033, 0.7947212124886418, 0.4464055041721536
0.1947124992862445, 2.256035518286836, 0.7695364994694603, 0.32454940211750527
0.18340661223091417, 2.285078563974986, 0.8187744418179186, 0.31424426364591096
0.24256266773254154, 2.3330076777981996, 0.73892139830442, 0.2883917330790661
0.2625478216182265, 2.4928622477886946, 0.7571332162060285, 0.26224693190039033
0.27202649460400846, 1.9779624885836966, 0.7454180006472735, 0.25050229046016537
0.24518928795751727, 2.1236084901455405, 0.7931355349566236, 0.286337647354545
0.18860275224119225, 2.0439746291022214, 0.8550387289506978, 0.40419821720143545
0.236110318049449, 2.1179554713267232, 0.7499305421553156, 0.2931311397881659
0.19180037686290186, 2.3293138054915676, 0.853373647855961, 0.4301254367607739
0.254782161822646, 2.1434653995719537, 0.8057570727257936, 0.33498812189255694
0.18820304916347855, 2.185546639069344, 0.8161035591213304, 0.26449997646955103
0.2226917147262034, 2.1873399396377784, 0.7665528576711376, 0.43778736060717127
0.2639753326100611, 2.079679389057253, 0.7834264833536104, 0.2702350843929714
0.15782561525723748, 2.1576831562014136, 0.867008221207555, 0.37510714518201
0.2148689544909496, 2.137870932669545, 0.8149939799043848, 0.3070659237625561
0.25706617940958143, 2.1290389904662503, 0.7803724516051191, 0.30955734992670475
0.11362987495003711, 2.276280930794702, 0.9040971908454714, 0.4559576416753755
0.21241363558499401, 2.2824017705183848, 0.7749192429937471, 0.29270760248136324
0.14457831325301204, 2.2571204390155795, 0.8783505520295771, 0.4456574280232911
0.21583966196539714, 2.183626281257387, 0.7778806285705362, 0.27868682275522294
0.10089647690287215, 2.2568306432679455, 0.9116067102838585, 0.44297508548535536
0.28573060012562096, 2.2550067521445802, 0.7268931784601372, 0.3195763435510768
0.16296465482784217, 2.4169530732698528, 0.8580727257089326, 0.4195956738680914
0.1990521327014218, 2.1863738344158525, 0.8035210152438894, 0.3556637678321469
0.3639011020384857, 2.175131931763989, 0.6802238572682666, 0.2398229784563183
0.1895163592759664, 2.203370995199715, 0.8543651283470508, 0.4399394444093092
0.23822303431736425, 2.241316022976662, 0.7929458552943391, 0.28057241971794344
0.1994518357791355, 2.248619159741125, 0.8291016273480164, 0.3145406480281074
0.28584480100496773, 2.1007462900961746, 0.7634965679072857, 0.2530605255564675
0.2002512419345629, 2.219822864635119, 0.844489279160285, 0.3127234241937689
0.3524810141038086, 2.0185820030906054, 0.7202500530963684, 0.29375966044780083
0.19665391423513962, 2.8939268436638748, 0.8504645335881632, 0.4158907350844977
0.27716553417461315, 1.944182960535317, 0.7364784975947741, 0.30655548379526265
0.19956603665848227, 2.0480684761909007, 0.8474961654014924, 0.40963801965395535
0.23222748815165878, 2.085160990318974, 0.8023839765625007, 0.29201678948459847
0.17329983440872496, 2.066163866420411, 0.8526704862487495, 0.28782926362239725
0.2905841374978587, 2.1208941637806022, 0.7461603534214442, 0.27561086554463055
0.36761263061725574, 1.9295675433261306, 0.6579374453957479, 0.1971847825220977
0.206931993376349, 2.3000418923947104, 0.8241434517711017, 0.3152806018353593
0.2289156626506024, 2.6172990522464437, 0.8239377073375849, 0.3746841203983249
0.2675726603094844, 1.9990726918746176, 0.7884660797527736, 0.3451772998178834
0.20013704105521612, 1.9636228487158478, 0.8319868557054407, 0.3152287737829419
0.12533546508308113, 2.175094831876777, 0.8934552014311505, 0.40363097512612783
0.2777936390110204, 2.074339417845465, 0.7645042121892167, 0.28452561020141237
0.28413178781476617, 2.203183502207299, 0.7793542764664663, 0.3533958743892059
0.29132644321361273, 2.3030763052691943, 0.7728394564932454, 0.3384853115092932
0.22234911208816308, 2.053011798800103, 0.803355296164782, 0.3096794083557932
0.17729686518586193, 2.0989385266391962, 0.8472038017900356, 0.3400234475016628
0.18066579112659167, 2.085072852621371, 0.7877777862512498, 0.42630249927931113
0.1927710843373494, 2.172560162494696, 0.7877535600216986, 0.3189602300876803
0.18317821047222063, 2.4616338176453794, 0.8587080893152355, 0.4434029232452586
0.22600354022725974, 2.1280179727168016, 0.8272001095337064, 0.28640630000938655
0.2128133386627077, 2.125844355354588, 0.8167564760270961, 0.34523647143311315
0.1832924113515674, 2.1720887989372444, 0.8587102720607078, 0.4435452655677835
0.1940272940101639, 2.1455874561017825, 0.8550337417496026, 0.30537405711244187
0.2516416376406098, 2.193506893419099, 0.7489699640433644, 0.40976792005703117
0.18894535487923256, 2.1318523795738256, 0.8442963276703027, 0.3357124103033793
0.10472220636098897, 2.2279868045594076, 0.8527512637055447, 0.4935291079073652
0.2508993319248558, 2.1865483034836712, 0.7230118557207048, 0.25088257330861
0.2541540569862388, 2.1482799986622725, 0.7464684889047897, 0.3990717752153306
0.2399931479472392, 2.058329932300176, 0.745297668945097, 0.27955517596054985
0.2438759778450294, 2.1873488263659655, 0.7947805377365229, 0.2476157684263315
0.11579969165762577, 2.2577983718375, 0.9025372089636102, 0.49263602619042424
0.22012219494090104, 2.341435636312734, 0.815234130642145, 0.30780476434246057
0.259521498315537, 2.1324968730498712, 0.7796717200021344, 0.31534483841864636
0.32981213955347455, 2.18084243990084, 0.710888904617852, 0.2988227781312632
0.28498829440986695, 2.173830822718543, 0.7441746467680926, 0.27243765501570844
0.08011191686175984, 2.3068487591510127, 0.9347295337378971, 0.28191095900854385
0.1381259635699195, 2.4710294464249425, 0.8836094949899941, 0.3520202620707595
0.1778678695825958, 2.64432078576446, 0.8511610753183921, 0.3574442054059418
0.17809627134128933, 2.520533539952107, 0.8077143303968912, 0.34116904406899845
0.3303831439502084, 1.9185213334030953, 0.6447035099019616, 0.22837529158368658
0.28738651287614914, 1.8663393740704908, 0.7132137407352539, 0.2759271848165026
0.3835436532861303, 1.7580988358788983, 0.6519775289347164, 0.19256204456552517
0.3419174327642323, 1.6863674535672655, 0.6838793397932076, 0.22040742186782186
0.3709815565579855, 1.795526102872321, 0.6606802425749788, 0.19299116751764056
0.468223605321761, 1.4878920417634027, 0.5802973664397129, 0.19976813478353922
0.444526922857306, 1.4876700222427552, 0.6043541315884721, 0.19356909116096344
0.44858105407411636, 1.397118138988225, 0.5662913113191141, 0.1845916748703067
0.5206989093816022, 1.401152208864379, 0.5198762841257476, 0.1589603887122996
0.4071832353109119, 1.6134903655324018, 0.6652793495783691, 0.24006062691176316
0.4229429566607663, 1.5525997402781946, 0.6608546004608302, 0.22443754962416787
0.3377491006680751, 1.7026011091150453, 0.6979584040323488, 0.27150134091834954
0.43687546394107235, 1.3454866643084835, 0.6165673077480265, 0.1926673930565385
0.4272825900759436, 1.4457849076674285, 0.5741978350694109, 0.18530999902345224
0.46251356135442245, 1.2845444566299702, 0.5663714481626206, 0.16112168463876522
0.44435562153828584, 1.5750144696117216, 0.644010045618842, 0.23070326562116295
0.36961114600582423, 1.5799842215468227, 0.7043785361949262, 0.29452058858671826
0.35967566950265517, 1.5304771849918235, 0.7105713140374578, 0.24744602108602587
0.421115742591218, 1.4858103902099107, 0.6604052524352445, 0.22284518916465013
0.4347056472334837, 1.4392735429339152, 0.6080945086805551, 0.18620594155025935
0.40215839661965397, 1.6525920500629654, 0.5899583915782153, 0.19745818201769574
0.45286358704962026, 1.480149909221744, 0.594302789652423, 0.19874352305673776
0.36475760863358647, 1.6211249272665618, 0.6950806014836954, 0.2482886881992492
0.4296237081025524, 1.5089450096958799, 0.6114272180403366, 0.19244354830547084
0.4535487923257009, 1.478834966092422, 0.5555865446039183, 0.2078637972981104
0.3544224290527037, 1.7214067022259842, 0.6910076740064183, 0.24815147324613696
0.4508079712213784, 1.5236567476823775, 0.5617929397897559, 0.24642338906415534
0.4731913435733455, 1.419452728372526, 0.5594494515982462, 0.21714914547587866
0.41472049334779876, 1.3810642243251872, 0.627618285211286, 0.19119263556851457
0.441272197795923, 1.3271994334081607, 0.6169181171503514, 0.19206054064071287
0.473705247530406, 1.2406450975906473, 0.563675786322961, 0.17139783585499113
0.44898075715183006, 1.3454809425876149, 0.5852153522201717, 0.16717610080595677
0.3993033746359847, 1.6272708671879559, 0.6029852927681949, 0.23730072363353877
0.3315251527436761, 1.7043909083241189, 0.7184268195524649, 0.26495284474125796
0.4086678467424199, 1.4398002474708804, 0.5781224630190714, 0.198440738384766
0.5072232056186833, 1.322881787691825, 0.5152096601368987, 0.16471098659658395
0.4822703134814138, 1.26598351423291, 0.5081988855234558, 0.20219359377996143
0.32906983383772054, 1.5650341751583912, 0.6425079180388561, 0.2502705715959959
0.3704105521612516, 1.4990359891089244, 0.696617571962804, 0.2400971187962843
0.3686404385313767, 1.692397729344298, 0.6484006350837448, 0.20849676580764007
0.31839205161879747, 1.9617833798149356, 0.7042014525731071, 0.22430483220677386
0.33021184263118825, 2.1775057814929806, 0.6919998070693743, 0.2363360365217968
0.5492491292182949, 1.430456957139178, 0.5333795852346097, 0.1687053895921634
0.4778735796265631, 1.3692247133578876, 0.5991682844942621, 0.18318988099886313
0.37309427282590074, 1.6426651693626575, 0.6560175606774302, 0.20014989411181147
0.4713641295037972, 1.218760418526376, 0.5711433813072049, 0.2096486473851006
0.43265003140524183, 1.3746230824799075, 0.6043870356520321, 0.19058280141937015
0.38074573174213444, 1.5941961120614345, 0.6526307675687917, 0.19659590773418545
0.359504368183635, 1.687214226091343, 0.673718755587047, 0.20710025732384119
0.47815908182493005, 1.3192138159179077, 0.5989883119467165, 0.21728774585163527
0.39119511220236397, 1.5344421443510443, 0.6847703385327947, 0.23786115862800225
0.39941757551533147, 1.4864969705339708, 0.6538705492479153, 0.20512933963660762
0.3724661679894935, 1.7274457955703055, 0.7003336455986924, 0.2466065433112286
0.47930109061839776, 1.316822753589855, 0.5809453938052507, 0.17468785310385565
0.4281390966710444, 1.3654901820430068, 0.5650540229379468, 0.20179070951689027
0.5294352766516303, 1.1499865984286028, 0.5148770896991799, 0.16913674043176027
0.5647233483697824, 1.082809413266619, 0.4531400227231292, 0.16197706732046244
0.5131045509050419, 1.2557601848925528, 0.5172433188552502, 0.17353737218695928
0.4811854051276195, 1.2823804812996682, 0.567433637871692, 0.16813960152114646
0.5075087078170502, 1.232679784651902, 0.49614501772456354, 0.15421559672884022
0.45372009364472105, 1.382619351677842, 0.639380817048039, 0.21518118308662867
0.5403414606292468, 1.2522790793805747, 0.5408786069225406, 0.15744628051067208
0.495631816364986, 1.214124683751675, 0.4906972867834754, 0.17535745777728945
0.40255809969736767, 1.5469049247035875, 0.6207567865739984, 0.22507500800172558
0.4371038656997659, 1.3778523805156697, 0.5819696235168239, 0.19568361868159184
0.4283674984297379, 1.3329113568232753, 0.6418492727273516, 0.21808027455851636
0.5407411637069606, 1.2602163873472914, 0.5090094799232592, 0.17092604194447034
0.5169302803631588, 1.245411880668309, 0.5001265858095227, 0.17986222469684424
0.4627990635527894, 1.5051019189708381, 0.5326721977838473, 0.17480366497019187
0.5119625421115742, 1.195130687244488, 0.4912187094969707, 0.1909294591167084
0.5172157825615257, 1.3506975373520078, 0.5449043153032813, 0.1794729889093571
0.5268086564266545, 1.1957555373476825, 0.4958675781019647, 0.14784491841872074
0.45606121167132985, 1.4500796787948316, 0.5952192205733013, 0.19868881067169303
0.556957688574202, 1.1621044093405493, 0.46040469949636853, 0.17868650208600917
0.36561411522868725, 1.4927969198438487, 0.6469766548593405, 0.23404314303796533
0.40649803003483126, 1.5283607589831285, 0.6398915245693546, 0.2523606570724594
0.48021469765317193, 1.3981091789594946, 0.5356433165672453, 0.19913433977878217
0.4631416661908297, 1.348697782594051, 0.6136965318825658, 0.22507678106356796
0.4039856106892023, 1.507463873579672, 0.6294411264937223, 0.22021564732864
0.31570833095414835, 2.103754377162118, 0.7099801877135498, 0.2700798699191481
0.4087249471820933, 1.6088563606501636, 0.5771545092018713, 0.1999214975170465
0.5424541768971621, 1.2112731129324144, 0.4497655112286717, 0.1775366168473578
0.6390110203848569, 1.0153845379473971, 0.38502568943968757, 0.12288135600760589
0.5986981099754468, 1.1200627593704031, 0.41988439144763356, 0.13245449897236503
0.42910980414549194, 1.2153599376031947, 0.5794241851456473, 0.23210145710040758
0.2113287272311997, 1.7131080518462891, 0.8260933444636445, 0.39322833198632723
0.4055844230000571, 1.477621830085599, 0.6462769778001368, 0.20565532905391945
0.47444755324616, 1.3724380155752696, 0.5998923244363382, 0.18369499573990594
0.4650259807000514, 1.3025754898104154, 0.618689457760539, 0.20621910781244374
0.49620282076171984, 1.3286368609187755, 0.6014369629300618, 0.1922869855487722
0.4044424142065894, 1.3489574840746377, 0.6482262545309136, 0.23835453329488648
0.41323588191629074, 1.338469639031665, 0.664776097778427, 0.22625662891589476
0.4843259293096557, 1.283863631410383, 0.5773339932025574, 0.19407679951629694
0.4176897162108148, 1.460537495352666, 0.5813358096614516, 0.19317173924454467
0.3253012048192771, 1.5776464633045044, 0.6993541037375934, 0.26518255238812183
0.4490949580311768, 1.4755975162119144, 0.627297874246596, 0.21897629006503921
0.48129960600696625, 1.422044745456728, 0.5782653984301739, 0.1996170256996947
0.08285273796608233, 2.303207131515243, 0.9075141368234367, 0.46579736732016064
0.1671329869239993, 2.271441889681849, 0.8544961067442088, 0.3311749155926777
0.11819791012390796, 2.522499720417765, 0.9008152258867433, 0.4978552972306719
0.2292582652886427, 2.3711482663045147, 0.8054273397644781, 0.30315472972790714
0.3692685433677839, 2.051587944840647, 0.6649993424123302, 0.22259625198129523
0.19294238565636956, 2.015185142719908, 0.831245955866214, 0.2597109573092526
0.31485182435904757, 1.87882621676259, 0.6990905170503912, 0.19409769198104151
0.33843430594415574, 1.8534781519753911, 0.6869651253832437, 0.1865887532638357
0.28584480100496773, 1.946466679127343, 0.7289747328468874, 0.2672499059949135
0.2707131844915206, 1.9934997860956374, 0.7801589454420224, 0.298381760183788
0.413863986752698, 1.657877666964316, 0.63401726034127, 0.1719096368169099
0.3014903214754754, 2.006929197778287, 0.6601342189923604, 0.2638823457366206
0.39913207331696454, 1.5554580942374039, 0.6473340616814351, 0.2191898458810006
0.3245588991035231, 1.8287710736355776, 0.7442952457923824, 0.2585321460096322
0.4252840746873751, 1.5944297379598023, 0.6654014338545204, 0.21609013798827292
0.41609090389996, 1.6253128128437573, 0.6709287666570546, 0.2212750619092257
0.3198766630503055, 1.5692174868867816, 0.6826312939269048, 0.27168886004455134
0.43339233712099584, 1.5669400492373657, 0.6015008953030776, 0.20446226548782645
0.32433049734482955, 1.755297841955067, 0.7464101560785065, 0.3423301134057814
0.47855878490264375, 1.5894046735780227, 0.5567283201315238, 0.17769262220458573
0.36989664820419116, 1.6400257623289924, 0.6634816263397059, 0.21725208553972508
0.3045737452178382, 1.8931786265997015, 0.7575928583531717, 0.27408090658045026
0.20396277051333295, 1.9763252934580193, 0.7704889946831408, 0.4135210468642678
0.3670416262205219, 1.9452621653358662, 0.7076436410828908, 0.26734449968202556
0.1428081996231371, 2.3595947507569557, 0.8908259674037465, 0.48252113244862427
0.329583737794781, 1.8970482782927394, 0.7347331720199382, 0.2349425958389258
0.2958373779478102, 1.8306034648295222, 0.7431585081236591, 0.2804827387237482
0.2847598926511734, 1.9534560446446363, 0.7453672093828674, 0.2826919255217473
0.2839033860560726, 1.9451038757536838, 0.7318924054535784, 0.26493104492968034
0.34614286530006283, 1.8151112988392093, 0.689976214060948, 0.245129618243686
0.3068577628047736, 1.653745537661733, 0.7100930393350602, 0.2345367617795359
0.34180323188488554, 1.6966753394042977, 0.6656268946757371, 0.21499711221101575
0.39250842231485183, 1.6566680065944195, 0.5930238698055892, 0.22600760828436356
0.32587220921601096, 1.8175473668305324, 0.6384966897606641, 0.24937788564345462
0.3643008051161994, 1.6581735884327133, 0.6643287524473414, 0.20930158551269368
0.30291783246731, 1.7973389083915547, 0.7290113487000455, 0.2540276630044517
0.3862844743904528, 1.6047673420012185, 0.6948838505480129, 0.20701173594749073
0.3174784445840233, 1.986463099314785, 0.6942449725897262, 0.30665395487998376
0.2895563295837378, 1.9223287252317127, 0.7189574321638592, 0.3038114846009737
0.1978530234682807, 2.0537362552901457, 0.8495571408449518, 0.3896224946405612
0.37594929480957, 1.953944242593461, 0.6788864153040838, 0.2160508523057713
0.22748815165876776, 1.9977374813418218, 0.8164053549032279, 0.37129180251906224
0.2737966082338834, 1.9380554900748368, 0.7872358759426417, 0.2668902662939226
0.33135385142465595, 1.9802484233943793, 0.7415139378556473, 0.2659505810605817
0.2753383201050648, 2.0203082866578304, 0.7910094150024383, 0.2926514866460679
0.27836464340775424, 2.2211850757180387, 0.7840913370092604, 0.28094817020564555
0.25181293895963, 2.113858999724337, 0.7948111673806078, 0.27028286242463223
0.2893850282647176, 1.9560447481744792, 0.7758602896913555, 0.2956909207535114
0.3334665676925712, 1.965699693579149, 0.7277420085835387, 0.2771796498847718
0.2976645920173585, 1.8266036363880878, 0.7636877914068387, 0.28770949799597784
0.30240392851024955, 1.952774540053602, 0.7567689162643841, 0.2908706702531398
0.3681265345743162, 1.7195566222654488, 0.6767398370225622, 0.2429909530234884
0.2953805744304231, 1.806255006816708, 0.7273917404649144, 0.25787357719736725
0.2832752812196654, 1.8742771721550584, 0.7390487061966244, 0.27343400912709714
0.3299834408724947, 1.6974650108990539, 0.7207991199645061, 0.22584881201651488
0.37103865699765887, 1.6324589275343118, 0.6204824089937472, 0.20542094802479424
0.4180894192885285, 1.6247440088940859, 0.6748812469851007, 0.238279932562426
0.28921372694569747, 1.9795099109528658, 0.7745655483852878, 0.3386533712016403
0.28498829440986695, 1.9048544317015927, 0.7263632276952683, 0.3318416675249608
0.3214183749214869, 1.9585714939285481, 0.6594219327330315, 0.22448620061171023
0.2875578141951693, 2.0268904885021573, 0.7753441921859596, 0.28446686779993174
0.2018500542454177, 2.1166865908612205, 0.8466512421349861, 0.3323088462036531
0.34248843716096616, 1.7825534406342989, 0.7158032052482116, 0.2422431504555435
0.2883572203505967, 1.9858629007320214, 0.7465074651284894, 0.2379010527584108
0.4409295951578827, 1.5725753790666666, 0.5800536395130548, 0.1999353244143396
0.3662422200650945, 1.6914862563722664, 0.7082667492046703, 0.29584702004430663
0.34614286530006283, 1.8856145651474037, 0.6737344023786049, 0.3379718353008728
0.4586307314566322, 1.443617712155181, 0.6061836777339847, 0.20278654845947103
0.2643750356877748, 1.7443236021926658, 0.7812670422246885, 0.2855891425439428
0.36961114600582423, 1.6546920278826833, 0.6731583396902718, 0.2325470210470753
0.30914178039170903, 1.8721181110210436, 0.7107339070190405, 0.25730524642236324
0.2891566265060241, 1.8844062140971816, 0.7144896997793522, 0.25164347244953217
0.3863986752697996, 1.7505539631121014, 0.6169634254001678, 0.24608036665720476
0.27282590075943586, 1.975092019751555, 0.7390655923511442, 0.2315075392068826
0.3041169417004511, 1.7582753185221738, 0.6964507576568588, 0.265574041884078
0.24644549763033174, 1.874163623285111, 0.7512337831295348, 0.25751207111742486
0.3469422714554902, 1.916264713644362, 0.6602516617725465, 0.24918288725121124
0.2910409410152458, 2.0818861032249734, 0.6844086487877032, 0.2847146911054988
0.24530348883686404, 1.8758500236736022, 0.8052225392656436, 0.33033147527108425
0.35590704048421173, 1.6483151058116592, 0.7226685151914662, 0.256989692116314
0.3432307428767202, 1.6645362420918115, 0.7116123085875113, 0.23547313323785976
0.3015474219151488, 1.889598548728844, 0.7620950924608878, 0.2651428005125947
0.3685833380917033, 1.7691161839501723, 0.6721495546333875, 0.22907325948015383
0.2698566778964198, 1.9345310888114515, 0.7161292350033597, 0.32667006256585995
0.3676697310569291, 1.9828697279949066, 0.6631710814465966, 0.19116767932635995
0.28698680979843544, 1.9834340368361105, 0.73652259304046, 0.2926644774844452
0.3217609775595272, 1.7963143939641926, 0.7206628095397865, 0.20576533722409493
0.3382059041854622, 1.9062523017992932, 0.725987833441711, 0.2518081088116077
0.29121224233426596, 1.6444511379386548, 0.752112860070569, 0.26939629130543147
0.33495117912407923, 1.8653068367900427, 0.7068882177658418, 0.280969719467567
0.38965340033118256, 1.5470099840214284, 0.6420129912398471, 0.19416077567646844
0.36367270027979215, 1.6066233952708568, 0.6812400519035892, 0.24030117219538777
0.32541540569862387, 1.729593976985814, 0.7038850827027027, 0.27174602649241875
0.29321075772283445, 1.851807197558984, 0.7731552988100838, 0.2961738535699793
0.2734540055958431, 2.072911212985182, 0.7699161847178918, 0.29979704287334447
0.23873693827442471, 2.160276981748669, 0.7968932830175353, 0.33500593747136403
0.33455147604636554, 1.6704845060213354, 0.7035826258728839, 0.25595895160593757
0.25472506138297263, 1.8637605476697958, 0.724289799425262, 0.3085144214285839
0.38617027351110605, 1.5627992405363476, 0.677059755015326, 0.21322615892261676
0.4316793239307943, 1.629565802040061, 0.5866582366873685, 0.21481928159912184
0.3572203505966996, 1.5666576934821914, 0.7145128290438673, 0.2440922917233745
0.0928453149089248, 2.3085848950226113, 0.9215831322581354, 0.26784281219156814
0.10101067778221892, 2.4083326394367495, 0.9173406739535681, 0.49615455287920157
0.10101067778221892, 2.5035214663464003, 0.9173406739535681, 0.49393598455155985
0.22212071032946953, 2.143205291994947, 0.8212218602982514, 0.3806882278548421
0.2961228801461771, 1.862575567562331, 0.7326450829742814, 0.2669455348492057
0.2776794381316736, 1.9503017884227065, 0.7443907572808394, 0.27138592754796675
0.3151944269970879, 1.8205110004418161, 0.7102253052842664, 0.2480953455718257
0.39125221264203736, 1.8986674969742436, 0.6607294331406152, 0.2334795762797079
0.41243647576086334, 1.5060833488603087, 0.5848016544488311, 0.24071450569901373
0.4990578427453891, 1.3306262348954834, 0.5255865414072443, 0.18392914137924232
0.3552789356478045, 1.7053527996400937, 0.6795044191822923, 0.23398982605719917
0.44669673956489464, 1.5834577143692599, 0.5651494305511298, 0.22407653164441171
0.4469251413235882, 1.418835420589257, 0.5773916398494938, 0.16888796408503864
0.3451150573859419, 1.5854774142689363, 0.6409622699717031, 0.21371001097996048
0.4134642836749843, 1.6184692866749257, 0.6319056317741605, 0.18498215051993736
0.40335750585279506, 1.662069038091841, 0.6717339796904941, 0.24489413406321855
0.4557757094729629, 1.5377110436363877, 0.6050403386383663, 0.25978153610326915
0.35031119739621996, 1.6357632905852344, 0.6116887184381904, 0.2117852894438948
0.4035859076114886, 1.4826188577643342, 0.6329006808048336, 0.20938435628886531
0.31879175469651116, 1.3942573496906263, 0.7469542347097147, 0.2552124632823506
0.4561754125506766, 1.4478874146710292, 0.6091179665844445, 0.2038694599425474
0.4230000571004397, 1.5180513080170566, 0.667306818656392, 0.22252570753917378
0.37891851767258605, 1.5622619278343945, 0.6065293111386788, 0.21270048833903502
0.4755324615999543, 1.5924064107177558, 0.5429818562308304, 0.20182410246946705
0.2953805744304231, 1.5623560804219179, 0.7644703731672732, 0.2671925058104504
0.46599668817449896, 1.4925848836647084, 0.6028387550673685, 0.21784393536016555
0.45834522925826526, 1.465790059424506, 0.5811772900291596, 0.20699974670731888
0.43687546394107235, 1.5945277928128436, 0.5858270168369761, 0.17272559234180576
0.3768629018443442, 1.7533654061729507, 0.6487323268233596, 0.26189072431518323
0.20813110260949008, 2.00368363682468, 0.7731654105368791, 0.3021731705475365
0.2825329755039114, 2.0464498461797143, 0.7696877080921439, 0.30262330197819326
0.31970536173128533, 1.8404663377157224, 0.7557553497839751, 0.30168323758682797
0.41746131445212126, 1.6987662087711786, 0.6122461260778091, 0.20884376113641054
0.3438588477131274, 1.7117124747516617, 0.6429277629582317, 0.21727003743277665
0.44435562153828584, 1.582644722684014, 0.614521879493479, 0.22003870867927175
0.38651287614914637, 1.4392684331138343, 0.651815684394742, 0.2522072092831071
0.4043282133272426, 1.5073722954946889, 0.6477695227636985, 0.2255436175762462
0.4582310283789185, 1.4709941095885317, 0.5577143807593984, 0.2006076562390957
0.4916918860275224, 1.461097880790366, 0.5464398481199053, 0.16362478389891055
0.3824016444926626, 1.5344376353352236, 0.6712054168681847, 0.22980361204244465
0.44041569120082225, 1.5796791207810454, 0.574172407970528, 0.2135716077059462
0.3592759664249415, 1.7536248438145796, 0.6734021906812855, 0.23833176038957746
0.408382344544053, 1.6203259457708297, 0.6213394049761198, 0.1913397506336754
0.36093187917546965, 1.646139499179737, 0.617395169598735, 0.2188798448596844
0.32975503911380116, 1.690156211087523, 0.7194921349012652, 0.2252986077820865
0.42905270370581855, 1.6027773591240775, 0.5918950398438639, 0.19087656585514778
0.38611317307143267, 1.6189778258787164, 0.6431983527119624, 0.25844510155487727
0.29052703705818533, 1.9909798304064772, 0.771132197285758, 0.2769891162429736
0.39473533946211387, 1.5702904572190624, 0.6423679318312879, 0.24518223855027538
0.43367783931936277, 1.3667776948107475, 0.579451784297422, 0.2048471129961867
0.4056415234397305, 1.6208666377557654, 0.6340601495593459, 0.2412671904327413
0.43836007537258037, 1.5013320617173977, 0.6084739723886666, 0.2437796605004606
0.42910980414549194, 1.45251546618137, 0.6173840964189564, 0.21695830953826634
0.421115742591218, 1.5314728940528062, 0.6151925104496232, 0.22519294569328507
0.35733455147604637, 1.546096175781413, 0.6684174708888866, 0.19321832203999334
0.38302974932906986, 1.7156019942387313, 0.6603431941575039, 0.22903405750672542
0.3253012048192771, 1.7558506697787282, 0.7446457185522213, 0.266545414953364
0.4272825900759436, 1.6517010033862387, 0.6422777200805916, 0.2403987427620835
0.398161365842517, 1.6924733157256735, 0.5980173927457362, 0.19919979655014317
0.30326043510535033, 1.807089243366466, 0.6945495998495839, 0.31676346053165283
0.3026894307086165, 1.718013843967009, 0.7478385959840901, 0.2594818324579272
0.4229429566607663, 1.5568571122384376, 0.5899135617527003, 0.19075781488380822
0.43887397932964084, 1.6392730862959008, 0.5720561661934005, 0.21876252751670205
0.3931365271512591, 1.601374130038554, 0.5816526908620391, 0.18358978008679386
0.2848169930908468, 1.7014086376842668, 0.7403004262149671, 0.2307483736208364
0.4028436018957346, 1.6223644618542048, 0.6307676881884365, 0.20752280045455232
0.3175355450236967, 1.659914623642406, 0.690162154406511, 0.28159675183974364
0.4512076742990921, 1.6349257365467273, 0.6275638164563551, 0.19444334445032171
0.293439159481528, 1.7548631026397281, 0.7450334054520384, 0.2653134269926579
0.4441843202192657, 1.546535252068103, 0.5851661883509551, 0.2082609947023632
0.31296750984982585, 1.6734993470599675, 0.7551928871370487, 0.27020218198410745
0.3623593901673043, 1.7680979626295683, 0.6567076982115194, 0.21525554406900596
0.23091417803917091, 1.8596043874101378, 0.8151450201082285, 0.34753396615294435
0.37109575743733225, 1.7149301778274322, 0.7098602419069169, 0.2577826214633089
0.2750528179066979, 1.7858907395602293, 0.7387121070202816, 0.24661299082557978
0.2831610803403186, 1.9525798370161151, 0.7523429113612132, 0.34551425018412235
0.42985210986124595, 1.5929963998456116, 0.6070138594717004, 0.2348482286681035
0.42785359447267746, 1.6116405483591578, 0.5983443905904307, 0.1964543966859654
0.45480500199851537, 1.3974466091226634, 0.5929441453691685, 0.2094899043599158
0.3509964026723006, 1.5779887504800358, 0.6815587867241131, 0.24989333289043936
0.37623479700793694, 1.5030194724034265, 0.6830991907027587, 0.26530081731210614
0.3856563695540456, 1.5562418399752294, 0.6624912252131194, 0.2142960061418405
0.43419174327642324, 1.4417330389468543, 0.6133013791260246, 0.20189226968486781
0.3424313367212928, 1.7646927606336331, 0.6832492746563461, 0.22072477942296143
0.39753326100610975, 1.5581752861740044, 0.6365749811264492, 0.22069815130424714
0.511334437275167, 1.2543701144436374, 0.5153947575549548, 0.16769950880211942
0.3583623593901673, 1.6023121024409894, 0.6645312837586581, 0.20847413142521282
0.3446011534288814, 1.5409602642038907, 0.6292421657064527, 0.24644349744174804
0.2874436133158225, 1.766206086713161, 0.7471071601066667, 0.2924720057535498
0.35276651630217554, 1.7254214772578822, 0.6792106455992928, 0.28204919102126014
0.40581282475875063, 1.677898915789901, 0.6342533332503557, 0.20615813057482096
0.35385142465596986, 1.6407917907452696, 0.6818297679555538, 0.2510268149759459
0.35733455147604637, 1.7152006995165388, 0.6636410903552382, 0.21408743255241988
0.490150174156341, 1.4109238284646237, 0.5375861631099185, 0.2013537771689915
0.5125906469479815, 1.5898514433634643, 0.5219102585613019, 0.15400969324879285
0.45017986638497115, 1.5162787624245906, 0.6207126011932892, 0.18585151877054826
0.41991663335807683, 1.4290767278883232, 0.6355430248335573, 0.22301686844893814
0.448523953634443, 1.46600673361453, 0.5692281950046137, 0.18313694006739098
0.38662707702849314, 1.487807850856971, 0.6902371911943969, 0.2450505113525189
0.36167418489122366, 1.5925706314896282, 0.6710673422818777, 0.2536032963726074
0.3860560726317593, 1.469187663559951, 0.6178776630933289, 0.1842171547283067
0.0987266601952835, 2.3021018496655876, 0.8902811459352336, 0.4978563872400554
0.1983098269856678, 2.274373133655061, 0.8421285954510299, 0.38580434933111263
0.3728087706275338, 2.112853449024547, 0.673643992489609, 0.23860570421333263
0.14526351852909267, 2.4723717355547086, 0.8786322912753217, 0.4287239935288212
0.36715582709986866, 2.0010793155224817, 0.6808327069921299, 0.2534868936543615
0.44818135099640266, 1.7575569033626146, 0.6031833124507268, 0.19238217778890626
0.33329526637355106, 1.7036609512975593, 0.6675092597535356, 0.3270029587147698
0.5027693713241592, 1.3867959232984601, 0.5315147128102006, 0.18300473370452225
0.45012276594529776, 1.3291464958663044, 0.5972846356673582, 0.22365874477400557
0.35419402729401017, 1.5519338790381554, 0.6529861745938254, 0.2277769151854394
0.4755324615999543, 1.3917132472562088, 0.5596471161349443, 0.21645172082504555
0.4952321132872723, 1.2849913556255306, 0.5529127967334793, 0.17712710980536292
0.38742648318392053, 1.5532782645918943, 0.6471776959146432, 0.20540961140399885
0.4203163364357906, 1.409204316814466, 0.6113468212788631, 0.21046486249125756
0.5144749614572032, 1.3251109798712983, 0.496834799023414, 0.23248988182620972
0.3910238108833438, 1.4277990242742968, 0.6742314067684718, 0.22503342447001207
0.4944898075715183, 1.380179157359456, 0.5473902028048585, 0.18041547701403077
0.38320105064809, 1.6600454642050735, 0.6127030953188988, 0.22061306013811727
0.5035687774795866, 1.4723218188905665, 0.5486036764899113, 0.17955919797386163
0.40535602124136355, 2.0844626281256664, 0.5861679953517808, 0.17816213329367608
0.39524924341917433, 1.6305872349467683, 0.6515269802091183, 0.21197504862385838
0.36909724204876376, 1.4276835747981667, 0.6115135280533792, 0.24536619623376468
0.3323245588991035, 1.6039785624455734, 0.678836503692926, 0.2542549563195828
0.2906412379375321, 1.7174439154259449, 0.7465459803910564, 0.30235718813673984
0.35590704048421173, 1.957053205480494, 0.6809166293574698, 0.24732753990274378
0.4896933706389539, 1.3719600541566594, 0.5379131251387343, 0.19311480179678825
0.4095243533375207, 1.5544068119121988, 0.626828739042104, 0.21631051975391874
0.4970593273568206, 1.4800592025326396, 0.516683254969342, 0.14929829249125393
0.34562896134300236, 1.622102676457329, 0.6786922230178636, 0.2500975334869161
0.41506309598583907, 1.4564222190787557, 0.646963008802478, 0.2265345660701886
0.3985039684805573, 1.3999646130453844, 0.6543920680760948, 0.23005948475515847
0.3716667618340661, 1.6147304690388578, 0.6614996985670958, 0.2366677390024597
0.47695997259178896, 1.4014754199507928, 0.5315616390298672, 0.16660468974822618
0.4519499800148461, 1.3634690962621652, 0.5936573250631797, 0.18159249986327938
0.5306343858847713, 1.1984136246167318, 0.5243377625756953, 0.1568465838494319
0.4590304345343459, 1.447985478362834, 0.6083248927072207, 0.23327288353541614
0.37657739964597725, 1.7572719606342284, 0.6500161644496755, 0.22420667818895837
0.4920344886655627, 1.3220472809448238, 0.5263326236550003, 0.179877539991982
0.39433563638440017, 1.4918793698935835, 0.6628247995330276, 0.213330158313082
0.464226574544624, 1.410326397322658, 0.5788388923462613, 0.2116420150825553
0.506880602980643, 1.2753636854797157, 0.5168589655091689, 0.18546406736201834
0.41871752412493574, 1.310476922249662, 0.6186119477919579, 0.2283817733692704
0.43887397932964084, 1.4181256763075922, 0.6093022678196349, 0.19412542944657624
0.38925369725346887, 1.4419739995842447, 0.6845971797986221, 0.22668591532471272
0.36167418489122366, 1.6273747125256242, 0.6625395567924292, 0.21546158796550396
0.32855592988066007, 1.5726721682935427, 0.6853597514080134, 0.2097124637323781
0.4669673956489465, 1.585554488564398, 0.5760555024401993, 0.22599154022667184
0.42311425797978647, 1.52189037167542, 0.5903438486331677, 0.18237143879572465
0.46245646091474907, 1.4849261922593433, 0.5511194212475338, 0.21973115890965406
0.4593159367327128, 1.5885760158050246, 0.5487692713993988, 0.21402824275425933
0.39867526979957746, 1.7252982871958247, 0.6474507266276242, 0.24239791171722702
0.47507565808256724, 1.4366477774461992, 0.5692346162811459, 0.1674075053295822
0.4747901558842003, 1.3053985163207833, 0.528861026969291, 0.1856928454800823
0.5767715411408668, 1.1355124695504888, 0.4476188164282829, 0.1417794301484973
0.36441500599554616, 1.5731779006232964, 0.6591882585140929, 0.24267836714010133
0.4690230114771884, 1.4123244761551923, 0.5352849045726431, 0.18271304765421256
0.3851995660366585, 1.4490013251481333, 0.6470852543612833, 0.21631808745798664
0.42551247644606865, 1.4439568564449774, 0.5661438300116808, 0.20630039365212846
0.5411408667846742, 1.125145809474667, 0.4633994702930197, 0.16954078488306829
0.4928909952606635, 1.2296964110895818, 0.5423819156010109, 0.20852694853204543
0.5738594187175241, 1.0974573558477743, 0.4792566801258576, 0.1481462214876597
0.3696682464454976, 1.583230202257453, 0.6537821996409632, 0.24814091091139107
0.5595843087991778, 1.0704665182702158, 0.46727522452310044, 0.1672639633487179
0.46999371895163594, 1.3227627326728568, 0.5049629755920039, 0.1825239079737469
0.5628961343002341, 1.1241741511567236, 0.46003383853426705, 0.13858639214984908
0.41780391709016157, 1.658467272207101, 0.573125055468272, 0.17772657220770194
0.5149888654142637, 1.2185258131389383, 0.5025178482989138, 0.1488293862181136
0.5436532861303032, 1.1420935116900148, 0.5192497936813394, 0.1621764668633296
0.49768743219322786, 1.1370754927945155, 0.48802028571007827, 0.16715383939680467
0.5860218123679553, 1.0957358899799479, 0.4910050764048407, 0.1666388595058395
0.6538000342602638, 0.9277185803401565, 0.38428426478410077, 0.12147544846173178
0.5981842060183863, 1.0505108476778053, 0.439236297269357, 0.13721349363321195
0.5933306686461486, 1.1962719490358207, 0.4302052542386156, 0.13555949048532978
0.48946496888026036, 1.2447891206728536, 0.532179738665651, 0.18622317479613903
0.38971050077085595, 1.4573089979014227, 0.5788956605160326, 0.2017699410697101
0.39319362759093246, 1.573475254260649, 0.5913558524875346, 0.18706479752212507
0.5286358704962029, 1.3816853995932534, 0.4565769604521928, 0.1530669769596576
0.4623422600354023, 1.4245881148102568, 0.5317768532209503, 0.1736399697227562
0.5966424941472049, 1.1095972484002032, 0.46870351751562345, 0.1616739447431848
0.52555244675384, 1.1632125556625523, 0.46280233160982015, 0.174863110966126
0.537543539085251, 1.1163239236415872, 0.4764724784253528, 0.1661971141663118
0.5582709986866898, 1.108455873120929, 0.48077292390599463, 0.15726781655862848
0.5035116770399132, 1.3616937206015658, 0.49087360242054945, 0.14409015742737002
0.4292240050248387, 1.3079247962546663, 0.6267188803930834, 0.22729980023374924
0.45840232969793865, 1.2996469751712576, 0.6192962062599416, 0.21915773941014968
0.5180722891566265, 1.212186026123415, 0.4980789326219299, 0.19076184150128078
0.614572032204648, 1.0593343901346965, 0.4238877038935285, 0.14460119065194257
0.47656026951407526, 1.3450747707195327, 0.5211927517845532, 0.21375820282865282
0.5915605550162736, 1.1416295583205731, 0.4518506089730508, 0.13789396270334553
0.5516473476845771, 1.2992703188626584, 0.5122190167050531, 0.17146917635600406
0.6186832638611317, 1.0097475052530793, 0.394273032469813, 0.12218724107962062
0.49380460229543766, 1.436181907339704, 0.5072210919331227, 0.1609686652217085
0.5962998915091646, 1.0769526443319168, 0.4399646215546967, 0.13965939938706437
0.4659395877348256, 1.2713674466563702, 0.5229059823704769, 0.17071520711533505
0.4783874835836236, 1.1822999924189876, 0.5251445618794682, 0.1781399399523036
0.5199566036658482, 1.2196707053726135, 0.5087131210648386, 0.1521914019919523
0.5337749100668076, 1.2431500115809575, 0.4861209775775289, 0.17116171104073985
0.4234568606178268, 1.6031928137425508, 0.5971055035235958, 0.21499936681420065
0.5107634328784332, 1.2330346201758515, 0.48955722399185453, 0.18582444662794073
0.4802717980928453, 1.259954733496791, 0.5590903308697356, 0.19734719519334587
0.49426140581282474, 1.1752893308756496, 0.5428025762102134, 0.19429162678875483
0.09141780391709016, 2.3038331191053616, 0.9143095142383861, 0.38623208492518646
0.3536230228972763, 2.2552742892994857, 0.6984184022474464, 0.21398166909852473
0.305430251812939, 2.251994388472283, 0.7096243801369747, 0.2656899822686684
0.23708102552389654, 2.3914384931463752, 0.7608328017894058, 0.42885488540854044
0.2528978473134243, 2.089808804906804, 0.7688774437689336, 0.24533891990501497
0.19642551247644607, 2.2304272289477063, 0.8505099641455921, 0.4244797816104008
0.22217781076914292, 2.1802896936630143, 0.8257435833220844, 0.2433077803229986
0.19100097070747446, 2.040769756538009, 0.8311672741506166, 0.26701838403510536
0.23239878947067893, 2.0055989175754143, 0.8226255069045981, 0.29950891529804186
0.24810141038085992, 1.9933447621046751, 0.7743364748878333, 0.329319794987575
0.29715068806029804, 2.014960268379953, 0.7363773006577767, 0.2738837958341359
0.19419859532918404, 2.085031735106102, 0.8518743866288727, 0.42062968458950784
0.34762747673157085, 1.9514894180422282, 0.7290018014357706, 0.2675883319416247
0.1589105236110318, 2.2261840970418323, 0.8190509291449223, 0.49531749732086305
0.19025866499172045, 2.22944463156336, 0.8151979898352589, 0.3227417425858976
0.1852338263004625, 2.2072652701899167, 0.8555647501706941, 0.4598150165488593
0.10038257294581168, 2.282912916155046, 0.9143692856727605, 0.4980893617391322
0.20447667447039342, 2.2728251472352907, 0.8246812126428269, 0.3401616279945832
0.1381259635699195, 2.3392775773403067, 0.8262100292930337, 0.4574979774257195
0.17489864671957975, 2.2166953075213223, 0.8641674265788108, 0.46360333970064405
0.26146291326443216, 2.179348782721684, 0.7604103544646854, 0.2865883371191763
0.31062639182321705, 2.103396460921898, 0.7452605518698511, 0.24279088219715347
0.2524981442357106, 2.174513070020957, 0.7503580321062592, 0.2453744883953511
0.19950893621880889, 2.4336073200322024, 0.7924290453484203, 0.4413356962816376
0.252555244675384, 2.0502262644511005, 0.7412596691984308, 0.2588956914249549
0.27122708844858107, 2.084589514823301, 0.7105384032188314, 0.2707732609580406
0.26848626734425857, 2.4411864098973397, 0.6980426878635724, 0.2451365558196224
0.32113287272311997, 2.144881973164226, 0.7133662551285401, 0.26281886043680014
0.3138811168846, 1.912609818558537, 0.7242164761758055, 0.24527827926959772
0.2462741963113116, 1.9561445388217809, 0.7343682777228715, 0.2994305644486929
0.22246331296750985, 1.9521206590059665, 0.7529844912361616, 0.29463289964054057
0.176269057271741, 2.1626067582430863, 0.8632808761381009, 0.46230951890816846
0.24107805630103352, 2.0528694975419013, 0.8118307527745963, 0.28175256024135426
0.2136127448181351, 2.1351258805850066, 0.7652110766202688, 0.3366989551786882
0.20207845600411123, 2.638753184641668, 0.7764618282302709, 0.2965674031749905
0.3808599326214812, 1.901920632388123, 0.6292735933089808, 0.24195027087202345
0.32906983383772054, 1.9103552427561696, 0.6965455159694678, 0.23326853963788463
0.25895049391880315, 2.0059204822821926, 0.739076269037249, 0.2188569972539302
0.20778849997144977, 2.022810074783492, 0.8420950025782243, 0.3949815259038248
0.28573060012562096, 1.9458240592479026, 0.7690789799162607, 0.31190527242883487
0.3676697310569291, 1.802332199081691, 0.6806920666801652, 0.24420096045371792
0.38651287614914637, 1.7242722010099247, 0.6206520571313436, 0.20508293821587942
0.23850853651573117, 2.2037413451153323, 0.7653634766506933, 0.27182685880552937
0.3442014503511677, 1.8831020893078845, 0.626609328664545, 0.23949026138296586
0.27002797921544, 2.2092000812586496, 0.7520787027774436, 0.2763207082180802
0.31228230457374523, 1.779739573015067, 0.7341604842820942, 0.27886451824965847
0.20122194940901045, 1.9066213542775357, 0.8398645781123925, 0.33343860785509316
0.2871010106777822, 1.8601787107608063, 0.6782152719383064, 0.2638388365683516
0.15988123108547936, 2.2022668616473418, 0.8004236213053755, 0.347973200607987
0.3461999657397362, 1.6391097881282368, 0.6720294799044872, 0.20995337375910136
0.42282875578141954, 1.6742468358263776, 0.5671319669955042, 0.22268763647787998
0.44475532461599954, 1.7300838567178267, 0.6170839082765471, 0.2144036188975118
0.4387026780106207, 1.9546310767273583, 0.6176634346715995, 0.19434912698552015
0.2840746873750928, 2.122066444014588, 0.7633233985338018, 0.3579470389276896
0.4098098555358876, 1.9895325528284078, 0.6039305546318875, 0.18513624259238715
0.35899046422657455, 1.8646752173029457, 0.685332411963741, 0.2566488780390184
0.3972477588077428, 1.8841068911734855, 0.6352387517021155, 0.20581958423961205
0.35539313652715127, 2.027532353553931, 0.666420454671115, 0.25717664420444514
0.3198766630503055, 2.1613237842673243, 0.7158662959401723, 0.26847348344746613
0.3716667618340661, 2.068331048957, 0.6764614192307734, 0.24063679762231147
0.3240449951464626, 1.8580594737471352, 0.664776399849066, 0.2119035974684575
0.25232684291669044, 2.0093510596965767, 0.8007347133868683, 0.3959817435657286
0.20710329469536914, 2.0937054962717894, 0.8362296644562898, 0.42036593620414064
0.2506138297264889, 2.1199182970209494, 0.7734114822069477, 0.285217229495691
0.21424084965454235, 2.049593341505072, 0.8207003753634534, 0.3443642222894954
0.29863529949180606, 2.0218910302841118, 0.7057168890792231, 0.364691267529011
0.28184777022783075, 2.0495961690074282, 0.7412279026653285, 0.27861369373601175
0.26705875635242393, 2.0884055686416994, 0.7753170320575351, 0.27353680731168883
0.29366756124022153, 2.0497115467254012, 0.7557735802604959, 0.24557154142629956
0.36321589676240507, 1.8643284617122167, 0.6488705389370643, 0.22028037084694824
0.2758522240621253, 2.108625962869952, 0.6919231112247859, 0.22386736830315362
0.19682521555415977, 2.13349748256443, 0.8495451082611799, 0.43268890375067554
0.3052589504939188, 1.7092808147170506, 0.7478690428188508, 0.2863538101408151
0.373722377662308, 1.6851237470348237, 0.6233383432148835, 0.2646358894488467
0.32712841888882543, 1.747639913524381, 0.7082517227825782, 0.23790576007249625
0.25655227545252096, 1.8626009409410489, 0.7841194366059779, 0.28779196509666094
0.3435733455147605, 2.137557719260827, 0.6830934808980789, 0.2191732568061336
0.3868554787871867, 1.5808087121117758, 0.6590877424379235, 0.24306809116163802
0.3571061497173528, 1.6769520247206522, 0.6873105593650883, 0.24208644882990135
0.22948666704733625, 1.9119476460140354, 0.7493021035938942, 0.3087776499127996
0.2828755781419517, 2.018422557204521, 0.721405557945079, 0.36613517007498136
0.22520413407183235, 2.023548225264543, 0.7608111736915351, 0.33287908621204576
0.2009935476503169, 2.168950173343357, 0.8019701259686094, 0.2614800446229854
0.24707360246673898, 2.1236786271519317, 0.773368068804546, 0.27031971331824156
0.24250556729286815, 2.2680181140702396, 0.7792649108635552, 0.2970008559370041
0.2631759264546337, 1.9934519657244356, 0.7570055656225748, 0.28411984075957325
0.22508993319248558, 2.226910187311082, 0.8179320178979145, 0.38919058652879757
0.24615999543196482, 2.547202320163083, 0.7614983599042582, 0.255918368986206
0.25067093016616226, 2.3452599734614172, 0.783159613088198, 0.3219827881998431
0.1719865242962371, 1.9507529947123725, 0.7994048210313413, 0.43742574241619714
0.39330782847027923, 1.7016283408456558, 0.6562549509675027, 0.2197443891239205
0.3117113001770114, 1.8701419140646869, 0.7133786240660391, 0.26764806685942466
0.24798720950151315, 1.9097607654118356, 0.7928970030185594, 0.2887317525981781
0.2840746873750928, 2.0036845972922857, 0.682036488293005, 0.25917939528419703
0.293439159481528, 2.006522201044613, 0.7253439155045601, 0.2663953794405387
0.16730428824301946, 2.210228589841315, 0.8031640129000636, 0.43878592327109056
0.10260949009307371, 2.318346650992647, 0.9127194716773831, 0.46979448840413196
0.2860161023239879, 2.1942709642577567, 0.678702924577577, 0.23448792430729565
0.22491863187346542, 2.238120424620178, 0.7940016941031461, 0.31732296069038113
0.2584365899617427, 2.106936639124299, 0.7160775762727971, 0.2874302848199918
0.2006509450122766, 2.055912680242823, 0.7940903925423889, 0.3746158848728303
0.09587163821161424, 2.3037454784205766, 0.8718399010819873, 0.30267126025753494
0.21229943470564724, 2.2742676356664724, 0.8407948194562831, 0.29364099667388854
0.16056643636155998, 2.288694202079701, 0.872987386623902, 0.4735750382022295
0.10169588305829955, 2.282812081990819, 0.8552046442301903, 0.5151599603951551
0.10038257294581168, 2.2750708194419658, 0.9143692856727605, 0.49921219722098825
0.3533375206989094, 2.180559478967757, 0.6715243971221672, 0.30470025080108487
0.17558385199566037, 2.208664760280294, 0.848132594724858, 0.2934719161852274
0.27642322845885914, 2.298676298992397, 0.7883251165138494, 0.32042886874813775
0.2753954205447382, 2.0924595654170735, 0.756325217383708, 0.3502918175354911
0.22137840461371552, 2.2035252656205855, 0.8187126012927116, 0.3372203534385315
0.28647290584137497, 2.070524389898798, 0.7260146530055309, 0.31260276620990124
0.19813852566664764, 2.0439053479991975, 0.8491027649320799, 0.36507561128798605
0.3062296579683664, 1.8890291852517587, 0.6986205248593153, 0.27883326822064275
0.33643579055558726, 1.978966646512885, 0.7319797049710843, 0.24032497909146638
0.19773882258893394, 1.9852267415316736, 0.7793105795972962, 0.38584516820316667
0.3029749329069834, 2.0892741080814483, 0.6807256439431446, 0.21530645086163833
0.3654999143493405, 1.9643045192353492, 0.6600331223848519, 0.2263302740485523
0.37846171415519897, 1.7185424645875649, 0.6289015496398082, 0.24791559216681783
0.4133500827956375, 1.5474165124742212, 0.5975347070783081, 0.18315874426122952
0.3159367327128419, 1.6357587795877542, 0.7432921753421267, 0.3362046424762722
0.28692970935876205, 1.9399266065048517, 0.7369845668581881, 0.24169110911452313
0.15639810426540285, 2.181132229275511, 0.8688266235620163, 0.33091341288478765
0.33643579055558726, 1.8441341159066407, 0.7330341681824554, 0.26296027965972457
0.24124935762005367, 1.952056795984893, 0.8084191399042355, 0.301276712094266
0.30274653114828987, 1.7503019052175877, 0.7076779411614164, 0.2849907631789227
0.3786330154742191, 1.8152576854920146, 0.6845868526077047, 0.23839236236085742
0.3497401929994861, 1.9404630055740941, 0.7303607083789372, 0.2509974183772488
0.23810883343801748, 2.134159401510959, 0.7502893365781507, 0.3107205570547131
0.29509507223205617, 2.2642990895003217, 0.7556632413042159, 0.2778435960140831
0.327356820647519, 2.132489975285933, 0.7319386026303578, 0.24914921996233627
0.40895334894078683, 1.781095504746703, 0.6214839592109181, 0.22700335678395578
0.28338948209901216, 1.775631333582883, 0.7807124956781706, 0.2774107014309039
0.26939987437903273, 1.9579350168330742, 0.7222846022913285, 0.3050806530064272
0.2898418317821047, 1.849933604564998, 0.7281953861245041, 0.24891576908936391
0.3584194598298407, 1.9191608914334048, 0.662823601722496, 0.25727776319250373
0.32627191229372465, 1.8087048527991991, 0.7226033431319727, 0.249340237379726
0.24364757608633586, 2.1943007704056234, 0.7961475424995231, 0.34915659839897006
0.3159938331525153, 1.6493310711340663, 0.697877650444201, 0.2869814293339364
0.33369496945126476, 1.85753328755412, 0.6833416526572469, 0.3661192142407505
0.2584365899617427, 1.863815777981832, 0.7624354336340123, 0.2490256426920221
0.43133672129275397, 1.435827724031914, 0.579980092941274, 0.20458806845151895
0.38662707702849314, 1.6553614141735093, 0.6276808102451668, 0.2214901705092709
0.41283617883857704, 1.5933507825931026, 0.6590500504061167, 0.20304961285955853
0.21435505053388912, 2.0157031287663956, 0.7472589968833585, 0.3381894851184107
0.2918403471706732, 2.0169480189341558, 0.7243091858548331, 0.30058202188491046
0.28030605835664935, 1.8960448815965139, 0.781775842495205, 0.28547867108466235
0.19693941643350654, 2.0949264981381415, 0.8503845437909281, 0.42024971598290917
0.3938788328670131, 2.0021265422719976, 0.6066319374017637, 0.25798381074418547
0.27402500999257695, 1.947476669008385, 0.7448072420514528, 0.29288603289036574
0.22840175869354193, 2.1358953641919753, 0.8161961190460778, 0.34447944365307526
0.3794324216296465, 1.7675140226665158, 0.7016859154811402, 0.21615093347856792
0.35967566950265517, 1.738834179180146, 0.6881650886911326, 0.25727719191975695
0.28778621595386283, 1.839295333772617, 0.7287545945175974, 0.2805214261256813
0.14606292468452006, 2.1281413173700043, 0.8842966534751678, 0.48272706821166045
0.34562896134300236, 2.0060561889720754, 0.720794516306585, 0.2365825332939398
0.19796722434762748, 2.045130824553308, 0.8495177322320103, 0.41901621395171995
0.19351339005310342, 2.639184186207736, 0.8389888436211959, 0.3313661501019282
0.19819562610632102, 1.966479980805365, 0.8494806632786449, 0.40511135533080767
0.196711014674813, 2.3331713330466273, 0.8352504038535175, 0.3278408860195125
0.35225261234511507, 1.745989362843501, 0.7254607818774649, 0.2518473753575818
0.33911951122023637, 2.022669055127256, 0.6943104621852629, 0.29274021429724884
0.33575058527950663, 1.9879911216296549, 0.7147459191876422, 0.2708125359912356
0.36789813281562267, 1.7755323948296828, 0.6600863618126572, 0.26088619932673424
0.3481984811283047, 1.7059400049744182, 0.6720790672495953, 0.2715084988860142
0.3386056072631759, 1.8512141685772274, 0.7215296947044363, 0.26424353180891974
0.12836178838577056, 2.154473491618439, 0.8339226301071558, 0.44610754427217164
0.1979101239079541, 2.036052550218818, 0.8409300268171638, 0.35513713446985695
0.20561868326386112, 2.218402641144103, 0.8347024814168872, 0.39234566563956524
0.28270427682293153, 1.9289333213218336, 0.7788095841675476, 0.2860852970924381
0.27408211043225034, 1.9560231141754978, 0.7429911367225152, 0.2773397037743127
0.20904470964426425, 2.086777098412434, 0.7648705573142731, 0.30533475960322237
0.43173642437046766, 1.4629014223790187, 0.6016420985128951, 0.1713001150485101
0.37349397590361444, 1.494644563419433, 0.7002826877466928, 0.22646841512902632
0.45726032090447094, 1.4990360289599372, 0.6076103489146676, 0.22072513398896065
0.44150059955461657, 1.597449111038604, 0.6272113072947474, 0.21484972952441717
0.356535145320619, 1.666630072001965, 0.6941700269085357, 0.30443377132764177
0.35967566950265517, 1.8572547375110993, 0.6313559449256213, 0.23540069665130833
0.18540512761948266, 2.017282752584895, 0.850824108816217, 0.38703041772590985
0.1900302632330269, 2.0683865065864078, 0.8411611885641055, 0.2942000045532876
0.17130131902015647, 2.201756444594334, 0.8573365150753564, 0.41187863127816476
0.1924284816993091, 2.1775450560235625, 0.8398124771353711, 0.3639695114097211
0.3209044709644264, 1.8358376105113638, 0.7076921528015843, 0.27146091779095627
0.18026608804887798, 2.0199948719851615, 0.7923625402423199, 0.43614116771609845
0.2680294638268715, 2.1238579404100197, 0.7946256247611576, 0.31334347891304365
0.29709358762062466, 1.76603224740638, 0.7202679470758278, 0.2323616119352599
0.3259864100953577, 1.8745931758740666, 0.7007913970844405, 0.23460608684942502
0.32039056700736596, 1.7512474745105295, 0.7223768573333273, 0.2217406594691765
0.39747616056643637, 1.7211894261559966, 0.6638727478315561, 0.24524827638230087
0.33689259407297434, 1.6611786863777724, 0.7319463915323096, 0.24211553386525214
0.22052189801861474, 1.8462663766407024, 0.8284020090613955, 0.3039445899128863
0.33837720550448236, 1.904956496960567, 0.6773427186552831, 0.2789687565794986
0.34100382572945814, 1.7699057595977803, 0.7287653895185502, 0.26179789936415276
0.32478730086221663, 1.9974415288186322, 0.7461796110207713, 0.2903457919453955
0.21800947867298578, 1.864586700739937, 0.8150028080427463, 0.36280413075103135
0.37663450008565064, 1.8068294779656582, 0.6346269722553364, 0.23843884538413335
0.2992634043282133, 1.9287258908224905, 0.6813504564595864, 0.24330969632934035
0.3548221321304174, 1.6330364287216088, 0.6810071901017, 0.2696283099938576
0.299663107405927, 1.7725243360605667, 0.741404576810657, 0.28094972053553297
0.2945240678353223, 1.996736822290028, 0.6785873383583807, 0.27075358486002354
0.32193227887854736, 1.8495143394457145, 0.649157562519011, 0.23225082820443896
0.351053503111974, 1.9200742572949314, 0.641409700151965, 0.2835627038181113
0.045223548221321304, 2.3055094307551127, 0.9514422858239404, 0.2693244400736612
0.11431508022611774, 2.4556881567929234, 0.876808849692253, 0.4621114432070173
0.10169588305829955, 2.2669721706695114, 0.8552046442301903, 0.5171380468140991
0.10038257294581168, 2.260332207632645, 0.9143692856727605, 0.498162205484442
0.191971678181922, 2.25172272952669, 0.8547691491100029, 0.3362137035059966
0.10169588305829955, 2.3898798106828, 0.8552046442301903, 0.5169845210304617
0.3295266373551076, 2.1785065218579085, 0.6897598876417808, 0.23064181896087405
0.19968023753782904, 2.0384470641167156, 0.8020120384801956, 0.3589139131531578
0.17763946782390225, 2.0598958032649746, 0.818369211762983, 0.31414417091892516
0.20795980129046993, 2.190283945485144, 0.8325853532411098, 0.3274017798609842
0.23970764574887227, 1.9123868429632889, 0.8002201109236932, 0.3391919112566341
0.18865985268086563, 2.1368434180240263, 0.7964907263976373, 0.36245486973105867
0.272997202078456, 2.129987313998853, 0.7330428744628004, 0.3811546063109921
0.10323759492948095, 2.276963843914318, 0.9110609191020789, 0.37031398730980614
0.16028093416319306, 2.4081674144288865, 0.8738094983112326, 0.47416644352998094
0.14572032204647975, 2.1802299765988353, 0.8689397907204046, 0.267708058834755
0.22794495517615485, 2.227431407873576, 0.7816836900126221, 0.25838280270534536
0.09958316679038429, 2.296105379844007, 0.9126100337628922, 0.5014932150956996
0.28738651287614914, 2.058809359478105, 0.7505896605906195, 0.27346764679435304
0.22057899845828813, 2.3225683780709416, 0.8310218087984781, 0.37807126725528073
0.2831610803403186, 2.0880801032783847, 0.6933234833968028, 0.24358128326525258
0.2852166961685605, 2.14742451494828, 0.7237648946398673, 0.3194464175304959
0.352538114543482, 2.1591798777971793, 0.6262339920254426, 0.23654759645834272
0.22360532176097755, 1.8205433490717016, 0.8105443114062577, 0.2813741206124045
0.19733911951122024, 1.935636553678304, 0.8502142577546123, 0.3574796845502394
0.25226974247701706, 1.9826963713077477, 0.7435314276758513, 0.22068402183035377
0.20750299777308284, 2.2655666173287217, 0.8019368190975433, 0.38532681807614366
0.29755039113801174, 1.9215175769935975, 0.720294879879068, 0.22687580151500342
0.2910980414549192, 2.0987225359064627, 0.7474433759414064, 0.29631713391944897
0.2840746873750928, 2.044737889187698, 0.7393984136221217, 0.27834932989348843
0.20093644721064352, 2.17494357462845, 0.8326089495751084, 0.3187563257488233
0.20710329469536914, 2.212914033159924, 0.8405344281201421, 0.3340844421185408
0.26072060754867815, 2.0512579630547503, 0.7524336858107568, 0.263935217640299
0.381716439216582, 2.0813434382246814, 0.6520138762513075, 0.2069910548119967
0.22252041340718323, 2.0786531526085477, 0.8066990768288947, 0.3146410008319067
0.1994518357791355, 2.1469959177751976, 0.8286243154217109, 0.37345537475196044
0.19111517158682123, 2.213702793717078, 0.7925923106950836, 0.36872848082321286
0.19893793182207503, 2.1186129031901233, 0.8105710299878426, 0.3302083208426781
0.22086450065665506, 2.1385846515307114, 0.7489918858661506, 0.3172762697328161
0.2739108091132302, 2.153468591355654, 0.7306636604856894, 0.3761449799749769
0.1955119054416719, 2.239646631147767, 0.8511577318719489, 0.4044748437071317
0.2002512419345629, 1.9786381584745905, 0.8482729144824684, 0.32123535173883294
0.36007537258036887, 1.9796381273387684, 0.6855135075002504, 0.213937477355231
0.30628675840803976, 1.984044340171704, 0.712987666299947, 0.27027025420507717
0.2745389139496374, 2.102089254183962, 0.7399142606236572, 0.22891861537580205
0.21743847427625193, 1.930497242461224, 0.8346354479980574, 0.37004608000018874
0.2505567292868155, 2.1348204407622933, 0.808782176210233, 0.3720007741327454
0.3666990235824816, 1.8870286080421075, 0.6647171401617143, 0.27802852053927124
0.3108547935819106, 2.027976297087572, 0.7087518452848769, 0.21157887371377293
0.20362016787529263, 1.8947821347307643, 0.7984083549736349, 0.2741107744325283
0.2136127448181351, 2.1240095210730203, 0.8091198941942945, 0.32015936336717477
0.2741392108719237, 2.00875831047172, 0.6979481673529909, 0.2763088498600036
0.2113287272311997, 2.019686761074211, 0.7957088022672802, 0.3593630683263599
0.3050305487352253, 2.1333609312502175, 0.7644834929949356, 0.3574785660866865
0.1991092331410952, 2.647240839021772, 0.8484579647672273, 0.3840712971320298
0.3525952149831554, 2.0419117789588963, 0.6527889637273813, 0.2606393398376854
0.2925255524467538, 2.063548213382005, 0.7142775316796814, 0.35302760941926314
0.28024895791697596, 2.1997070661319738, 0.7633380732250327, 0.29718508511445096
0.3218180779992006, 2.348557689036517, 0.706382273936787, 0.230038349720129
0.3475132758522241, 1.9479030905990102, 0.6926101055807812, 0.23565691850411513
0.3265574144920916, 2.0573746681703478, 0.7473325432852247, 0.34563590361395413
0.3732655741449209, 1.9070878371222808, 0.6878535585993222, 0.22862052224365298
0.19722491863187347, 2.239966831107112, 0.8501606591854409, 0.39408689280420456
0.26506024096385544, 2.0824957979719754, 0.7531487713255295, 0.20296928442351742
0.3403757208930509, 2.0894860985386225, 0.7146608049112475, 0.33217259128824345
0.20618968766059498, 2.0055091498934523, 0.8286404668341373, 0.3605664421164398
0.3025752298292697, 1.980657562838966, 0.7215171280974286, 0.2611490562097708
0.20504767886712727, 2.0248644511444964, 0.7959895930780909, 0.2910760900290834
0.19339918917375665, 2.280919059059805, 0.8523225213134358, 0.3914986948366269
0.23308399474675956, 2.0847701927803235, 0.7729747825735064, 0.3143616894291239
0.1986524296237081, 2.2406291388052217, 0.8465163381069261, 0.41500547667515253
0.24787300862216638, 1.9408273805775824, 0.7918254498841891, 0.3136114821789931
0.2001941414948895, 2.0004699401557873, 0.8452804737313622, 0.32704506352275764
0.2041911722720265, 2.070555072736612, 0.8382953268418177, 0.42550963858649576
0.25586707017644034, 2.220473068959708, 0.7914735729142868, 0.3176102255590749
0.19802432478730086, 2.031440576391776, 0.8503843498850108, 0.3260292643947035
0.20447667447039342, 2.2591416092266914, 0.8266455065798006, 0.33637828515843116
0.2719122937246617, 2.0836803734911737, 0.7855256185413982, 0.35860010701323203
0.21863758350939302, 2.179007070133839, 0.7678697271493518, 0.4264990888088156
0.1899160623536801, 2.8323474457706665, 0.8435802307480715, 0.331901525636707
0.20344886655627248, 2.2599643260497517, 0.7678318822904651, 0.38614343582305377
0.22783075429680807, 2.1631065005681056, 0.8241022540519903, 0.3342254270256949
0.26197681722149263, 2.3743153942112567, 0.7774050429211689, 0.29978550694888595
0.22988637012504995, 2.0497856762559916, 0.7482211706256745, 0.2937945709889455
0.24341917432764232, 2.016720560094872, 0.7600651447290356, 0.2436652727015344
0.2761377262604922, 2.1822740227275017, 0.7352134493296755, 0.25176402147571386
0.13138811168846, 2.2011930607295436, 0.8912844017162979, 0.47087845371886783
0.19494090104493805, 2.1568989111015378, 0.8537438714631763, 0.3532894779279959
0.2808770627533832, 2.1283555054970242, 0.7810603158447413, 0.3643656272205949
0.19682521555415977, 2.089212217779099, 0.8366456050962912, 0.3551598057008268
0.20242105864215154, 2.1481284880797404, 0.8296880164830268, 0.35284776616501445
0.19534060412265175, 2.1673256813993134, 0.7859174476647924, 0.3679585688924073
0.29703648718095127, 2.1131173749166887, 0.7397316760395267, 0.2681299457850974
0.23633871980814253, 2.11301086636169, 0.8044341217066876, 0.35435844372712544
0.26197681722149263, 2.3847614614744894, 0.7034690681211208, 0.2609233428271444
0.2751099183463713, 1.9164100734992717, 0.7014283241908994, 0.269557214503868
0.19859532918403472, 2.1073577554590908, 0.8352972175072185, 0.37896368451571477
0.28687260891908867, 2.1251306983681686, 0.7765142392568404, 0.2925864750443937
0.34614286530006283, 2.206190916665623, 0.7240111579146433, 0.26713017915432286
0.34836978244732486, 2.071731235723278, 0.7134024606707613, 0.25405751792753695
0.1899731627933535, 2.048728939610587, 0.7884734109216766, 0.3128806831261866
0.10803403186204534, 2.302811519004954, 0.9116246849190324, 0.28390331866801083
0.26420373436875466, 2.2974503098989225, 0.7845097115806743, 0.2991351276338448
0.1959116085193856, 2.3886019230732973, 0.8310825891451799, 0.31099703006133445
0.27436761263061726, 2.354064953134756, 0.7411641377796996, 0.2792983461140436
0.27356820647518987, 2.0986779174410977, 0.6953630230424006, 0.29789656780599527
0.27670873065722607, 2.0576212371068863, 0.7471757484278224, 0.30381551438428006
0.2914406440929595, 2.1365013777548567, 0.7497087268390799, 0.22600903845244452
0.21355564437846172, 2.7579727449148, 0.8251447749966418, 0.34087645633024394
0.3833152515274368, 1.9848711537692327, 0.6324147017793436, 0.23492453053816065
0.312396505453092, 1.7774006015920683, 0.7295732247616672, 0.2980352724409479
0.47239193741791813, 1.6523916106952943, 0.5525759156184645, 0.1933901355701208
0.43773197053617313, 1.7876200526620907, 0.6576604579854194, 0.21105678479544557
0.40027408211043225, 1.5739576436631555, 0.6400920277451929, 0.20203955206258123
0.33363786901159137, 1.6997104398908358, 0.6815702715183495, 0.2812463927911014
0.3373493975903614, 1.9469409647537503, 0.6960231207268214, 0.27093907961419317
0.44321361274481813, 1.5760165618069217, 0.6512093124753693, 0.21779603123575564
0.4078113401473191, 1.5255378154446517, 0.6502791515951275, 0.2376361755322473
0.38971050077085595, 1.447249934963011, 0.6637902115886936, 0.2548942966917037
0.43493404899217725, 1.4020962490691304, 0.5857955004698087, 0.1673528082917966
0.4242562667732542, 1.5188525354288456, 0.5957651135340429, 0.19401642079674158
0.40033118255010564, 1.5349766805807152, 0.6132016257781534, 0.23060905545015847
0.40261520013704105, 1.7802670717321063, 0.6016486109310901, 0.28833135982022823
0.1546279906355279, 2.308413428673635, 0.8710175002514372, 0.4218645202620791
0.38040312910409413, 1.7026197768452982, 0.6379337311934814, 0.1923981110207885
0.4764460686347285, 1.6085537547272317, 0.5650932135803345, 0.1720529195705042
0.3427168389196597, 1.7426663705604664, 0.6911336206020817, 0.25002104645607315
0.35470793125107064, 1.8539604109550867, 0.6843508507068634, 0.24999487300123868
0.3592759664249415, 1.755075498910836, 0.710062453858001, 0.239633689687503
0.41203677268314964, 1.5010872337687862, 0.644739761459792, 0.21398203348092298
0.2977216924570319, 1.6882165006858008, 0.7055055871968859, 0.22673928920120717
0.449266259350197, 1.5208408844270684, 0.618459794123547, 0.2305270582915135
0.3875406840632673, 1.462292117996834, 0.6838918863041552, 0.2254768724232858
0.47890138754068406, 1.4800897024485533, 0.5750329186387005, 0.19130427656652343
0.49271969394164333, 1.4085929750739312, 0.5737288421895005, 0.17030235689932893
0.5206989093816022, 1.346665290222342, 0.5697063684456677, 0.1910595010281268
0.46171415519899506, 1.340237213070541, 0.5453904438048867, 0.21654526892864578
0.39045280648660996, 1.5161741749226472, 0.6312140165460214, 0.23864729016399938
0.501113458573631, 1.412993335535581, 0.5149221052347145, 0.21127432364110493
0.46679609432992636, 1.5846986279095983, 0.6136501416540894, 0.21790499661302037
0.5736310169588306, 1.174666407280964, 0.46533204526736033, 0.17029188390964994
0.5289784731342432, 1.163086095808565, 0.5324550959002543, 0.157136060888504
0.4272254896362702, 1.3733576956981324, 0.5737864297041793, 0.27223899647341177
0.5260663507109005, 1.1664675838940286, 0.5444781324116279, 0.15854854684881975
0.43145092217210074, 1.3870781220839024, 0.5765834731063885, 0.2142368778470325
0.4725632387369383, 1.4479063894368454, 0.569007438010422, 0.20181481933992887
0.44749614572032204, 1.4028111703764914, 0.5671298559159699, 0.18810100849867614
0.42785359447267746, 1.4793475816942177, 0.659817151270209, 0.2294215262976103
0.4881516587677725, 1.4341871372290533, 0.5296440181142039, 0.2036071005179266
0.2969222863016045, 1.630087864864038, 0.7082119520146672, 0.35786510137498667
0.4316222234911209, 1.6186305221195925, 0.6271216815311529, 0.24290852455512835
0.4749043567635471, 1.4866385560693116, 0.5294321376358002, 0.20800457040426606
0.5040255809969737, 1.559173013513163, 0.5659186628955736, 0.18657652700592173
0.5540455661508593, 1.3980031585217556, 0.49006744724206036, 0.16042390035894244
0.43099411865471365, 1.5113353813381365, 0.6179955454193893, 0.2587929064002526
0.47821618226460344, 1.5601679405248234, 0.5691672890649444, 0.2219802115256797
0.4381887740535602, 1.5645022018063466, 0.6087319442253005, 0.2341226921530813
0.3088562781933421, 1.8597177742613327, 0.692337833018903, 0.2773574010508584
0.4149488951064923, 1.4547733511016976, 0.6178134513747592, 0.1989990461287054
0.33129675098498257, 1.884366406287879, 0.6786136462269676, 0.2698237429284145
0.5409124650259807, 1.256091840392905, 0.47926008355238786, 0.15100398743438656
0.435048249871524, 1.4180294751741487, 0.5758151503998133, 0.18213628089222877
0.3984468680408839, 1.4253740858301296, 0.6370646826695416, 0.20516460784427043
0.3997601781533718, 1.4032562655755558, 0.6275031768436022, 0.19162672537715827
0.5103066293610461, 1.2573376209452498, 0.5638654027439792, 0.1772944691092102
0.44898075715183006, 1.3334319575781255, 0.6252991685218416, 0.250963008169096
0.5518186490035973, 1.2778447381771318, 0.4934375875002096, 0.1756506312230618
0.5453091988808314, 1.2941403979735386, 0.5007529884038437, 0.16398687206627072
0.4456118312111003, 1.4226915261355144, 0.6259616287595656, 0.24343123128922134
0.5118483412322274, 1.268697397166842, 0.5801036050218791, 0.18943871069089177
0.34562896134300236, 1.639434231450405, 0.6799195630214471, 0.24249763462038004
0.2815622680294638, 1.6778560438958254, 0.7617184522130697, 0.34368534780165333
0.3435162450750871, 1.5794729354335546, 0.6793249226787299, 0.21939727126076075
0.48558213898247016, 1.3831816212424257, 0.5321004784118241, 0.21848252370090865
0.5260663507109005, 1.325363984904651, 0.4946780558510143, 0.18570510367698095
0.39524924341917433, 1.4970835408375918, 0.6823951958046914, 0.26599463469511314
0.43333523668132246, 1.6575205354941591, 0.6565978012341742, 0.25015882347156654
0.4833552218352081, 1.4084738909382235, 0.593317191870167, 0.1742640836056733
0.4304231142579798, 1.4687404775487793, 0.5712041783796441, 0.20430110034641533
0.39667675441100897, 1.4014669950488414, 0.5886915379467671, 0.23273447992735385
0.3946782390224405, 1.5021853219473755, 0.602222278209388, 0.19952988359492443
0.455490207274596, 1.3388759392124183, 0.5876173865469181, 0.17633421351131293
0.40021698167075886, 1.3752641429489578, 0.6812533072716711, 0.23427644775128842
0.516816079483812, 1.2841967623043746, 0.505576446960412, 0.1628537726917308
0.4783874835836236, 1.2988529000272826, 0.5624271338713206, 0.18453127594654534
0.43995888768343516, 1.4522733159662349, 0.5604757529113709, 0.20744789631123442
0.4457831325301205, 1.4461448691712586, 0.5910698391076041, 0.23168344852086187
0.3953634442985211, 1.449685450150864, 0.6218136248854211, 0.233428461192026
0.36018957345971564, 1.6836196269023387, 0.705201029150054, 0.26777151871436033
0.524067835322332, 1.4421389390153057, 0.5499676276749726, 0.19106826311816677
0.3295266373551076, 1.772741054100659, 0.7041499229101602, 0.2680582340899188
0.42899560326614516, 1.4793998774772625, 0.614220774704327, 0.18416527752588133
0.36647062182378803, 1.536976790839809, 0.6725925689609273, 0.23447633130310366
0.45646091474904354, 1.4925246005435935, 0.592252453281166, 0.2154179487405361
0.3903957060469366, 1.5035665810919907, 0.6062307566595666, 0.20022520415721662
0.3743504824987152, 1.5048137950453406, 0.6069946996160848, 0.27704319191599114
0.4445840232969794, 1.4733714109375688, 0.564523708343733, 0.21628945409116196
0.29201164848969335, 1.7149942512836946, 0.772928435678332, 0.32804762627108525
0.4815851082053332, 1.3274813352218329, 0.5652980862901458, 0.20107293996182
0.38577057043339236, 1.5032738156636682, 0.6574806145123253, 0.22851085767133866
0.4102666590532747, 1.5745817336555292, 0.6296447382473371, 0.21131562850072338
0.46205675783703537, 1.19707586496774, 0.5719322975647442, 0.20721526894583514
0.1101467481299606, 2.29861030156313, 0.9053817776653054, 0.3654320733930091
0.19220007994061555, 2.2973895703528493, 0.8593795676236352, 0.3460735513669843
0.20013704105521612, 2.2365036000463765, 0.8533742612585913, 0.4153259199036827
0.12716267915262947, 2.5149886356200306, 0.8866091490733561, 0.4332140232974166
0.2508422314851824, 2.0635985634093186, 0.8041029782282433, 0.31302570370942934
0.2683149660252384, 2.06883888663798, 0.7751978707549343, 0.28697445006920164
0.3259864100953577, 1.9386324374814476, 0.7394059104594499, 0.2764166164009523
0.264546337006795, 2.4269795285382876, 0.6981430244939467, 0.3077392117272727
0.34328784331639356, 1.9110896386551175, 0.6339041352950503, 0.20528170183353134
0.39907497287729116, 2.000667852627971, 0.5922422711935922, 0.23096272188056083
0.4176326157711414, 1.5793927331433089, 0.5795721651455401, 0.21850678434136
0.34888368640438533, 1.6862708062779275, 0.7229067520883017, 0.2542903577677203
0.3606463769771027, 1.7103310825474114, 0.7149566515375263, 0.2560069781043233
0.3579626563124536, 1.6786428866961665, 0.6826646024638553, 0.2336589705245232
0.27916404956318164, 1.889039653591475, 0.719794066451197, 0.22865060891304476
0.3155941300748016, 1.7111636274227007, 0.7040764385360375, 0.2753082378085266
0.2695711756980529, 1.7812997501655967, 0.7794214061668215, 0.29007681039636607
0.2852166961685605, 1.7805264661805331, 0.7779370240679808, 0.2791379243216292
0.30908467995203565, 1.7403531814621456, 0.7603046501226065, 0.2683285684494602
0.30274653114828987, 1.7608956175210753, 0.7224549330541338, 0.2563857928922385
0.38388625592417064, 1.679330495676832, 0.6835753412454084, 0.23443357140834328
0.42351396105750017, 1.6865530659034673, 0.6609724624894411, 0.20771866254462784
0.38302974932906986, 1.7781193370019417, 0.6450259752818222, 0.22009062260878562
0.40489921772397647, 1.418829284488818, 0.6301669106323303, 0.1984326111479822
0.3629874950037115, 1.7161569140737907, 0.6986124887437609, 0.2515914721055784
0.4230000571004397, 1.4946894815776275, 0.5799352371188025, 0.24142842812255502
0.39045280648660996, 1.6465364375181422, 0.6574015151680904, 0.23981088709090762
0.3238165933877691, 1.593713826266796, 0.7415099919746578, 0.23591335643578049
0.32398789470678924, 1.8405581485133982, 0.7379770051555576, 0.327924533281318
0.22982926968537656, 1.8382236750730814, 0.7655532376052875, 0.40673820981758224
0.3925655227545252, 1.5898416642569082, 0.5866011899636229, 0.19645624954268665
0.461257351681608, 1.524624900654029, 0.5521721012751835, 0.1931921601462278
0.52909267401359, 1.4764745335291871, 0.5259672956572119, 0.16816653413005048
0.4324787300862217, 1.5381689419353999, 0.6340671998255181, 0.23033905809531358
0.409866955975561, 1.7184242213234557, 0.6200582918620128, 0.2578123302828147
0.2843601895734597, 1.6855812817565217, 0.7537199146481485, 0.2946243630193463
0.4202021355564438, 1.5757557447113328, 0.6366252390809886, 0.21212601383622443
0.3369496945126477, 1.7945137634539001, 0.7234096727078657, 0.2636538240679601
0.3760063952492434, 1.5169506455580022, 0.6680520328341025, 0.23577402885322973
0.35076800091360705, 1.715354941767042, 0.6631790736626898, 0.28121698614559054
0.2874436133158225, 1.8462938067302204, 0.7603838918481175, 0.2889464200042754
0.25221264203734367, 1.99359674814297, 0.780237926681804, 0.32943040080165586
0.2973790898189916, 1.6680793551005852, 0.7381711157415947, 0.281242754959169
0.29914920344886653, 1.92832005015788, 0.7200985679586325, 0.25740368034203454
0.31416661908296695, 1.8023710144020153, 0.6984865234218087, 0.28502358301811553
0.26734425855079086, 1.9154268532186494, 0.7266022465795788, 0.30547581087590014
0.3092559812710558, 1.813725826200886, 0.7167842888519347, 0.26503056219170074
0.31296750984982585, 1.813444701748069, 0.7555426601034929, 0.2717646150495017
0.26494604008450867, 1.9377939077738193, 0.7406061955668332, 0.24223063714330992
0.329583737794781, 2.0221650691109803, 0.7374648707383294, 0.2617800660129067
0.3568206475189859, 1.8291343557686917, 0.7143477622471743, 0.25190033066470197
0.3712670587563524, 1.704715045128899, 0.6746582694309893, 0.24529610812535352
0.36567121566836064, 1.7708595749115212, 0.6700301888492622, 0.18656465625185803
0.31610803403186205, 1.7424157539808327, 0.7372451574895439, 0.25168310315794357
0.2733398047164963, 1.9276149385641013, 0.7070157235008425, 0.26617841581539337
0.2847027922115, 1.8874349070448413, 0.7539210823656152, 0.2730893631901197
0.44475532461599954, 1.5790878245193818, 0.5741830883731073, 0.20049349463007632
0.46599668817449896, 1.4691882195673454, 0.5473681105003734, 0.21707630454693216
0.44121509735624964, 1.6342782044773343, 0.6065021082889326, 0.19168967181656593
0.38188774053560215, 1.4708365641727048, 0.6702577637444295, 0.24111251948115173
0.3584765602695141, 1.8055475518368629, 0.6686120590561412, 0.21883668752975996
0.49848683834865526, 1.506206046419972, 0.529069320015757, 0.17453652934885602
0.4410437960372295, 1.5413601267435137, 0.5576723883358736, 0.18991146534858822
0.2945811682749957, 1.6581840787344764, 0.7330295846519823, 0.27929987748578855
0.34168903100553877, 1.8491368081020967, 0.6315230284426975, 0.24303483435467652
0.43727516701878605, 1.526951625195701, 0.5847363589946657, 0.18481056784745978
0.4257408782047622, 1.6107478084270592, 0.5856204990943621, 0.187841331142661
0.426597384799863, 1.436709524149169, 0.617480180347554, 0.22105655340429556
0.5004282532975504, 1.517813852186724, 0.5519667593508716, 0.19115868022566682
0.5071661051790098, 1.3895044374396512, 0.5204736340561699, 0.178741064572261
0.34060412265174445, 1.9356688694495678, 0.6858528329130792, 0.23901981919125279
0.2969222863016045, 2.038932748124865, 0.6636540377545559, 0.21710549421327116
0.2765945297778793, 1.8029294815779153, 0.7314388180299074, 0.23196859728690486
0.2632330268943071, 1.8709108804414853, 0.7164830643631142, 0.2858371370733436
0.373722377662308, 1.6530742777657932, 0.6745439700739991, 0.19883854418211738
0.4432707131844915, 1.7400861470710405, 0.5706552366008478, 0.20588038329003142
0.37195226403243303, 1.6169134757577717, 0.6713739469952056, 0.22228157075531688
0.37429338205904183, 1.6893468621946148, 0.6936058469907158, 0.22919744804554681
0.45177867869582594, 1.6250788231836506, 0.595880538913397, 0.19631648618595
0.37469308513675553, 1.7493991428753375, 0.6742061241438919, 0.2458643473267826
0.3794895220693199, 1.4890448666191356, 0.6688104759288553, 0.2030832697634164
0.43065151601667334, 1.6501241608052784, 0.5678622855405052, 0.23587005580885423
0.3407183235310912, 1.6168356637676173, 0.6414573656165368, 0.22642853753347142
0.3221606806372409, 1.699459040361667, 0.6652831336865253, 0.2642049599540669
0.39285102495289215, 1.4421424333831268, 0.6852726958703294, 0.2431402564443733
0.3276994232855593, 1.741373806446493, 0.7341177562784267, 0.2826466257798374
0.3366070918746074, 1.847879458990333, 0.6742680588380616, 0.23603152070174618
0.3431736424370468, 1.8056696217860444, 0.6475538754326984, 0.25751661512365825
0.23279849254839263, 2.0251410286385396, 0.8205895745059267, 0.3303182353300058
0.36515731171130017, 1.560419994969939, 0.659932314425224, 0.2654650879852346
0.43059441557699996, 1.5186988163707749, 0.5749292140362321, 0.26232517298393243
0.45097927254039855, 1.5577757737253066, 0.5550388388666889, 0.21728966017990392
0.46137155256095475, 1.4220122368016617, 0.5906209493080269, 0.2242411064704605
0.36567121566836064, 1.6479417742394586, 0.6663056120891175, 0.25632871669546076
0.39393593330668647, 1.4626375283423316, 0.6317052834888518, 0.26499179718402704
0.3978187632044767, 1.5070982442001268, 0.6355903860216003, 0.20535655831135116
0.3505395991549135, 1.557870175383361, 0.6889701507077179, 0.2161629995730523
0.3604179752184092, 1.7164117690846465, 0.6355997190013256, 0.23047694006628655
0.36321589676240507, 1.6300424276435523, 0.6091594799293827, 0.19758531908594595
0.3735510763432878, 1.6739617847312471, 0.6406032540239617, 0.19195134245026724
0.37811911151715866, 1.696828720387594, 0.6312637788181664, 0.1813478662756672
