acuracia,loss,frr,fpr
0.05441671900873637, 2.3128449842916634
0.27208359504368185, 2.4760553887602006, 0.6903650833373699, 0.30815643845948226
0.23576771541140867, 2.358248730338308, 0.741732936985006, 0.30211776809581903
0.34106092616913153, 2.025805306211365, 0.7142843616324989, 0.3191656429567936
0.21269913778336094, 2.341252008872806, 0.834448475187472, 0.4107557946581516
0.29600867926683033, 1.9251821956933413, 0.7676575823097597, 0.35898883890145117
0.3917661165990978, 1.6322209960512217, 0.6536697786430568, 0.19704537243433853
0.4269399874379033, 1.8277865320700217, 0.5818062018537254, 0.18132971701183712
0.4414434991149432, 1.7143535100024438, 0.5764506159566188, 0.17792205696255012
0.4869525495346314, 1.4184702593926377, 0.5603210366076038, 0.1959039023478686
0.5792839604864958, 1.3095171224222302, 0.47953008022118915, 0.1541443425577047
0.49660252383943354, 1.3145811777624228, 0.5686465469585369, 0.17395961831247145
0.52909267401359, 1.273965976398664, 0.5140015035031874, 0.15187740589678894
0.4559470107919831, 1.5688147730408504, 0.5933333922303177, 0.24322026105118408
0.47307714269399875, 1.4304851368984326, 0.5724907594475911, 0.18354887284885196
0.6097755952720836, 1.0749674207719009, 0.42081308009583457, 0.15027683081764803
0.5136184548621024, 1.2363144455081199, 0.4997890714073188, 0.1616355666873808
0.5953862844743905, 1.1129080984359199, 0.4363506048454629, 0.15828342864199976
0.6096042939530635, 0.9806966082147383, 0.407425958985358, 0.15464287404210944
0.5456518015188717, 1.028586018675468, 0.49069207771576195, 0.15624488131814068
0.49648832296008677, 1.221951474365378, 0.5616174089491569, 0.17483379773160895
0.6142294295666076, 0.95158623836644, 0.4406348553402797, 0.15526112079278168
0.5635242391366414, 1.1242383951700943, 0.5159382066808932, 0.1807597943580837
0.5398846571118597, 1.2014886855159956, 0.4811406259425488, 0.14571232236000672
0.552503854279678, 1.101752867587997, 0.4689461426536267, 0.1537843474194203
0.5494204305373152, 1.0687647344015825, 0.49205709070223397, 0.15264772265568743
0.6265060240963856, 0.9654220878310645, 0.4397957911802255, 0.13332207015228714
0.584651401815794, 1.0422374090340707, 0.4496013829252544, 0.13976961054468592
0.6663050305487352, 0.9175624903193083, 0.37769049745745115, 0.12018140599316725
0.5453091988808314, 1.1018522678993181, 0.5303706102753104, 0.20021086618369557
0.5719751042083024, 1.1521254059554047, 0.4736815234691195, 0.14992623170389602
0.6607662879004168, 0.8917167825706748, 0.3844573560263271, 0.12038717668720864
0.6494033004054132, 1.0664990490075583, 0.41923499172229517, 0.14818786780437712
0.6194255695768858, 0.9801759760475074, 0.4239243912708515, 0.1344034983022066
0.6920573288414321, 0.792128822292367, 0.3358956142450237, 0.1295162640682736
0.7023354079826415, 0.8229368670361156, 0.3417520993074393, 0.11874688079170015
0.6866898875121339, 0.838585553766837, 0.3538110155585466, 0.11623722860708327
0.6545423399760179, 0.8919808145534625, 0.3907531825528975, 0.13791398222112264
0.6393536230228972, 0.9878655739140502, 0.3979461187890845, 0.12427504355452608
0.5271512590646948, 1.2361836641747606, 0.5169961857319637, 0.16242306603812398
0.6283332381659339, 0.887612696651752, 0.38706084021978865, 0.1371273673494832
0.6371838063153086, 0.8588155044468962, 0.3926542135759696, 0.14401260911532587
0.6365557014789014, 1.029025170020274, 0.3929474112200434, 0.12017661525985868
0.6423799463255867, 0.999949250849938, 0.38214606907845655, 0.12619768036517526
0.7359675669502656, 0.7248097177466633, 0.3088319479687261, 0.106038979958671
0.6294181465197282, 1.2030761131073064, 0.4225900060330443, 0.1719627692396332
0.7260320904470965, 0.8623152238087686, 0.3153339778730829, 0.11072113428152222
0.6407811340147319, 0.9587049239159757, 0.36933296231942014, 0.14937850443876696
0.7169531205390282, 0.7246184272337223, 0.31266034631675976, 0.10630296976055678
0.7060469365614115, 0.8609532952668583, 0.34997427699631845, 0.1216511839110597
0.6431222520413408, 1.0053015282594677, 0.42729357873174045, 0.15861739658877919
0.619025866499172, 1.0279480423273362, 0.4409717999799712, 0.16584194880174957
0.6874321932278878, 0.7664916047174755, 0.3262434819141541, 0.11506455659477466
0.72997202078456, 0.7633522991159614, 0.30753608075750744, 0.10759249518466589
0.662422200650945, 0.8665601710771769, 0.34441708400085885, 0.13101308821635196
0.7165534174613144, 0.818615884724161, 0.32860826460955994, 0.11762572867676498
0.7116998800890767, 0.7871469363550276, 0.31516652995505956, 0.11263489260727004
0.7094729629418146, 0.7600036688456456, 0.32002778433456053, 0.11928402671928166
0.6387826186261634, 1.0862752555037323, 0.3890228773024066, 0.13816519341724107
0.6575686632787072, 0.8184448936170682, 0.35218609365411824, 0.11835915774810937
0.7079312510706333, 0.7864287034225269, 0.33086379536658844, 0.1072352837443539
0.7195226403243304, 0.7091569584790992, 0.30995149764232627, 0.10637229349085531
0.6989664820419117, 0.8170397029762474, 0.3433046041514842, 0.11502551552706579
0.7426483183920516, 0.7211079414847132, 0.29729437952963317, 0.1022393561658687
0.6478044880945584, 0.8840039114701308, 0.39085575912966897, 0.1353448153089596
0.7295723177068464, 0.7373097662678408, 0.32600736229883936, 0.11547835158497526
0.7411066065208702, 0.6719134280002867, 0.29314634357333846, 0.11600074446805134
0.7304859247416206, 0.7547313575420952, 0.3306817209559253, 0.10817941289301825
0.6773254154056986, 0.8383075907069262, 0.3457522990349279, 0.12103321463985842
0.6965682635756295, 0.7861259150103453, 0.3400956088094823, 0.12391483923971178
0.7177525266944556, 0.7850554555141668, 0.330532927234936, 0.11453240895638697
0.6889168046593959, 0.8667996521034266, 0.3313299362462223, 0.11322806512472332
0.7192942385656369, 0.7903466495558022, 0.31699725522856637, 0.10946424357238534
0.6882886998229887, 0.9197770520303457, 0.3409222858829256, 0.12071199027698098
0.719751042083024, 0.8562202817332158, 0.3195950111978257, 0.11358704085246499
0.713241591960258, 0.7816010724530742, 0.31302225213075013, 0.12032704010460882
0.7027922115000286, 0.7266411531039465, 0.3173410697369007, 0.11306098194752026
0.7223776623079998, 0.7520241538096301, 0.3317176548626936, 0.12421617655520764
0.7006794952321133, 0.7061211243910958, 0.3179741638847011, 0.1192303718615002
0.6906298178495974, 0.8441666288718058, 0.3391772047319147, 0.11826828891326646
0.7223776623079998, 0.7390548098940428, 0.3136477001618724, 0.11185736361029282
0.6715011705590133, 0.8933697682808317, 0.37007439887103255, 0.13418399999238556
0.7002797921543996, 0.7452234991421213, 0.3169904901901949, 0.12059013715025028
0.6905156169702507, 0.7875487971986559, 0.34241288457871305, 0.11846985651743133
0.6819505510192428, 0.8542113432314715, 0.35321995736190137, 0.12575106805283393
0.6420373436875464, 0.8902801012950259, 0.36235598203775254, 0.14445269527735888
0.6734996859475818, 0.9355756310628655, 0.3581324253793686, 0.1254895413124965
0.5712327984925484, 1.0866196748876036, 0.4194490682452748, 0.1701161991743387
0.7162108148232741, 0.7590827843210792, 0.3142196418543998, 0.11115350141269809
0.7454462399360475, 0.6755069915046448, 0.2981918009181594, 0.10471772100314321
0.7214640552732257, 0.7428674544476838, 0.2953386423616878, 0.1061078979881307
0.7389938902529549, 0.7093668057875384, 0.303307405046756, 0.10437234009433308
0.7380231827785074, 0.7335666813263568, 0.30875336694254707, 0.10344394299367476
0.7137554959173186, 0.6899400296777115, 0.31084394693909273, 0.13880163260809006
0.6805801404670816, 0.8327398357981313, 0.33984746639249297, 0.1115465735836199
0.728772911551419, 0.7756685974147757, 0.31337910050718254, 0.1034617362297056
0.7236909724204876, 0.853285304720419, 0.33075075628825273, 0.12007691202716415
0.7225489636270199, 0.8061342260814048, 0.31071888705711054, 0.1014842377890881
0.7541826072060754, 0.6998824851737558, 0.2929189656065056, 0.10456355124285828
0.7783360931879175, 0.6171502462044877, 0.24762800177418884, 0.09218424938667176
0.7763946782390224, 0.5969951703598975, 0.26354920431120415, 0.09855057135010359
0.11271626791526294, 2.2956204741643567, 0.8744835672549554, 0.2701032019321119
0.09958316679038429, 2.6070106252062186, 0.9126100337628922, 0.5036375659038532
0.15445668931650774, 3.1826063724834452, 0.8776484054456939, 0.4644090365042214
0.28607320276366127, 2.6080550335023047, 0.7789337862116008, 0.2797379421025778
0.3489407868440587, 2.189050403921947, 0.6310233262441243, 0.2828111228809213
0.47895848798035745, 1.7031724122531313, 0.5537252753277907, 0.17328346814265777
0.368983041169417, 2.048031391615604, 0.6778074696094178, 0.2715115685824893
0.370467652600925, 1.8424038558433986, 0.6714678104586157, 0.23799493007071854
0.3393479129789299, 1.7151678896113114, 0.7015789164271922, 0.22791170556045634
0.44115799691657626, 1.4920588630206757, 0.5882995863241305, 0.22852057200921064
0.5194426997087878, 1.3338781410933207, 0.5392465788356827, 0.1709511997024009
0.501113458573631, 1.6583888522077925, 0.5328221429199975, 0.1741281942973085
0.4359618569062982, 1.8598109163514718, 0.5871622296124253, 0.20512957581236518
0.4407011933991892, 1.5580524978195103, 0.6283453846702852, 0.22531607332372955
0.4530919888083138, 1.4763948730300127, 0.620012559361189, 0.22599440858218006
0.4269399874379033, 1.4875676612782942, 0.6241716091173737, 0.22949997950749315
0.49026437503568776, 1.1958278047387487, 0.540271865974325, 0.17419018483279833
0.5919031576543139, 1.1338864340869688, 0.45183096342570683, 0.1506195339127196
0.5244675384000457, 1.2172274208330742, 0.5172319657439042, 0.16967557057603058
0.4126077770798835, 1.5142092700329317, 0.646736925966726, 0.23090893746485888
0.43099411865471365, 1.5927613135592922, 0.5942604445431482, 0.23398331299493375
0.5470793125107063, 1.137122036089813, 0.48830949641686994, 0.17545547212504015
0.5782561525723748, 1.195510280232528, 0.44672278773001145, 0.16225217703829758
0.5188716953120539, 1.3814771469198235, 0.5235531996541275, 0.17945992773819672
0.6359846970821675, 1.020961822979098, 0.40969420139745416, 0.13737924727534523
0.6742990921030092, 0.9264503680554598, 0.36688138552221317, 0.1295558799844398
0.6293610460800548, 0.9399857500109949, 0.3882571350093965, 0.12047613558187101
0.5185290926740136, 1.351531768283146, 0.4898485248920498, 0.18464704227019668
0.5821960829098384, 1.0028554743843654, 0.4480854702554504, 0.16594839642573384
0.6089190886769829, 0.9470039507014572, 0.4066298119369628, 0.15310755039006457
0.6263918232170388, 1.215726515134956, 0.39754299771475166, 0.13303262191836235
0.5417689716210815, 1.290273771355339, 0.4764745249200678, 0.17082189534451805
0.47461885456518016, 1.2156768328858707, 0.565604912810586, 0.18697088519899188
0.6418660423685263, 1.0335695634552495, 0.4131557067367157, 0.12755597451008324
0.4681665048820876, 1.3715056013083124, 0.5924972143813207, 0.21760931022049151
0.6794952321132872, 0.963877211882239, 0.3710385493565964, 0.11745699803708846
0.6179409581453778, 1.0653833471989127, 0.42529882171628686, 0.13582758250948113
0.5471364129503797, 1.2274508562768804, 0.48555381105514844, 0.14674027723549254
0.5710614971735283, 1.0855156618066157, 0.4980101631559962, 0.16890634765969598
0.6455775709472963, 1.0466913706498846, 0.3965004316549905, 0.13101040789901935
0.6746416947410495, 0.8912858139040296, 0.35536372618212697, 0.12025432108134049
0.5191571975104208, 1.2214706074233193, 0.5110744567469038, 0.22422355294815793
0.5852795066522012, 1.0192554097662836, 0.44894794477215577, 0.16304596091365992
0.6986809798435448, 0.7703406085648791, 0.3180059568765125, 0.11627924625227208
0.6122880146177125, 1.0172757124362903, 0.41285833431700025, 0.13499523653501283
0.6479186889739051, 0.9256527652171737, 0.37880144331314686, 0.12254187416267356
0.6265060240963856, 1.0220011074510973, 0.4120825127697124, 0.15234559239876344
0.6275338320105065, 0.9549654285182929, 0.3865903723563007, 0.13486416453071834
0.6185119625421116, 0.9977167318196716, 0.4307943752448611, 0.15681681622090254
0.5808827727973506, 1.2072058110767845, 0.45143411754437, 0.14816064486618463
0.6834922628904243, 0.8763178459634594, 0.3444657432044521, 0.11331160795726307
0.7102152686575687, 0.7815409113032885, 0.3257957916480196, 0.10834678429855846
0.62051047793068, 0.986979491983107, 0.42501551031273976, 0.13519927790656935
0.6259350196996517, 1.0816163322504362, 0.40686858058110636, 0.13422591455204597
0.6725860789128076, 0.9330923013840706, 0.3827662240830254, 0.13376695806524852
0.5244675384000457, 1.356463805917403, 0.46157466443661865, 0.1459834775275174
0.5437674870096499, 1.243891372993772, 0.47065422155078346, 0.1459918732013316
0.632501570262091, 0.9342675336267621, 0.387229323164639, 0.12356502427181512
0.6563124536058927, 0.8952780488740436, 0.3593205356455697, 0.12303796645076748
0.5168731799234854, 1.3864757565431212, 0.5457609999873172, 0.21687706939667165
0.7109004739336493, 0.751235702162969, 0.3232480601033908, 0.10686333664018814
0.6887455033403758, 0.8291466813556834, 0.33407397469305716, 0.12181612238774946
0.6047507565808257, 1.2377176214846288, 0.39630903357663366, 0.13772391639117557
0.6596242791069491, 0.9162511044025378, 0.37126900056193046, 0.11900652675174261
0.6956546565408553, 0.9597749564896423, 0.33553675687071166, 0.11819320787055491
0.6934277393935934, 0.9263663594619763, 0.3418243521548097, 0.11241568308459679
0.7059898361217382, 0.8832740794289036, 0.3299810525265786, 0.10763253142288223
0.6715011705590133, 0.9574377548847426, 0.35794261517200654, 0.11296108821724742
0.653685833380917, 1.0607296303285143, 0.3785291950008881, 0.12552210870004094
0.7101581682178952, 0.751205029067282, 0.3161212319773907, 0.11335708651054247
0.7199223434020442, 0.7934671689130086, 0.31192351053143436, 0.10512347747224345
0.6801233369496945, 0.9045021676872735, 0.3675187922333605, 0.11393739142788144
0.6339290812539257, 1.0589930821539695, 0.3953296179846254, 0.13261480813994445
0.611317307143265, 1.1148724226687508, 0.40986930398693905, 0.13798458153693
0.5823673842288586, 1.1193215255411502, 0.4413612167712305, 0.15486697966569207
0.6905156169702507, 0.7595792475340166, 0.33477164748126886, 0.1178639921781733
0.6753840004568035, 0.88254903916834, 0.34787096225793646, 0.12250560367985634
0.6636784103237595, 0.9212328030482444, 0.35762692720276584, 0.11820995770741098
0.6720721749557471, 0.8318121233509957, 0.3525612649450985, 0.12142941396289557
0.667618340661223, 0.8668973272369058, 0.3569144388056839, 0.11343843644647995
0.6426083480842802, 0.9081635961495548, 0.37556879166468216, 0.12420040558022187
0.5831096899446125, 1.0766594763847765, 0.4331999966988433, 0.1527553735349894
0.6935990407126135, 0.8736780506616795, 0.3351984549907312, 0.11421275102792505
0.6933706389539199, 0.7397120511519322, 0.3234423644628794, 0.13295062433111343
0.6825215554159767, 0.7736253717230994, 0.3355360992689227, 0.11510527552175451
0.6825215554159767, 0.8899051074906811, 0.351447923929966, 0.11686753792303942
0.6231941985953292, 1.1160841928594363, 0.3963559157059352, 0.1304976555693602
0.7070176440358591, 0.7605758104319399, 0.32024711184129634, 0.10689618776683588
0.7184948324102095, 0.8262878814317047, 0.32131653084839784, 0.11016511056706661
0.6149717352823617, 1.119285523980384, 0.3998164002503894, 0.15057504063811375
0.7183235310911894, 0.8703497387311937, 0.3162331650770872, 0.10385318863025846
0.7036487180951293, 0.867804943780276, 0.32373096632764276, 0.11964949844735151
0.7167818192200079, 0.9063897194295729, 0.32246010674508246, 0.11258064807597416
0.7059327356820647, 0.8149953674553699, 0.32516417015901417, 0.11163171834271454
0.7013076000685206, 0.8751279441773128, 0.33234295047746987, 0.11420826317118511
0.683891965968138, 0.9073869493105563, 0.34300960112132406, 0.1188003821285704
0.6528293267858163, 0.9135736383344428, 0.3539640628418888, 0.12145950195132908
0.7503568777479587, 0.6826663938710359, 0.28335844738344906, 0.09499491500180353
0.6977673728087707, 0.8776050521658443, 0.32712033700017307, 0.1158411440526794
0.7196368412036772, 0.7785182831963037, 0.3133100166371901, 0.1112219833489712
0.7303717238622738, 0.7712539724316109, 0.3018689940149032, 0.1147010915436282
0.10169588305829955, 2.3008268584681217, 0.8552046442301903, 0.5183813657794514
0.10198138525666647, 2.5102178273267426, 0.9110285525287221, 0.500846998470182
0.2679152629475247, 2.3328879638465736, 0.7937664651650185, 0.238361120328808
0.28373208473705247, 2.255592271401412, 0.7807558096479984, 0.2794151271660744
0.411351567407069, 1.6986930551037065, 0.645850994290617, 0.2149899387484837
0.32427339690515616, 1.9832941460062246, 0.7391014922926727, 0.26591568649077246
0.5489636270199281, 1.4949504357242491, 0.5345358944340018, 0.15501559090759637
0.3741220807400217, 1.6802640693383575, 0.6770793364656551, 0.27012538812008846
0.4401301890024553, 1.5650476124019583, 0.6226472982333286, 0.24215381500456626
0.5104208302403929, 1.3426658092103338, 0.5605798917319478, 0.1937972548944882
0.46331296750984985, 1.3827912957716344, 0.5953252110252095, 0.20257762089995227
0.5775138468566208, 1.280817868648234, 0.4823764054815907, 0.1664951247643967
0.46759550048535375, 1.417434934035734, 0.6204467411496049, 0.21582032346320418
0.5642665448523954, 1.358061914227927, 0.48905295397231124, 0.15099888298819247
0.5300062810483641, 1.3501818864831001, 0.49898970919582847, 0.15571330600047323
0.5214412150973563, 1.2423303864217947, 0.5317984665893736, 0.17084639608445445
0.5149888654142637, 1.1691301645340832, 0.5267494870302287, 0.21340250448962075
0.5726032090447096, 1.0907308170584153, 0.4789411817070922, 0.14287409681072444
0.46331296750984985, 1.2748956792527726, 0.5958172955522707, 0.19357656314635435
0.5574715925312624, 1.1243194092256752, 0.47456940663086067, 0.14502228286051289
0.5750585279506653, 1.057716025571343, 0.4546977313057166, 0.1500315501394607
0.5593559070404842, 1.2455702989310211, 0.4698158751434269, 0.14470316051828122
0.6239936047507566, 0.9341604957217826, 0.4292553834821417, 0.13920422184745937
0.6629932050476789, 0.9316472333231554, 0.3896083582057782, 0.1267328019775928
0.6623651002112716, 0.9118489928333829, 0.37057729695199454, 0.12729327377799549
0.5046536858333809, 1.2825715154635313, 0.544777905633093, 0.21719742658747884
0.5750585279506653, 1.0929312938686562, 0.5079194552439044, 0.17423007944232732
0.6427796494033005, 1.0245183840975158, 0.41111219334796767, 0.12277368164977398
0.5697481870610404, 1.1113444506118426, 0.4417687826020333, 0.17268142957603608
0.5390852509564323, 1.157297350400735, 0.47957628533719443, 0.18461726222386735
0.6092045908753497, 1.0612214552340686, 0.4487895128750254, 0.1591489553725129
0.5437674870096499, 1.2001436922867006, 0.5104543313940078, 0.1605868080392968
0.6759550048535373, 0.8497486754944298, 0.3402909463000764, 0.12231585053745568
0.6344429852109861, 1.038591544714296, 0.3939838427120685, 0.13681648473262056
0.6632216068063724, 0.819772144613751, 0.3577700437316528, 0.12284429998384198
0.6767544110089647, 0.9231248867597984, 0.36427653454437803, 0.11326134567346222
0.6400959287386513, 0.8934513302537999, 0.37559910017941245, 0.146502238472249
0.7246045794552618, 0.8136394494143765, 0.3220965836836727, 0.11559563742131582
0.5904756466624793, 1.1128915757607998, 0.41165109739563527, 0.1427857831343992
0.640038828298978, 0.9048213908767464, 0.37504916008238187, 0.1275806183239496
0.623308399474676, 1.020053683298203, 0.4008205923249216, 0.12647632712538165
0.6753269000171301, 0.8841854684944376, 0.3588510648084765, 0.10998245786179536
0.678581625078513, 0.8978642094804828, 0.38002763122678174, 0.13844438941950307
0.653685833380917, 0.9834718804602582, 0.3587520956801916, 0.12659079173881885
0.6837206646491178, 0.8744423621397844, 0.3463007912294839, 0.11442801461353169
0.7067321418374921, 0.8314970263849999, 0.3459159027777673, 0.12172854434922917
0.7287158111117455, 0.734929829034698, 0.3126807699097752, 0.10607267971523086
0.7331125449665963, 0.7388012041379002, 0.2965930379122881, 0.10668284922804708
0.7279164049563182, 0.7865467964592475, 0.3236983368527168, 0.10326179914302172
0.7107862730543025, 0.7492695672033176, 0.3175775595756911, 0.11540301491796814
0.6738422885856221, 0.8525346943051727, 0.3641922407615771, 0.13772185875527018
0.6938845429109805, 0.8034698797818965, 0.35123761468255343, 0.11900417013861016
0.6870895905898475, 0.9254234494729806, 0.35960600212919935, 0.12341268660145943
0.7223776623079998, 0.8610286499406958, 0.32969572452890566, 0.11485850450923427
0.6974247701707303, 0.8063036660785404, 0.3214635454436948, 0.10840196372333792
0.7220921601096328, 0.7593573485558677, 0.33178134003601834, 0.10873355506072672
0.6742990921030092, 0.8292444428820112, 0.3399457145163478, 0.11518027596488704
0.6327299720207845, 1.0111455882100238, 0.38014317639423556, 0.16175511532254785
0.6534003311825501, 0.9032566011471581, 0.3584562270648192, 0.12221058031796965
0.718551932849883, 0.7376908401543902, 0.3101899677869124, 0.11267815496896036
0.7162679152629475, 0.8375299408702185, 0.3171469673553764, 0.11344772211094982
0.6388397190658368, 1.004154458585337, 0.40141325008155854, 0.14519762147598075
0.6877747958659282, 0.8001730708781324, 0.33817767128011467, 0.12299110079970439
0.6895449094958032, 0.8570464685587484, 0.34479433496335743, 0.1138389183543064
0.7130131902015645, 0.8058424845243953, 0.3261322226649175, 0.10538016798018587
0.7134128932792783, 0.8592412605991665, 0.3340672459148997, 0.11576987535407539
0.75189858961914, 0.6500635296943374, 0.28103007870096897, 0.10626801001181614
0.6610517900987838, 0.9224298327998658, 0.3812466205792539, 0.13304871762293385
0.6771541140866785, 0.8114542171981253, 0.34053671136230534, 0.11687159473821096
0.720778849997145, 0.7200728608850243, 0.3134759636601737, 0.10964222555030087
0.7284303089133787, 0.7152001149859482, 0.2952044413411922, 0.11095887736901242
0.6456917718266431, 0.8519726994848831, 0.3652557931177146, 0.1339330318179721
0.7067892422771656, 0.7853830379865158, 0.3282269303448687, 0.11214698427753056
0.6810369439844687, 0.8359887961947595, 0.3724480149810805, 0.13779474096224584
0.7238051732998344, 0.7765967967919114, 0.3203571651292612, 0.1078744618970714
0.6435790555587279, 0.933754259059856, 0.4052601716035393, 0.15431989726811243
0.693085136755553, 0.8443584993356147, 0.3555660150836986, 0.12689256666781606
0.7209501513161651, 0.7218097019794406, 0.29930637269039184, 0.11721188103601121
0.6922857306001257, 0.8114141756051811, 0.3287841180950021, 0.11972086094554002
0.6959972591788957, 0.7713683527607524, 0.3284361609119592, 0.12698363542726582
0.7218637583509393, 0.7506185228040203, 0.3091855051845077, 0.1086151915233132
0.7079883515103066, 0.804359610880028, 0.3287571961254859, 0.1133410779925478
0.6973105692913836, 0.7231511916519663, 0.31432317879241206, 0.11459581716917014
0.6445497630331753, 0.8431962283205354, 0.3486756625624815, 0.12289545057544712
0.7389367898132816, 0.6842169372124722, 0.2787834583736411, 0.10532214296653716
0.7373950779421001, 0.7117204899933237, 0.2829494946196126, 0.10715682223544287
0.7001084908353794, 0.8280600564574635, 0.33576149004418154, 0.12026621675535618
0.7198081425226974, 0.7288834662740499, 0.2975299308059812, 0.10982800186051178
0.7223776623079998, 0.7083910087540722, 0.30021057473128787, 0.10818828045076453
0.666419231428082, 0.9348971892986851, 0.35871856676708525, 0.12515941100908146
0.723291269342774, 0.721218440601316, 0.29392367658406465, 0.11445477271669591
0.7550962142408496, 0.6620293498766042, 0.2889009219365173, 0.10359293354534707
0.6467766801804374, 0.9493626699675579, 0.3818669427667912, 0.12456749361234162
0.7705133329526638, 0.6412702901094298, 0.26358121371280946, 0.09552890633027226
0.6856049791583395, 0.7432017532387731, 0.3356119144858251, 0.1516046289392416
0.6886884029007023, 0.8426525445917107, 0.34339113790389947, 0.1371528034886327
0.72626049220579, 0.7493994337110369, 0.3091554311604715, 0.10239722970314251
0.7830754296808086, 0.5787814563766976, 0.24580634794026862, 0.09526905746542436
0.7446468337806201, 0.6471261853741034, 0.2740064175545169, 0.10974057629898512
0.7351681607948382, 0.7007756890997663, 0.28659838751203603, 0.12017922086004992
0.7494432707131845, 0.7050500417156709, 0.2947496076010911, 0.10675207618757118
0.10329469536915434, 2.303679025241937, 0.8829426029575875, 0.42802382295266844
0.21275623822303433, 2.247092186230442, 0.7858748946914338, 0.2780293202346352
0.32867013076000684, 2.1371587793211577, 0.738535807183107, 0.28503795912357077
0.3350082795637526, 1.9836387088159528, 0.7244465358699558, 0.2608611477208525
0.3894820990121624, 2.199809569512995, 0.6490919458879035, 0.2029509248969396
0.43065151601667334, 1.6021404716617027, 0.6443547109337764, 0.18890322293011458
0.38965340033118256, 1.448138893310023, 0.6643280161869052, 0.20861235582152116
0.45486210243818875, 1.3807418407867107, 0.5921013367394304, 0.19902913180962556
0.45366299320504766, 1.4161060311377545, 0.5847417487945824, 0.18481467391955736
0.5574715925312624, 1.293163412357734, 0.4954428492016424, 0.14886535321776334
0.5122480443099412, 1.3382489698544064, 0.5479194049853959, 0.20036596041804752
0.5066522012219494, 1.2674224357144783, 0.5618498791609178, 0.17299021792173294
0.49140638382915547, 1.3045905347285354, 0.5707674781181, 0.1931485339276268
0.44869525495346313, 1.4848461923912855, 0.5547146807461563, 0.20907078454300615
0.5153885684919773, 1.1588875075666814, 0.5282387468418533, 0.166913105833819
0.5195569005881345, 1.3519466177984942, 0.486293544432254, 0.20223250068244797
0.4654827842174385, 1.3156950993775876, 0.5883318615006944, 0.18219082637070705
0.5285216696168561, 1.1799132879603285, 0.5158484809797694, 0.19516746612421135
0.47616056643636157, 1.286961011457966, 0.5759819515530481, 0.20842188247905832
0.5042539827556672, 1.3736477964792493, 0.556223485908508, 0.20986061986314591
0.5582138982470165, 1.0912009430695189, 0.4692254423764462, 0.16413778451080202
0.49186318734654255, 1.257863114677875, 0.5204904621780498, 0.17163481604583605
0.5735168160794838, 0.9948495938986402, 0.4799688288279843, 0.16878535519786256
0.5966424941472049, 1.0224489803904417, 0.41479456209257853, 0.13102518671554306
0.38776908582196085, 1.9485924663740075, 0.6406118526693526, 0.25026888197739094
0.6197681722149261, 0.9183295755450627, 0.38788143964647326, 0.13568397542030414
0.6459201735853366, 0.9106543457209689, 0.3940384222311592, 0.12604598234806533
0.6888026037800491, 0.9179662183223977, 0.34797966984128637, 0.1122461390434295
0.6073773768058014, 1.0523876002341193, 0.4606604506964914, 0.16121657441162007
0.5826528864272255, 1.0666021072493301, 0.4891359448679033, 0.16108056535329865
0.5833951921429795, 1.1426510580918594, 0.4563382898639924, 0.15394280028624932
0.4265402843601896, 1.429434296732832, 0.6166357164780959, 0.2271007684044141
0.5584994004453834, 1.1155477775558769, 0.46868617906914495, 0.15652021360148988
0.6479186889739051, 0.8831397717878072, 0.3810888457208036, 0.12667859011809351
0.5990978130531605, 1.019693540481637, 0.4225184978660475, 0.16091874703642356
0.6446639639125221, 0.9421341817147788, 0.38507727207419723, 0.1240170868356401
0.52909267401359, 1.2791522882567896, 0.5211486715053913, 0.22118652827934007
0.6968537657739965, 0.8304278517972806, 0.3350063555652395, 0.11530535913957488
0.6958830582995489, 0.8596791527905934, 0.3651957189004536, 0.11424338235736928
0.5632958373779479, 1.3239557503639703, 0.5247327448321316, 0.1931262706004866
0.626277622337692, 0.939604762014371, 0.3985985921180124, 0.1523667837002883
0.6561411522868726, 0.9280188512432509, 0.35393154193680865, 0.1429219062078601
0.6736709872666019, 0.8710262027511895, 0.34340574142826125, 0.1356256323512292
0.6837777650887912, 0.7751732732912825, 0.3400722725244787, 0.12889139451250625
0.6281048364072404, 0.9057368351326217, 0.4012170651604416, 0.14947476992147474
0.6197681722149261, 0.9010041815065554, 0.4207681043446244, 0.1537906130251398
0.6225089933192486, 0.9135933749393469, 0.4247760702417323, 0.14837462091294243
0.6850910752012791, 0.7879610056324424, 0.33962566055674703, 0.11595174148624107
0.6376977102723691, 0.9380775320119311, 0.39366433853440436, 0.13472230809247024
0.6194826700165591, 0.9590305031449752, 0.40024232469209364, 0.16277773745237267
0.5122480443099412, 1.4019833837695321, 0.539686121799617, 0.22512352267170646
0.6274767315708331, 0.9402381293446911, 0.3714491285463725, 0.14700429669769652
0.6863472848740936, 0.821346658264752, 0.34158527253983756, 0.11177282599760978
0.6625935019699651, 0.8592666805004595, 0.35836287950061274, 0.1239084260532862
0.739450693770342, 0.6955924393522591, 0.2948876153906924, 0.10154198778366197
0.6905727174099241, 0.7717610162842953, 0.3323715025675496, 0.12291561862556626
0.5841374978587335, 1.0621965250284013, 0.47163147723337995, 0.1904735585247281
0.6957117569805288, 0.8138006591313834, 0.33945012893327686, 0.11589182338500521
0.7128989893222177, 0.7705571282067799, 0.31830719974469035, 0.11136442869509153
0.6523725232684292, 0.9239838194069983, 0.37815878627410815, 0.12447751434439928
0.6745274938617027, 0.8508219039642091, 0.34861935157738083, 0.12183822847464276
0.6665334323074288, 0.9372424473414356, 0.3597279980930904, 0.11207136972840712
0.6262205218980186, 0.8709290821102263, 0.3893583754539444, 0.1542445925737593
0.6847484725632388, 0.7519184462338974, 0.33146776307624437, 0.12338734483618412
0.7271169988008908, 0.7520039736305009, 0.31812453617064823, 0.10704726307345977
0.6732712841888883, 0.8673338884182926, 0.3414111506755634, 0.12382636820727551
0.6777251184834123, 0.9103327503459188, 0.3461427354881707, 0.12233900965851494
0.6349568891680466, 0.9479235397285894, 0.38669156823500817, 0.12515216739563334
0.6399817278593045, 0.9501335674144009, 0.4046657813026199, 0.13332620295608502
0.5925883629303945, 0.9586062321355463, 0.3971668525071749, 0.15038575251548236
0.6792668303545937, 0.7977925854213019, 0.329916164289777, 0.12510420318313387
0.7432193227887854, 0.6893952435043069, 0.2982936334044743, 0.09737462286570052
0.7328841432079027, 0.7163759612452312, 0.30413112759800065, 0.10739264075129551
0.6958259578598756, 0.8124449819047265, 0.3568984519041681, 0.12907436047636478
0.7569805287500714, 0.6707512840776674, 0.2807360720683539, 0.09742977783398983
0.6918860275224119, 0.7717198578138863, 0.33135125280758854, 0.12617576561862967
0.7592645463370068, 0.6516968278347921, 0.2787229795990248, 0.09971870538971683
0.7449894364186604, 0.6669866300942295, 0.2960715780743315, 0.10493708139872826
0.7118140809684235, 0.7731609613019857, 0.33291555823093677, 0.1059295026777117
0.7445326329012734, 0.6835955679514473, 0.2852805934058079, 0.0974834769322418
0.7288871124307658, 0.6759812045972039, 0.29537925032926454, 0.10888581539264289
0.717238622737395, 0.7627222157553394, 0.33823414861224727, 0.12574989810660733
0.7547536116028093, 0.6601303350005163, 0.2839818560455332, 0.10300850521887125
0.7295723177068464, 0.7290167050526117, 0.3304513819766944, 0.11954883187000909
0.7383086849768743, 0.715232849939441, 0.3080576338633233, 0.10562088692887217
0.7142122994347057, 0.7205742714817424, 0.3200706494811072, 0.11304075886612
0.6982241763261577, 0.8108524638999213, 0.3336200937605657, 0.12265978887255136
0.7164963170216411, 0.7524469915401151, 0.3165263301324948, 0.11175666161239439
0.7300862216639068, 0.704361341603316, 0.2820029473876598, 0.10922158347553315
0.712784788442871, 0.717834833643636, 0.3170428895739298, 0.10851312478235764
0.7003939930337464, 0.7991953093540416, 0.3349734180031453, 0.11558872264478301
0.7614914634842689, 0.6302161593220318, 0.2775608619084379, 0.0978686787243934
0.7510991834637126, 0.6748953369972793, 0.2829902781647876, 0.10165721890416235
0.7328270427682293, 0.7067056471008202, 0.31065785136719526, 0.11203471845779996
0.7264317935248101, 0.7696649839365624, 0.32496319307170596, 0.11572727950911658
0.5808256723576771, 1.1712739657190767, 0.44255850742543135, 0.17417623983936442
0.6183977616627648, 1.0952298671976288, 0.3902010457696988, 0.18489391113583498
0.6518015188716954, 0.8143268602727429, 0.381191478640977, 0.14369919458273367
0.6974818706104037, 0.7126048188256398, 0.31635317698634285, 0.12825554105755102
0.60954719351339, 0.9631484402424529, 0.3834776261950108, 0.13107666323153613
0.7465311482898418, 0.6927635727541932, 0.2800882728765748, 0.10722101372415263
0.11008964769028722, 2.3052707769430625, 0.8968307998223581, 0.3614635600398049
0.2749386170273511, 2.3487052999231373, 0.759372776472758, 0.32103004783754485
0.21778107691429224, 2.4274115747450584, 0.7918276219605799, 0.2875997017185892
0.3606463769771027, 2.129904982892285, 0.6498836496968635, 0.2492484823655122
0.3921658196768115, 1.9506736341679871, 0.6501961531585043, 0.2714945486389203
0.32986923999314793, 2.099925001052468, 0.6542728512825678, 0.20693452246151395
0.41557699994289954, 1.8422334041976747, 0.5878916478674572, 0.22381794200588057
0.281733569348484, 2.227992563018407, 0.7205050759198621, 0.27312266750413056
0.5363444298521098, 1.5717453298444568, 0.4997628825514244, 0.1792871792050874
0.34562896134300236, 1.9234980578181038, 0.6726700331161168, 0.24916929207048893
0.5139039570604693, 1.460218806876734, 0.5449412589560134, 0.22547724041582268
0.44869525495346313, 1.840912535801838, 0.6123925591742801, 0.22334115731447612
0.5403414606292468, 1.3427062633180444, 0.5161827321923147, 0.15580242872192263
0.46348426882887, 1.4036506608793071, 0.549485212158533, 0.20379622200048414
0.5207560098212757, 1.2550078588826368, 0.5010827825205741, 0.17703161193588332
0.46405527322560386, 1.4024812058865095, 0.5835485826532377, 0.21144416124494164
0.5361731285330897, 1.2616051529647805, 0.47507552162647854, 0.17265404661155612
0.5341746131445212, 1.1219565698914522, 0.49627225723176444, 0.15824768373537973
0.49454690801119167, 1.295818134576077, 0.5752479674105176, 0.18550664337372452
0.5612973219893793, 1.1103128491953669, 0.4571829556752215, 0.17336254219579475
0.5271512590646948, 1.2693462863871652, 0.5255330719191881, 0.20475888588389884
0.4999714497801633, 1.4007592811512166, 0.5091280071162619, 0.21180728679841482
0.5769428424598869, 1.1505215655233119, 0.45312703175004343, 0.1694379040857641
0.5961856906298179, 0.9667948753627402, 0.4277206334630213, 0.14095169538480942
0.5573573916519157, 1.105582446899956, 0.4541983411343494, 0.15555543018595258
0.49340489921772396, 1.4575255847490984, 0.5050292240443939, 0.2223377356735973
0.5411408667846742, 1.0938298160670037, 0.4709285095091231, 0.17254840154652107
0.4222006509450123, 1.5982114772253793, 0.5997111127630437, 0.20741946727878818
0.598127105578713, 0.9894300740693763, 0.4262306936219806, 0.16292789676997507
0.49928624450408265, 1.167386404418652, 0.49830283961365474, 0.18730440739893123
0.5891052361103181, 1.0413695247968833, 0.42214621357957344, 0.18406427781696247
0.5851653057728544, 1.0238912984067692, 0.420662685602016, 0.15046286314149387
0.5591275052817907, 1.0837502309132838, 0.4369239500979817, 0.16898886312227143
0.5738594187175241, 1.0681155026601417, 0.4551237297610111, 0.1773850729327364
0.5972134985439388, 0.9488637008219944, 0.40477033163521703, 0.1495164350683336
0.575172728830012, 1.0104431395089446, 0.43010907216416827, 0.16892022993553046
0.4761034659966882, 1.335125023935943, 0.5753939424253552, 0.2361114569441614
0.6520299206303889, 0.8913125435431033, 0.3847398989080594, 0.14348323430027082
0.6084622851595958, 1.0606004958302813, 0.4240262118578063, 0.1477604495301064
0.5364015302917833, 1.1107762313222893, 0.4662083994627798, 0.19409611409304697
0.6624793010906184, 0.8370652983841181, 0.36067261223482583, 0.12318280687156458
0.6323302689430709, 0.9657281905353965, 0.40876814464393646, 0.148115844972664
0.5019699651687318, 1.1569980052748627, 0.5031464887673938, 0.21163285075900737
0.6500314052418203, 0.9660774298620198, 0.39807020201075316, 0.13767750894487366
0.6129732198937932, 1.0540504415386536, 0.4418152792270803, 0.16333714286566942
0.5575857934106092, 1.083565934010738, 0.4642153403078825, 0.17682840813508435
0.5168731799234854, 1.1102955938623564, 0.46929753194542434, 0.1677243836673053
0.6122880146177125, 1.0334802656492175, 0.4079525016746645, 0.14701348836150738
0.6485467938103123, 0.9404186159603393, 0.4146141667578987, 0.1421964115859783
0.6352994918060869, 0.9103692799996324, 0.3782029018620916, 0.13068394777735906
0.6085193855992691, 1.0373860103993024, 0.4147847083825007, 0.16366711718827603
0.5758579341060927, 1.0177237329011972, 0.4147818786885608, 0.1512172882213604
0.5425112773368355, 1.0993418923763834, 0.4463196756391154, 0.17554809697758617
0.7550962142408496, 0.7002443140342853, 0.2729737277910627, 0.09760586973150627
0.671900873636727, 0.846030316771388, 0.3794920535200078, 0.13553781461962355
0.6509450122765945, 0.9209458167641281, 0.3759841825100344, 0.13069764777278906
0.6341003825729458, 0.9109263123744662, 0.37071208418258556, 0.14776120913164897
0.6964540626962827, 0.8147642869865093, 0.3373400670094076, 0.11798664626905395
0.6186261634214584, 0.9984659733031667, 0.3863919262488068, 0.13291529989816872
0.6585964711928282, 0.9058743633349325, 0.3510067478177533, 0.13554578317188656
0.5505053388911094, 1.0830717776142464, 0.4612014106088706, 0.1875347132019761
0.6942842459886941, 0.8552615596586655, 0.3505965545362375, 0.1270471574837111
0.734254553760064, 0.6838865691576064, 0.30244151036550343, 0.10582675130367025
0.7411066065208702, 0.7485795627249584, 0.30084088608097914, 0.10358379617040167
0.6984525780848513, 0.9164295377370276, 0.36096065034426417, 0.12808316346468918
0.6760692057328841, 0.808418184429181, 0.34255669301515584, 0.12770034983986056
0.6917718266430651, 0.8139090810119277, 0.3468105303462762, 0.11854370655594682
0.6954833552218352, 0.8383235466796516, 0.32769104226985246, 0.11860853393073534
0.7153543082281734, 0.722988576953191, 0.31490868743092737, 0.11898494382120035
0.7061040370010849, 0.7696635303098195, 0.3303491621762568, 0.1170766870772609
0.6584251698738081, 0.8547267156870555, 0.36986984245755655, 0.14059340727630906
0.6434648546793811, 0.8858186574375729, 0.3606659038262202, 0.1585570084911221
0.5903614457831325, 0.9361063248283188, 0.4157764614641894, 0.16728416093788323
0.7171244218580483, 0.7571581293166768, 0.32466075780735737, 0.11480391687531433
0.6824644549763034, 0.8623366270321527, 0.3736156279166879, 0.14036726981323616
0.6899446125735168, 0.8435645901507712, 0.3533489840573898, 0.132011152565873
0.6278764346485468, 1.0780073261794734, 0.3765420821189289, 0.17817936065776124
0.6168560497915834, 1.0600576878649808, 0.3988849844892357, 0.1475094090088232
0.691315023125678, 0.7809593060815354, 0.32178507945514967, 0.12146947903268553
0.6337006794952321, 1.0583885266658666, 0.40676155985876844, 0.16927961698879795
0.7254039856106892, 0.7582277423031967, 0.3156242382844797, 0.11889399197439135
0.6951978530234683, 0.8053055898020135, 0.3326135144332404, 0.12261642876930731
0.6876034945469081, 0.8406350134662322, 0.34045259759018925, 0.13207604833956796
0.7189516359275966, 0.7539558941088124, 0.3174283583117781, 0.1157156592068217
0.6744703934220293, 0.8260470958623151, 0.34706598331798244, 0.13219579975954476
0.7351681607948382, 0.7021234004761968, 0.28905552689281455, 0.11275610938410933
0.674413292982356, 0.8584955080687992, 0.3493805553052252, 0.12443019841756797
0.6453491691886027, 0.8991468323193959, 0.35922247635172644, 0.12635857517990753
0.6872037914691943, 0.8008713419794056, 0.33567510612988594, 0.11912883602902265
0.7194084394449837, 0.7653370775854162, 0.32711032893722664, 0.11802795446981233
0.6076628790041684, 0.8842582725097903, 0.40392575889522425, 0.1765652742514199
0.6413521384114658, 0.9050079041561028, 0.390975327235346, 0.149813250923659
0.7370524753040598, 0.6823943422080169, 0.2949049376641427, 0.11206975723849961
0.6194826700165591, 1.0524488413419095, 0.38099467375129065, 0.18715261597761942
0.6800091360703477, 0.8113136991892198, 0.346047014059421, 0.13441777931974974
0.747444755324616, 0.6549233988506874, 0.28071341461621824, 0.10570941504024264
0.7262033917661166, 0.7699871307121624, 0.3215517310166631, 0.11478782672082992
0.5483926226231942, 1.2182131856647478, 0.5003917547223486, 0.21300636465964534
0.6534003311825501, 0.8995581208102171, 0.363118294437909, 0.12582662427162083
0.6860617826757266, 0.7958870519838157, 0.33412923460968524, 0.11799164494332179
0.6352994918060869, 0.951293700417472, 0.386552195863139, 0.14365788507335958
0.0735453662993205, 2.3063972746428067, 0.900839645834884, 0.2557034847949789
0.09958316679038429, 2.43785694301935, 0.9126100337628922, 0.5033484615725363
0.18500542454176896, 2.406980266676824, 0.8450612838158944, 0.33871871304565515
0.34254553760063955, 2.1647682557718366, 0.6939279152499561, 0.22877314073882732
0.3432307428767202, 2.1751196153675925, 0.6676546373961544, 0.22414046368299267
0.33409467252897845, 2.0206655874020476, 0.6993105339779946, 0.25428111213687005
0.34522925826528866, 1.6059144507815577, 0.6422596890749506, 0.2165762018395625
0.2710557871295609, 1.955855479381933, 0.7383452755829497, 0.2893314823057381
0.2727116998800891, 2.4665105905370424, 0.7777521768534773, 0.28350083238677454
0.37029635128190486, 1.8049828767613123, 0.7099599724613062, 0.2493276081983093
0.46102894992291443, 1.4450248770702099, 0.6264687252577388, 0.2075418188527661
0.47513275852224063, 1.472876914481559, 0.589368364527606, 0.19874321316269963
0.4301376120596129, 1.3961309422595, 0.6076475673611273, 0.20693748530863504
0.43105121909438704, 1.4602781093413952, 0.5853956714282724, 0.21699250550358626
0.46879460971849485, 1.3938456020057235, 0.5928497161411523, 0.20390739326092616
0.6054930622965797, 1.0962487579494746, 0.41264885936598317, 0.1418041944442914
0.6018957345971564, 1.2698932855611715, 0.42908306187075684, 0.148802589204287
0.47107862730543026, 1.3192417915160235, 0.5908795254296594, 0.20612198553161884
0.5277222634614287, 1.3500974040827534, 0.4968120079852568, 0.17440831438877977
0.4234568606178268, 1.4172422346265854, 0.6443535939804453, 0.21958681477840486
0.5151030662936105, 1.2969941916499041, 0.5168210194686294, 0.18735587070973683
0.4477245474790156, 1.372357148577347, 0.5624718155545126, 0.2597475182406507
0.4561754125506766, 1.381973401610099, 0.5726007945025372, 0.20237117040859048
0.5746017244332782, 1.0728021950126954, 0.4901253947568063, 0.16528458881880476
0.5867641180837092, 1.1024981735954142, 0.465534771678877, 0.1662832359568797
0.562724832981214, 1.0514258768532654, 0.48519372023651847, 0.16331808313506713
0.5622680294638269, 1.1073965415345142, 0.46303957931775813, 0.16834562558000496
0.37937532118997314, 1.7083937715438444, 0.6038144698556118, 0.23285690957884495
0.5276651630217553, 1.0486412541508463, 0.4940053681926897, 0.1830347097531247
0.48089990292925255, 1.3541220459315542, 0.5270197416056078, 0.21251256482249753
0.6538571346999372, 0.919945012611381, 0.36514890650672394, 0.12758737353208302
0.5841374978587335, 1.1639660658998812, 0.4232293400143751, 0.1892151033948446
0.5076229086963969, 1.2451342025662242, 0.5121233491206288, 0.16705477384616912
0.5624964312225205, 1.1005197900946686, 0.4518853748499948, 0.15204214706646602
0.6921144292811054, 0.8437239476224065, 0.3442068066495892, 0.10793338794254408
0.50733740649803, 1.256578205408924, 0.5619769466421698, 0.21068030690953715
0.6173128533089705, 0.9588276551802842, 0.41034349726895725, 0.13133898229985036
0.5538742648318392, 1.010783070292572, 0.4468066440432123, 0.17412351254031172
0.6792668303545937, 0.8102448479237486, 0.35370192263732386, 0.1234170779364298
0.6447781647918689, 0.9535615303365547, 0.39549111220990024, 0.1414319949285262
0.5593559070404842, 1.1790844848982436, 0.48053937449430906, 0.17272998904792208
0.6166847484725633, 0.9976721066544796, 0.4513849277133417, 0.1522046522976885
0.6848626734425856, 0.9075733820275155, 0.3664587421041751, 0.11516664517049428
0.7146120025124193, 0.7661075044826651, 0.3293832470434315, 0.11841126421641934
0.66790384285959, 0.8481515517914275, 0.3654271574059229, 0.1350565275594084
0.6425512476446069, 0.9010936056934278, 0.4058663732450135, 0.13576401903262025
0.6497459030434535, 0.9270127645785932, 0.3758155255007748, 0.13342477339274322
0.517558385199566, 1.391605158098651, 0.5170999519862935, 0.19086404559808928
0.7101581682178952, 0.7782586180146432, 0.3279270977939749, 0.11521300886294397
0.6444355621538286, 0.9433735992691078, 0.36421536319818504, 0.1474328771133014
0.6849768743219323, 0.8131555404217017, 0.35198150217828117, 0.11977331772532336
0.602580939873237, 1.1276877986899294, 0.46547090753728987, 0.18122550290891862
0.7045623251299035, 0.8460935246290631, 0.3427189836220346, 0.11321330484632841
0.6524296237081025, 0.8943750739359714, 0.36945917813118334, 0.1180867231539597
0.7378518814594872, 0.7151868985023784, 0.30804922648055555, 0.1035163784877446
0.6582538685547878, 0.869098232084382, 0.3714047547179057, 0.1398382033392731
0.7072460457945526, 0.7796794127010488, 0.35369144724872437, 0.122875265897182
0.6407811340147319, 0.8875017747036658, 0.408895938506205, 0.1466832771243916
0.6483183920516188, 0.9309019247300858, 0.4308760705696434, 0.15299237570708749
0.6388397190658368, 0.9469970588477452, 0.4141012696835601, 0.13859184344096154
0.6548849426140582, 0.805735971643344, 0.38481991208092314, 0.15882480096301482
0.6161137440758294, 1.026744028517843, 0.41108757337834223, 0.13790879824454422
0.6614514931764974, 0.8774949393673288, 0.3672230124423784, 0.11854779621385725
0.7045623251299035, 0.7491758573809206, 0.3235948005019429, 0.11875399721511673
0.7123279849254839, 0.7423792102607113, 0.3065472944026165, 0.1171057118012244
0.7013076000685206, 0.7524545890745918, 0.33401923918025, 0.12164638881206166
0.6813224461828357, 0.8568964293717442, 0.37418899299397285, 0.12410348154693751
0.6598526808656426, 0.8891827087280337, 0.3664956666906588, 0.1337725822279734
0.6931993376348998, 0.8389003518131917, 0.3273839667881185, 0.111411663377609
0.6782390224404727, 0.8768218504970103, 0.3758190495681032, 0.13951192367266224
0.6802946382687147, 0.8234508785564929, 0.3256282161844957, 0.12937465967183318
0.7152401073488266, 0.7379410032249858, 0.3040879089059267, 0.10655163710922792
0.7067892422771656, 0.7668299529358361, 0.3303907557363526, 0.11859781403543104
0.6820076514589163, 0.8812166047361487, 0.38164955100282116, 0.14027995486936645
0.6628219037286587, 0.9668119780988884, 0.36291101440208334, 0.11336512917860256
0.6953691543424885, 0.8395525833690413, 0.347233516987422, 0.12557394303395153
0.5993833152515274, 1.0351788569013092, 0.44459125191982596, 0.16833217690278462
0.7281448067150117, 0.7425956476188694, 0.31737743956867653, 0.11497174705847109
0.6480328898532519, 0.9826273458771532, 0.4122153431578335, 0.15572603312370237
0.7290013133101125, 0.7038567089969457, 0.2940636013157939, 0.10874800406170293
0.7155827099868669, 0.7658983205882355, 0.3144870669604869, 0.10514642393981369
0.6834922628904243, 0.8684112095874295, 0.3481902128624639, 0.11718362030481415
0.7351681607948382, 0.8188994860185963, 0.3193557261355072, 0.11416091664985942
0.7294010163878262, 0.7345834759759735, 0.29858019573899014, 0.11146192386039477
0.7423628161936847, 0.6942300144803114, 0.30099950417592347, 0.10283067490620565
0.7028493119397019, 0.7624814384212086, 0.31756075687716917, 0.12665737256728202
0.7189516359275966, 0.744092020500901, 0.3199283558574927, 0.11676829717719697
0.6848055730029121, 0.7998205237592597, 0.34275701441447126, 0.1341053681704305
0.682864158054017, 0.8094420144233263, 0.3423240210149319, 0.14314743903965127
0.6667618340661223, 0.8765158532263388, 0.35818048907080924, 0.13206803359057792
0.6226231941985954, 0.9345446616378876, 0.4121620337548203, 0.1529964749558134
0.6708159652829326, 0.7969090564033708, 0.3599542429068218, 0.13120329114516466
0.5918460572146406, 0.9564075621101229, 0.41033908292784654, 0.18486322399095162
0.7580654371038656, 0.6439650649257923, 0.28288080622930456, 0.10698572841412142
0.7263175926454634, 0.7172841342519015, 0.32339823418662517, 0.11549533146752877
0.7280306058356649, 0.7731246411831388, 0.3360773964950309, 0.11100805688092526
0.7419060126762976, 0.716902185756722, 0.31395852487318515, 0.1028870890596538
0.7192942385656369, 0.8589369310736358, 0.3358128149139953, 0.11686123002039742
0.7503568777479587, 0.6899652323157892, 0.2839200915996879, 0.09823702725331676
0.7009078969908068, 0.7455713697589756, 0.33092947415605845, 0.1305664148544932
0.7102152686575687, 0.8025851611368506, 0.352852985779521, 0.12415122396502212
0.11585679209729915, 2.3030202471807644, 0.83820460238067, 0.4512843576524929
0.1003254725061383, 2.395512901395023, 0.8623523483869725, 0.4750767578087638
0.10101067778221892, 2.9033309054975063, 0.9173406739535681, 0.49499536894459706
0.20870210700622394, 2.3464528931369584, 0.7272840506360018, 0.33847886593282533
0.29201164848969335, 2.148766096063843, 0.6697959067252188, 0.24443638263875656
0.3414606292468452, 2.0496847865457353, 0.6430122417742625, 0.18714213776466032
0.35316621937988923, 2.0824041009606145, 0.6763671611362716, 0.19307899080956284
0.3201621652486724, 1.8366777003190067, 0.6495296049796081, 0.21139974487504437
0.2937817621195683, 2.2138253272912194, 0.6662951448686819, 0.2823263800254593
0.4452121281333866, 1.251463701603605, 0.5350899110289065, 0.183170990768922
0.468223605321761, 1.6147457628294402, 0.5110028234691741, 0.1545068587626159
0.36213098840861074, 1.647915364499838, 0.6620733684832303, 0.23821369566418032
0.5561582824187746, 1.2184079494443236, 0.4503242827029935, 0.1482089379619562
0.5353166219379889, 1.2055925938840502, 0.4847356854104315, 0.16239890029461643
0.44589733340946724, 1.5634987078294285, 0.5796505957391676, 0.1895176649392249
0.5004853537372238, 1.2569210125188808, 0.5492281832520122, 0.1769616488191435
0.516816079483812, 1.2926340594653534, 0.501923523993254, 0.15892576522749496
0.5205276080625821, 1.1253338748476311, 0.4724413066683276, 0.16748938533517654
0.47975789413578485, 1.4083141497784786, 0.5303032562983124, 0.19042914717130793
0.5599269114372181, 1.2584791092922853, 0.4293542471110965, 0.18252081594790567
0.5904756466624793, 1.1246661018591473, 0.42232988084044515, 0.129754892162661
0.46257066179409584, 1.290129654776129, 0.5936744822834482, 0.20540969867131476
0.5742020213555644, 1.2080137514316913, 0.43180181318270294, 0.14773442902746564
0.5166447781647918, 1.2620981054291514, 0.4990300588364093, 0.1587439739936611
0.4215154456689317, 1.370769219962357, 0.6131857610837583, 0.21784055936792068
0.5884771312739108, 1.1431833877678785, 0.457721747590673, 0.14045592893963985
0.5147604636555702, 1.3923441067296298, 0.5090142292134516, 0.20776459257760732
0.584651401815794, 1.1371304657386188, 0.42425081466340375, 0.14957194004787372
0.552960657797065, 1.0988211789898192, 0.4548328339206109, 0.16743726370317158
0.5558727802204076, 1.206595127277805, 0.4783899870001547, 0.18465783306191835
0.5024838691257922, 1.3742428990514095, 0.5363816002200852, 0.1759131539519067
0.523325529606578, 1.1789632767333806, 0.4534840499615983, 0.15929301246025135
0.48683834865528464, 1.258296306987779, 0.5366885847821097, 0.1871655906470496
0.5917318563352938, 1.153224551298602, 0.4615768050553033, 0.1653070661207377
0.6221663906812083, 0.9771094784440091, 0.3822003863460568, 0.1440490071536583
0.5489065265802546, 1.177653596864386, 0.4523561881619987, 0.15165304244280892
0.608062582081882, 1.0003129627280753, 0.4106549868704952, 0.12909129261768057
0.5212699137783361, 1.2368256100018167, 0.46649628858165393, 0.16577087579182115
0.582881288185919, 1.1003509713371924, 0.4546760378967405, 0.16144753981027604
0.6219950893621881, 1.0233836105731746, 0.40915730722371857, 0.13996675177374715
0.5743162222349112, 1.1994088924827362, 0.4479064771342219, 0.15291397745967228
0.6078912807628619, 1.1030560836163188, 0.42833242527840787, 0.13961057268597515
0.5329755039113802, 1.1209131443574927, 0.46644372663392464, 0.16928713190707784
0.6040084508650717, 1.0395936910219374, 0.4148286206975794, 0.13913514543928862
0.5646662479301091, 1.0881735221904256, 0.4214761411809622, 0.15879331134245517
0.5571289898932221, 1.0948646413145466, 0.4315485237977585, 0.15088678359005633
0.38034602866442074, 1.6124838243502508, 0.6022935918851234, 0.2926731348771548
0.5784845543310684, 1.046353221041527, 0.4448714395551844, 0.16379715388004423
0.6457488722663165, 0.9188125602537663, 0.40802465351334494, 0.1499519008471373
0.6270770284931194, 0.9488380783551432, 0.38191900266850837, 0.14016468130576393
0.6364415005995546, 0.959773341693358, 0.36636352383570814, 0.1385169228809438
0.6283903386056072, 1.044492889575541, 0.3870137316381825, 0.12895047500555237
0.5746017244332782, 1.0635046201076812, 0.41865330149707436, 0.13470032102678944
0.6600810826243362, 0.9211298215218356, 0.34857195952197606, 0.11997982716260036
0.635756295323474, 1.048729411462201, 0.370016107128536, 0.12217786981451335
0.627019928053446, 0.950820354543882, 0.3868731555121061, 0.13983966305126425
0.603608747787358, 1.043210066734344, 0.39735480433137343, 0.17124120321570346
0.6318163649860103, 0.9020916709022629, 0.3654936412203873, 0.1321105414563796
0.5799691657625764, 1.1722455184403595, 0.42963223724617616, 0.15106731215399624
0.5542168674698795, 1.3161329800040866, 0.46794481451289044, 0.16568899731704684
0.5686632787072461, 1.2056323185949884, 0.45536120259422397, 0.15655420593443564
0.5588420030834237, 1.2260498685916186, 0.4606622500680168, 0.15871555205453575
0.6456917718266431, 0.959814769683165, 0.3700168494986278, 0.14131444114406116
0.638440015988123, 0.9431204223260943, 0.39746627685714053, 0.15580942431296657
0.7127276880031976, 1.2902248403826317, 0.29492539241650295, 0.11741380865718218
0.4631416661908297, 1.2898636634475886, 0.510815853450137, 0.19606137588835632
0.37275167018786043, 1.6697839008144235, 0.6135340002391007, 0.19056168912052163
0.41277907839890365, 1.6024429658378379, 0.5642827396604146, 0.21387802316306193
0.4803859989721921, 1.5285003427287394, 0.5020077535807512, 0.18175658194761787
0.5182435904756466, 1.438063629693853, 0.492186622550265, 0.15045896586545923
0.3779478101981385, 1.5633958258639455, 0.5753914645987944, 0.2627413729436024
0.49820133615028833, 1.216770408521866, 0.48098691859907616, 0.17040219310715488
0.4920344886655627, 1.332024427551889, 0.5085344209659018, 0.23871474409342341
0.4176326157711414, 1.3109843652031585, 0.5540950092847587, 0.2247436057848889
0.5720893050876492, 1.0080443311273994, 0.4233563971632715, 0.1507921156147677
0.7015931022668874, 0.846635947987239, 0.3185033912206455, 0.10279840061414362
0.6229657968366357, 1.0049351349460423, 0.4181306461391817, 0.1527852729492176
0.6242220065094501, 1.0028511135906624, 0.38569371644170664, 0.1258133613003337
0.5329755039113802, 1.0844585229586055, 0.45268309848592586, 0.1603960120431116
0.5023696682464455, 1.1899052566266333, 0.4641843693734858, 0.17320763043917894
0.6312453605892765, 0.9206236684043444, 0.38273335739561654, 0.1421354126879087
0.6162279449551762, 1.0844889947239078, 0.419868083935201, 0.14937559904195405
0.455490207274596, 1.2288652847921497, 0.5232445553079375, 0.2031732219152019
0.540512761948267, 1.2457862615368542, 0.43649050759644037, 0.1506925979717652
0.5888197339119511, 1.045930934608073, 0.3942091655865972, 0.13436914309704814
0.5697481870610404, 1.1820605758326783, 0.4153402636846354, 0.14430910424373566
0.5935590704048421, 1.612461674678321, 0.43118453789864325, 0.13304015230922517
0.3840004568035174, 1.6960985649083347, 0.6054084093071312, 0.3034856976424364
0.4643407754239708, 1.377631501907666, 0.5251227363188107, 0.20150716974688337
0.44195740307200365, 1.738044315737324, 0.5706813114579331, 0.1910111202512682
0.4124935762005367, 1.6368575091150697, 0.5516574302860416, 0.19992913766458104
0.45337749100668073, 1.633938787139851, 0.5127790167844274, 0.15579221568433327
0.4917489864671958, 1.3552272324311252, 0.48086575566539497, 0.16192880840149554
0.4850682350254097, 1.5248504268220706, 0.49871090145267233, 0.17393700632098755
0.5537600639524924, 1.1410319342969324, 0.4604912731627861, 0.15887865771207088
0.5642665448523954, 1.0937091749479917, 0.4492049932249609, 0.14405899897695607
0.5634100382572946, 1.0968988651096734, 0.4296686695115109, 0.13218318731955941
0.42351396105750017, 1.6259351905119654, 0.5406217691979365, 0.22590178244207076
0.621538285844801, 0.9507613478325555, 0.38821447579815416, 0.1446940326050047
0.5422257751384686, 1.1649862125012653, 0.49290570334185346, 0.19563327416385173
0.546736709872666, 1.1320807702932119, 0.44632265114633435, 0.15169571197888473
0.10329469536915434, 2.2965261278096376, 0.8884933344802161, 0.2486361442852869
0.10101067778221892, 2.5069398255335407, 0.9173406739535681, 0.49298885476533894
0.27990635527893565, 2.5486583818661277, 0.7356218013190534, 0.23413742114799554
0.3568206475189859, 2.0776893680044486, 0.6196498391291327, 0.21947130526497372
0.26277622337692, 2.1169604509566886, 0.7633839604443726, 0.3346721413146849
0.24444698224176326, 2.173281052441625, 0.7305781532872065, 0.3316120518711353
0.37572089305087647, 1.6109286776303986, 0.639352346485361, 0.2244420662881561
0.4008450865071661, 1.7427030744620613, 0.6120040038435826, 0.17337440497841436
0.4409295951578827, 1.5726655580216988, 0.5659837931038583, 0.1962184691299571
0.414606292468452, 1.525611650815361, 0.6137335327704146, 0.20146603663489038
0.3415177296865186, 1.5834704677530782, 0.6279852161307182, 0.2509145042010682
0.3658425169873808, 1.8427341663860577, 0.595429654801639, 0.26493760636622066
0.5558156797807343, 1.2044536763110738, 0.4451860988395523, 0.15751576914249535
0.4473248444013019, 1.3666479653542536, 0.5316935707064177, 0.17275640791456576
0.5199566036658482, 1.2094618106634318, 0.48734308938685744, 0.15268563452685852
0.3704105521612516, 1.8295222018633035, 0.6506898574453951, 0.23250350131883746
0.5111060355164735, 1.3791476565274965, 0.5053074486560452, 0.1690772673872422
0.46051504596585396, 1.4531110045137154, 0.5719791355665997, 0.2213369260644913
0.5352024210586421, 1.2503298399645013, 0.5218992427380046, 0.17281856980797278
0.4662821903728659, 1.2170144605773074, 0.5117460763626236, 0.19567105325512008
0.549705932735682, 1.207906841859498, 0.47299907184989876, 0.15831124743104574
0.574430423114258, 1.1897039811503873, 0.43133056909283585, 0.15329483535833952
0.6097184948324103, 1.0831912691987682, 0.3934909021995399, 0.13707552874188578
0.5309198880831383, 1.250581311183439, 0.4940871404229311, 0.16756178277685124
0.46348426882887, 1.3810491671106404, 0.5008675580816021, 0.1774742788341624
0.6002398218466283, 0.9920432915046282, 0.41738215251411487, 0.14623754053981694
0.5902472449037858, 0.996617800031194, 0.42152865068544143, 0.1479885194362704
0.5884771312739108, 1.00416223904087, 0.4127036533221206, 0.14522012757301325
0.4735910466510592, 1.2458629130452237, 0.5556940098288016, 0.2083882287336974
0.5542739679095529, 1.317877343667372, 0.44134920113705817, 0.15926170341023418
0.6315879632273168, 1.0321004869224806, 0.37783834503305663, 0.13486683027438645
0.5999543196482613, 1.0274133592714545, 0.3941592684774165, 0.12907623512811048
0.6082909838405756, 1.0331043354209266, 0.4238460842503883, 0.14175049388315505
0.49180608690686917, 1.5596107229921614, 0.529340784598585, 0.19274122017528825
0.5455947010791983, 1.260804414408694, 0.5024425921655569, 0.19085722714421682
0.6018386341574831, 1.1427841923093076, 0.42867878520720526, 0.14429070529451413
0.6513447153543083, 0.8984401696717634, 0.36356931036582685, 0.14661027352004613
0.6450636669902359, 0.8734167608759682, 0.37134266259054194, 0.1283098512011836
0.5771712442185805, 1.1339553238609021, 0.42681159608965114, 0.13947226786050723
0.46987951807228917, 1.2911938025497733, 0.5128152334957365, 0.20333854117670488
0.5136755553017758, 1.1043947238962948, 0.4757759625078527, 0.1808900945274182
0.6229086963969622, 0.9989141575128057, 0.44257064739046975, 0.15807816902665003
0.6519157197510421, 0.9884043557175116, 0.38474001347574566, 0.13152832760583602
0.6089190886769829, 1.1456303153884106, 0.4043614165599737, 0.13536605129927126
0.672643179352481, 0.9177461847827142, 0.34988818860640825, 0.12005631678967273
0.6125164163764061, 1.048453865743036, 0.39554438330541386, 0.13134542048986791
0.5829383886255924, 1.2934497509743899, 0.4309977651548948, 0.14515079936074543
0.6882315993833152, 0.9607518324043122, 0.34130175150686715, 0.1177395364306687
0.6595100782276023, 1.0217794168925893, 0.35534816836717176, 0.11633054434551371
0.6387826186261634, 0.8697874533488568, 0.3690624419008509, 0.127944159752208
0.6595671786672758, 0.8964768193326288, 0.354953310418583, 0.1210089393823232
0.6453491691886027, 0.957783349357813, 0.3532296214604388, 0.1386175500675461
0.6314166619082967, 0.8973606781772293, 0.3759078206055092, 0.14666807009091198
0.6789242277165534, 0.9186025509029367, 0.3500374038315929, 0.1212640189814483
0.6503740078798607, 0.8361469860320174, 0.3536379559969366, 0.15548197835592356
0.5702620910181009, 1.075523458798003, 0.4219271752583869, 0.151063699920969
0.541540569862388, 1.0614143783957395, 0.4576029584696558, 0.1818196404467485
0.7047336264489237, 0.7412054429514836, 0.31564017805512257, 0.1218771515958286
0.597099297664592, 1.0865131386787013, 0.41962304591841376, 0.1431302147097462
0.6166276480328898, 1.029845185961263, 0.4103638623922333, 0.1375084472030445
0.6888597042197225, 0.810124160956949, 0.33286978246688853, 0.12469172390860672
0.7070747444755324, 0.7449906110795962, 0.306308303103505, 0.11780804029594434
0.5535887626334722, 1.0804870257748924, 0.43637611764825585, 0.18210852231799568
0.7158682121852338, 0.7837117720826182, 0.31581584985426514, 0.11085480969794168
0.650716610517901, 0.9829208582333463, 0.37558479533784617, 0.1263032132466293
0.6916576257637184, 0.8281473675187557, 0.35120053111789507, 0.11994423745070655
0.6947981499457546, 0.7558332265639254, 0.3201614329500277, 0.13360161627330427
0.7287158111117455, 0.7858520364309587, 0.2978905440817597, 0.10619896410968607
0.5871067207217495, 0.977935994926758, 0.4201359318062866, 0.1686054795417305
0.6644778164791869, 0.8620448465483671, 0.343528327870119, 0.12085997976538745
0.6078341803231885, 1.090902092385729, 0.39162092330913406, 0.1301416896515856
0.5978987038200194, 1.0630622975177486, 0.39776306596563693, 0.13019990697240397
0.7128418888825444, 0.7997068481081835, 0.31041939778315647, 0.1040160517165446
0.6444355621538286, 0.9252740595732396, 0.36370021699734667, 0.12290145295579717
0.7001084908353794, 0.7846720622968829, 0.30010888342104614, 0.10847302709383293
0.7006794952321133, 0.880304518460522, 0.33617430920430763, 0.11774434285801069
0.7270598983612174, 0.7177148198768771, 0.287892618378946, 0.10792198285647289
0.5935590704048421, 0.9445179237462222, 0.39638515590329826, 0.15863663956323498
0.6797807343116542, 0.9050061610470808, 0.35574008415890607, 0.12829133909951643
0.7021641066636213, 0.8241260024340147, 0.31882951666897574, 0.11709201147172991
0.560954719351339, 1.3171544109399398, 0.4292466128859753, 0.13921429956996095
0.7034203163364358, 0.7964911706695131, 0.32241862536514043, 0.10969424042699998
0.5159024724490379, 1.2625593695107442, 0.44895910832711944, 0.18860603639625814
0.5976132016216524, 1.0253558024070715, 0.4344133590982941, 0.17599275318055566
0.6745274938617027, 0.9741558721829603, 0.36060521431227743, 0.128459940300991
0.7234625706617941, 0.7781417122977052, 0.2957223447198213, 0.10930358821313232
0.7219779592302861, 0.8110658618096812, 0.32376356835755465, 0.11473174235776062
0.6841203677268315, 0.760541818663575, 0.338059110427144, 0.14276693382619138
0.6721863758350939, 0.8093132468671713, 0.331629326757258, 0.12322735456246722
0.6327299720207845, 1.0234701378121058, 0.38783296919676685, 0.13323266886225268
0.6388968195055101, 1.041739469851646, 0.36662190039302683, 0.12764988680088063
0.7186090332895563, 0.7416514144977568, 0.2855732475473299, 0.11241999711574362
0.7093016616227945, 0.7894817493791231, 0.2948632366254931, 0.1044524380053451
0.7485296636784103, 0.6624500943811942, 0.271325476409299, 0.09608061288366926
0.7310569291383544, 0.8031759522120349, 0.3129464643232597, 0.10867866814202187
0.6892594072974362, 0.922774508995914, 0.33228037085724615, 0.11242389384366272
0.7238622737395078, 0.7740524956841214, 0.3101484045269785, 0.11409202853054964
0.6736709872666019, 0.9700104758115845, 0.3589687246371981, 0.1319789311805221
0.7505852795066522, 0.6868718505001862, 0.26543900155574923, 0.09963510390197647
0.6997087877576658, 0.810436374025824, 0.3126269886836889, 0.10847694901208967
0.6380403129104094, 0.8619112966571522, 0.3640690394373891, 0.1424454760700625
0.161308742077314, 2.3050432672017593, 0.8539641938490519, 0.29995826207381526
0.10106777822189231, 2.3549334632467516, 0.9172974213584123, 0.46759283884408226
0.2753954205447382, 3.2345631860423345, 0.7481188556408063, 0.3017102239042547
0.28259007594358476, 2.8457719111390833, 0.7393137225819383, 0.2622154329980105
0.29195454805001997, 3.307374564593483, 0.7127430335592932, 0.2427209517549548
0.3244446982241763, 1.9500239535673543, 0.6997150186468531, 0.20536276585378258
0.30834237423628164, 2.2552021783301694, 0.6755073778125423, 0.2722282514108586
0.3545366299320505, 1.6891897774427451, 0.669376905879203, 0.2667894949089938
0.4071261348712385, 1.5779658987474068, 0.567027268102459, 0.22606005785651173
0.5253811454348198, 1.24076185536648, 0.5312714183699001, 0.17688487088852822
0.5811682749957174, 1.2502759135891557, 0.45816816282535167, 0.14007807016669613
0.49637412208074, 1.4772726286745945, 0.5319116709053627, 0.15252283524379626
0.4389881802089876, 1.4312430174260513, 0.6135758710388607, 0.22602136240475118
0.6182835607834181, 1.049303096913402, 0.4173227894811323, 0.12629076937837297
0.6751555986981099, 0.9646421729776389, 0.35779439174951044, 0.11777972002168288
0.6480899902929252, 1.1112897533876378, 0.39017293856220603, 0.13846986034730155
0.6545423399760179, 0.970527706090045, 0.4112497683760508, 0.13059981200964083
0.6187403643008051, 1.0824702624010352, 0.4295240095274101, 0.1319837254844814
0.5746588248729515, 1.046374929755414, 0.43676209520813103, 0.14923700891743688
0.5854508079712214, 0.9908200153218532, 0.44077325380161503, 0.1745838000772382
0.6285616399246274, 1.2412319975359345, 0.3934807226996185, 0.13205619072090607
0.6186832638611317, 1.0959603700886593, 0.41999502890744356, 0.15310039127684086
0.5402272597499, 1.197114999523565, 0.4510351883798863, 0.16981077894432245
0.5951578827156969, 1.127391428245772, 0.47263475974642377, 0.17515730382320627
0.6778393193627591, 0.8782463506475063, 0.36402115194360507, 0.13024372715464919
0.5745446239936047, 1.012635768730314, 0.4151591681355774, 0.15094594974374848
0.6114886084622851, 0.9850881323428003, 0.39075200550277206, 0.13451711762601734
0.5877348255581568, 1.161423896867517, 0.46445685408456844, 0.16319518884064574
0.6819505510192428, 0.7868801657275732, 0.3404218330801259, 0.12994646166022206
0.4847256323873694, 1.229797140797195, 0.5059130929334039, 0.19451534012219837
0.581396676754411, 1.140799866418645, 0.4257489530471067, 0.15443931015384188
0.6250214126648775, 0.9932455004015857, 0.42045681176345306, 0.16362753036480737
0.6705875635242391, 1.024437959984133, 0.3553557301855885, 0.12055559799946074
0.6601381830640096, 1.1420750107109603, 0.36647668792958193, 0.12043971960422908
0.6752697995774567, 0.9539501215046483, 0.3754710600719547, 0.1391678449808597
0.5462228059156056, 1.2063147708842108, 0.4841901774972225, 0.1968998000146889
0.661679894935191, 0.9422694749467354, 0.3886664611322609, 0.14004990268654832
0.6716724718780335, 0.8561516247698445, 0.36522600924938464, 0.12533841003546273
0.6794952321132872, 0.9154642659846189, 0.3680174206876157, 0.12783508466659513
0.6515731171130018, 0.8550095281821704, 0.3602029827903218, 0.12370011097606659
0.6543139382173243, 0.96163708457841, 0.3784972263978512, 0.14185988958966114
0.7028493119397019, 0.8284374265973292, 0.33756444252609125, 0.11337094196422118
0.6892023068577628, 0.9952514944838448, 0.37465583791306895, 0.13835921576693702
0.710557871295609, 0.8198841939907295, 0.3357782337011234, 0.115282628044968
0.6980528750071375, 0.8775370583512101, 0.3282051348093547, 0.10965089578497364
0.6589390738308685, 0.9511367753798436, 0.38358669203734963, 0.13625714789639923
0.6789813281562268, 0.9008823725078035, 0.34937909235613557, 0.1232481364022084
0.666133729229715, 0.9386988998263797, 0.3780035297934288, 0.13346570604071534
0.6867469879518072, 0.8739366456055817, 0.34015932321381964, 0.11025026428160507
0.6824644549763034, 0.9169578491171956, 0.3335152056479388, 0.11189604641905315
0.7214640552732257, 0.7658586822308598, 0.31724113092196404, 0.1049650984925494
0.6007537258036887, 1.1194701726501948, 0.3920353159706367, 0.1424774659123797
0.6716724718780335, 0.849687360647986, 0.3397312439411392, 0.11789450928262524
0.685662079598013, 0.7858344084641294, 0.3403761559746906, 0.12385147700627022
0.6977102723690972, 0.7673999686209708, 0.3249810823656989, 0.12736195781540038
0.7150688060298064, 0.7478779845047476, 0.3095216775601211, 0.12161121594509543
0.7392222920116485, 0.6850347595290626, 0.2968190292097782, 0.10319465018419091
0.761948267001656, 0.6884938248593294, 0.28575914131717617, 0.09743301811602437
0.6991948838006052, 0.7883447414350206, 0.3396566756106312, 0.1110154325920677
0.6699023582481585, 0.9110284226050521, 0.3646911573398281, 0.12195542446086265
0.759892651173414, 0.6562971317523644, 0.28435194097591804, 0.0953130734095563
0.6692742534117513, 0.7902431593703906, 0.34031685178725707, 0.13080711174744827
0.7556101181979101, 0.6738506870652506, 0.2903600858192582, 0.10115683380404512
0.7666876034945469, 0.6402758845750685, 0.28043786662675796, 0.09954695871999751
0.7436190258664992, 0.7182803200087194, 0.31324594821816437, 0.10920136379166101
0.7533261006109747, 0.6557593321125473, 0.2900476993409933, 0.10644422197865419
0.6972534688517101, 0.7958410754292183, 0.3342817815579373, 0.12519081101684743
0.6900588134528636, 0.7734990261958382, 0.3261989669811903, 0.12202825492630302
0.6792097299149203, 0.8782049643862605, 0.3273113633427357, 0.12339586446111694
0.7070747444755324, 0.7502972121474015, 0.32444490699800416, 0.11586919561909403
0.5463941072346257, 1.1640330692149217, 0.4886706656045683, 0.2082712299814416
0.67886712727688, 0.7946660622152111, 0.3524423190777518, 0.13077015409190768
0.7324273396905157, 0.7114240422115192, 0.3065740442942896, 0.10765355922124904
0.698566778964198, 0.857828049432104, 0.3685682781963794, 0.13446254879186997
0.6769828127676583, 0.9627690880530216, 0.35748394451583326, 0.12232633618036906
0.7550391138011763, 0.6600377045447419, 0.2847207716987378, 0.10065767764577649
0.7110146748129961, 0.7909340659734869, 0.3192195193279123, 0.10505955246548267
0.6402101296179981, 1.0871868995831542, 0.4044197757784097, 0.144629420033937
0.6914292240050248, 0.7865703214106281, 0.322968505599922, 0.11885835414694117
0.6472905841374978, 1.0050242448738582, 0.39883237315971737, 0.1457862584446866
0.7298007194655399, 0.8121388315431938, 0.3054632339883202, 0.10930156506580609
0.7295152172671729, 0.7483072246694658, 0.2991992885867265, 0.10487769499448782
0.7455604408153943, 0.6758224777931839, 0.28541681071941294, 0.10224232308833325
0.7326557414492092, 0.7446041368873385, 0.3222019019321122, 0.11893217455468792
0.7094729629418146, 0.8633630486634767, 0.3529255151851539, 0.1303534449855074
0.6597384799862959, 1.001155977041976, 0.35091008618133557, 0.11724801351840064
0.6706446639639125, 0.9187199322496286, 0.3544283931306231, 0.12149403689674712
0.7758236738422886, 0.6002888803593436, 0.2656882269897745, 0.10007363974823655
0.7377947810198139, 0.7103137596781722, 0.3127211750644393, 0.11268305263083167
0.724033575058528, 0.7121250899155488, 0.28890279440068956, 0.10703641988317211
0.7237480728601611, 0.7293807882810281, 0.3131213135920244, 0.10470827631761606
0.7331696454062696, 0.6973756117622154, 0.2664314168049853, 0.10209467453747326
0.708787757665734, 0.801674410608521, 0.3277223430928561, 0.11950464066147082
0.7468737509278821, 0.6867406579899973, 0.2946782336053694, 0.1048661167330653
0.7304859247416206, 0.6971174887366167, 0.28406598202317485, 0.10234909039400775
0.7717695426254783, 0.6577068816863657, 0.2743492138560396, 0.09883343715411792
0.7202078456004112, 0.7894219615898792, 0.32793626827306394, 0.11068780188875174
0.760920459087535, 0.6899410352785178, 0.277033500924116, 0.09958950323771917
0.7455604408153943, 0.6478931897867084, 0.27391098786795925, 0.09960640913557323
0.58762062467881, 0.9368946524632291, 0.4099169281024585, 0.18667641605745444
0.7100439673385485, 0.7995018728721197, 0.30997532652777154, 0.1016122116362018
0.11020384856963399, 2.302668804227404, 0.8981354610370064, 0.3329248548439278
0.12470736024667389, 2.272634303529633, 0.8868907765423131, 0.46054523756021454
0.2273168503397476, 2.5604467174623364, 0.8140301991745623, 0.4128762775543131
0.2726545994404157, 2.4475984277914895, 0.744308610206856, 0.32096825752192176
0.2827613772626049, 2.6665939321437384, 0.735788945411648, 0.26113131527140093
0.2812196653914235, 1.8506760481707354, 0.7361196441723212, 0.2367822269090924
0.3451721578256153, 1.9129298631749991, 0.6457181441101585, 0.24506767051401832
0.4760463655570148, 1.7672741301485375, 0.5858218391850629, 0.18657856212136892
0.3469422714554902, 1.7254055736747371, 0.6986075486414097, 0.29444458864714856
0.5036829783589334, 1.4813910890072806, 0.5744845170298898, 0.18961291418646414
0.38656997658881975, 1.6236558174880895, 0.6572015131175644, 0.21863709607326584
0.5814537771940844, 1.3066105777609935, 0.4562678119102851, 0.1508130117123587
0.4201450351167704, 1.438170381811003, 0.637324835078995, 0.2187648069765619
0.44589733340946724, 1.3488122706585766, 0.5847710671295457, 0.19185851138998378
0.5972705989836121, 1.0757031277330906, 0.4381152997605192, 0.16709214130910532
0.5180722891566265, 1.1447211472859045, 0.5379152433919463, 0.17061447837829208
0.5530177582367384, 1.1663187664123003, 0.47424924680282343, 0.17585618643223316
0.616056643636156, 1.0073947276185573, 0.3990902901329011, 0.13873487505226548
0.5278364643407755, 1.4509827947773284, 0.5438468871177101, 0.20617732596502672
0.527779363901102, 1.1896194459534686, 0.5458126796068682, 0.19275809184495465
0.6154285387997488, 1.0194715095018876, 0.4302030854892237, 0.1288100299612931
0.5927596642494147, 1.087521158162023, 0.4740866401713067, 0.1590584002084201
0.6402101296179981, 1.0133927676108054, 0.4312890488317147, 0.14156933521067747
0.5614686233083995, 1.0293605024913335, 0.488706986045488, 0.16078319990434825
0.6170844515502769, 1.0386438170683103, 0.4384941921853187, 0.14471111302854714
0.5827099868668989, 1.1746185005452678, 0.4738052144339308, 0.15809128299345448
0.43213612744818136, 1.4366879190966217, 0.6244397821379378, 0.22330996324864544
0.5603266145149318, 1.235379665476061, 0.4762964566039817, 0.1672364431322049
0.6859475817963798, 0.9895087791571048, 0.3657807478837773, 0.12090890480207536
0.591617655455947, 1.025633034138233, 0.4411445860139547, 0.16610723510902972
0.6860617826757266, 0.8679248333549074, 0.34352991693826973, 0.11588840363227264
0.6065208702107007, 0.9067283635075195, 0.4230482598553841, 0.16233099754232133
0.5857934106092617, 1.0513489656495738, 0.43492477102751936, 0.14005798407595876
0.6157140409981157, 0.9560898017265447, 0.3985120400202195, 0.14220216152572818
0.6657340261520014, 0.8724040713103585, 0.3616556059234557, 0.11863168172225909
0.6329012733398047, 1.0521608614954923, 0.4212120130958965, 0.14030020682851732
0.6478615885342317, 0.8640978193194102, 0.3773897050697431, 0.138426002807124
0.6647633186775538, 0.9004969241420685, 0.36848589254286723, 0.1228784144508506
0.691315023125678, 0.8322304233077785, 0.3393536540225527, 0.11212676513968205
0.593844572603209, 1.220356973039898, 0.4308728957949805, 0.14788291488999025
0.5286358704962029, 1.0779296168686565, 0.47169663144189966, 0.19189811586834615
0.5960714897504711, 1.0296806413456432, 0.44836779641033014, 0.1671116176238699
0.6263347227773653, 0.9402371662135659, 0.40285740124617453, 0.14982412102892778
0.6466053788614172, 0.8987447983650815, 0.35976005270151107, 0.13738860469613307
0.6647633186775538, 0.9187961852070875, 0.3647309270747835, 0.1405865399964809
0.6653343230742876, 0.7985292870137828, 0.34730074148824897, 0.12859138288598734
0.6016102323987895, 0.8993760581012077, 0.40440990047420877, 0.158713502094267
0.6945126477473876, 0.7872188421242692, 0.33041309505641214, 0.10903318892148953
0.6131445212128134, 0.9745262035154003, 0.38804126405097045, 0.13259572781131265
0.6740706903443157, 0.9093572966065663, 0.38746086917962574, 0.1420235998258464
0.7373379775024268, 0.7775493835085268, 0.30861204630225236, 0.1125942008611794
0.7025067093016616, 0.821210583433287, 0.3208005470625079, 0.127782748500348
0.7059898361217382, 0.8104143177766779, 0.3160585809781364, 0.111444147981178
0.675897904413864, 0.8117791812909256, 0.3496209349061949, 0.12822778714047162
0.7373950779421001, 0.7162514864840667, 0.30518875292696895, 0.10420034468617126
0.6386113173071433, 0.8748591702828368, 0.41086744650683193, 0.15068846601501845
0.7214640552732257, 0.7543588466966773, 0.32785273992983205, 0.11630580125782779
0.7233483697824473, 0.7546196462289145, 0.31210381236761997, 0.10457612758093744
0.7441329298235596, 0.7122542263459983, 0.30175859436155944, 0.10458933711185123
0.69708216753269, 0.7912949115729616, 0.3282430016361294, 0.11722982513419566
0.6682464454976303, 0.8863485360133402, 0.3671902014652134, 0.12940621614350897
0.7395077942100154, 0.7713829406449583, 0.3100567557361652, 0.10862454443897762
0.7223205618683264, 0.8468081441987417, 0.3171481809337112, 0.10989170566760491
0.7154685091075201, 0.7764439597005067, 0.3104491145455841, 0.11562871242088768
0.7500142751099184, 0.7349614846453226, 0.29956657381301605, 0.10102381933332794
0.7158682121852338, 0.7572797470765584, 0.3130861981180656, 0.11631733011514092
0.6727573802318277, 0.867748833828105, 0.3633001440929912, 0.12205814637228977
0.7199794438417175, 0.856624157700598, 0.32381972530168157, 0.11732430231460658
0.7006223947924399, 0.7579832901069685, 0.33112711289851626, 0.11455368881192614
0.6597384799862959, 0.8208590905210554, 0.3592642327047465, 0.13431461822473936
0.6876605949865814, 0.857392911201029, 0.36039602101082535, 0.12923314930742766
0.7014789013875407, 0.813075485627947, 0.3328296265858258, 0.11662765915699776
0.7548678124821561, 0.6542778477810414, 0.2835671024793971, 0.10590401818373756
0.7509849825843659, 0.6693338658385383, 0.29024982051718773, 0.09639356762306087
0.6670473362644892, 0.9623946679588345, 0.34683542739679774, 0.11659791848628184
0.7359104665105921, 0.682150257643925, 0.3009324169642914, 0.10586900256524441
0.6304459544338491, 0.8751584916802245, 0.37416372330417713, 0.17024023742607242
0.6868040883914807, 0.8359350409781611, 0.3357702959525922, 0.11631235395763892
0.7199223434020442, 0.7468287358440443, 0.321245534097011, 0.1115232267491143
0.7562382230343173, 0.6580346952418124, 0.2817563988515711, 0.10218154327854397
0.656655056243933, 0.8361238197006315, 0.3749968529867761, 0.15054153008998467
0.7130131902015645, 0.8348571751232584, 0.31315786707501475, 0.10662624464431181
0.7531547992919545, 0.6746083493787732, 0.307603032942987, 0.10383115830957301
0.7399645977274025, 0.698652074348422, 0.30777439363202086, 0.11122868869380169
0.7357962656312453, 0.7070015473051574, 0.30018291921779344, 0.11152344079014945
0.7336264489236567, 0.6870315303892768, 0.2956702106056045, 0.10893605600188598
0.7165534174613144, 0.7582013596734758, 0.31691823929941104, 0.10609394505208816
0.7558385199566037, 0.7204609955032092, 0.29093948613369686, 0.10563042340466829
0.6910295209273112, 0.8628473420992997, 0.3564853571372467, 0.12832892323214679
0.7488722663164507, 0.6695417112739892, 0.28846319953413435, 0.10141563809030744
0.7778221892308571, 0.5994100018154962, 0.26630500401756946, 0.0981582218206863
0.7151830069091532, 0.6996146115215528, 0.30120002198685514, 0.12098101246688386
0.7706275338320105, 0.6396735133791336, 0.27855663980226764, 0.09394460635403054
0.7481299606006966, 0.6818622427989253, 0.3049253151894459, 0.10690784662744349
0.6873750927882145, 0.7740428798751713, 0.33302097422696914, 0.12236150363717113
0.7654884942614059, 0.6477717341978969, 0.2827198605376782, 0.09132407917216252
0.7405356021241364, 0.7121421245795575, 0.28758696290094016, 0.09661099710781217
0.7513846856620796, 0.729161062404898, 0.3064364096508837, 0.11473431369103963
0.7776508879118369, 0.6047406690650414, 0.2411670199641928, 0.0948873024110557
0.718723234168903, 0.7825085788871418, 0.2926481954540507, 0.11688473415664649
0.7423628161936847, 0.6694206281534604, 0.27620222117919047, 0.09875321971433565
