acuracia,loss,frr,fpr
0.056782514409633056, 2.312808135992206
0.2332933858357587, 2.2730620410802502, 0.8097983789588138, 0.4564101580034246
0.2448210922787194, 2.122383697333758, 0.7734709879923314, 0.28542745597777197
0.2967528391257205, 2.0931141996760556, 0.7262684911006096, 0.25221217566330867
0.17245905381498602, 2.5895053576519653, 0.8419342973993639, 0.377863527602573
0.3166124522056725, 1.9301264386198698, 0.7136960893934324, 0.2825120506458113
0.423614677851966, 1.664451049773965, 0.6338875672232258, 0.23419439733180109
0.5476801917479883, 1.32011845045492, 0.47936573852093467, 0.1639992646699847
0.38400958739941793, 1.5388148603941207, 0.5915319621464411, 0.2136239280804892
0.5410032528676596, 1.3865744678582843, 0.4879063701914098, 0.17439111030209892
0.5572105233122182, 1.2198021173143825, 0.4720328995692994, 0.1568714382790362
0.5757005079038977, 1.1465645452710145, 0.4825352515269291, 0.17557819646101355
0.5939051532271872, 1.1166737316331383, 0.426050330831133, 0.13847595590463604
0.5624607658505963, 1.2067512285710742, 0.4799574053848076, 0.1663959605938322
0.4499800262512127, 1.305349838244366, 0.5812731001818725, 0.19423083294680607
0.6736289448153855, 1.0282468806384824, 0.3597458939833183, 0.12968420371650619
0.6604462706157621, 0.9828045233010103, 0.3443761780285611, 0.1144549213236539
0.6959995434571705, 0.9259740455130416, 0.3278605201768448, 0.10784877267162286
0.6072019631341665, 1.006687522091829, 0.4259186667467473, 0.14938185901562628
0.5742167437082691, 1.1948077123477594, 0.4777798074945999, 0.1819345911764689
0.5299320892541232, 1.2737439155817996, 0.4751290867624928, 0.17111400413445363
0.6474347999771729, 0.977535719896488, 0.37582016841360844, 0.1320222673792705
0.6877247046738573, 0.8696202633671022, 0.343002472541759, 0.12040539253137407
0.6557096387604863, 0.9121018428527019, 0.34095402445034356, 0.12579728533916648
0.6933744221879815, 0.8945435179326351, 0.3339760128602933, 0.11265927211224204
0.6836158192090396, 0.8600562755723223, 0.34491297299840634, 0.12070884614746584
0.6698053986189579, 1.012804760361826, 0.3662859451174308, 0.13187584837376706
0.6998801575072762, 0.843618221785498, 0.3333325957869738, 0.12168502358526621
0.7209952633681447, 0.7938820198091128, 0.30877671292588377, 0.10597657922731796
0.6688923129601095, 0.9059980526889223, 0.3364225113306132, 0.12145995354557196
0.6677509558865491, 0.8949464555923943, 0.3537818695417135, 0.1209492333474597
0.615648005478514, 0.9503785541027532, 0.3708857443565105, 0.1556702513332997
0.7017063288249729, 0.7868423113696257, 0.30713203295599256, 0.11133450473140137
0.6940021685784398, 0.8198541306442984, 0.33046672607906863, 0.11247491246235598
0.711693203218627, 0.75695911719786, 0.31793012234156964, 0.10592862414298251
0.7051304000456543, 0.8434248415210386, 0.3331010471371477, 0.12541871898273466
0.6965131541402728, 0.8572349456519824, 0.34096553155776077, 0.1273098806115348
0.6408719968042002, 0.8751347701116152, 0.34633839057212584, 0.148800851335982
0.6855561262340923, 0.907827906106574, 0.3520134581291618, 0.13461302020943738
0.6881812475032814, 0.820083172027544, 0.312791212010996, 0.11122768359444665
0.6741996233521658, 0.8892428772814456, 0.34645567547661665, 0.12485086934657254
0.7179706671232094, 0.7723962416926354, 0.3024892051447659, 0.1048973795582111
0.7123209496090852, 0.856510561303874, 0.32174848510408227, 0.11998442593375934
0.6718027734976888, 0.9403950118556544, 0.3643434068367535, 0.13731158339956456
0.6665525309593107, 0.8792057067134791, 0.3221723421880808, 0.14048228447158692
0.6646692917879359, 0.8659387861247161, 0.32627580974745596, 0.12827915542450866
0.7199109741482623, 0.7461597010479619, 0.3080646064355876, 0.10412824571241716
0.7310392056154768, 0.7626090360718587, 0.3040749146778886, 0.10091304621117544
0.7541516863550762, 0.679631583267907, 0.27708617870699565, 0.09785481219466989
0.7015351252639388, 0.8314895314399748, 0.32588458276605103, 0.12218891097802423
0.706728299948639, 0.7327643689522194, 0.2928596671709002, 0.11506525744365298
0.6940592364321178, 0.7694260640108003, 0.32345080832796447, 0.1160916821451771
0.7057581464361126, 0.7625474538493182, 0.31784296098687326, 0.12352483852023344
0.7184842778063117, 0.733702717892673, 0.30578034672965554, 0.10564524553116081
0.7405124693260287, 0.6779541165963905, 0.27859413320480514, 0.10016738566751655
0.7023340752154311, 0.8060011290312911, 0.3239974451901755, 0.12226632558240061
0.7426810477657936, 0.6707611723312734, 0.2809982652612774, 0.10134937467464379
0.7127204245848313, 0.8279275408842232, 0.31557451791829905, 0.1258847187461944
0.7120926781943732, 0.7505884275635804, 0.3094290132251519, 0.11359757018632309
0.7109513211208126, 0.78009170113047, 0.3149394702347345, 0.11702685369694782
0.7631113393825258, 0.639737206291151, 0.2637141484123485, 0.09666092320359146
0.6546824173942818, 0.9596793521502849, 0.36553865803080193, 0.1313908129482223
0.7419391656679792, 0.7091358949096567, 0.290902026975635, 0.10554296832411887
0.746276322547509, 0.6806312297850721, 0.2788519196913405, 0.10059054605594708
0.7002796324830223, 0.7806184105439025, 0.2923530697762026, 0.1228149501390292
0.7342350054214462, 0.8737827428792877, 0.2946079181384961, 0.1022562309257293
0.6778519659875593, 0.8784366892761803, 0.3452602552168985, 0.12234677506600818
0.6696341950579239, 0.9173688983203174, 0.340844074344169, 0.11157313352232386
0.650345260514752, 1.0209173349117673, 0.3697467334253971, 0.13713536598284273
0.6407007932431661, 0.9423840235973397, 0.3741979515175557, 0.1381737618407058
0.6538263995891115, 0.923751955455743, 0.3622023526454573, 0.13447953286935727
0.6835016835016835, 0.8799326431357186, 0.3482059204474615, 0.13751514476489193
0.7039890429720939, 0.7698929851766765, 0.3026838958403282, 0.10685432578465495
0.6618729669577127, 0.8773976140161561, 0.35984484509258774, 0.1209974285832231
0.7079267248758774, 0.7764144081900781, 0.325134480200533, 0.12004304098686802
0.7260172344918108, 0.7268447014129812, 0.28120477906934555, 0.1090668097975515
0.7224790275637734, 0.7179731769333104, 0.28014517571455005, 0.1105946538790578
0.741254351423843, 0.7230424301631624, 0.28408634945844147, 0.10276974974058503
0.6718598413513668, 0.8764628003361647, 0.3451922005658996, 0.12871903212816577
0.6738001483764195, 1.0510245726215501, 0.3472827552810209, 0.12799360474080068
0.7592877931860983, 0.6822540113599016, 0.2771624784374688, 0.10430743808589431
0.7345203446898362, 0.6952326376221066, 0.2927296274254493, 0.10671417852365567
0.741425554984877, 0.6658400229325537, 0.26169470860918925, 0.10445223848833914
0.7595160646008103, 0.7749586892068975, 0.27844420693757854, 0.1025162318331402
0.6975403755064772, 0.8369047459754277, 0.3190638303097648, 0.11493266696990881
0.7229355703931976, 0.7484867479037769, 0.28323163060826523, 0.10593044155641014
0.6944016435541859, 0.8412175024622299, 0.33387165862655116, 0.12297713623766034
0.7002796324830223, 0.7814121084970829, 0.3298856038233851, 0.12686818420537513
0.6350510757290418, 1.006547693417446, 0.39869442850281034, 0.14733695633847707
0.7198539062945842, 0.7436517475258234, 0.2923311887938856, 0.10076441473440793
0.6659818524225304, 0.9109509021736981, 0.3627032538854241, 0.13677699110679062
0.7418250299606232, 0.7082984168232355, 0.2849921761067628, 0.09932905352765362
0.7175141242937854, 0.7787620665442335, 0.32215710980194906, 0.11943560200096291
0.7219083490269931, 0.7276494873566234, 0.3115499174540407, 0.11383560891356338
0.6631855275923072, 0.8568647329759355, 0.36644714855476246, 0.1300417432247711
0.7106659818524226, 0.7420162783026772, 0.3188193400957195, 0.1128080383403367
0.7329224447868515, 0.7247511028974218, 0.30012924283458015, 0.11068845492056784
0.5412885921360497, 1.2655532531259182, 0.4691815075827121, 0.18505238303440305
0.6960566113108486, 0.9165161162697171, 0.33054445305100383, 0.12879405303286154
0.7356046339097186, 0.7170161724701705, 0.2943334290269961, 0.10924251756672944
0.7495862580608343, 0.6634672510092786, 0.28056009553698924, 0.10060996281918766
0.10101010101010101, 2.313321022466799, 0.8580838099503278, 0.4760375158911048
0.10032528676596474, 2.319002921522898, 0.8586418569705919, 0.49680620159108596
0.17457056440107288, 2.2945345719641748, 0.8176592259760336, 0.3190411487197903
0.12161159618786738, 2.2743390385625517, 0.8995433087316332, 0.4965964407919646
0.22998345032243336, 2.2137373798834927, 0.7875215636997499, 0.2899410572704548
0.19288934543171832, 2.387213012555524, 0.7881524958120122, 0.2858429969694596
0.27500998687439365, 2.094516626729858, 0.7423527082773806, 0.2895529308633293
0.11048336472065286, 2.500789632911804, 0.8931122782105655, 0.4614778042971752
0.24048393539918964, 2.5531001663902595, 0.7524104967231435, 0.2587596067119071
0.35353535353535354, 2.452689782032471, 0.6538421415835991, 0.21565016788387859
0.39011584774296637, 2.046921332942523, 0.622525934146854, 0.2114142241143115
0.24082634252125779, 2.09902312382031, 0.7810456273111889, 0.3176527679190385
0.3376704902128631, 1.8829635397430589, 0.6547565323174747, 0.24093119417350148
0.42201677794898135, 1.9395059379926252, 0.5885132704403391, 0.21580901718360537
0.3155852308394681, 1.9321582637366275, 0.6895215688892073, 0.23711073083569953
0.37482166295725616, 1.6592990966248116, 0.6163250114513527, 0.2223149458039499
0.43634080922216517, 1.3383166305446559, 0.5463619479297187, 0.19167517647586815
0.435998402100097, 1.420719669149723, 0.5608107735921056, 0.1859687622568051
0.4085487644809679, 1.6276812238710892, 0.6142684177022013, 0.20836646338491258
0.4447868515665126, 1.5604722432778155, 0.5625010303585911, 0.17867743975202985
0.45328996176453806, 1.7299500990830987, 0.5530809634030038, 0.180902364596557
0.25360954174513495, 2.1871544105773415, 0.757710287274369, 0.3468171457293524
0.22553215773554758, 1.8453115412831163, 0.7573018411070499, 0.30589436187637703
0.32751241225817496, 1.5409433538282202, 0.6925403180037921, 0.25958245363949106
0.5097300690521029, 1.669714414133898, 0.5075343603949476, 0.15495191598988492
0.2627403983336187, 2.0543752001115996, 0.7464996963211502, 0.3320752223673456
0.2934429036123951, 1.9834020094774782, 0.6893494659494339, 0.24071967261350774
0.32728414084346286, 1.7429943828014576, 0.6805668762825889, 0.24230561190889277
0.29795126405295896, 1.621213372593321, 0.7290332660170364, 0.26126591420908857
0.40626605033384694, 1.6527670205357152, 0.6052546731746992, 0.20654120640052018
0.4714375392341494, 1.7745259402787816, 0.5387307381365629, 0.17018344068056782
0.2834560292187411, 2.073701785038556, 0.7128605829586034, 0.27960622143670305
0.4347999771728585, 2.040193674126145, 0.5747060078378978, 0.17299242321761182
0.426068595560121, 1.5621376626926124, 0.5739628385724685, 0.21891082207996682
0.43063402385436284, 1.7079811877450026, 0.5982751711479887, 0.19904441657548957
0.29218741083147864, 1.9122896150229884, 0.7092976829959575, 0.25304144042768717
0.3457741254351424, 1.7093739657650213, 0.6620439236189651, 0.21037413297166813
0.42818010614620783, 1.658988165425457, 0.5891335495999652, 0.192076951856404
0.4450151229812247, 1.4616224396475739, 0.5464525115358979, 0.18274010483341033
0.38389545169206185, 1.6157101405675958, 0.6224045031732035, 0.1966787744967073
0.46778519659875595, 1.4252754363190916, 0.5465926040679331, 0.1718137481217427
0.4547166581064886, 1.6315193191804862, 0.5599866934068346, 0.1843244034671422
0.5769560006848142, 1.172837369162246, 0.4523976493648565, 0.15626132532121106
0.6462363750499344, 1.1063439576877399, 0.3851017296364245, 0.13248789429992497
0.591165896250642, 1.0785912775132085, 0.4415892666042104, 0.13979960007503692
0.6557667066141643, 0.9974189519798015, 0.37868928473009517, 0.12941676443466288
0.628145865434001, 1.0424679425088863, 0.3741450012483895, 0.13049346788203778
0.5801518004907835, 1.216078044920318, 0.45165610471960144, 0.15850752670050353
0.5439137134052389, 1.3474973395716816, 0.47242348818991964, 0.17499046594552398
0.5553843519945215, 1.1591680418173385, 0.4492636516403276, 0.15979173987910206
0.556696912629116, 1.2959865614799906, 0.46119207730966816, 0.1569334549986278
0.6472065285624607, 0.99274889204477, 0.3472297213600956, 0.1281579732328766
0.6005820921075158, 1.0556435238608028, 0.43438976796445466, 0.14612515874987747
0.5312446498887177, 1.2065181282132562, 0.4875986483098632, 0.1701557660929116
0.5373509102322661, 1.1984779253517097, 0.48135227618904547, 0.1759083173698169
0.5760999828796439, 0.9817547241533782, 0.45174883114023384, 0.15828727992665886
0.5538435199452149, 1.1754710679614033, 0.456068972862863, 0.1611992294039904
0.6384180790960452, 0.9298320773327581, 0.395160462097455, 0.12694187120300765
0.5756434400502197, 1.1361579175077365, 0.4403400681871935, 0.16268192227286968
0.5530445699937225, 1.0836895822613226, 0.4668743936298005, 0.14834036302048467
0.5693089082919591, 1.0504330340340238, 0.4480114638581547, 0.16096422350579995
0.48969925241111684, 1.3214237524114338, 0.5237336432613434, 0.19535235516021596
0.48427780631170464, 1.3933948592654286, 0.5311233627306332, 0.19380333145022857
0.5267933573018319, 1.1819378261990194, 0.4874537593409581, 0.1725643047170748
0.5118415796381898, 1.6097133214197659, 0.4577287352674371, 0.1894068163349715
0.45454545454545453, 1.4486243100475995, 0.549267323309829, 0.2069968306856444
0.49369400216857845, 1.3513190493915395, 0.5296893843475189, 0.1786814828374892
0.45580094732637105, 1.5214159258064162, 0.5526254935041, 0.17986877303865742
0.4319465844889574, 1.4497994988000635, 0.582309548405867, 0.19333449377455894
0.4160817211664669, 1.6369007426650326, 0.5900434121983918, 0.2108913413638571
0.33778462592021913, 1.7455260895236417, 0.6587285322987174, 0.23118077310952498
0.40729327170005136, 1.5153218439957639, 0.6076493116874431, 0.22609412207102184
0.5686811619015009, 1.3844815638350656, 0.43722015502560896, 0.15078778682608837
0.433487416538264, 1.3808882362617176, 0.5901541016426513, 0.19395897794827766
0.42235918507104947, 1.3776954260650973, 0.614302717054222, 0.2335029317095809
0.4192775209724362, 1.5792903512599792, 0.588501385223643, 0.19227526366984846
0.42778063117046167, 1.468094022608458, 0.5794408039266449, 0.21352239215583174
0.500028533926839, 1.202642299408344, 0.5080907721296989, 0.1820713336645329
0.48747360611767393, 1.406857027170668, 0.5259277488079295, 0.18064955972756275
0.38378131598470583, 1.6902632860563886, 0.6236009403672916, 0.21931051247200423
0.5186326542258746, 1.223479485993136, 0.4981979786195134, 0.1799144579919111
0.622895622895623, 1.122722073475302, 0.41612796852608497, 0.1377986803955043
0.40774981452947556, 1.5897736018410367, 0.6081853587796909, 0.21028176354574962
0.44370256234663014, 1.53590690341043, 0.5601405203630118, 0.21371568303192506
0.5570393197511841, 1.546972090340243, 0.47940267406891734, 0.1560275499106286
0.2945842606859556, 1.9834930485707911, 0.7038958032616662, 0.2551752957864614
0.5333561604748045, 1.2794222010440195, 0.472954741784607, 0.16498176344394302
0.33972493294527195, 1.518726566597349, 0.6870186280241736, 0.25175859735003103
0.4591108828396964, 1.53011345619284, 0.558172323634904, 0.19265225668538044
0.3963362437938709, 1.5071937270092173, 0.638654990353719, 0.21878873958495776
0.5304456999372253, 1.2750538908757691, 0.4876590885917765, 0.17010167225954917
0.5877988928836386, 1.1002641084214864, 0.41532127759885656, 0.15027907783625405
0.5145237687610569, 1.2646245470247448, 0.4978509791983017, 0.1749882722957561
0.539405352964675, 1.2849707995678357, 0.4694311190274115, 0.17585534649102716
0.5238258289105747, 1.3673485259216738, 0.48859756480781996, 0.18866140965928047
0.6243793870912515, 0.9806589845880243, 0.3990612261333561, 0.1393660364639277
0.5573817268732523, 1.102217207231992, 0.4493133503531588, 0.15966014152207977
0.6046909775723335, 1.0568014525618175, 0.4181346809855462, 0.13946801803175776
0.6268333047994065, 1.0368744304893374, 0.3981364910992964, 0.13139898306644587
0.6562232494435885, 0.9960167451265202, 0.37846693690155164, 0.12886269294175146
0.5402043029161673, 1.1999238842565416, 0.4734266367480375, 0.15247793758247752
0.08885464817668208, 2.3051787925924416, 0.8844145828021952, 0.32801260624102174
0.10032528676596474, 2.3125938836389266, 0.8586418569705919, 0.49792726364447254
0.09690121554528335, 2.235978133975184, 0.9132606969731609, 0.5207972718987761
0.14381099126861838, 2.319420301995171, 0.8457450351111818, 0.37382726344448625
0.22102379729498373, 2.0932621058519456, 0.7964006740280019, 0.2924884812098567
0.23083946812760373, 1.966650656462464, 0.7827746994399628, 0.27031002849663016
0.3389830508474576, 1.847824661253672, 0.666033253516083, 0.23956711950711967
0.4571705758146436, 1.5308705671243266, 0.5597957846739875, 0.18288766138097667
0.4755464246989671, 1.3423943640966636, 0.5212019160576408, 0.16317855141570137
0.6102265593791018, 1.126718058569045, 0.3773274454008971, 0.13768468579286475
0.5456257490155795, 1.2472888266865756, 0.4594997082646379, 0.13951972753612848
0.6537693317354334, 1.0217856857784278, 0.3697188473210604, 0.11684458121284833
0.6080009130856588, 1.0720037652560888, 0.4131301380327879, 0.13800442510623862
0.5690806368772471, 1.1104476264155119, 0.4558281815282936, 0.14588742886140102
0.6235804371397592, 1.0307345346465868, 0.40345387835175245, 0.1316786372576073
0.6465217143183245, 1.0315020526177616, 0.37318180699295034, 0.11727398497865524
0.6765964732066427, 0.9188661510561152, 0.3436756817977589, 0.11723324674366233
0.6483478856360212, 1.0679058227072613, 0.37953834621825666, 0.13470646335686942
0.6609598812988644, 0.973462191353972, 0.3450313360020283, 0.12134400080160276
0.6901786223820122, 0.8811344791186517, 0.33792692756891535, 0.11707747358716121
0.6399589111453519, 0.9133321608913728, 0.3476675985105057, 0.1326091169803392
0.6382468755350111, 0.9287001957564888, 0.35768158188984883, 0.1271633692457055
0.6462363750499344, 0.9301591092731364, 0.3469193250160955, 0.13117001280596557
0.6709467556925184, 0.8827261185130133, 0.35798199963935057, 0.11523158416775833
0.6387604862181133, 0.9477490708657115, 0.3898441125011009, 0.12301899258015717
0.6682074987159733, 0.9216905467235373, 0.34594363178246784, 0.12169092390460327
0.679906408719968, 0.8705281098261888, 0.3513004350595291, 0.12325051121015969
0.6756833875477943, 0.8499018869973501, 0.3529617943923195, 0.12112100451592682
0.7074131141927752, 0.7838224450970077, 0.32106998453424035, 0.10561258187823354
0.7108942532671346, 0.782192234327042, 0.320262871156546, 0.11479792216575496
0.7185413456599897, 0.8112779525495292, 0.3088757871908869, 0.10391732178645638
0.7212235347828568, 0.7786500418065179, 0.31018329002403633, 0.10849417896887328
0.6691776522284997, 0.821189208384041, 0.320536608273727, 0.12282234130557433
0.7146607316098842, 0.8041602950987354, 0.3118320459001874, 0.1037292842341928
0.7253894881013525, 0.7468632801445269, 0.3044601296059211, 0.10126771386437644
0.6610740170062204, 0.8550065642817282, 0.33802409524544635, 0.11868962268107541
0.7010215145808366, 0.9056314671067601, 0.33186017977687654, 0.12426705670211981
0.7110654568281687, 0.8203521616906158, 0.3221494169230553, 0.12137330408688947
0.7138047138047138, 0.8099063535703165, 0.31726520960108007, 0.10834265864682548
0.7153455458540204, 0.741318933514837, 0.31554518380753327, 0.10884107087204235
0.6957142041887805, 0.8616285084503345, 0.3391798681735929, 0.12241811465948313
0.6631855275923072, 0.8765104866525585, 0.3595702100491068, 0.12292141643225521
0.6943445757005079, 0.889985687911853, 0.3394494838153313, 0.1265867228629281
0.6807053586714603, 0.8523772738661949, 0.34982400439381567, 0.11839376535836917
0.6372196541688067, 0.9971162964468011, 0.38968757688557343, 0.14984531048407998
0.7202533812703305, 0.7740400366109229, 0.31389629951591275, 0.11294607752018176
0.7150602065856303, 0.7522780875882288, 0.3139551378567053, 0.11192421441991053
0.7322946983963933, 0.7226317723822787, 0.29443835165311893, 0.10250224372695109
0.7008503110198026, 0.8805412579739617, 0.3331118054949027, 0.11868979133495489
0.6858414655024825, 1.0555968992990348, 0.345079611245219, 0.13355967754623915
0.7209952633681447, 0.9639145549879852, 0.31548064806183873, 0.11081478161198517
0.6981681218969354, 0.8788432392702245, 0.3254644678371152, 0.11582856642289381
0.7084974034126577, 0.904135536199835, 0.3191546240227099, 0.11483535530772436
0.724191063174114, 0.8654361548829563, 0.30649211347642447, 0.11000209237643986
0.7260743023454888, 0.7793909460286104, 0.30819807406427613, 0.11589512115754676
0.6865262797466187, 1.0116692466216826, 0.3438734299002166, 0.1365582187126681
0.7152884780003425, 0.7829250591266702, 0.31914291672043305, 0.11576717817554957
0.7273868629800834, 0.758279659074302, 0.3095917677876493, 0.1135848195919232
0.7357758374707527, 0.7443260247469059, 0.2969457308023766, 0.10212025565900779
0.7334931233236318, 0.711418970886892, 0.297246084522486, 0.10562133808185709
0.7181418706842435, 0.8138889206372413, 0.31178939439802633, 0.10745838640177165
0.6940021685784398, 0.9611069180955029, 0.3362492163374952, 0.11593868982618012
0.7375449409347714, 0.6959598849485089, 0.2901157631285222, 0.10686280266879893
0.7357758374707527, 0.6982529928408717, 0.2743168239503999, 0.10019689278038332
0.7473606117673914, 0.698593046522714, 0.2859475020417205, 0.10460775626674339
0.7544940934771444, 0.7180653301901073, 0.2828350458363272, 0.10383035988430088
0.7492438509387662, 0.6889264937919931, 0.28352945956259934, 0.0999663034729755
0.7379444159105176, 0.7838602510442692, 0.29825224805861333, 0.11298831991675376
0.7540946185013981, 0.6439872376592813, 0.27528547540381487, 0.09571574199439943
0.7374308052274154, 0.7662270211583098, 0.29511749486369615, 0.10743069339934182
0.7209381955144667, 0.8103510807652852, 0.316885292515466, 0.11789638223082685
0.7321234948353592, 0.6864053852491188, 0.265328797742009, 0.10628672160429335
0.7676767676767676, 0.6231913066310272, 0.254833492779757, 0.0925847293250014
0.7568909433316213, 0.7068521952937221, 0.27933029656246344, 0.10214058121388038
0.729098898590424, 0.6905206046558471, 0.2965664992350373, 0.11053947926673184
0.7394852479598242, 0.7347598452532893, 0.295519855966695, 0.11646045119453255
0.7160303600981567, 0.7754945134694381, 0.31071518569162027, 0.11513923384607017
0.7358899731781088, 0.6647531237046109, 0.28903485089826375, 0.10657605256786643
0.741539690692233, 0.7169385840550428, 0.28837643939292185, 0.10005915746318747
0.7249900131256063, 0.7385329684859103, 0.3069802843302547, 0.10292319609984282
0.7596302003081664, 0.6566495621681453, 0.27268909487827053, 0.09773517547195071
0.7220795525880271, 0.7930135075361595, 0.31608834122358614, 0.11896230940892939
0.7139759173657478, 0.7524308827890659, 0.29166480265097144, 0.10436662201279386
0.7303543913713405, 0.6923625726825712, 0.27694268375569303, 0.10459699941478587
0.7582605718198938, 0.6334430755060824, 0.2473490262766376, 0.09521834079012947
0.7551218398676026, 0.6329430718017115, 0.27444373423281726, 0.09961933138330031
0.7454203047423387, 0.7429347477420284, 0.28587779934188545, 0.1065572989579952
0.7726987388004337, 0.5989621681451244, 0.25245170410413353, 0.09335355983164444
0.7576898932831136, 0.6832990271015403, 0.27363037829748926, 0.09903562982336771
0.7765793528505393, 0.6017774245519468, 0.251055171298523, 0.09016099034181355
0.7534668721109399, 0.687819970121052, 0.28051894271843536, 0.10339028181760176
0.7503852080123267, 0.7274271713221026, 0.28662494200877614, 0.10625592959149789
0.7458197797180848, 0.6604624845758179, 0.28453894710454597, 0.10899031508979763
0.7418250299606232, 0.669569192785268, 0.2840817405267962, 0.09995955473621683
0.7562631969411631, 0.6763201793783548, 0.2768013553130154, 0.10191119856370645
0.7330365804942076, 0.8419962028921231, 0.29912644254813425, 0.11967966594678167
0.7800034240712207, 0.6005894044868955, 0.24988026999759433, 0.09150101288176446
0.7770358956799635, 0.6022522309010706, 0.254323277434407, 0.09564430573021739
0.7648233749928666, 0.6445631187835168, 0.26557961251234086, 0.10355867459673972
0.76847571762826, 0.5996163881807992, 0.253599677607294, 0.09434532840683983
0.756149061233807, 0.683751182472696, 0.2781886744295934, 0.09613409503250178
0.17399988586429263, 2.300869606118533, 0.8380412817626806, 0.23149083042122542
0.0987844547166581, 2.320956085762708, 0.909084412331732, 0.5066795397178767
0.26097129486959997, 2.1829258214051146, 0.7337328145644186, 0.29469964327939996
0.285738743365862, 2.2107885307232444, 0.7376505828380737, 0.2717075996340415
0.403926268333048, 1.771023883979383, 0.6132149296913219, 0.19899730875963648
0.3682017919306055, 1.756745342385692, 0.6425268654516889, 0.2251667910557737
0.29749472122353476, 1.7333805414435117, 0.7372482649131128, 0.3097969036791708
0.3852080123266564, 1.487221468868664, 0.6473252891975335, 0.22692184535713533
0.5407179135992696, 1.2854356982763353, 0.4941666733921185, 0.1651895326369879
0.5753010329281516, 1.173886365020533, 0.4640181992609167, 0.15410647295264457
0.6196427552359756, 1.0828916654301133, 0.4091759804304221, 0.1290266606404276
0.5516749415054499, 1.2232912360264654, 0.5007462487332159, 0.18318047648273986
0.5000856017805171, 1.313216886509654, 0.5040826011356034, 0.1674053238203013
0.6116532557210523, 1.0507137153956918, 0.44459633942218757, 0.1565790831270369
0.573988472293557, 1.1239434032199394, 0.4444140573024622, 0.14303404370214415
0.6267191690920505, 0.9707977860782906, 0.40292981823701296, 0.1347203653168288
0.6627289847628831, 0.9433546766333896, 0.35425361785950144, 0.11902869487523744
0.6828168692575473, 0.9693290133129461, 0.3470468755633838, 0.11422912249914989
0.6532557210523312, 1.0074583243089492, 0.37173065528403904, 0.1264604127656985
0.6827027335501912, 0.8989436915924014, 0.3494500786263839, 0.11660954224840521
0.6861268047708726, 0.842959349012469, 0.3264145385613866, 0.11148189955018042
0.6412714717799464, 0.9806623614699257, 0.39063672815954614, 0.1300923040899467
0.7054157393140444, 0.9222641770960138, 0.3285983600712768, 0.11761563181232201
0.6400159789990298, 1.0320877305071001, 0.3977970508235805, 0.1339978025980898
0.6746561661815899, 0.967115592785277, 0.3642625087129915, 0.1266374765672846
0.5060777264167095, 1.3771808018042326, 0.5529702735847933, 0.20618750913760314
0.49723220909661586, 1.2011994605337908, 0.5508203382101721, 0.2014099391444145
0.6792215944758317, 0.9325436602875906, 0.36492404552040736, 0.13278465104638168
0.6656394453004623, 0.9301510995992367, 0.3576682915384051, 0.12504704108768994
0.6135364948924271, 0.9913844332529039, 0.41149197054680015, 0.1337424442778759
0.6543400102722137, 0.9454948245384811, 0.37827897715252246, 0.13607066484363026
0.6808194943788164, 0.887295613650953, 0.3230621419306112, 0.11675302466502006
0.7005649717514124, 0.7877958283916389, 0.32399675735397554, 0.11321420359286144
0.6839582263311077, 0.8560209191677839, 0.3567254258198782, 0.12963110308713824
0.7104947782913884, 0.7836168120007536, 0.321532801439682, 0.1135461064220273
0.7084974034126577, 0.7813075634413365, 0.3183592814418896, 0.1160038594712822
0.6918906579923529, 0.7909784077062986, 0.3158581641072855, 0.11439622460673436
0.6719739770587229, 0.9110877604625006, 0.3535709834130426, 0.12520354594838212
0.6493751070022257, 0.9541832633520182, 0.3829673055388855, 0.1438829672755312
0.6491468355875135, 0.9601886842944289, 0.3840667091038218, 0.14701562476407296
0.7209381955144667, 0.8206658971679873, 0.310557233961846, 0.10876142369854004
0.7279004736631856, 0.8015659525092009, 0.3058540379603825, 0.10767842735913712
0.7291559664441021, 0.7580630940723241, 0.3060454987390322, 0.10740071626139976
0.7091822176567939, 0.7985798359943642, 0.32107162658493854, 0.11331796456826834
0.714432460195172, 0.7669130124596879, 0.31785131828354307, 0.12416069387801197
0.699651886092564, 0.8900631324933445, 0.32605856432719565, 0.11903317436958018
0.6707755521314843, 0.831092412740212, 0.32548161250570745, 0.11908917907102001
0.7081549962905895, 0.8342324229898982, 0.3186941570527919, 0.106393260643396
0.7105518461450665, 0.7650065431444145, 0.3110007062701509, 0.10875558584274933
0.6663242595445985, 0.9303353442753607, 0.3662478463052166, 0.13555959338428103
0.6757404554014723, 0.8661152993584036, 0.36117440727041605, 0.1387704892279957
0.7332648519089197, 0.7061937501673056, 0.29391125442758453, 0.10414302806025635
0.6547965531016379, 0.841037553638646, 0.3532001777409401, 0.12240920953467657
0.7421674370826913, 0.7072416283905896, 0.2706053921943273, 0.1002086011759962
0.7471323403526793, 0.8102537466789557, 0.2907633030093829, 0.10545035343600176
0.7035325001426697, 0.7698347938270557, 0.32770685089243146, 0.112354336078351
0.7176853278548194, 0.8200075597622567, 0.3146720213277845, 0.10532274361790961
0.7489585116703761, 0.6790031611245266, 0.275656494831719, 0.09654520347944423
0.7280146093705415, 0.6991493676159347, 0.30429948128856854, 0.1171052586605761
0.7499286651829025, 0.6741118915986104, 0.2797075544471257, 0.10485444659288835
0.7307538663470867, 0.7249865050596482, 0.2907569046737386, 0.10706670884321519
0.729270102151458, 0.7279578387478148, 0.2923010168783853, 0.10929429775832704
0.7350910232266165, 0.7134057758648124, 0.2945296625659117, 0.10780546800078523
0.6558808423215203, 1.046673665315171, 0.385775583891664, 0.1469457470311365
0.7263596416138789, 0.7383046762525803, 0.3142969627926075, 0.11360533047240999
0.7301831878103064, 0.6818719832380746, 0.27247069278870334, 0.10420109050307316
0.6743708269131998, 0.838883161752428, 0.3541329721133769, 0.13100826565627863
0.7259601666381328, 0.6791165453750528, 0.27418290543935436, 0.11171615292052203
0.709467556925184, 0.7859444541707087, 0.3293321366928159, 0.11977430919447976
0.76847571762826, 0.6276415370143017, 0.26375523348958735, 0.09450395909288825
0.7615134394795412, 0.6464243571872887, 0.27039225555394886, 0.09290769192625477
0.7390287051304001, 0.7012039367280111, 0.28720703205182746, 0.10104360695258065
0.7035895679963476, 0.7504164582047014, 0.30241366979326795, 0.11282981469285966
0.6803629515493922, 0.8826711515398074, 0.34790023938175924, 0.13027150780421265
0.7421674370826913, 0.6920017145529129, 0.28843389086589144, 0.10639249427730316
0.7158591565371226, 0.8083817629797695, 0.31578813746744466, 0.11453196929911728
0.7377732123494836, 0.7333476641021126, 0.2945603711032422, 0.10697298529076722
0.7605432859670148, 0.6334225695740965, 0.26167158968376436, 0.09743316116964905
0.7461051189864749, 0.6615012300372616, 0.28678437452055994, 0.10505079265091823
0.7552930434286367, 0.6241858978495709, 0.27496764704038307, 0.10063507547821625
0.7689893283113622, 0.6196939111112392, 0.2431655266532417, 0.09237182099691571
0.6974833076527992, 0.7586834487279748, 0.29044722941007295, 0.12818564166739788
0.7229926382468755, 0.6865065370633788, 0.2726502255632396, 0.10856866905116143
0.7083261998516236, 0.708293538884483, 0.2794840625138414, 0.11682022045263621
0.7691605318723963, 0.6052466865234808, 0.2390552366844715, 0.09523851786760568
0.7664212748958512, 0.6166715193278367, 0.25757034718812943, 0.09646805554256699
0.6745990983279119, 0.8401919272456941, 0.3156879635504501, 0.1369468056737652
0.7417108942532671, 0.6607085350271982, 0.2917015859159269, 0.10955643169284064
0.7356617017633966, 0.693416497832419, 0.2874235389366767, 0.10156188227235234
0.7254465559550305, 0.7484672449820147, 0.307848021473296, 0.12223115769322274
0.7638532214803401, 0.6602801783709666, 0.2691016422508549, 0.10030362547412007
0.7596302003081664, 0.6174186584959319, 0.2738258679294591, 0.10224619631048072
0.7169434457570051, 0.776954168273041, 0.3236238093034091, 0.11947360000230935
0.739142840837756, 0.7028219549585728, 0.29554392233719984, 0.11723409134997444
0.709467556925184, 0.7032729507137626, 0.2831468293426996, 0.12814035713114472
0.761056896650117, 0.6315942472098829, 0.2534937583280381, 0.09382937325780845
0.7429093191805056, 0.661167419839592, 0.26242368974211483, 0.10356030866538815
0.7416538263995891, 0.6939715324163714, 0.2853583053160673, 0.10382482704383085
0.7576328254294356, 0.6397709908438993, 0.27559041921730093, 0.09628869905880441
0.7341208697140901, 0.6790177673599693, 0.26618332414306145, 0.11038425466758137
0.739142840837756, 0.7263466962652396, 0.2876431875535733, 0.1035297804639775
0.049820236260914225, 2.307187132576057, 0.9536232267373612, 0.39834763779377547
0.09615933344746905, 2.4444836292855716, 0.9136423611374128, 0.5239280388985929
0.3721965416880671, 2.1942727808769193, 0.6468482391060065, 0.20347444270429435
0.3107344632768362, 2.0677945406300995, 0.7086972078551306, 0.25980703647479536
0.2620555840894824, 1.914775508863635, 0.7633800245836364, 0.33833746566706313
0.23951378188666325, 2.133372689206082, 0.7683063620016571, 0.35006924149831947
0.42281572790047367, 1.587084791462069, 0.619996731293649, 0.20602167869424665
0.39565142954973465, 1.404785456047111, 0.6430097950158397, 0.23193061355073827
0.3483992467043315, 1.801322703126501, 0.6775871094810652, 0.2644798784260139
0.4371968270273355, 1.6474083936721953, 0.5879638330562252, 0.1971090110496118
0.5982993779603949, 1.1718882218905524, 0.40232292783252166, 0.12078157677894195
0.6135935627461051, 1.114616642356538, 0.39146273996124775, 0.11636748254570967
0.650174056953718, 1.0343210965536136, 0.35647976257177555, 0.11449446346776627
0.6339097186554814, 1.0393062422479022, 0.39852969894728363, 0.13720007719347793
0.596244935227986, 1.1396276726872316, 0.42716498160863003, 0.14686819306046353
0.568966501169891, 1.2211470421394506, 0.4777967416384669, 0.17331391840198437
0.6514866175883125, 1.0402331123890578, 0.38943079566438193, 0.13868430224026743
0.6111967128916281, 1.0736560682228649, 0.417332720428063, 0.1541030021384447
0.6145637162586315, 1.0175041044974389, 0.4162426930676471, 0.14961259870063667
0.6307139188495121, 1.060309738407177, 0.38044707781605214, 0.12572183986328317
0.697083832677053, 0.9610431749890916, 0.33688356068538916, 0.10869551271802154
0.6445814072932717, 0.9621478935155886, 0.38502120546817764, 0.12246775647758829
0.6266050333846944, 0.9924710676741999, 0.3645144721205693, 0.12558009945445064
0.5510471951149917, 1.1612473461552126, 0.42607338432741987, 0.17894697029790682
0.6412714717799464, 0.9737924285361003, 0.3629140705895903, 0.11930747270873135
0.6594190492495577, 0.9263991555315423, 0.3504253762990152, 0.12002710580660145
0.6809336300861725, 0.9102147603150794, 0.3442557990958865, 0.11802887501973816
0.7312104091765109, 0.8132698145841561, 0.304828388465355, 0.10248373621948209
0.6356788221195001, 1.0183298545590596, 0.4079689926795895, 0.15559967624993218
0.7047879929235862, 0.8566886038646839, 0.3298150862880465, 0.11531642036177019
0.6260914227015922, 1.131724494330368, 0.4185798383427673, 0.15942478774224902
0.6461222393425783, 0.8889509984810022, 0.34282658006859357, 0.13713107571273425
0.7218512811733151, 0.8473154692073788, 0.3163561530807323, 0.1038468578463842
0.7009644467271586, 0.88978368027753, 0.33389596740210414, 0.12223509808041494
0.6696341950579239, 1.0298345696053715, 0.35462184735229124, 0.132808799632893
0.6640986132511556, 0.9257171536509164, 0.36575075254842776, 0.13500955634261882
0.7154026137076984, 0.8226484622596533, 0.3194148913514655, 0.1071987649640754
0.6634708668606973, 0.977241710170069, 0.35763851288926074, 0.1304686741655567
0.7186554813673458, 0.7569465633797018, 0.2965624744265467, 0.10656123166870471
0.7086115391200137, 0.8004962740950607, 0.3227776456429839, 0.11774695895236285
0.7327512412258175, 0.7293435901847537, 0.28314111962054805, 0.09898287781915417
0.728984762883068, 0.7307949553029813, 0.2925367424292056, 0.10398424950306344
0.7271015237116932, 0.7599535946881099, 0.2945231518190355, 0.10378058122804716
0.6787650516464075, 0.8303155069657212, 0.3253111755133583, 0.11351306249089489
0.7296695771272043, 0.7802717988814587, 0.2945302285830021, 0.10368858259062459
0.7300119842492724, 0.7385821935727598, 0.28242416726697067, 0.10363073006396531
0.7485019688409519, 0.6903554813062909, 0.28685508460197734, 0.09932783606449784
0.7183701420989557, 0.804120963520078, 0.3134528730488077, 0.11235487132008708
0.6865262797466187, 0.9426451150533287, 0.34042069575780315, 0.12648118030808259
0.687211093990755, 0.8539667367535078, 0.3389037037460562, 0.12262883913812941
0.7422245049363694, 0.8066205378267421, 0.29486690397464443, 0.10784734434516789
0.6999372253609542, 0.852391253793079, 0.33056322032812013, 0.12011045901335045
0.7187125492210238, 0.8498340387287755, 0.31425471156815576, 0.12273893256439736
0.6311704616789362, 0.9701449569704403, 0.380662840276549, 0.1440411013139638
0.6498316498316499, 0.8913244854275428, 0.35593139401615775, 0.12625965540584203
0.7112366603892027, 0.8519214088353816, 0.3169672911289956, 0.11318194552493151
0.743822404839354, 0.7140032810479036, 0.2906159958105864, 0.09922303330652917
0.7027906180448553, 0.8020057018267166, 0.32655010133353074, 0.12097124286923883
0.7138047138047138, 0.7589343032759441, 0.3044634318458429, 0.10583567366177592
0.6998801575072762, 0.8065079105126379, 0.3240948963786529, 0.11599954080280626
0.6417280146093706, 0.932538233955557, 0.37490537805303925, 0.13364311281287397
0.6962278148718827, 1.1052110510713664, 0.31353900991509653, 0.11157596757069252
0.6845289048678879, 1.0126332109502234, 0.34448984604032906, 0.1228745737502449
0.6432117788049991, 0.9938611924654237, 0.38192045821689585, 0.13619514826207368
0.6816755121839868, 0.8887919718364035, 0.35333227216731306, 0.1300717427271293
0.6640986132511556, 0.9663092354361967, 0.3691046885835909, 0.1366865451184809
0.6494892427095816, 0.9481766656026689, 0.3740684009491667, 0.13795332515908104
0.5742167437082691, 1.0878231449806657, 0.3987922161331357, 0.14772542221595486
0.692290132968099, 0.8505053535394627, 0.33263007324129784, 0.11660271769961424
0.6939451007247618, 0.8467448216451925, 0.331976508094108, 0.11318599474059608
0.6149061233806996, 1.0890293100367587, 0.4120104869650262, 0.14966932343174932
0.6815613764766307, 0.8976777033525427, 0.3424802179783696, 0.11695230023364865
0.674884437596302, 0.8678518525046636, 0.35269335541630714, 0.12535208769774597
0.7320664269816812, 0.7231853882228513, 0.29559863187714924, 0.1010379856225312
0.6913199794555727, 0.882532641619864, 0.3342218178698205, 0.12416411290015236
0.7343491411288021, 0.7010347036257124, 0.2915887534913779, 0.10121801436849182
0.7175711921474633, 0.7348119853158385, 0.28392800455479755, 0.10984445090019722
0.6858985333561605, 0.869011759169694, 0.3466446649615696, 0.13178853187430378
0.7128916281458655, 0.823542860659094, 0.32043666151581734, 0.1079534644482301
0.6909775723335045, 0.8345025353316935, 0.33633512059433335, 0.11992932875732366
0.7011356502881927, 0.7503162158332867, 0.29299574101027753, 0.11460418602687841
0.6883524510643154, 0.8339162613648683, 0.3353034966915403, 0.12217299815702269
0.6702619414483821, 0.9044884811155233, 0.3506232670987377, 0.13629283118086835
0.7064429606802488, 0.7736469263358433, 0.32101192430723086, 0.11376110034465582
0.6850995834046681, 0.9350487530954669, 0.34597890543531856, 0.13260546568711185
0.7154596815613765, 0.8704331232638659, 0.3138114305374536, 0.11856111143668867
0.7171146493180391, 0.8143457788861638, 0.3140187995930505, 0.11840673643099135
0.7256748273697426, 0.7505061270875638, 0.3072316907648771, 0.11745890649145443
0.6786509159390516, 0.8782002388125963, 0.35134676820807337, 0.13496095879155817
0.7032471608742795, 0.8188834556202556, 0.33018843275400744, 0.11653543316760273
0.7402271300576385, 0.866595423705037, 0.29548768072662296, 0.10821669568516243
0.71939736346516, 0.759848605575549, 0.3111842697032453, 0.11066910259292856
0.7059293499971466, 0.7579500458061064, 0.31052761585335914, 0.10878238577284884
0.7503281401586487, 0.6680511157216523, 0.27064134622433694, 0.09729541871051549
0.756091993380129, 0.6453004034867957, 0.2691337745801163, 0.09428388315506718
0.734063801860412, 0.7733046200411499, 0.3020656214050094, 0.11451562535169788
0.7048450607772642, 0.8600964773730029, 0.3305735219455635, 0.11948438972187554
0.7324659019574273, 0.7626052312576771, 0.2993849130261131, 0.10475483862986734
0.7302402556639844, 0.7755006805726864, 0.3047179830669889, 0.11666279450497137
0.7687610568966501, 0.62510420227213, 0.24827272677524326, 0.09228183050043527
0.7312674770301889, 0.8436832893067924, 0.30086669194386306, 0.12043343577738382
0.0568966501169891, 2.30710750481163, 0.946717291150223, 0.41809400237808414
0.18529932089254122, 2.3889876833001766, 0.8477935912159711, 0.3674158735418842
0.2590880556982252, 2.1860510818437033, 0.7400753207259326, 0.29668273826607366
0.19294641328539633, 2.373301819668427, 0.7370155105538029, 0.36676711928295963
0.46099412201107115, 1.8099528596885999, 0.5604495149074631, 0.1688884028860656
0.38355304456999373, 1.704673126956436, 0.635926122983763, 0.24249176556943192
0.4401643554185927, 1.8779162696663636, 0.5766893570594792, 0.1926113641206797
0.39593676881812473, 1.8044576734875881, 0.6534724848553224, 0.26235795741615103
0.4819950921645837, 1.4880412395639397, 0.5463424935202519, 0.20116801253288685
0.6177595160646008, 1.1309558432110232, 0.3956474647753069, 0.13564236435618338
0.45437425098442047, 1.3118762165809297, 0.5565971771332219, 0.18951221558206663
0.6827598014038692, 0.9601383138222013, 0.34351290770569803, 0.11449575356258798
0.4657878217200251, 1.28075466378607, 0.5087986454891547, 0.19836088702964422
0.5387776065742167, 1.2365233436331442, 0.46653409842036087, 0.15531348916905513
0.6150773269417337, 1.0108993893868403, 0.4115540260225958, 0.130714478272378
0.5929920675683388, 1.0201742200028139, 0.4394312714829596, 0.146101181516873
0.6407578610968442, 0.9443130693298231, 0.3987797066330329, 0.1407955258064054
0.6264908976773383, 0.9405214002548118, 0.36541175516039054, 0.13806609097586972
0.6687211093990755, 0.9494312956465166, 0.35723827417746334, 0.12107851990208308
0.6369343149004166, 0.9948594200681876, 0.3899460922640329, 0.1375617029191087
0.6019517205957884, 1.0640055705996734, 0.4059972389163338, 0.13020658602548552
0.6505164640757861, 0.9503515201097722, 0.37172795169975353, 0.12264916166222448
0.6933173543343035, 0.8923166537494639, 0.33215257310751994, 0.11101321609725041
0.6424698967071848, 0.9186336487934103, 0.38528724364729955, 0.13039047568390835
0.6678080237402271, 0.9321998110359807, 0.3674974160936323, 0.14074681079400572
0.6336243793870913, 0.92635120708538, 0.40154937634146876, 0.13917496390737608
0.6676938880328711, 0.8970941956255081, 0.36604942028865717, 0.128263298555474
0.6005250242538378, 1.1238382933797935, 0.4377509569467282, 0.16966752444881
0.6489756320264795, 0.8656634645147654, 0.33418606650747784, 0.14161579381617692
0.7046738572162301, 0.8237991061022079, 0.328990656555999, 0.11838778678071156
0.6832734120869715, 0.862038573904221, 0.3473310259055547, 0.12496999479329146
0.7013639217029047, 0.777977019088362, 0.3150561290418599, 0.10784708467488886
0.7037607715573817, 0.769865550912701, 0.332752851067588, 0.11448257908348487
0.7176853278548194, 0.7472180102741476, 0.3128767652054457, 0.10610597018679788
0.6971409005307311, 0.8454735374255086, 0.3318825477915822, 0.12206192178677008
0.7181418706842435, 0.8465672814301556, 0.3158899017209869, 0.11660430901901651
0.7038178394110598, 0.828357759001706, 0.33069784325700347, 0.1217146340822829
0.699366546824174, 0.7855935389599632, 0.31232474830515045, 0.1076964054788292
0.7211664669291787, 0.767956810092686, 0.3091297580218751, 0.10662544693748553
0.7384580265936198, 0.7426225388665922, 0.2952181302971876, 0.10446328052124221
0.733778462592022, 0.7814024064453576, 0.30303848893519564, 0.11016522011328136
0.7036466358500256, 0.7553012547855873, 0.33192207351558556, 0.11174229079008328
0.6189008731381612, 1.0383866302621574, 0.40176283346856695, 0.14740328033618022
0.6992524111168179, 0.8232493051292953, 0.3299185340355654, 0.12030197348612588
0.7326941733721395, 0.7273866400966217, 0.3022471971022747, 0.09985595148422742
0.6816184443303087, 0.8075373961152499, 0.35222310764781717, 0.12250721930023868
0.7343491411288021, 0.7184342542790447, 0.2784186256934605, 0.10289431014528526
0.7178565314158535, 0.7469107030949558, 0.3135451604523339, 0.11578240057964867
0.6973121040917651, 0.7775775281372355, 0.3263186685923253, 0.10912855925196045
0.7211093990755008, 0.7357908092560659, 0.3119494680169125, 0.10756147044900354
0.7210523312218228, 0.8155131756544279, 0.3172939916388418, 0.10998444964514112
0.7270444558580151, 0.7884643206259571, 0.3083470205854218, 0.11415074948263063
0.7023911430691092, 0.8167731045790596, 0.3265062189522686, 0.1165184442310939
0.7223648918564173, 0.7341239548123578, 0.3120863576721155, 0.11552384904821159
0.7405695371797066, 0.7180363752175103, 0.29713155710265127, 0.11239012532044393
0.7243622667351481, 0.7510331820170475, 0.2829084413689777, 0.10501633901224643
0.7113507960965588, 0.7703574030964807, 0.29145848610365654, 0.10822427623337867
0.724133995320436, 0.7240665668847488, 0.3099330473496916, 0.1166980369651105
0.687096958283399, 0.8639887671487558, 0.340288869933041, 0.1247763269114227
0.6704902128630942, 0.8475481675367116, 0.3530903075957931, 0.12313493729876372
0.7597443360155225, 0.6485601777040072, 0.2738540252433083, 0.09789669966816421
0.5258802716429835, 1.2150137835370918, 0.4883395837473119, 0.17913213628473973
0.699537750385208, 0.7488309851832319, 0.3367708822344708, 0.11304901116248776
0.7048450607772642, 0.8165043136254289, 0.328543041811759, 0.1269309436894431
0.7112937282428808, 0.7928827608245493, 0.32038086109511854, 0.11922002693178607
0.6790503909147977, 0.7587969450301781, 0.31387837841549693, 0.1254959339935071
0.6917765222849969, 0.804780892826877, 0.29898613408304076, 0.1256869372010128
0.6926325400901672, 0.8755152558806688, 0.3412916643410451, 0.13364718002058568
0.7454203047423387, 0.6711764472590569, 0.2884941028322793, 0.10667332370988586
0.7104377104377104, 0.8252078264497604, 0.3278453206393729, 0.12818407219833378
0.7213376704902129, 0.7919068550704296, 0.31312176059952984, 0.12066474245818001
0.7649375107002225, 0.6570441918726245, 0.26348898599343096, 0.09992273083499055
0.7619699823089654, 0.6336650867243396, 0.2616130926921909, 0.09344325463728424
0.7555213148433487, 0.6489046666860191, 0.2594253711502526, 0.09634562485790207
0.7030759573132455, 0.7522341155084662, 0.32250656247904214, 0.10982397388881976
0.7122638817554072, 0.7576077815047674, 0.31485037871931726, 0.1105047947037273
0.6475489356845289, 1.0327434318105366, 0.3764469854748287, 0.13361777078532908
0.6920047936997089, 0.8412263646178343, 0.3403246563271099, 0.12079195579668768
0.7188837527820578, 0.7315357702742306, 0.31581474862133824, 0.12209191084228802
0.7177994635621754, 0.791764877818125, 0.31289988427155296, 0.11884299169476753
0.7441648119614221, 0.6645541129324868, 0.2854979790785401, 0.10572698021608064
0.7566056040632312, 0.6238991266213111, 0.24584468371698043, 0.09615252555449814
0.7687039890429721, 0.6078101777103375, 0.24618355863348867, 0.09340041341915649
0.7289276950293899, 0.6853010903063109, 0.2692086028548618, 0.10660343820423065
0.7416538263995891, 0.6948307628027918, 0.2901092878206655, 0.11308255427191814
0.7223078240027393, 0.7909946740956622, 0.31179587262608344, 0.11915758704198925
0.7361182445928208, 0.6735452489253035, 0.29128540450286416, 0.10634103556198204
0.7508417508417509, 0.634898756998697, 0.24896664295665943, 0.1057629505879588
0.7679621069451578, 0.6107455726591428, 0.23855098770370714, 0.09502013159774605
0.7595160646008103, 0.6293307025095534, 0.24603364850582465, 0.09546819574370059
0.7726987388004337, 0.6476750837317744, 0.2628828327446324, 0.09754655864261126
0.6938880328710837, 0.8779982454559585, 0.33168543662962613, 0.12091740101924846
0.6936026936026936, 0.817852018718269, 0.33388341656723974, 0.12007144090937037
0.731495748444901, 0.7706893497927184, 0.2959864399259855, 0.1055289668614524
0.7653369856759688, 0.6098800120519035, 0.2637613116129661, 0.10219755484582399
0.7496433259145123, 0.7458250101912681, 0.2793746453743502, 0.10237986401368776
0.6710608913998745, 0.9088947073792091, 0.35260486656014633, 0.1330601849902347
0.7516407007932432, 0.641449081950374, 0.2782132470745291, 0.10559892080682268
0.7421674370826913, 0.6643742291470699, 0.2669313379296409, 0.10385205005390127
0.7608856930890829, 0.6869702694385387, 0.27932857747531564, 0.10161487462205357
0.7556354505507048, 0.7149959877693423, 0.2796071771902777, 0.10236613030447161
0.10180905096159333, 2.3026691420549183, 0.8692489566229272, 0.2969340741907716
0.23306511442104663, 2.290149169038136, 0.7875648170663473, 0.284810913977848
0.3121611596187867, 2.176729331391795, 0.7202455834386862, 0.2332579827318987
0.3061690349825943, 2.0509134288425486, 0.7202317997659873, 0.25431840267802447
0.3411516292872225, 2.110665580412436, 0.6469206657726171, 0.2270706734825972
0.42036181019231866, 1.6044615786729906, 0.5682423993624149, 0.20016238953990287
0.4639616504023284, 1.522605439999982, 0.5178247821272782, 0.17858225958140767
0.4987730411459225, 1.3676620757804983, 0.5289405648433173, 0.1799635851312956
0.5216572504708098, 1.3603421091711945, 0.4805755850804248, 0.15122340636333803
0.5686240940478229, 1.2166355814076188, 0.4465800898229387, 0.14362638268261657
0.5231980825201165, 1.2860543681099754, 0.49524546167192285, 0.17519979945886066
0.5973862923015465, 1.1056101910269491, 0.425124779061437, 0.1506502408924148
0.6293442903612395, 1.0555552778742068, 0.39793436816860334, 0.13904067329095607
0.6529133139302631, 1.0582905733324461, 0.3721677968342506, 0.1347414402527044
0.5241111681789647, 1.3452529203314008, 0.4922167272930022, 0.14706318430926954
0.5537864520915369, 1.1085842088214488, 0.4351812006705519, 0.1550953377587477
0.6458369000741883, 0.9696818155498086, 0.36529398229688165, 0.12219466104889261
0.6485190891970553, 0.9182983882899991, 0.3477364253373278, 0.12488899236486825
0.6282029332876791, 0.9746252035758597, 0.4096513968138574, 0.14540509990445827
0.6698053986189579, 0.9259114326193911, 0.3576081176260594, 0.12924786451336392
0.6351652114363979, 1.0126432895397635, 0.3876441350129541, 0.14108553162323037
0.6597614563716259, 0.9259705770794152, 0.3651689865283332, 0.13180072039981566
0.6615305598356446, 0.9383211280292336, 0.339209629074055, 0.12381075406240985
0.628145865434001, 1.04225671144725, 0.3955566391206693, 0.1365393122305324
0.662557781201849, 0.9106042699232283, 0.3666121016592486, 0.11999704931457948
0.6606174741767962, 0.8748621935629715, 0.3685968711838611, 0.12288860230383523
0.7022770073617531, 0.823507979544529, 0.3270559833208834, 0.1094070995414068
0.6036637562061291, 0.9249195309292023, 0.3827120313113308, 0.1517440751689286
0.6855561262340923, 1.0370020163761173, 0.34838842494900246, 0.1306033245754118
0.6849854476973121, 0.9494900787936419, 0.34920289466485305, 0.13120268165593232
0.6830451406722593, 0.9062927698715512, 0.34654464006382607, 0.12416869217362564
0.6777378302802032, 0.8651959002239072, 0.344292632254026, 0.11771356020622975
0.6530845174912971, 0.8710689270415115, 0.35384813326792064, 0.12095981964078022
0.6887519260400616, 0.9308518259077333, 0.33994038955678996, 0.12281115976977855
0.7177994635621754, 0.7699585993206236, 0.3014915990094051, 0.10390262247552916
0.7221366204417052, 0.7986598423090238, 0.30623137463834343, 0.1082850881074848
0.6758545911088284, 0.9722017090267387, 0.35364251465381175, 0.12768926460484653
0.6763111339382526, 0.860462759399174, 0.3318544312114914, 0.11370317949881427
0.6315128688010044, 1.0340109814428453, 0.39525808628517717, 0.1510220723693931
0.6937168293100496, 0.8426378516306849, 0.3369539959343645, 0.12473997056842151
0.6622153740797808, 0.816324456364536, 0.3642662138072457, 0.12474745343287473
0.6758545911088284, 0.7829597176550029, 0.33990014165312993, 0.12420799388019764
0.679678137305256, 0.868706650423247, 0.3401508134232133, 0.12398480219961053
0.7066712320949609, 0.7610207876801194, 0.3130786510489274, 0.10991520088552766
0.5823774467842264, 1.0371660565671614, 0.44010029189926403, 0.15752730034611068
0.7094104890715061, 0.7320315000532682, 0.31778520102942415, 0.10779472320269091
0.7072419106317411, 0.8443865932370658, 0.3215549741526392, 0.11381316581282014
0.6803629515493922, 0.8165489032227639, 0.3483758318827641, 0.12640618312686505
0.7102094390229984, 0.8886465800629042, 0.32349282877363134, 0.12337742601751862
0.7174570564401073, 0.8474853424056586, 0.3147422956158261, 0.11219376319762413
0.7039890429720939, 0.7839398043071687, 0.3209815685548657, 0.111466953420218
0.5778120184899846, 1.011282169749211, 0.424424862104776, 0.1594426828386932
0.7477600867431375, 0.7115032263303175, 0.27358358665134447, 0.10107210922665595
0.7209381955144667, 0.7473544391714366, 0.30879151935470994, 0.10937461501534138
0.7346915482508702, 0.7362458322812447, 0.29913675193061867, 0.10503883267311241
0.6204987730411459, 0.9651119475638413, 0.41206453321359066, 0.13707544013999928
0.674713234035268, 0.9199633353933058, 0.36101594995725084, 0.13634729705343004
0.6918335901386748, 0.8867000568145124, 0.3383894676926435, 0.1261783303653187
0.6947440506762541, 0.8390865616595194, 0.3361245459447343, 0.12357779971761787
0.6457798322205102, 0.9785183507305804, 0.3780668498190475, 0.143090675290979
0.714432460195172, 0.814700448924571, 0.31675359977516215, 0.11894852686494631
0.6898932831136221, 0.778369082382851, 0.3387098647700257, 0.11614947488628817
0.7037037037037037, 0.7718279281586361, 0.29544613574421447, 0.114416653294969
0.7135193745363236, 0.9081873440563233, 0.31345784117351977, 0.110594447051543
0.6407007932431661, 0.9958521122424214, 0.3808983048090065, 0.1325452901434666
0.6541117388575016, 0.8883487214693327, 0.3604525544567027, 0.1244194984234889
0.5740455401472351, 1.0398303817445074, 0.40234765339170614, 0.14755548738148247
0.6444102037322377, 0.9282890675709664, 0.3383761632528282, 0.13140416343665545
0.6161616161616161, 0.9446635541000615, 0.364394419540381, 0.13885263422727365
0.635564686412144, 0.8859604508820387, 0.3437692830900966, 0.14439689503341346
0.7211664669291787, 0.7647400037993809, 0.2873516673365119, 0.1027385565272127
0.667408548764481, 0.8691697393703517, 0.32165363580140394, 0.13053215840723664
0.7201392455629744, 0.8145009399207445, 0.30820467559749054, 0.10682509455911116
0.6950864577983222, 0.8029652953829041, 0.3371149086966078, 0.11711141531924242
0.6937168293100496, 0.8073540356187502, 0.3351455569099081, 0.11878006222712705
0.5972721565941905, 0.988197020204754, 0.4266142071126107, 0.1528339955448101
0.7117502710723049, 0.8122137840216465, 0.3135666031891743, 0.10912103627171083
0.6422986931461507, 0.9896212886103275, 0.36597910016937, 0.12723098310478229
0.647891342806597, 1.0772881609170477, 0.37053771707021876, 0.12894402507842737
0.6621583062261028, 1.0927025967376496, 0.3635072058192269, 0.14219800564002752
0.6339097186554814, 0.9888962677255352, 0.3848802392843548, 0.13431438328758957
0.642698168121897, 0.9818283313741724, 0.37190279278483734, 0.12618144686301289
0.6074302345488786, 1.1927853679347276, 0.4065760715820208, 0.14350935252171657
0.6581064886149632, 0.9392893847185657, 0.36773347317405886, 0.13744861236335507
0.6882383153569595, 0.8511263040535214, 0.3292023287218694, 0.11782727944369427
0.6864121440392627, 0.8396305759675329, 0.33451280850124543, 0.11339043986044207
0.7037607715573817, 0.7795673987743902, 0.2997561561108796, 0.10786839838839264
0.6425269645608629, 0.97137979097087, 0.3929309994231412, 0.13259822488690676
0.6339667865091594, 0.970915007865675, 0.37056568146413343, 0.13257639150247658
0.6301432403127318, 1.0058611338030277, 0.39593508370885294, 0.1497268584432016
0.6851566512583461, 0.8253680146361753, 0.33798207780160433, 0.1185406201884418
0.642812303829253, 0.9886107934768115, 0.3707119657473068, 0.1361375290077891
0.6896079438452319, 0.8233450332209311, 0.33186001920585745, 0.11733295615899057
0.5929920675683388, 1.0824287977812208, 0.4249255405135339, 0.15755806061487013
0.6567368601266906, 0.9476889296160201, 0.37409132874890977, 0.13800784449281658
0.7184272099526336, 0.7676230772764446, 0.30194535397218564, 0.10357618481667469
0.7099240997546082, 0.7823214711921587, 0.32735677328690616, 0.12181816166839704
0.6860126690635165, 0.7704759107995577, 0.33533937200595615, 0.11394707765469463
0.736460651714889, 0.7170336772238362, 0.29611673973696545, 0.10212170274574654
0.7014209895565828, 0.8403571778030889, 0.33204791317095417, 0.12444057642533164
0.6357358899731781, 0.8933679276204697, 0.3871130074234152, 0.1406325206652925
0.10163784740055927, 2.305714098250547, 0.9181712498887065, 0.5232992355177515
0.10192318666894938, 2.4229351979905336, 0.9179563757742396, 0.5313219045749881
0.23871483193517093, 2.298667127190949, 0.79802249249216, 0.29772698604699155
0.14797694458711408, 2.640693139170686, 0.8675810351903939, 0.45731215419487636
0.18860925640586657, 2.220047900266233, 0.825849845898685, 0.34318836242203016
0.25497917023340755, 1.8969047322996007, 0.7214601046976855, 0.31172618445502126
0.3367574045540147, 1.8507142947402193, 0.6904987696047636, 0.2327560771330563
0.46841294298921415, 1.6430925960825105, 0.5675043715664676, 0.20356555209201008
0.4838783313359585, 1.4616895952761422, 0.5358109207348658, 0.17769828504049057
0.42909319180505623, 1.4372918178940557, 0.5781482537175774, 0.20454108159330334
0.37824573417793755, 1.59821635245952, 0.6597173255448874, 0.24374533629010575
0.6300861724590539, 1.095371984315709, 0.3807868768408491, 0.12838579891121524
0.5010557552930435, 1.2228198197777056, 0.540761744315584, 0.18551506791279976
0.5733036580494207, 1.1917261142907216, 0.44657570191994755, 0.1418265424776203
0.6333390401187011, 1.000451165022204, 0.40119209648576426, 0.128422830740918
0.6181019231866689, 1.0040302390287639, 0.408653440034891, 0.13841046348613995
0.6167322946983964, 1.0363261541202329, 0.4090369352570777, 0.13180566732952062
0.6473206642698168, 0.9883452018253377, 0.3768939896874757, 0.1262977470518686
0.6690635165211436, 0.931413073170296, 0.3493721017147961, 0.11886208289197477
0.6436683216344233, 1.1676872187215246, 0.387870695515324, 0.14744730108358184
0.6622724419334589, 0.9585270744527369, 0.3665069429190889, 0.1360774159765311
0.5845460252239914, 1.1051769501415418, 0.4427203887086398, 0.15731389906785184
0.6397306397306397, 0.9104585163419903, 0.3555268151000663, 0.1289871673610316
0.642698168121897, 1.0605160208743278, 0.3971320141018685, 0.1477230777729157
0.6644980882269018, 0.9284216223693528, 0.3497867358350801, 0.11884593955314664
0.6406437253894881, 1.0084195050679805, 0.3424895195924352, 0.15094426988285628
0.6803629515493922, 0.8681707999142366, 0.3468709807823163, 0.11936257103419891
0.6974262397991211, 0.7828337571553978, 0.31079274128670187, 0.11258914464036121
0.6506305997831422, 0.8884899465520585, 0.3755975964320489, 0.12673559673699747
0.667579752325515, 0.8544506286174983, 0.3419428811388268, 0.11605846973970763
0.6854419905267363, 0.8142612947625469, 0.31948322331243595, 0.11664049670622476
0.66974833076528, 0.9004996617263051, 0.36001753196526054, 0.13347202710756967
0.6793357301831878, 0.833513988432491, 0.3311032187361213, 0.1211836942782829
0.724076927466758, 0.7361597559441352, 0.30883961919936487, 0.10551678715608849
0.6583347600296753, 1.0871824982427203, 0.37555266814575217, 0.14661459738313692
0.6659818524225304, 0.8894375603779336, 0.36154109920713323, 0.12841191932742638
0.7204245848313645, 0.7581491867210651, 0.2837691325981607, 0.10118532565802812
0.6832734120869715, 0.8421463122183089, 0.34066725262789105, 0.1280535287174435
0.6902927580893683, 0.8521729558298102, 0.31063615046461446, 0.11346005395632835
0.5771272042458483, 1.019090917858161, 0.41302171556965916, 0.13588452891521818
0.5851737716144496, 0.9665496269828693, 0.4142704503725747, 0.14226132684652407
0.6546824173942818, 0.9054805887978639, 0.35619623186867594, 0.11475478482439928
0.6893796724305199, 0.8585319727143046, 0.3412593671428652, 0.13232660533530174
0.7091251498031159, 0.7818266281495933, 0.3284068102109573, 0.11600036801768888
0.6879529760885693, 0.8198507493668498, 0.33077119309480424, 0.1124178396679282
0.6885807224790276, 0.8418624959087783, 0.3429099759053363, 0.13147390948695276
0.7344632768361582, 0.7166532115881209, 0.2846242787814041, 0.10285776862248726
0.7269873880043372, 0.7154792617367728, 0.30565634055769103, 0.11312037917886407
0.7030759573132455, 0.755809909565371, 0.29336244361992114, 0.11710949088877178
0.7003367003367004, 0.7868211514971875, 0.33477200452947525, 0.12047068943555513
0.7090680819494379, 0.795754334803916, 0.32338744428861016, 0.11813477795224335
0.6913770473092506, 0.9256962983249197, 0.3409588936312865, 0.13323769243273545
0.6884095189179935, 0.9258733527953689, 0.34517150277269376, 0.13429156428405048
0.6632425954459853, 0.8409890870037037, 0.32219035318536593, 0.13526123848062
0.7201963134166524, 0.759859331375868, 0.30836570160870913, 0.1159602539507008
0.7349768875192604, 0.7506608604155872, 0.29490695345908524, 0.10459272721798767
0.7311533413228328, 0.7205273327309515, 0.2942868773219347, 0.10713991477839728
0.729270102151458, 0.6933066336877352, 0.30084741919806424, 0.11036770897656184
0.6979398504822234, 0.8609215169569435, 0.331745921900359, 0.12266762817880848
0.6878388403812132, 0.7748237698618116, 0.30194555624026287, 0.12303955320424825
0.694458711407864, 0.8803363621160698, 0.3383507588610264, 0.1249861806710544
0.7102665068766764, 0.7619252239887914, 0.3207242026533908, 0.11980835392224934
0.7358329053244308, 0.8173423521356744, 0.30154646012229375, 0.11594673503694973
0.7225931632711293, 0.7325334436316129, 0.3062808644521236, 0.11100140000725386
0.76847571762826, 0.6406568796736112, 0.26187861554928865, 0.09319478463012112
0.7281287450778976, 0.7188217829055508, 0.3020513132853188, 0.1053950981869071
0.7632825429435599, 0.6386875523970877, 0.2657823722041891, 0.09748230015198485
0.7235633167836558, 0.7015173912606413, 0.30645878054044323, 0.11183986950715873
0.7449637619129145, 0.6434700904657584, 0.2804446599426732, 0.10418569279476705
0.7205957883923986, 0.7093075061840809, 0.2687778966572669, 0.11396867276803264
0.701763396678651, 0.8188030754965888, 0.29409708941493135, 0.12273619691433238
0.7117502710723049, 0.8253442899048743, 0.3191776000813057, 0.1200932427456174
0.7275580665411174, 0.7743297385238186, 0.3033540951404651, 0.1063520770304804
0.7528391257204816, 0.6856493689569453, 0.2792150533761769, 0.1021747560585074
0.7098670319009303, 0.755384928997599, 0.3203837820843649, 0.11969413398293295
0.7061576214118587, 0.9565065865676653, 0.3263295718434051, 0.12768926413513748
0.7263596416138789, 0.7404851312430993, 0.30760300741679175, 0.11645859363502203
0.6490897677338355, 1.0089984456095182, 0.3793719009607177, 0.14546242280477212
0.6850425155509902, 0.8718072298098044, 0.3534866252098229, 0.13230211505662035
0.7164869029275809, 0.7220194651746057, 0.3159557647127112, 0.11417461098036198
0.7174570564401073, 0.7761744078975839, 0.31878902880134274, 0.11125234750553493
0.6934885578953376, 0.76181916981191, 0.3357039174673633, 0.12008554786837232
0.7523255150373794, 0.6666818545449995, 0.2731599818401993, 0.09961488352947026
0.7010215145808366, 0.7865372040619805, 0.30619235461717753, 0.1122740382367128
0.7486731724019859, 0.6553497481901381, 0.25539346789029677, 0.10049971053546063
0.7466187296695771, 0.6801212405368114, 0.2616911430011497, 0.10351137586656582
0.7100382354619643, 0.7351959038937044, 0.3231748997310974, 0.11491686928748335
0.7367459909832791, 0.7202776495459979, 0.2985280676372202, 0.10962814994719117
0.6792215944758317, 0.7932496231383817, 0.3485137433747936, 0.12633567008777916
0.7029047537522114, 0.7466879869005794, 0.3280198153520854, 0.12035201765850577
0.7134052388289677, 0.7242207627022724, 0.27552954745681063, 0.11799436410258284
0.766078867773783, 0.6016743824740334, 0.2541422168390524, 0.09639915585591097
0.7346915482508702, 0.6951575461810514, 0.2994809963261174, 0.11455460890595419
0.7324659019574273, 0.6927404015600239, 0.2884159206887491, 0.10526896502375911
0.7601438109912686, 0.6195517856696258, 0.2568698695146904, 0.09984988602280793
0.7239627917594019, 0.7364795728463469, 0.30365243852919305, 0.11550793948742345
0.7569480111852993, 0.6299727984277507, 0.27348862105134086, 0.1066198431845562
0.7717285852879073, 0.6097679312800863, 0.23706861921830186, 0.09501205806440075
0.7797751526565085, 0.5782877531808993, 0.23696135501351293, 0.09179209845059069
0.7639673571876961, 0.6071315842436064, 0.24170243588296975, 0.09369889884835708
0.6769959481823888, 0.7906066639217723, 0.3082059227574684, 0.13332592893264353
0.04742338640643726, 2.3041601783097394, 0.9608349328720448, 0.2963955291612781
0.13701991668093363, 2.2597944431977615, 0.8309059139195212, 0.451399322073574
0.16144495805512754, 2.4195943125332557, 0.854297985064731, 0.4186911140754511
0.16914911830166068, 2.298082956663381, 0.8456713135901874, 0.3977595516443711
0.31278890600924497, 1.9529089519016032, 0.6391147376962374, 0.3090658502908272
0.4714375392341494, 1.547733101198909, 0.5483089859615015, 0.18200517882463352
0.49169662728984764, 1.4282151622372334, 0.4885365504075533, 0.15943197182727933
0.5697083832677053, 1.2710948668967532, 0.45597966872664847, 0.142953063529456
0.5422016777948981, 1.1850314162234048, 0.4939335606415003, 0.16092361198627858
0.43120470239114306, 1.4238002043414495, 0.5399252045976459, 0.20809681255533524
0.5457398847229356, 1.250234529715862, 0.4791410324177586, 0.16403271373858042
0.6215830622610283, 1.0612450572830803, 0.4067522315617549, 0.1324709843191253
0.6098841522570336, 1.0578476755557686, 0.4204979934200003, 0.13389231072510777
0.5574958625806083, 1.1938597502141506, 0.44841920215096337, 0.1466788958256226
0.618387262455059, 0.9889157483633666, 0.3959929269988287, 0.1327554935610559
0.5816926325400902, 1.132278409103829, 0.44554097688995076, 0.15588734496887113
0.5754151686355076, 1.2237007866649654, 0.45037980961385077, 0.1660352323385106
0.6834446156480055, 0.9149404567046268, 0.3452149296873104, 0.11744585742733912
0.7064429606802488, 0.8450290233006078, 0.32443363255488256, 0.1066627708506032
0.6100553558180677, 1.0668289738134886, 0.37440775007840355, 0.15833787427470314
0.6000114135707356, 1.0058133173246047, 0.42429999880661656, 0.14361936663944658
0.6021229241568224, 1.0024819715885918, 0.4217390237248206, 0.1323241935890581
0.6779661016949152, 0.8248032490077452, 0.3174965289552169, 0.11902489522198728
0.6878388403812132, 1.0207287937735223, 0.35084925250913257, 0.12348237291158505
0.7294413057124921, 0.7747950984814229, 0.3039926125524408, 0.10483870147843291
0.6882953832106374, 0.865058781763775, 0.34117651356860057, 0.1247311844446297
0.6777948981338812, 0.8810195892335774, 0.3395101585248136, 0.113862653320197
0.6594761171032357, 0.8989250890458118, 0.3733756824312575, 0.13241439338036873
0.7106089139987445, 0.811819421319305, 0.328349214197933, 0.12016739673595554
0.7006220396050905, 0.7803999001693557, 0.30032852667253634, 0.11450394008551602
0.7158020886834446, 0.7758328764828178, 0.30148407482043293, 0.11114980880413833
0.7121497460480511, 0.7443745105360402, 0.2890134869607663, 0.11110349408348749
0.7156879529760886, 0.7365994419124893, 0.2847609789651955, 0.1116684923469639
0.7084974034126577, 0.7571083049989902, 0.3237615344980649, 0.11917303380584658
0.6492609712948696, 0.9507514252042573, 0.37951507799698764, 0.12648578736304922
0.7165439707812589, 0.7722385822555259, 0.29285434449998526, 0.10429697047514505
0.7321234948353592, 0.7317672048610401, 0.29981711677375406, 0.10573853865669432
0.7161444958055128, 0.8350247420380783, 0.31551046065017435, 0.11509645341247164
0.7183701420989557, 0.9424577433913449, 0.31676259563201736, 0.1129471437857382
0.7465616618158991, 0.7575832756234017, 0.2895938657103105, 0.10524072926250909
0.7441648119614221, 0.6986472612751888, 0.29442777435866746, 0.1076607625366109
0.7218512811733151, 0.7457262354544755, 0.3124731193257425, 0.11281133543205178
0.6819037835986989, 0.8778672337660052, 0.34820201330380074, 0.129146540486189
0.694458711407864, 0.7950693151676355, 0.32278603578478554, 0.11209566352059622
0.6777378302802032, 0.8200603092934571, 0.36033958142950484, 0.12767767359617452
0.6981110540432575, 0.9263221393510208, 0.33762083226200007, 0.12793767797152036
0.7351480910802944, 0.6967645389686564, 0.29699800040697166, 0.10622779997633251
0.7182560063915996, 0.7562381939957245, 0.3179324000357399, 0.11659717975596119
0.6824744621354791, 0.8832163606065427, 0.3525657664147281, 0.13428222092922626
0.7346915482508702, 0.7040456655468589, 0.28938043409275827, 0.10294388053901543
0.7276151343947954, 0.6978559602012749, 0.3030843188175961, 0.11151202419138899
0.7345774125435143, 0.738951446932556, 0.290404685216664, 0.10782541972074704
0.7107801175597785, 0.81066147162779, 0.32388145597568374, 0.11785946463913084
0.6773954231581351, 0.8633885202890154, 0.3432459973242838, 0.11151455699258307
0.7200821777092964, 0.9649600450533925, 0.31374065551262426, 0.12184552460818646
0.5815784968327341, 1.1221425758638282, 0.43396976544570615, 0.18112976227839392
0.7163156993665468, 0.8377625239657014, 0.3010971335696038, 0.1109382957706422
0.7096958283398961, 0.8371233388110599, 0.3170978683503877, 0.11689826168519844
0.7296695771272043, 0.7878114735102916, 0.28920436034335684, 0.1103564073312925
0.6618158991040347, 0.9332148035698445, 0.3757343772167516, 0.13827547848740626
0.7298407806882383, 0.7852940571394534, 0.3057374840476687, 0.10649937921092056
0.729270102151458, 0.7530786387662962, 0.3047327074704009, 0.11360446118804944
0.6907493009187925, 0.7544439736361359, 0.3007356954680829, 0.12342692148617693
0.6121097985504765, 0.9414642283810202, 0.3704488105095204, 0.16860055096374987
0.6805912229641043, 0.8811082237523472, 0.35346512842214145, 0.13084095428391848
0.7122638817554072, 0.751178922258045, 0.3149033669412686, 0.11260529206826017
0.7288706271757119, 0.7423673282185396, 0.31042009653353964, 0.11626623537160503
0.7208240598071106, 0.7262103350137131, 0.3095496676528963, 0.11769941284181476
0.6495463105632597, 0.8205278263141504, 0.3460830564583682, 0.13233192632589477
0.7098099640472522, 0.770237019192656, 0.32442832164227714, 0.11600678147793816
0.7075843177538093, 0.7839153458897309, 0.3272725204994622, 0.11441933395594944
0.7344062089824802, 0.7317645278046737, 0.3018234295075389, 0.11192903026023399
0.7259601666381328, 0.7775977950462964, 0.3110823593578395, 0.11011542902840825
0.7017063288249729, 0.8443471739903167, 0.33684104220646804, 0.11420697417946532
0.6309421902642242, 0.9275941156121255, 0.39712283500599205, 0.15052485103331809
0.714318324487816, 0.7719357837091362, 0.3164269172905409, 0.11949068175993904
0.6831022085259374, 0.9757760272692341, 0.34718889345944354, 0.12920826958419598
0.7445072190834903, 0.667142293709583, 0.28941182635005236, 0.10951999452332833
0.72430519888147, 0.8015046684044024, 0.3100856546124596, 0.11318814400024048
0.6962848827255607, 0.9106425399823365, 0.3362463612445807, 0.1311343620477656
0.7190549563430919, 0.935596336265681, 0.3192992921638886, 0.11680345086536353
0.7185984135136677, 0.9176397909328077, 0.3134855127055525, 0.12295201939685732
0.70929635336415, 0.7893720452552502, 0.32202910298166443, 0.12617183161008205
0.7346915482508702, 0.6992433104469138, 0.29931033997447243, 0.11025650125150915
0.6966272898476288, 0.7475721534968833, 0.29399212124969853, 0.12863302741880098
0.7375449409347714, 0.7207507189445861, 0.2948111834316457, 0.09914348231447194
0.7653369856759688, 0.621717606847661, 0.2503031165741151, 0.0933900766504801
0.7130628317068995, 0.7847660223636183, 0.3207870621156533, 0.12167196459665125
0.6961707470182047, 0.8016301652048055, 0.33294084276266783, 0.1285551957137458
0.6480054785139531, 0.8222020503996881, 0.34308398782917354, 0.1289941886383451
0.6937738971637277, 0.7822514958390547, 0.3367089419672585, 0.12059767970107417
0.6712891628145865, 0.8228738439573348, 0.32084158181655137, 0.1429087854514698
0.7311533413228328, 0.7226312897912021, 0.284835866188999, 0.10186897819816022
0.6662101238372424, 0.8462228595780719, 0.3309847754066705, 0.12166504726446069
0.7551789077212806, 0.6719158135766101, 0.258594157002783, 0.0939605933348064
0.7041602465331279, 0.7601099247665881, 0.29098669828026524, 0.11594488899909441
0.7506134794270387, 0.6705803652826263, 0.2627015851039501, 0.09879007585212571
0.7596302003081664, 0.6383046594567394, 0.2719376414402612, 0.10123985668478389
0.731495748444901, 0.685119037372728, 0.264513621677973, 0.11128210752453084
0.6986246647263596, 0.802900185776039, 0.2917777014616278, 0.1207905778308785
0.6720881127660788, 0.8549865023030234, 0.31156997203614, 0.13673420213748005
0.16424128288535067, 2.302676823220419, 0.8336073067903571, 0.2778464011131546
0.17987787479312903, 2.327812904501481, 0.8440139991039538, 0.3409430285451762
0.18712549221023797, 2.4302590701131455, 0.8379929400687185, 0.3365475095567215
0.31244649888717685, 2.0982228918026036, 0.6437340088752457, 0.26870153416626924
0.20955315870570107, 2.1008721849101053, 0.8022242354390718, 0.326005736422696
0.34822804314329736, 1.8015560768534045, 0.647896099490901, 0.2414174796645369
0.36460651714889003, 1.6215370276376604, 0.6188189035091437, 0.19851088511054407
0.4875306739713519, 1.431191875988957, 0.5262061415904291, 0.18876820367487845
0.42566912058437484, 1.570942726687591, 0.5685029638790078, 0.17377988051816534
0.4962620555840895, 1.3090954445630307, 0.48453722648358183, 0.15393151009340345
0.5233692860811505, 1.264514984884967, 0.479464540225526, 0.15306360958044327
0.5605204588255436, 1.168445479178996, 0.45496601940176995, 0.1411945097804098
0.6331678365576671, 1.0738262805250323, 0.3862330569704525, 0.12004264103909927
0.5126975974433602, 1.2030877541795952, 0.49757309710236514, 0.1572761974627175
0.5899104034697255, 1.069805100273611, 0.4372478968423747, 0.14780236086067386
0.6532557210523312, 1.0481482434284162, 0.3747440886518748, 0.11915544045570745
0.6463505107572904, 0.9974586303658745, 0.38357169269912117, 0.12340231281993236
0.692175997260743, 0.9301300179771346, 0.3409863649038486, 0.11112492127268371
0.6654111738857501, 0.9922346449578022, 0.3505047809391573, 0.11217280806107026
0.6893226045768419, 0.8694025810372338, 0.33047774051785656, 0.10727195486730695
0.6884665867716715, 0.9555246803519643, 0.3473979499521687, 0.116153110778717
0.5899674713234035, 1.0303402405591155, 0.43038697322229474, 0.1425906673339021
0.6113679164526622, 0.9835707698194237, 0.37804399827859486, 0.14332270914414635
0.5856873822975518, 1.0680901564745438, 0.4033143389186314, 0.1499388831470309
0.679906408719968, 0.8797322353518743, 0.34551631802816446, 0.11019771087321296
0.6999372253609542, 0.9447121455448981, 0.33789606900593216, 0.1128152520857868
0.7057010785824345, 0.8551857225379633, 0.3310821944173112, 0.10961386116168494
0.6736860126690635, 0.8606778178912532, 0.3522057468981791, 0.11365127728845652
0.6036637562061291, 1.0449684820961416, 0.4161222483707322, 0.13640934019712628
0.6208982480168921, 1.0267983475412195, 0.40202409566317343, 0.13569392111338524
0.6858414655024825, 0.862170872975874, 0.35182837219689195, 0.12121632358900247
0.6816755121839868, 0.8497428756024609, 0.34660473381879053, 0.11628241295929378
0.6311704616789362, 1.0456873325359155, 0.4092393181264911, 0.1352956756689805
0.6929749472122353, 0.9370616686456056, 0.34414528324351507, 0.10901828883521364
0.7075843177538093, 0.8381246374019142, 0.31478955268813785, 0.10933807167269106
0.6965702219939508, 0.9282695603847282, 0.3388245099251798, 0.11684204912366028
0.6093705415739314, 0.9905484384609817, 0.4104565503215747, 0.13795305409450792
0.7203675169776864, 0.8235916065118375, 0.32059282092790886, 0.11013138022443551
0.6870398904297209, 0.878681497367508, 0.3461589669407676, 0.11397934882833184
0.7109513211208126, 0.820300422615868, 0.3160797143869822, 0.10389937074935518
0.6858414655024825, 0.8210001962919198, 0.3151421633321319, 0.11667478114619441
0.6557667066141643, 0.9662217914782614, 0.37602563266201394, 0.12379016995393029
0.692118929407065, 0.883592853560837, 0.3409752899309742, 0.10978179177400234
0.731609884152257, 0.811620764888439, 0.3010729530836339, 0.10191436541805793
0.7055298750214004, 0.7976060590314475, 0.2974574658250191, 0.1089883992996923
0.665011698910004, 1.5083447364900084, 0.37929409766663297, 0.12572337148288856
0.4427894766877818, 1.3793977174419167, 0.5600371585358365, 0.17976346374515426
0.5387776065742167, 1.6449168287292024, 0.4638256201572795, 0.14662244562856372
0.4242994920961023, 1.4653810039745143, 0.5705816169455411, 0.2121761293319793
0.6013239742053301, 1.2417209845894936, 0.4295757559795819, 0.14650561834708084
0.472921303429778, 1.3607295156282044, 0.5503249911519521, 0.1950302154115881
0.4451292586885807, 1.2861460369710223, 0.5459169964104171, 0.1903944257695213
0.687325229698111, 0.9925310266089006, 0.3347448971227175, 0.10990126421568605
0.5328425497917023, 1.1057873502133888, 0.45801160115478423, 0.1494349045425354
0.5089311191006106, 1.2056593600439889, 0.5180420845009416, 0.16348192218236804
0.6875535011128231, 0.929248021802136, 0.34530933741774095, 0.11952240358147867
0.5716486902927581, 1.0249638595114299, 0.4145423492779697, 0.15687882844844675
0.6888660617474177, 0.9762767500667728, 0.3522209794191667, 0.11761810177207084
0.6360212292415682, 0.9317737088392495, 0.3964015750587908, 0.12109173248899047
0.6470353250014267, 0.925331005438289, 0.38724741435514076, 0.1266627895116794
0.6544541459795697, 0.8997902991359112, 0.37048516223934214, 0.11708166692172813
0.6558237744678422, 0.878478730882577, 0.37240219117268697, 0.1196817875401103
0.6292301546538834, 0.9917138393194288, 0.35742010036885946, 0.14475442612934586
0.6472635964161388, 0.9197716981471044, 0.3721051946660465, 0.1272248102899664
0.6417850824630486, 1.0209895889101246, 0.38941198631787494, 0.12988097389047606
0.6166181589910403, 0.9920200418525925, 0.37840704065004505, 0.13138186931135992
0.5214289790560978, 1.3012479915130712, 0.5082501524880213, 0.18770699911112484
0.652742110369229, 1.0647601850506432, 0.36952900678261436, 0.13330756696264887
0.647891342806597, 1.0429255980008652, 0.3795138371274827, 0.1263545941844296
0.6325400901672088, 1.005685049450109, 0.40185449527022504, 0.13909608342711882
0.6582776921759973, 0.976017463215451, 0.37877072761802594, 0.12103029370040401
0.554128859213605, 1.15719680915286, 0.46661268840634745, 0.17342333836185994
0.6327112937282429, 0.9787692192578156, 0.39047293596384947, 0.1387541233514251
0.6759116589625064, 0.9175133378022403, 0.3547484488406572, 0.11566975264900597
0.6398447754379958, 1.083307931249098, 0.3882008094517461, 0.1406691833736134
0.6775666267191691, 1.1403964899566656, 0.35747111073302257, 0.12868381869105755
0.5055070478799293, 1.2233271767131095, 0.5023795227712492, 0.17330192989142815
0.6504593962221081, 0.9904613636907313, 0.3561861205882372, 0.11856656982077457
0.5636021229241568, 1.0640887712777776, 0.45258840264908573, 0.16728826419927825
0.6817325800376648, 0.9271532752656001, 0.3553871779673234, 0.11361372397599732
0.6858414655024825, 0.8995040162916476, 0.3404807382473794, 0.11378127668879
0.6812760372082406, 0.8719939870881768, 0.3298774159390915, 0.11633905155023519
0.6887519260400616, 0.8403080209098144, 0.34174765652053646, 0.11483373443036357
0.6500028533926839, 0.9211467032042352, 0.3814738406803893, 0.11799034195839783
0.6490326998801575, 0.9349598065945565, 0.3823231530626195, 0.11965308222795881
0.6570792672487588, 0.8745054995843821, 0.3705991374380952, 0.12457501081227239
0.6741996233521658, 0.8956785538133738, 0.3618758231618523, 0.11894300856244001
0.6370484506077726, 0.9611010068697703, 0.3929898898465723, 0.13789433867471276
0.5323860069622781, 1.2094806551806847, 0.4802089258184206, 0.1728847046191927
0.6430976430976431, 0.9296795500502231, 0.38400073266931317, 0.12754170883654928
0.7151172744393084, 0.8280486437866611, 0.31516044250063263, 0.10736814007301206
0.7078696570221994, 0.7857862536726398, 0.29756912926030404, 0.10704999946746462
0.6906922330651144, 0.8442802596370638, 0.3286231005977045, 0.11402386706984777
0.6998801575072762, 0.770825330889554, 0.3154262186062733, 0.10600211769022151
0.6683216344233294, 0.8241567156912563, 0.3249545457259198, 0.12078060548616139
0.6724305198881471, 0.8648831876190548, 0.35504163535628397, 0.11887937276490819
0.6571363351024369, 0.8589781805785183, 0.34122738745166176, 0.12078636648981086
0.6910917080408606, 0.7943442738673174, 0.3220397183691807, 0.10974891647539078
0.6708896878388404, 0.8032953745789636, 0.3379411777822264, 0.11242184349195307
0.7037037037037037, 0.8534822095163621, 0.32584834934776824, 0.11348923000305532
0.699366546824174, 0.8663209612960204, 0.3317372007279841, 0.11149562338450693
