acuracia,loss,frr,fpr
0.05593926593983675, 2.3128284007230913
0.10103316399337861, 2.408451036990754, 0.916444763096602, 0.4414204751060227
0.1395056795479194, 2.309889402391704, 0.8722359145871101, 0.40177589006467357
0.22986471830583938, 2.202229357465257, 0.805624736891949, 0.28740997026855214
0.233232490438952, 2.1624651123698397, 0.7721618435229152, 0.26516190821058516
0.3855242879159769, 1.7132443991965018, 0.620135649850395, 0.19883520067551858
0.3777612877447343, 1.8958396012077996, 0.6340461170997523, 0.20073039960914607
0.4112677664250243, 1.627644963944395, 0.5988520200644502, 0.2044352080757875
0.4959757977053485, 1.5591049751681385, 0.5049891898321444, 0.17464326433307256
0.45864489982304923, 1.8380545451463108, 0.5458728955354853, 0.19030844470596492
0.3761630230035961, 1.9454536727265503, 0.619568883751161, 0.23761011165481175
0.5185227467321194, 1.1687769184805628, 0.4934897584348868, 0.14631050723698827
0.5199497688224214, 1.2305452764013858, 0.484263339104248, 0.15846293693705077
0.5365032250699241, 1.3070684386571116, 0.4671491394543726, 0.14496738248403127
0.6203550430960671, 1.0161185737832596, 0.36772116902983726, 0.12727934091124068
0.5396997545522004, 1.2960385280420388, 0.46283138202732266, 0.1434129269738621
0.607112278098065, 0.9647783164646343, 0.39524122668042205, 0.11986101515162231
0.662480735201781, 0.9729803962366359, 0.35400098177399864, 0.11576575311317416
0.6886808607797249, 0.8436353296271993, 0.3206321535798328, 0.09742661987207506
0.7020948684285633, 0.8695000504557712, 0.3067649722569969, 0.1032943851219964
0.6835435812546378, 0.8839619642722595, 0.29673135571657183, 0.10864249079610905
0.664706889662652, 0.9112924366240595, 0.33607087611405023, 0.11271290988602468
0.6364518522746732, 0.9374813833528853, 0.36381951481694874, 0.12047856886746168
0.6162452194759975, 0.947975339206643, 0.3795705114449936, 0.11915170423787017
0.5735487185341629, 1.0559502613682459, 0.4397420965157447, 0.13828275144402405
0.6014041897368572, 1.0028589293574648, 0.4280357642522334, 0.12883447781590565
0.6688737941663337, 0.8415781083397218, 0.3434566052488623, 0.10852501697568663
0.6990125007135111, 0.8162916521655671, 0.304304729703475, 0.09599634933199269
0.7133968833837547, 0.8274280609882436, 0.27363663575914154, 0.09517667652339984
0.7035789714024773, 0.9088841207134066, 0.306057128742778, 0.10090769010158784
0.7072321479536503, 0.8064582437234631, 0.2975776854470119, 0.09430795429153424
0.6274330726639649, 0.938890298627256, 0.37084410702750537, 0.12616948470832554
0.6641931617101433, 0.9100896169399239, 0.3201979133983206, 0.10956340102731328
0.7482162223871226, 0.7189087429857319, 0.24746144499493744, 0.08427474788760453
0.723728523317541, 0.789676126359486, 0.26814481545036306, 0.08763012540618524
0.7161938466807466, 0.7606795344724903, 0.28873087200376013, 0.09943020902322805
0.6937610594211998, 0.7832773585864516, 0.30898977034397285, 0.10114481403953401
0.6296592271248359, 0.8893212246589473, 0.37645315058453077, 0.11947671464161297
0.6488954849021062, 0.8837563571307487, 0.3603601502839556, 0.11713179583505312
0.6462697642559507, 0.8637077454550217, 0.3611852195526169, 0.11554815534746649
0.6689879559335579, 0.8315638606594729, 0.33663544855392497, 0.10620272808393015
0.7028940007991323, 0.781801951977027, 0.3043716132947867, 0.09844274210524807
0.6160168959415492, 1.1184131843960268, 0.374535272967437, 0.1255496950132156
0.6612820366459273, 0.9841785312321665, 0.3250825461800108, 0.11072548823003689
0.6704720589074719, 0.911419157644928, 0.3433017391543698, 0.10550663646891617
0.6582567498144871, 0.8198283011827416, 0.34428328931179647, 0.12460314602070284
0.6940464638392603, 0.8300550582607532, 0.3095882818544702, 0.10276266681825458
0.6915919858439409, 0.8120245421698954, 0.30172485893537615, 0.1075115532724614
0.6725269707175067, 0.8974510012254814, 0.3142987550586374, 0.11468362423272348
0.6695587647696787, 0.8469732904435827, 0.3276714460743244, 0.10248179197046783
0.6456418745362178, 0.8986822361491071, 0.3612306965346588, 0.14002649690017133
0.7132827216165306, 0.7599701898868614, 0.27572042623055654, 0.09124166253363439
0.6848564415777156, 0.814294254914915, 0.3049706305586302, 0.10236565526855479
0.693133169701467, 0.7898485933758471, 0.28978896193558645, 0.10334542952655258
0.6728123751355671, 0.8123044440822005, 0.3218110558346509, 0.10398556581729476
0.7560363034419773, 0.6725558464124476, 0.2569592370814133, 0.0880304589834216
0.7542667960500029, 0.6743434649099146, 0.24515494517485134, 0.08338563411353164
0.6505508305268566, 0.9405427878792965, 0.33502628917293137, 0.113131350076916
0.7110565671556596, 0.7476392527374299, 0.27767203558812154, 0.09751911850449452
0.6877104857583195, 0.8411362271070555, 0.3129394085127246, 0.10545140435875557
0.7691078257891432, 0.606228281550116, 0.22622726689695125, 0.07977074727949368
0.7314344426051715, 0.6980267095123394, 0.25798449992033834, 0.09009996731831198
0.755065928420572, 0.6767211552606129, 0.23923309349868446, 0.08243167095027662
0.7690507449055312, 0.624432385162329, 0.235473266924148, 0.08238780005254659
0.7318910896740681, 0.6985152916801705, 0.25935746152534145, 0.09343371664883997
0.7466179576459844, 0.6984850687313829, 0.24184584295838082, 0.08296326582033442
0.7144243392887721, 0.7077909922371528, 0.27102912291112397, 0.09545539112151057
0.7229293909469718, 0.6808235681875165, 0.26964646971263906, 0.10291088748108285
0.7212169644386095, 0.7631692712325912, 0.275657406683887, 0.089575361489001
0.6710428677435927, 0.8538564603634603, 0.31924673232723577, 0.10636612008804834
0.6899937211028027, 0.8166740813298193, 0.305407779920916, 0.10590428116077243
0.7015811404760546, 0.8487406675748432, 0.2834789099702226, 0.10581189338587997
0.7626006050573663, 0.7228029946672213, 0.24532045026655724, 0.08595818216276951
0.7389691192419658, 0.6969994865201046, 0.26831813309920255, 0.09076126802475709
0.7130543980820823, 0.7164572367824324, 0.2938647379386994, 0.09554130003945399
0.7889148924025344, 0.5577688034320792, 0.21253524802601118, 0.07549905802411766
0.7486728694560192, 0.6519637974786693, 0.24074209666707969, 0.08313023658333973
0.763057252126263, 0.6074067823877058, 0.22738027400521574, 0.08323766822118646
0.7165934128660312, 0.7512634626481477, 0.2851290517866745, 0.09933316860151584
0.735430104458017, 0.6797261123282965, 0.25008627233581476, 0.09034308188122832
0.7155088760774017, 0.7243194915869562, 0.2728215204393632, 0.09195966623627971
0.6578571836292025, 0.860159665108807, 0.3494232438117995, 0.11398699133012856
0.6498087790398995, 0.8729708054414094, 0.35400265828164473, 0.130126907339403
0.7659112963068668, 0.588127168372258, 0.2285432013911567, 0.08297859009150088
0.7402819795650437, 0.6727150239849221, 0.2509831543847182, 0.08517409462551907
0.7390832810091901, 0.7357574911968947, 0.27152467103342, 0.09065949123139273
0.7294936925623609, 0.7372543080496418, 0.26966520386090304, 0.09083737933023751
0.7566071122780981, 0.6736077707524372, 0.2425269841116877, 0.0830217898146523
0.7700211199269364, 0.6005145175073338, 0.22956438662572087, 0.08140880428493363
0.7019807066613392, 0.7019649720924684, 0.30436247054396476, 0.12133501996452496
0.7516410754038473, 0.6986082273234397, 0.24526702808166947, 0.0879565567912191
0.68223072093156, 0.8408065680840496, 0.30399704557987406, 0.10987378184924963
0.7586620240881329, 0.6269480396361804, 0.23267879137182473, 0.08641313294554376
0.7377133398025001, 0.7051196822128504, 0.2564811378610582, 0.09313417240014568
0.7353730235744049, 0.6808958515063602, 0.2620527891161606, 0.0903604078483605
0.6886808607797249, 0.8337831085055848, 0.31267831903343096, 0.1187094387686222
0.7941663336948456, 0.5630718578546772, 0.21371970868119372, 0.07550295813077429
0.7919972601175866, 0.5601857986485376, 0.21035138234092854, 0.07641274315984449
0.7781266053998516, 0.6057821798410693, 0.21892259894907762, 0.0776375498040652
0.7503852959643815, 0.6243493692744807, 0.23634975359429478, 0.08623054044457165
0.7843484217135681, 0.5962405706063622, 0.21818995002596314, 0.07614268937811201
0.057822935099035334, 2.3042152259602817, 0.9476121026445591, 0.2700284729502912
0.12700496603687425, 2.4270835681568306, 0.8906958942141537, 0.3822240398400228
0.0997773845539129, 2.8063381957479776, 0.9036240526423596, 0.44880461828777274
0.20023973971117073, 2.1881291365417974, 0.7831074561289911, 0.27112365403151484
0.26205833666305156, 2.418945056607281, 0.7367702631122374, 0.2740703789506513
0.4129801929333866, 1.9852962757862826, 0.5691118901453972, 0.17117924601924475
0.4691477824076717, 1.5373964283903057, 0.5431204990147345, 0.16569058370964496
0.4451167304069867, 1.5193305253205123, 0.5370620104915601, 0.1869493245680045
0.40481762657685944, 1.5760675236124297, 0.6033720076062816, 0.20619558198474408
0.5476910782578914, 1.306078426526076, 0.4618770249165246, 0.14803601818336887
0.5013984816484959, 1.4605911614408307, 0.4896754693546662, 0.15741752391226144
0.4988298418859524, 1.5330712236023853, 0.5047804449271494, 0.17439414719476118
0.31965294822763857, 1.726060720531559, 0.6736885548951973, 0.2426405136985086
0.43518465665848505, 1.5751886407115516, 0.5760411447947673, 0.1778956851644358
0.43678292139962327, 1.2993601260515297, 0.5640030844398516, 0.1910418174074906
0.5228038130030253, 1.1786553921479193, 0.5019162363806282, 0.15202290427821255
0.5840516011187853, 1.1532489282087388, 0.3921289925864415, 0.12070993868865966
0.572863747930818, 1.1768435218434021, 0.40354463827508247, 0.149685728563984
0.6700154118385753, 0.9703825574513474, 0.3060756050384037, 0.09990386005014962
0.6201267195616188, 1.0280585696341726, 0.38137459390139017, 0.1280030829612705
0.6204692048632913, 1.0184964464552735, 0.3682406821640378, 0.1248801139297373
0.6573434556766938, 0.9988788741313968, 0.33690128684738013, 0.10411858054226225
0.6560305953536161, 0.9632214793369894, 0.32293744156523096, 0.11106543301667089
0.5577373137736172, 1.3489979996040105, 0.45034824792495654, 0.1518262513200606
0.6179005651007478, 0.9994464021170545, 0.37986966845791825, 0.12536042097670597
0.5568811005194361, 1.072917341015601, 0.4434255138757031, 0.14510167546844258
0.5839945202351733, 1.0821598197598095, 0.41109357796719964, 0.13999983103709057
0.6786346252639991, 0.8917530922723547, 0.3015850243723731, 0.09533941957271004
0.6152748444545921, 1.1112154957538423, 0.39025430262514377, 0.14614927016469076
0.6751526913636623, 0.9078864750110889, 0.30481832890772576, 0.1060160504726329
0.6850276842285519, 0.9526069327617738, 0.29210049953237266, 0.10261575273265358
0.6456989554198299, 1.060041155223603, 0.3209480980200161, 0.11222942094006759
0.6099092413950568, 1.114899904539092, 0.3773811330560687, 0.11935631003324762
0.6079684913522462, 1.1023255199659856, 0.37616470559803994, 0.1281041605288835
0.5698384610993779, 1.080570599140676, 0.4100616473344944, 0.13049053880266523
0.5704092699354986, 1.3241089425824062, 0.41950356221458174, 0.14336364169703714
0.6475826245790285, 0.9435983511383609, 0.32452218150839834, 0.10558496550993941
0.647925109880701, 0.9403780406757524, 0.34398518520264365, 0.12657730564243244
0.678577544380387, 0.9136486089053643, 0.30485655332979816, 0.10074017526527808
0.6903932872880872, 0.8917582345877658, 0.2842829075901458, 0.10098621928932117
0.7054055596780638, 0.783794678044444, 0.28073126519748537, 0.09727445527621381
0.6930190079342429, 0.8381065813726399, 0.3014505876703064, 0.09708533486801989
0.6609966322278669, 0.8151069152054581, 0.33515244197709854, 0.11591420103602779
0.7317198470232319, 0.7280502948636539, 0.2550028616202942, 0.08974827766576633
0.6761230663850677, 0.8907032417538715, 0.30010500666780443, 0.11004403943502171
0.6298875506592843, 0.951800287090745, 0.3552256653716466, 0.1252348260619987
0.7087162509275644, 0.7497654473082118, 0.27095587036637814, 0.09417733011138912
0.6870825960385867, 0.8018632746660695, 0.32144264070796474, 0.10256746390470728
0.685883897482733, 0.8022609935360192, 0.3324575294736565, 0.10540136530425034
0.6102517266967292, 0.9755084115251433, 0.3935615429172015, 0.12701468125064222
0.6977567212740453, 0.768287770136374, 0.29136346043716654, 0.10016295868216725
0.7030652434499686, 0.8438528101832723, 0.2846654188681388, 0.1000691123967584
0.6779496546606542, 0.8375098993550146, 0.31699291114862954, 0.10714265972142459
0.7205319938352646, 0.786538005639292, 0.27851928317522623, 0.09110541800504493
0.7079171185569952, 0.7861939595588362, 0.2754988294282779, 0.10158058130352371
0.6793766767509561, 0.9396924652939826, 0.3012776283614767, 0.10649181810078791
0.7172783834693761, 0.723853433348149, 0.2723636335947669, 0.09684425091326954
0.7312061190707232, 0.7143403979172324, 0.2675215917872285, 0.09085783019534763
0.7163080084479708, 0.801607195642485, 0.26815207694641324, 0.0964377007169023
0.6752668531308864, 0.9131159985176664, 0.31908402477818104, 0.10553118418643949
0.6291454991723272, 1.0541218915630715, 0.3684276381106553, 0.1266690268043065
0.698270449226554, 0.7785964424996894, 0.28684217634903175, 0.09523381468734655
0.7322906558593527, 0.6738891277287319, 0.25218346014760074, 0.09326385872729254
0.6675038529596438, 0.9401077706450093, 0.3140154065848947, 0.11642181513774327
0.6997545522004681, 1.10364750067761, 0.29662659574405004, 0.1010507681848833
0.6543752497288658, 1.0826764168068184, 0.3274926595710953, 0.11128150926754073
0.6978138021576574, 0.9055518800991018, 0.30260767979057307, 0.09710999269976489
0.6007763000171242, 1.0813486891752504, 0.3997171782948125, 0.13796302201322708
0.7401107369142075, 0.759452735555979, 0.2664076966634481, 0.08906913033950531
0.7052913979108396, 0.7877715547781261, 0.29977738272056004, 0.10541010519662036
0.7161938466807466, 1.0279293178013318, 0.298217405479844, 0.10060498147042064
0.5410696957588903, 1.1234424442530861, 0.4764338258323884, 0.16525569730593845
0.5830241452137679, 1.1591623648418081, 0.41223058690541314, 0.1335693783829096
0.6090530281408756, 1.0182457222802668, 0.3855392944364948, 0.12566244466153498
0.6346823448826988, 1.0587594310774684, 0.36006526360375846, 0.11293296115781061
0.6572292939094697, 0.9809853357858681, 0.34575637971194917, 0.1062160120127299
0.655288543866659, 0.8857721813986947, 0.3410872233778416, 0.11614546305438284
0.6792625149837319, 0.8870726252243349, 0.31267005606753934, 0.09851274101671922
0.7250984645242309, 0.7625276671579103, 0.2826880002461453, 0.09145429751682461
0.6905074490553114, 0.883278246478896, 0.294115354091997, 0.0934044686558547
0.6890233460813974, 0.8220994860815909, 0.29929838227022676, 0.10059015974382839
0.6062560648438838, 1.0333826930052004, 0.39301493655582803, 0.13651645656775238
0.6535190364746847, 0.9837187011088537, 0.33300006047219916, 0.11030260813328885
0.6170443518465666, 1.2112493611520485, 0.3815353143182471, 0.12915703139730858
0.628289285918146, 1.0990212987673542, 0.3650228130713253, 0.11562044247081799
0.6897653975683543, 0.9677412581963741, 0.2834261067982784, 0.10204646318930949
0.7101432730178663, 0.8607632171678838, 0.2792495522415301, 0.09013446361722105
0.618813859238541, 0.9665949142743903, 0.3806821974007892, 0.12779750124328537
0.6157314915234888, 0.9285923284949755, 0.37977827213442616, 0.12394609161108833
0.6243507049489126, 1.180208664978399, 0.36557068250774144, 0.1177579941513802
0.6225811975569382, 1.109166566459217, 0.3667737137171916, 0.11262815031258
0.5440949825903305, 1.381506272169395, 0.4493625104983714, 0.14456795156157423
0.5419829898966836, 1.384554393841691, 0.42999337111484714, 0.13670972966794706
0.4645242308350933, 1.6065700236190992, 0.5236552736549, 0.1921164296148433
0.5027684228551857, 1.5639601022700849, 0.4739509998768377, 0.14565362877851945
0.43467092870597634, 1.5860767900123804, 0.5607241305230376, 0.21142204784943328
0.529139791083966, 1.2995777897993086, 0.48144182481887315, 0.15352209357240526
0.610023403162281, 0.9879474035525415, 0.39383840113829227, 0.1287931596914888
0.5570523431702723, 1.0573968556982036, 0.4443173890858448, 0.13780977099235672
0.5623037844625834, 1.1624649788086456, 0.4382236928931003, 0.13655851605650057
0.6069410354472288, 1.0115341238677076, 0.3757174292447513, 0.11546629675404078
0.1010902448769907, 2.3067982636111, 0.9162498510947134, 0.3618269997174485
0.15320509161481818, 2.5351162668375182, 0.8538897928995718, 0.38660443680200496
0.18340087904560762, 2.4568037785416603, 0.8162489303795165, 0.3226811939708115
0.2542382556081968, 1.9770366498219436, 0.7443272543665914, 0.2564753211505401
0.4238826417032936, 1.7441288712321503, 0.5808585538234424, 0.20683983076578727
0.38107197899423484, 1.6637115089991599, 0.6127783297496969, 0.2225218516632398
0.5176094525943261, 1.380557272238127, 0.49164880509307857, 0.1547804292084369
0.5361607397682516, 1.2342117167245894, 0.4595537112943539, 0.15468047193201945
0.6041440721502369, 1.1485069719097971, 0.4110940375703137, 0.1315319828342669
0.5489468576973572, 1.0657695270494256, 0.47347790699727055, 0.13727866678825473
0.6161310577087733, 1.0923286698810912, 0.3827373109166759, 0.12690212689871908
0.6309720874479137, 1.0286854978448159, 0.36288583551244824, 0.10921609006414622
0.5434670928705977, 1.3573156647357374, 0.4424208512521324, 0.16281253350090857
0.5608767623722816, 1.2146252739569137, 0.4420343746298853, 0.15294915948272128
0.5948398881214682, 1.075716445168273, 0.4000311355533922, 0.12510582766924064
0.62977338889206, 0.9392021342628655, 0.3814861425917278, 0.11849421826160761
0.5492322621154175, 1.2784304878960664, 0.4562421380562855, 0.14981517422073215
0.5785147554084137, 1.0980224040361042, 0.4172002167688503, 0.12953431424864909
0.6364518522746732, 0.9946812323869354, 0.3748578184612058, 0.11641907091869241
0.6214966607683087, 0.9994091594712039, 0.3848480925648314, 0.11894347831783796
0.6243507049489126, 0.9816561265337317, 0.36958017476531374, 0.11119731864359966
0.6132770135281694, 1.0095779015511195, 0.3783892342674154, 0.11696890940034331
0.6739539928078087, 0.8363367848414213, 0.3257232532733859, 0.10608451595881223
0.6152177635709801, 1.0193704637303167, 0.384267692649488, 0.12836162938946288
0.6414178891489241, 0.9228131152966478, 0.34953579300764726, 0.11889471877536563
0.6765797134539643, 0.9144384303156311, 0.3060363834500482, 0.10559424828327371
0.670529139791084, 0.828047853709054, 0.33157485344431753, 0.11644696222958992
0.7438780752326046, 0.7369940419191175, 0.25507013641373755, 0.0861226995389324
0.7016382213596667, 0.9276404428969922, 0.28979253972530394, 0.10108315728637175
0.6982133683429419, 0.8984633397552428, 0.2835486003702065, 0.09742489019348471
0.7403961413322678, 0.735685979863733, 0.25545456290865415, 0.08434620599277949
0.6608824704606427, 0.8696364230626287, 0.329149459148999, 0.10677766039040845
0.7129973171984703, 0.7696105851254178, 0.3028567234817674, 0.09585749252781449
0.6911924196586563, 0.8388784017988495, 0.30345354134961716, 0.10380496239736002
0.6685313088646613, 0.8737942855216936, 0.3171421058250053, 0.11135987046449937
0.6644214852445915, 0.8721722744519259, 0.334921501652887, 0.1130125156690483
0.744163479650665, 0.6753029759915449, 0.2515443413379319, 0.08721261812865316
0.6419316171014328, 0.909551786658067, 0.35021192475585106, 0.11537959433570245
0.6671042867743593, 0.8319014850745142, 0.32547846109719175, 0.11004568567794047
0.6645356470118158, 0.8448230320104569, 0.33290215036251497, 0.11670507071050572
0.6431873965408984, 0.9282922191550901, 0.35191851035248156, 0.11698792465458206
0.7247559792225584, 0.7195917006569287, 0.26707650832138147, 0.0934145798237669
0.7366858838974827, 0.6710927689408288, 0.2547013066755218, 0.08851979223677528
0.694617272675381, 0.7451733586251501, 0.29934759045322723, 0.11046906441816975
0.7313773617215594, 0.6739357511614844, 0.2569384912085011, 0.08674634306175723
0.745590501740967, 0.6903182047085493, 0.24133356039481646, 0.08194026998235582
0.7469033620640447, 0.683270290977196, 0.25221620759010444, 0.08485822157133786
0.6483246760659855, 0.8763694209744629, 0.34938728928914914, 0.12243572338674542
0.7318340087904561, 0.7403451776341521, 0.25510153499954763, 0.0879347968039356
0.7282379131228951, 0.7222172328534048, 0.2775670674364808, 0.08996666425931359
0.7245276556881101, 0.7117222912211377, 0.2646328092191355, 0.09662455220069073
0.6836006621382499, 0.810154914663271, 0.3042664637303547, 0.10876889227167451
0.7608881785490039, 0.6725837234082054, 0.23711967168604337, 0.08331061896406347
0.7500998915463212, 0.6700458693355876, 0.23647122753092364, 0.0820191973619356
0.7452480164392945, 0.6614649548840643, 0.25672988843853667, 0.0902577948066487
0.6943318682573206, 0.7862106495210537, 0.295878304034433, 0.1115683101232918
0.7403390604486557, 0.7484256874208364, 0.2574569234331427, 0.08971699850227116
0.7173925452366002, 0.7527705993371189, 0.2710666425377423, 0.09209797551481749
0.7277241851703864, 0.7146543420905481, 0.2744454268464999, 0.09269506870935067
0.733261030880758, 0.7037933932403362, 0.2667665496399474, 0.09047615285499067
0.7666533477938239, 0.6094904718514241, 0.23303112424205327, 0.08397327734728963
0.7568925166961584, 0.6254146099812415, 0.24569934936135987, 0.08465002912580243
0.7607740167817798, 0.6434826283577634, 0.22954617766622376, 0.08111929903389303
0.7661967007249272, 0.6347045586213986, 0.24137296028478336, 0.08474090179620454
0.7119127804098407, 0.8075113102051393, 0.27954346262155044, 0.09414140857585267
0.7161938466807466, 0.8124982044623996, 0.2820126198348646, 0.09195870005882208
0.7224156629944631, 0.7558569396828905, 0.2716017853088221, 0.09574995324944295
0.7455334208573549, 0.6439186833637596, 0.23751201470641575, 0.08565596878113486
0.7468462811804327, 0.6450041214801671, 0.24814429978981817, 0.0902371263137982
0.7819510246018608, 0.5808659698910109, 0.22407857490385794, 0.07860858009257227
0.6718990809977738, 0.8348068558212622, 0.3268114471572174, 0.12200288364060541
0.6439294480278555, 1.071884307940686, 0.35286272198475643, 0.14057486362958568
0.7365146412466465, 0.7129818703699629, 0.24289722026405425, 0.08683510928730548
0.7245847365717222, 0.7250800101586145, 0.26620996513589434, 0.09448570957004902
0.7491295165249158, 0.6950218657735268, 0.249939753103742, 0.0866293793068849
0.7519264798219076, 0.6689204913029096, 0.24281622296142832, 0.08621387035941991
0.7778412009817912, 0.6136735545255538, 0.22703390684257393, 0.07929328751430785
0.7673953992807808, 0.7065451438647428, 0.23894196713208513, 0.08407236450331933
0.7792111421884811, 0.5928286361168065, 0.23381955755994455, 0.08188973558447774
0.74347850904732, 0.6873293591880054, 0.25814965122184924, 0.08884950893232203
0.768251612534962, 0.6603620120517303, 0.22993829837832291, 0.0822387294563689
0.7087162509275644, 0.7716509145058849, 0.2970304256591179, 0.09858091086490108
0.7724755979222558, 0.6031386459471074, 0.22034093372257954, 0.0792201217908042
0.7402819795650437, 0.6879145141733347, 0.24118612843719728, 0.08447366528353376
0.7620297962212456, 0.6478583061125882, 0.22407048731617035, 0.0766776315939455
0.7461042296934757, 0.6762873613411576, 0.24263719734954758, 0.08256356572850736
0.7445630458359496, 0.6203234682121934, 0.24786232688390553, 0.0961551482187967
0.7701352816941607, 0.6976111419331646, 0.21967779393926545, 0.08035650526390317
0.7554654946058565, 0.6336824541834616, 0.23737821111967633, 0.0824759862307829
0.7494149209429762, 0.6475618750244384, 0.24298885366326167, 0.08524292025547603
0.7162509275643587, 0.7385775716057171, 0.27829758637222834, 0.09585306727529021
0.7068325817683657, 0.7602230352526659, 0.28602869024620053, 0.0975724678345538
0.7441063987670529, 0.6721090893995367, 0.2504632946484994, 0.08785978091257576
0.7736172155944974, 0.6031721757591592, 0.23345472108360607, 0.08145877639572081
0.7306923911182145, 0.6646051590807828, 0.26442015746853476, 0.0986805253352478
0.7814943775329642, 0.6473729121289016, 0.21310600272726668, 0.07724618060806047
0.7329756264626976, 0.7234573224093174, 0.2497860640227569, 0.09649641020877332
0.768251612534962, 0.6825556052141978, 0.22171872474666823, 0.07983613431858058
0.752953935726925, 0.7285375213528582, 0.2345737349521253, 0.0886702103572078
0.7540955533991667, 0.6978862958409608, 0.24472859191569044, 0.08625247229238578
0.737599178035276, 0.6584286651484512, 0.25452933297042507, 0.09386638989442718
0.0857925680689537, 2.309859389780836, 0.8957176051233969, 0.3971481240814946
0.11615959815057937, 2.2810078838779417, 0.9027516514702261, 0.37428752958939737
0.0997773845539129, 2.784664343349111, 0.9036240526423596, 0.4439811284696812
0.3313545293681146, 1.950809860455404, 0.6837818634288274, 0.2232181078605824
0.4319881271762087, 1.654259704080195, 0.6027314603742774, 0.20059072659196364
0.5181802614304469, 1.534635053158344, 0.4541879760081535, 0.1385352121439594
0.4455733774758833, 1.7016580627508289, 0.571064294889081, 0.18418795083183828
0.5113876362806096, 1.3398789472428134, 0.49803326708492185, 0.15486286148636835
0.5125863348364633, 1.159242013184078, 0.49908975276639267, 0.16169606542565312
0.5780581083395171, 1.1488142614525314, 0.4117287622488146, 0.13094521394142347
0.49945773160568524, 1.4858108550930307, 0.5079651855753802, 0.17261261462362915
0.5467207032364861, 1.1022411429405814, 0.4587111791643913, 0.14297277319053117
0.5957531822592613, 1.0118325099946974, 0.3935927798819523, 0.12193467711203639
0.5475769164906673, 1.2377599886858788, 0.4572416928822034, 0.1490918912955528
0.6332553227923968, 0.9709625467407125, 0.3441860566952611, 0.12430867500208763
0.619555910725498, 0.9766495806875851, 0.37560556390077793, 0.1221783483275958
0.5693818140304812, 1.026479655036338, 0.4382813351985336, 0.1402177602261681
0.6288600947542667, 1.0071067856316922, 0.3673300242712444, 0.13066067124697334
0.6117929105542553, 0.9751935976718271, 0.399954000274276, 0.1270288136513424
0.6371368228780182, 0.9424155393421967, 0.35120408674515063, 0.11669591489566442
0.6722415662994463, 0.8962284385672579, 0.3294789276380232, 0.10445278215407985
0.615160682687368, 1.1023471356213315, 0.39205221151440717, 0.14681223046805578
0.6373080655288544, 0.8421525479561971, 0.3754244182989344, 0.1240683539219592
0.7249843027570066, 0.7806818598399302, 0.27780274321685594, 0.08936625416948911
0.6084251384211428, 0.9370000550126928, 0.39755468928671417, 0.13025422181240798
0.6517495290827102, 0.9369959638071954, 0.3284851426864257, 0.11068882039708812
0.6611678748787031, 0.9226174663701922, 0.32820653941399786, 0.12292000024190386
0.6893087504994577, 0.9341447411751046, 0.2870434638848913, 0.10571319727854539
0.7000970375021406, 0.7751328726991525, 0.2821523059154116, 0.09547416957782014
0.6944460300245447, 0.8214712238391211, 0.28545995943178165, 0.0965554689672073
0.6646498087790399, 0.9094382153576084, 0.3204702500831996, 0.11513428102684076
0.6959872138820709, 0.8802495671315974, 0.31431920865082735, 0.10660983200838973
0.7226439865289115, 0.7547311277579134, 0.27811381588473855, 0.09363816605683403
0.7348022147382841, 0.7136299318126926, 0.2527554444609766, 0.08834914419017656
0.7339460014841029, 0.8063723153503644, 0.2586404625852704, 0.08821381795872762
0.7374850162680519, 0.7261836024344819, 0.26548158420049045, 0.0864602687283201
0.6212112563502483, 0.9774159496614087, 0.3761376548135804, 0.1284051712929126
0.7071179861864262, 0.7453275991920264, 0.291440656932194, 0.1001041267871536
0.6971859124379245, 0.7826339039514901, 0.28967296989227903, 0.10193761258849975
0.7079741994406074, 0.7541698258076727, 0.2869494634858547, 0.09909688668978422
0.7035218905188653, 0.8412149889369709, 0.27502010261094395, 0.09797087259851768
0.7085450082767282, 0.7846232890144559, 0.2893446788486084, 0.0943191626794233
0.7356584279924653, 0.6736001177774306, 0.2515143829037411, 0.08930420031132393
0.7292082881443005, 0.6783783759077491, 0.2655277600616316, 0.09239740456834068
0.6452993892345453, 0.9014933430611531, 0.3568440062190078, 0.12234919690770876
0.74347850904732, 0.6986097125640292, 0.26620366200815637, 0.08724915911542228
0.7261259204292483, 0.7173269346913556, 0.2712986208723227, 0.09300178971941139
0.734003082367715, 0.7292668387886877, 0.26154824445142677, 0.08973314945665857
0.7418802443061818, 0.7080216874150583, 0.25409224876064845, 0.08325344308712848
0.6733831839716878, 0.842125276965316, 0.322200011206187, 0.1163842183108888
0.6692162794680062, 0.892374605303723, 0.3240011542121652, 0.11642148256712488
0.7164792510988071, 0.723286290933898, 0.2812424353630568, 0.10055036124376725
0.7102003539014784, 0.726302448738819, 0.28536012880380957, 0.09581126725989057
0.7424510531423026, 0.7137709321584963, 0.25173827236008056, 0.08817387307634329
0.75363890633027, 0.6959437052570179, 0.24620201480444048, 0.08673930122787529
0.7195045379302472, 0.7613812595084024, 0.26843477792556636, 0.09285148438723911
0.7032364861008048, 0.7817730046740209, 0.2782869426865733, 0.09926960362166978
0.703350647868029, 0.6934938560623871, 0.2935158776831636, 0.11370022763535106
0.7703636052286089, 0.6230545642491111, 0.22697781912162834, 0.08012591796081635
0.7738455391289457, 0.6116939967938443, 0.22642814213709414, 0.07872846765153892
0.7704777669958331, 0.5974609761116736, 0.225160571642859, 0.0796020519980236
0.7473029282493293, 0.70517534056325, 0.24778124216094302, 0.08642722785142064
0.6992408242479594, 0.8484133162871278, 0.2859631600042301, 0.0992846913716853
0.7119127804098407, 0.7589569969246472, 0.2812077203590729, 0.09909719574201917
0.7588332667389691, 0.6450637021713214, 0.23614635311490836, 0.08518488116029936
0.6864547063188539, 0.8202452748925175, 0.2965993806814251, 0.10784453071856595
0.6962726183001313, 0.8048607570301819, 0.2980691538440025, 0.10901339117050889
0.7506136194988299, 0.6465897011598026, 0.24411289817263548, 0.08704142252547742
0.780581083395171, 0.5993377066868932, 0.22790113450587282, 0.07972966447697796
0.7790398995376449, 0.614190266175619, 0.22203772241926745, 0.07955813057450573
0.7073463097208745, 0.7904412528143372, 0.28634587078800366, 0.09872163870384582
0.7534676636794337, 0.6516048853968829, 0.245043602376062, 0.08652754617563983
0.6592842057195045, 0.8519224440157925, 0.3301126878469525, 0.11166663204015434
0.668417147097437, 0.8269722145664918, 0.3363860885323001, 0.11188477490366465
0.642102859752269, 0.9048628928848883, 0.35642812071668756, 0.12267428582849871
0.7216165306238941, 0.7123985691783122, 0.28501353230582077, 0.09509443824215191
0.653005308522176, 0.866358166112673, 0.35451956704371185, 0.11789092296264445
0.7299503396312574, 0.6939355036618875, 0.255357936121255, 0.09280223821828373
0.7489011929904675, 0.6500420119487471, 0.240655730852083, 0.08244582182990151
0.7329185455790855, 0.6763764313298656, 0.24971609391109495, 0.08634412952844915
0.7359438324105257, 0.6950581622911153, 0.26220532952460884, 0.09279906885648463
0.7379987442205606, 0.683006365266626, 0.24835402042463545, 0.09095920121761568
0.7583195387864604, 0.6048397263308879, 0.23322139150687865, 0.084678432300863
0.7467321194132085, 0.635993623969645, 0.24724849867564763, 0.08572049535775202
0.6949026770934414, 0.8064190084296381, 0.2975191062040455, 0.10083738965506515
0.6986700154118386, 0.917290047571199, 0.2821243149478399, 0.10127472234479447
0.7376562589188881, 0.6931180089111008, 0.26354732731910996, 0.08962408596882676
0.769621553741652, 0.6216990259672033, 0.22463255776312366, 0.07726296660341346
0.7406815457503282, 0.6612423202011838, 0.25275284109465385, 0.08595481989174697
0.7251555454078429, 0.734366702615731, 0.2629575523282345, 0.09145558103987007
0.7425652149095268, 0.6929844506521965, 0.24637628752101082, 0.08081881949598489
0.7350876191563446, 0.7399610286247265, 0.24857732401761745, 0.08621293859748533
0.7399394942633712, 0.6635743915776983, 0.25258387530754234, 0.08826029132397582
0.7115702951081683, 0.7506447693797996, 0.26894108024927815, 0.0952060522782338
0.7117415377590045, 0.7555192131533842, 0.27397793394727527, 0.0933635253845599
0.771847708202523, 0.5838634116223824, 0.2199915976171708, 0.0823524098028655
0.7761858553570409, 0.576945472763503, 0.2272168654797952, 0.07890604732253502
0.7314915234887837, 0.6537847685734074, 0.2569210277264063, 0.10129510787909358
0.729550773445973, 0.7108269924956204, 0.24620478306362525, 0.09097528437614018
0.7655117301215822, 0.5984914027980909, 0.22271900614148335, 0.07921359387094197
0.7598607226439865, 0.6563610938181269, 0.2324514168839752, 0.08571380363943176
0.13773617215594497, 2.3017076227829483, 0.8763666130147363, 0.2232637488250614
0.21490952679947486, 2.2882939363915433, 0.7626388691485992, 0.23328203412927262
0.1029168331525772, 2.2886516610892493, 0.8715115674675513, 0.3851583903248453
0.49215137850333923, 1.821230240101969, 0.5096957667124967, 0.1513784853485887
0.19179176893658315, 2.155764432675123, 0.8093681190675339, 0.3362338983495753
0.49631828300702097, 1.474193023413214, 0.4628069181388835, 0.14691188514794387
0.47320052514412925, 1.4815180413550428, 0.5373044857543641, 0.1685927316927475
0.5341058279582168, 1.3637745217011088, 0.47573595740695984, 0.1526044062141537
0.6254923226211542, 1.1129675690567182, 0.3639178939623108, 0.10876818258618642
0.6535190364746847, 1.065411532403733, 0.35517205334267976, 0.11029582100722952
0.6556881100519436, 1.1040685456000534, 0.32612346283370497, 0.10733735332575917
0.3946001484102974, 1.463510424932779, 0.6072503296638412, 0.21844894083350497
0.513785033392317, 1.2095071570172684, 0.5012046658197901, 0.1544617704299152
0.6596837719047891, 0.9464445778503809, 0.34787971210622814, 0.10401154816699952
0.676408470803128, 1.0169912842552353, 0.33304319031987784, 0.10168389294060917
0.5498601518351504, 1.1164846907150796, 0.44574840328156695, 0.13918406333490094
0.6414749700325361, 0.9312155348207792, 0.3486847833068449, 0.11069387754004126
0.6714995148124893, 0.9725444231990805, 0.3056319298854832, 0.10620729431981718
0.6510645584793653, 0.922625551219439, 0.34722764091334846, 0.10539812313183024
0.6728123751355671, 0.8876577544203793, 0.338047339965604, 0.1011623004637305
0.5990067926251499, 1.0870627692337833, 0.40057667338255465, 0.13009256845049397
0.5992351161595981, 1.0978293735033444, 0.4101857238461635, 0.14818322358430774
0.7175637878874365, 0.8749142982293419, 0.28375595756235517, 0.09384799715758967
0.7073463097208745, 0.9133422980291013, 0.2862750271514551, 0.09621495886084994
0.6465551686740111, 0.9753691024882273, 0.3553404429006498, 0.12103763376452566
0.6218962269535933, 0.8799074756969151, 0.3884359301947554, 0.13261060989411944
0.6353102346024316, 1.0240633088782876, 0.35464678550380774, 0.12450145621815974
0.6391346538044409, 1.0124920028618114, 0.3531985412491463, 0.1179909718571065
0.6840002283235345, 0.8107678420122018, 0.32038353053769236, 0.10680209950877552
0.7156230378446259, 0.8146965521233537, 0.29652720453979525, 0.10582887811290068
0.6758947428506193, 0.8178985659296205, 0.32076441955316687, 0.11784994485608032
0.7056338832125121, 0.8838340793681257, 0.27368111075308166, 0.10035269627324592
0.6672184485415834, 0.8438540711763025, 0.35068550163467793, 0.10698833393089774
0.7343455676693875, 0.7529580347586898, 0.25804957498185455, 0.08799850798282066
0.670529139791084, 0.8503002027392866, 0.3185122538868875, 0.10392126970247562
0.6865117872024659, 0.8910538290836595, 0.298824124689173, 0.09822915784243506
0.6380501170158114, 1.0474504789612566, 0.3502209220204869, 0.12313415255938946
0.7168788172840915, 0.7926974128709217, 0.27751291705184955, 0.08773886801114857
0.6356527199041041, 1.2725696011223513, 0.34349228781417807, 0.11536396328824595
0.6402191905930704, 1.0737321290705695, 0.37716552528503827, 0.11350070621039147
0.5618471373936869, 1.1399252487489957, 0.44148517617332883, 0.14338573237023994
0.6138478223642903, 1.0575193461109187, 0.3762061196038449, 0.12755062336765946
0.6371939037616302, 0.9507362359715921, 0.3551049120374457, 0.12114742218741481
0.6595696101375649, 1.000395868882136, 0.32415846710524954, 0.12209232943480096
0.6386780067355443, 0.9465088080313916, 0.3503830695233114, 0.1151536176555529
0.6817740738626634, 0.9205110158070193, 0.29079039863007167, 0.10546333588540045
0.6717849192305497, 0.9411074295492204, 0.30744477941831966, 0.09823241057532708
0.6991266624807352, 0.7799748800582986, 0.2972751548743809, 0.09968987024934194
0.6906786917061476, 0.9213898544042888, 0.28473853587589054, 0.10115985321022594
0.687368000456647, 0.8159640712232239, 0.31398499173578914, 0.09807936094841971
0.7185912437924539, 0.7359729940985534, 0.27109509744754967, 0.09584590161672331
0.6832010959529653, 0.8166597116539118, 0.2992839500306947, 0.09746047452903023
0.6990125007135111, 0.7674980585326616, 0.29028217599363454, 0.09954265188575162
0.7415948398881215, 0.6910641490008743, 0.25596948894964333, 0.08577042522836736
0.7048918317255551, 0.7483359215620228, 0.28162648530567064, 0.09969121312507732
0.6933044123523032, 0.7877979194072274, 0.2912469515579617, 0.10589147596502509
0.7113419715737199, 0.7172012102680506, 0.27318214276645575, 0.10177440096703393
0.6908499343569838, 0.7691588066037501, 0.3242441283494851, 0.10632563770410179
0.7345168103202238, 0.7068550379161206, 0.26107386095136503, 0.08667516713801743
0.7471887664821052, 0.6670972587793871, 0.24255769680822847, 0.08599692081348526
0.7469033620640447, 0.6745378785580253, 0.24616709612384913, 0.086195105805862
0.7309207146526628, 0.7598827200807192, 0.25884561051293864, 0.08238646988416741
0.7090016553456248, 0.7151915122335647, 0.2956089543784606, 0.10677996831069744
0.693875221188424, 0.739003218994088, 0.31119415460833616, 0.1138660742952523
0.6925052799817342, 0.8539452468609038, 0.2895952519653768, 0.10183805974736403
0.6864547063188539, 0.800770227359119, 0.310334297517688, 0.113241265262856
0.7589474285061932, 0.6596089840636944, 0.2346970502236402, 0.08002160397049135
0.7479308179690621, 0.7308100163934422, 0.24974612042050082, 0.08844049692588561
0.7183629202580056, 0.8795313881432806, 0.25859359840859936, 0.09436724494285123
0.7258975968947999, 0.7016850800990996, 0.25185123061682424, 0.09432110182020827
0.7323477367429648, 0.8565513581545791, 0.2699576511145792, 0.09144191747926404
0.7486728694560192, 0.6735719788587952, 0.24936069002648165, 0.08473894882813582
0.7308065528854387, 0.9430522417914473, 0.2656676876065519, 0.08760604112800298
0.6222957931388778, 1.0121702283557148, 0.3674863729165374, 0.12312689282173273
0.7115132142245562, 0.8690926198267556, 0.2995907941560848, 0.09679611138070093
0.6197842342599463, 0.9151797267414626, 0.3899236993622437, 0.13437977726292502
0.6472972201609681, 0.9176867210400826, 0.3586401204960196, 0.12338154558233687
0.6923340373308979, 0.8041397095342558, 0.30345686519409604, 0.10233793889200175
0.733261030880758, 0.7509009866198357, 0.2716717872354458, 0.09270757782675229
0.7243564130372738, 0.7723820705188005, 0.2635454635635426, 0.09112417783134237
0.6922769564472858, 0.7768930865775943, 0.30380288377377396, 0.1012558861858438
0.7003824419202009, 0.7998780461556011, 0.2853867718169998, 0.10072216497220549
0.756550031394486, 0.6767258433263555, 0.2386270570764958, 0.08294633759957076
0.7335464352988185, 0.725548883259566, 0.2539352674703671, 0.09221324860151389
0.7020377875449512, 0.7491810867197065, 0.28542664102646936, 0.09749306192537746
0.7248701409897825, 0.7637950030012318, 0.27075074732620313, 0.08725558980087529
0.7068325817683657, 0.8129737084902691, 0.2832696243526613, 0.09928631387333525
0.7269250527998173, 0.7723775358645197, 0.26221782032274066, 0.09337842748856588
0.6845139562760432, 0.8313125494458418, 0.32324480605923483, 0.10746251092373908
0.7437639134653804, 0.6695094699238843, 0.25938440175274996, 0.08864543530209948
0.7159655231462984, 0.7379558383689231, 0.27463023505497025, 0.09751061502830562
0.690279125520863, 0.7659550360883784, 0.3141514830578424, 0.1037200981437882
0.6419886979850448, 0.8803233968152321, 0.3614783945684229, 0.13076454714533314
0.7669387522118842, 0.6322416557255375, 0.2267686276707115, 0.08047463081738736
0.7574062446486671, 0.6816667242892714, 0.2454658490377611, 0.08551479796506449
0.6579713453964268, 0.8498132908634631, 0.3471802008947912, 0.13864160429803557
0.7104286774359267, 0.7129188597491389, 0.2815399284695842, 0.1064169765653181
0.6840573092071466, 0.7894435700040724, 0.3097951913853091, 0.11432190239533291
0.7496432444774245, 0.7125539845686568, 0.2514866605753037, 0.08656506638054445
0.735487185341629, 0.6731622763726327, 0.251698336568035, 0.09217166797726523
0.6892516696158456, 0.8317518445180383, 0.2968995941154766, 0.10299964444004545
0.14487128260745477, 2.301968324823367, 0.8708607769222324, 0.22400768990613387
0.0997773845539129, 2.3620508032388368, 0.9036240526423596, 0.45064165896941255
0.18322963639477138, 2.4240518869469923, 0.8244042260239536, 0.2810741624752503
0.18671157029510818, 2.358485739461036, 0.8222317229548782, 0.2848647993970684
0.36520349335007707, 1.872761633728348, 0.6347327441570747, 0.20366853091563603
0.45864489982304923, 1.5350706653580273, 0.5415775801378941, 0.18664280350459084
0.5338775044237685, 1.4263166438224033, 0.453114663199482, 0.13316846295414156
0.5500884753695987, 1.3440776181352676, 0.41750211336010784, 0.1264886472884393
0.613733660597066, 1.1536456896406282, 0.3701991239747958, 0.11715809728661748
0.5865631599977168, 1.1941832321631074, 0.4000182550268891, 0.13308957508241323
0.5827387407957075, 1.084997319381035, 0.4223151908585649, 0.13220092279157813
0.6724698898338947, 0.9379393394114227, 0.3026559871629055, 0.10171618889870199
0.6069410354472288, 1.016785066598628, 0.39371854713459375, 0.11960261083091445
0.6367943375763457, 1.0398035186855736, 0.3450655859244025, 0.10841741792318636
0.6423311832867172, 1.0484870146691878, 0.3409404808833628, 0.11438645276568347
0.6839431474399223, 0.8848218175474831, 0.3098027472320481, 0.103848855039512
0.5561961299160911, 1.046839761130087, 0.4372701500257621, 0.1326084781756873
0.6577430218619784, 0.9290985377060254, 0.3248801340792726, 0.10490663032538303
0.6978138021576574, 0.7903016478623751, 0.28897015860262654, 0.096548875806048
0.6914207431931046, 0.8446089996399111, 0.3123432022870682, 0.1006550301308688
0.6826302871168446, 0.9244565934416882, 0.3228344280088726, 0.1073122282171186
0.6563730806552885, 0.9165776128412546, 0.32287813391394204, 0.11295757247481558
0.6714995148124893, 0.9940922393577475, 0.31012465345072465, 0.11705076611077042
0.68223072093156, 0.8898997802854671, 0.30047655146396013, 0.10314745479914404
0.7002682801529768, 0.7743978781195665, 0.3071866271967098, 0.09526812053570492
0.6664193161710144, 0.8854629409520358, 0.322155321835706, 0.1071069990809219
0.6941606256064844, 0.9142681533606629, 0.2820213377346931, 0.10061900104686398
0.6366230949255094, 1.1167484120818219, 0.3663938077253411, 0.14663844026340353
0.7253838689422912, 0.8033502933286597, 0.28182619689310157, 0.09851191325297957
0.5762315200639306, 1.107387733969687, 0.4247374132156355, 0.14700043404362068
0.7056909640961242, 0.7786319618545549, 0.29598688328139283, 0.09512361815350183
0.6826302871168446, 0.896576195228616, 0.3292666927952982, 0.1054146124461987
0.6787487870312232, 0.7993262973616163, 0.31171493073232925, 0.10080557193792665
0.7107711627375992, 0.755338039569927, 0.2784357052350787, 0.09634720957841646
0.7042639420058222, 0.7277121803668002, 0.2932429393321586, 0.10195200765204827
0.6527769849877276, 0.8859839389202693, 0.3453982631534382, 0.12501370285847363
0.6720703236486101, 0.9237024130032315, 0.31403649021179186, 0.10782895020597066
0.7231577144814202, 0.7057416800379147, 0.26152720587942613, 0.09287800064461962
0.7078029567897711, 0.7716010959787635, 0.2730685187501248, 0.09546063192394838
0.7377704206861122, 0.7029956942555684, 0.25327642964586544, 0.08674977181222003
0.714938067241281, 0.6805227813704244, 0.2748523577268211, 0.1038992418755077
0.6895370740339061, 0.8300588300027187, 0.3011548813196871, 0.11427539961037227
0.6802328900051373, 0.9473717370842756, 0.30347585108213837, 0.10906829703195463
0.7029510816827444, 0.7641333996856302, 0.2898339115136859, 0.10308688642521296
0.7290941263770763, 0.7039454956159541, 0.2510058207825456, 0.08546204891666936
0.7059763685141845, 0.7368108378758017, 0.2835309619834846, 0.1041507828301983
0.7598607226439865, 0.6686613520444042, 0.23311179957487102, 0.08345962857010085
0.7373708545008276, 0.6989071255742656, 0.255240708029008, 0.08988359015086295
0.6999828757349164, 0.7552506005080735, 0.29213554668127817, 0.09934703509663777
0.7169358981677036, 0.7525220739197576, 0.26305184903535916, 0.09416340331804561
0.7039785375877619, 0.7110463615050675, 0.2943196960398381, 0.09820656693490344
0.7413665163536731, 0.6609337085820536, 0.25163323449829844, 0.09193748632717685
0.7316627661396199, 0.741111251706334, 0.2614916640101881, 0.08918254234335145
0.7305211484673783, 0.8086627838113707, 0.27320426821551264, 0.09128747851971372
0.7478737370854501, 0.6558788659536245, 0.24902050285244876, 0.08774401188194075
0.6937610594211998, 0.8390823829961724, 0.28978881897579256, 0.10457722621168063
0.7516410754038473, 0.627733886942797, 0.237899263896639, 0.08441216610481658
0.7374850162680519, 0.6721371546605113, 0.24357401359947958, 0.08803207460848242
0.7450767737884583, 0.7204441486962717, 0.244354095394269, 0.08425182745718413
0.7109994862720475, 0.7748249762141869, 0.27061040505676853, 0.09324880176812994
0.7649409212854615, 0.6876154246518522, 0.2383815712336014, 0.08146257215478381
0.6961013756492951, 0.785504033888666, 0.29935249050195123, 0.10439880047055228
0.7124835892459616, 0.8746411699787925, 0.2883736876150352, 0.10172388610281895
0.7614019065015126, 0.7179229618584838, 0.24196051405843122, 0.08348115533534027
0.7420514869570181, 0.7307983735999987, 0.2585920410191294, 0.08998074944202587
0.6734402648553, 0.8897789257101549, 0.31680119709358345, 0.11514715837867376
0.6728123751355671, 0.8283955038823427, 0.31347002796993173, 0.10715255736186506
0.7430789428620355, 0.6649099356542958, 0.25452297278318864, 0.08956070978536505
0.6642502425937553, 0.817927622809064, 0.34515458897825824, 0.1124918146661466
0.7430789428620355, 0.6477646689467468, 0.24487600539922322, 0.0868816417526075
0.7203607511844283, 0.7528008109863897, 0.2596960561172295, 0.0964898686644301
0.7548376048861236, 0.668555204179542, 0.24913719273258028, 0.08408124759101984
0.694617272675381, 0.8323641025465284, 0.28719396755858934, 0.10488083654404284
0.758719104971745, 0.6824607577704342, 0.24936016347625425, 0.0855340275826687
0.701923625777727, 0.7470922599423192, 0.28679232357420975, 0.09970247245465595
0.7656829727724185, 0.6028283556704687, 0.22688635492888362, 0.08031222081862634
0.7370283691991552, 0.6875286153779813, 0.24896552189390345, 0.0882453706998589
0.7731605685256008, 0.5803461429983183, 0.2177160683734887, 0.08479146871324905
0.7821793481363092, 0.6118498653701877, 0.21965296889267408, 0.07858507381236439
0.7343455676693875, 0.6586681955716562, 0.255017849498809, 0.09142605757029443
0.7773274730292825, 0.6635956944748619, 0.22232065425076086, 0.07842859749735637
0.768993664021919, 0.6959301997364875, 0.23551058076867398, 0.08284014908689316
0.7450767737884583, 0.6427897780953148, 0.23944382582111903, 0.09223550137057675
0.7374279353844397, 0.7140071871088075, 0.2606771371757285, 0.09656299571098909
0.7701352816941607, 0.5878281691502306, 0.22564230567068375, 0.08105922031375083
0.7325760602774131, 0.6978218961873737, 0.2657827599087194, 0.09125772132229194
0.7538101489811062, 0.6417534070918178, 0.23991234871392428, 0.08425647236974788
0.758776185855357, 0.6594562247371522, 0.24605977609759488, 0.08487726074743024
0.7487870312232433, 0.6452359812556212, 0.24152200990184977, 0.0848365666486374
0.6677321764940921, 0.9044162240360862, 0.3348725993116841, 0.13699993369944538
0.7090587362292369, 0.7421953261616691, 0.2844598100235894, 0.0972492515643113
0.7872595467777841, 0.568894033657018, 0.21437843342436683, 0.07645340436450024
0.7282379131228951, 0.6906210014073341, 0.2551553756245785, 0.09942241286225403
0.7858896055710942, 0.5630723286015594, 0.20875126255529797, 0.07485375373640438
0.7744734288486785, 0.6088288469563954, 0.21966832305856318, 0.07960462173559077
0.7855471202694218, 0.5703076542012363, 0.21594171831416614, 0.0760054008023
0.744962612021234, 0.6513973730779643, 0.2505183925527389, 0.09246031056652748
0.7622010388720818, 0.6020611963541612, 0.23520453088950086, 0.08158383348087872
0.7204749129516524, 0.7251779670449878, 0.26039244869036965, 0.09335408055843947
0.7765283406587133, 0.5882863124815589, 0.21333194020181134, 0.07639290204874555
0.7081454420914436, 0.8346781960604598, 0.2755359701755112, 0.10154232276468714
0.13288429704891833, 2.3045338650627274, 0.8814847531267206, 0.25071699142950243
0.11735829670643301, 2.3872249150930784, 0.8913957190702306, 0.38633141403151133
0.0997773845539129, 2.736168549913298, 0.9036240526423596, 0.44873033105667337
0.19447457046635083, 2.890336113939959, 0.810488159648731, 0.34324769361199964
0.19778526171585137, 2.4262585776359757, 0.8074846272404431, 0.2889931473475095
0.4243392887721902, 1.657053608380331, 0.5774149947034835, 0.1873642382332239
0.48781323134882126, 1.5561572674044573, 0.5130191238029278, 0.1599497118466157
0.4130372738169987, 1.575939484402887, 0.5779322722658453, 0.18927689169028616
0.509503967121411, 1.2932358129437271, 0.47752065709814717, 0.15112405338432883
0.5662423654318168, 1.2523932200391086, 0.4364568040278735, 0.1435097331956156
0.5985501455562532, 1.1968252880264754, 0.39555568204986075, 0.13240720226579303
0.5991780352759861, 1.1784029330974695, 0.3921241547125563, 0.13344423331908148
0.5478623209087277, 1.170478557440045, 0.4443150249104532, 0.139966842517515
0.531308864661225, 1.2354347199257723, 0.4549745476626362, 0.14172362119554205
0.5384439751127348, 1.3040765383284483, 0.46745568823643124, 0.15408452057106076
0.5636737256692733, 1.2800065009016444, 0.43377297825814515, 0.14819817712344496
0.6669901250071351, 0.9354333666200725, 0.3339647192129296, 0.10699165490597845
0.6824019635823962, 0.9570582672184689, 0.3032274843716769, 0.10294769911489236
0.6315428962840345, 1.3046485205498897, 0.35218642398550853, 0.1232535381019912
0.680746617957646, 0.9126557956627617, 0.29632745841501756, 0.0980646708625741
0.6913636623094925, 0.8564567976788633, 0.3195970862452852, 0.09974793249900539
0.6794908385181803, 0.8616918359303518, 0.3032549248523793, 0.09817827892773648
0.7010103316399338, 0.830751883591579, 0.3052577926023372, 0.09527426354855413
0.6447856612820366, 0.8787994202830519, 0.34518223466702685, 0.11369620069773223
0.7305211484673783, 0.7680204046580851, 0.26571412265378097, 0.08502495706317797
0.5951252925395285, 1.2074842426625247, 0.3977558258905303, 0.1353121011196947
0.6451852274673212, 0.9354671005015843, 0.34333162224336083, 0.1145731901543113
0.5952394543067526, 0.9930015370254452, 0.40396909236848944, 0.13267399657757514
0.7103715965523146, 0.8094801570505892, 0.2736860149597472, 0.09202892868632077
0.7039214567041497, 0.7791433666949008, 0.2945664460472585, 0.09661839128363095
0.7226439865289115, 0.7536262725750754, 0.27009884043521776, 0.08981311948057749
0.7101432730178663, 0.8244251612453267, 0.2838016515456361, 0.0941520597911215
0.6181288886351961, 0.9631743158743381, 0.371918345172123, 0.13033682725018608
0.7108282436212112, 0.7957133879833033, 0.28444890214121665, 0.0907520106137876
0.658941720417832, 0.82689466447275, 0.3354979898839854, 0.11018529645293006
0.6490667275529425, 0.9180563490861728, 0.3442622969495375, 0.11173517952528625
0.6601404189736857, 0.8414856696652244, 0.33326605488197686, 0.11479104283625743
0.7272675381014898, 0.7175691634220895, 0.26388451915835914, 0.09226882161993431
0.7168217364004795, 0.7534697913188948, 0.2713232559396964, 0.0926158505901196
0.7088874935784006, 0.8391347989458607, 0.28627199518717533, 0.10105469176640167
0.7000399566185285, 0.7518164845596498, 0.29126952717277943, 0.10206680217924906
0.6426165877047777, 0.8776762462678003, 0.3399508100246906, 0.10842585651858655
0.7312061190707232, 0.6859705010078696, 0.267730865846429, 0.09153032804973898
0.6612249557623152, 0.9171004420936926, 0.35261346635705076, 0.11519076407467084
0.6833723386038015, 0.8474794133866997, 0.3041162705355862, 0.10593683709492191
0.7262400821964724, 0.6934521263876886, 0.2642867089495748, 0.08826614559444708
0.6712141103944289, 0.8204218947464825, 0.31870586187392147, 0.1081124090991377
0.7061476111650208, 0.7511295752402184, 0.28642359158536745, 0.10032195834142701
0.7039785375877619, 0.818420658317182, 0.30342167218867644, 0.09814215993141324
0.6635652719904104, 1.085543717701102, 0.34016682094766965, 0.11525082953492988
0.687368000456647, 0.8299124674869449, 0.31466159635078617, 0.10358721300874063
0.7272104572178777, 0.8077229378676594, 0.2663971059101864, 0.09717962181457925
0.7353730235744049, 0.6689723888051472, 0.24974420920907525, 0.08854960511634447
0.7437639134653804, 0.6783438328073338, 0.2421759069620776, 0.08724192104269987
0.7074604714880987, 0.7731197432357458, 0.2692191251208317, 0.09487262584128121
0.7246988983389463, 0.6906903003660813, 0.2657532631648731, 0.09353552992664654
0.7054055596780638, 0.7460004619544305, 0.27670341420300454, 0.09885533752398298
0.5878189394371824, 1.012486362633197, 0.41383585852211513, 0.13935916297379347
0.7270962954506536, 0.716931016523246, 0.2716478679942382, 0.09524472437324391
0.7379416633369484, 0.6994438903792038, 0.25709112374226445, 0.09169161197506132
0.713511045150979, 0.7659063805118858, 0.26561926432516286, 0.09934866955570923
0.752953935726925, 0.6704009008055924, 0.23712415410157286, 0.08086661328745537
0.7475883326673897, 0.7970020207090798, 0.24998878760116022, 0.08493579975740931
0.7113419715737199, 0.7737913979156026, 0.27602382993198876, 0.09727982088402598
0.7353730235744049, 0.6602659755101459, 0.25643249889392583, 0.08889818990398211
0.6592271248358924, 0.8046066491647788, 0.34833024620279035, 0.11940142438926431
0.7160226040299104, 0.722301317142752, 0.27291236663430185, 0.09739076115397256
0.7493578400593641, 0.6463888837080431, 0.2514387146462955, 0.09070257849111192
0.7613448256179005, 0.6365461150133159, 0.2504856478884565, 0.08670154849471468
0.7541526342827787, 0.691906141961188, 0.24144320125407495, 0.08465953633308665
0.737599178035276, 0.7050666453950086, 0.2520559287155599, 0.08920305281172199
0.7136822878018152, 0.7392830095158996, 0.267130947428328, 0.10068253402811543
0.7391403618928021, 0.7052429337139731, 0.2537559431624042, 0.08895158396414495
0.7147097437068326, 0.6746790598809226, 0.2757385341243727, 0.1101014245526271
0.7546092813516754, 0.6517933608959009, 0.23467699235417822, 0.08124990865520475
0.7028940007991323, 0.8018523312711261, 0.2945351913516147, 0.10406884126371621
0.7316056852560078, 0.6509963760362417, 0.2673548098862292, 0.10224349944598375
0.7530680974941492, 0.6452805665000865, 0.2602209327015919, 0.08678651674287044
0.7235572806667048, 0.6870505093155164, 0.2578252948516376, 0.09436122486135795
0.6823448826987841, 0.8519335469174388, 0.31973699883675794, 0.11077934070463348
0.7811518922312918, 0.5787730648987378, 0.22197567541519045, 0.07919885912583101
0.6874250813402591, 0.784716896385369, 0.30004250366176466, 0.10565727984692286
0.6820023973971117, 0.8552090999144892, 0.3161155881091319, 0.12382225242778455
0.7499857297790969, 0.6337679291815033, 0.24962882746839019, 0.08911134830398725
0.7036931331697015, 0.7070373058231456, 0.3078846602770416, 0.1165454523244519
0.7555796563730807, 0.6488644628721805, 0.2421239606473264, 0.08153889737711228
0.704035618471374, 0.7496120405085233, 0.27958143951475517, 0.09555675741271961
0.7716764655516868, 0.6169680351414407, 0.22563154859749118, 0.08297816141931223
0.7187054055596781, 0.6966781584657428, 0.2661767612266652, 0.09427309628004296
0.7031223243335807, 0.732147302965848, 0.29493400804175696, 0.1083709059794835
0.7705919287630573, 0.6262254844544201, 0.23136985689757103, 0.08152443727415194
0.7365146412466465, 0.6692927364012847, 0.24847838739842243, 0.08862917963961209
0.6970717506707004, 0.7716970602917512, 0.29688848624302944, 0.10729654207256878
0.6746960442947657, 0.8248408419654467, 0.3137574111911038, 0.10632707685312169
0.729550773445973, 0.7350083219060394, 0.2648885613131563, 0.09337805725254741
0.7333751926479822, 0.7630107861959455, 0.272537727201573, 0.09244287922373921
0.7862891717563788, 0.5538368700359818, 0.21879668270034777, 0.07777922172962376
0.7123123465951253, 0.7156518232620309, 0.27969535177791516, 0.09630751216700309
0.744905531137622, 0.6436794590018059, 0.25553349324338404, 0.08933980437811714
0.6889091843141731, 0.7995971365940518, 0.29721734386902565, 0.10589170184278235
0.7312061190707232, 0.7097878827018999, 0.24558110694154756, 0.09258088498616106
0.13670871625092756, 2.2995490915556602, 0.8427858281539947, 0.31581130669194923
0.0997773845539129, 2.416024706871163, 0.9036240526423596, 0.44618174353812756
0.1918488498201952, 2.9129418718317437, 0.8268270104903099, 0.30794911872043224
0.1934471145613334, 2.6041615401115092, 0.8120775378785164, 0.3156838311014684
0.17546663622352873, 2.223024924055471, 0.838242932586008, 0.32228409859993545
0.3879216850276842, 1.970010881850869, 0.6329109510427611, 0.19806539128051784
0.40584508248187684, 1.6192134046609512, 0.6185993849914356, 0.20054928440875117
0.46138478223642904, 1.5570119796673252, 0.5654435934341118, 0.17991954326054663
0.43975112734745136, 1.4661990445641169, 0.5724217791743399, 0.188073678766348
0.5175523717107141, 1.226817530275201, 0.49729450024755684, 0.1449612174436145
0.6145327929676352, 1.1478797613220322, 0.3885302250048946, 0.11957920489009044
0.6072835207489012, 1.1010791072520405, 0.3847002440213108, 0.10877019632494977
0.6183001312860323, 1.0592505720699885, 0.38785668572469645, 0.11653259375348496
0.5268565557394829, 1.1298439090455779, 0.4830165112918776, 0.1472221656343686
0.5789714024773104, 1.0641876875876461, 0.41707638742451764, 0.12385321548589832
0.6948455962098293, 0.8931866605352581, 0.3073296395974682, 0.09601548076185366
0.6984987727610024, 0.8645820414306274, 0.2967496695290059, 0.09273711603621285
0.5942690792853473, 0.9752849806164721, 0.4146323781439525, 0.12858959805993272
0.6508362349449169, 0.9499204302190103, 0.34600050921365294, 0.11382258705682913
0.5931845424967178, 1.169196416608846, 0.4001162831976925, 0.14656872996879586
0.699697471316856, 0.85560600776161, 0.29205091954770507, 0.09386617801764544
0.71573719961185, 0.7903132528405854, 0.2799517136661192, 0.09107893027405792
0.6308579256806895, 0.9699235659471594, 0.3717506580412829, 0.1506651712754562
0.66904503681717, 0.823265198483358, 0.3213548643426048, 0.1155648953767311
0.6376505508305269, 0.9321574792054312, 0.3613109500891085, 0.11333945440612755
0.7095153832981335, 0.85017352719635, 0.2932735152820347, 0.09377587560194035
0.6736685883897483, 0.8567459991925169, 0.3393026637289681, 0.10736172688286462
0.7076317141389349, 0.8304631910651792, 0.3029556122805425, 0.09661610704668487
0.6828015297676808, 0.9195295516356077, 0.31598748133352267, 0.10130064546184943
0.6881100519436041, 0.9128520454930393, 0.3061837718540549, 0.10063529656745991
0.7080883612078315, 0.8768276515181911, 0.2943512620272208, 0.09455817240249369
0.7145385010559964, 0.8048776924440875, 0.29025254100738995, 0.0972983512185639
0.7018094640105029, 0.7845789276849583, 0.29578379951940503, 0.10238839908277177
0.7039785375877619, 0.7487098458582145, 0.27557345542453165, 0.10070590164458505
0.7156801187282379, 0.7481648446491266, 0.27305959404676705, 0.10016688031236397
0.6721274045322222, 0.88124422948601, 0.31124718267704254, 0.10562950987719971
0.6230378446258348, 0.9518397332031622, 0.3803633613827916, 0.1181891831179458
0.7308636337690507, 0.7383158454143404, 0.26340644390165663, 0.08618970534048763
0.7195045379302472, 0.7357226389788261, 0.2705590337679585, 0.09117946567961241
0.650151264341572, 0.8920159538890701, 0.3504703948120648, 0.12434256672434213
0.6930760888178549, 0.7542139438669487, 0.30361808484591973, 0.10933507849595812
0.6402762714766824, 0.9330666140425917, 0.3629541147214836, 0.13474868929461933
0.680746617957646, 0.8655725267804902, 0.30833493041906546, 0.10868961883567958
0.7102003539014784, 0.7648012978219615, 0.2744387063681841, 0.09430615886007178
0.6753810148981106, 0.8286390317663699, 0.3165850882158628, 0.11597727443101338
0.67783549289343, 0.7768494569758299, 0.3182654839021648, 0.11255689675089005
0.679319595867344, 0.8149001268828502, 0.3176568934882371, 0.10422543887792945
0.6714424339288773, 0.804831827096059, 0.3231706167374941, 0.10516044876362406
0.7212169644386095, 0.7105451468767833, 0.2719716029556641, 0.09595292458823414
0.698270449226554, 0.806363658126804, 0.28028189724036756, 0.10563252437906864
0.7067184200011416, 0.7626198514448215, 0.27468273506200275, 0.0999824322377661
0.6685883897482733, 0.8598821270929806, 0.3285317815023141, 0.10979264120095651
0.7127119127804098, 0.7734523005517929, 0.27529252382775304, 0.09464259653109998
0.7684799360694103, 0.632170938532532, 0.23806799672733436, 0.08221975364970376
0.7150522290085051, 0.7091822384454308, 0.27949781315800964, 0.10243858749162005
0.7206461556024887, 0.6950422536510179, 0.27768322188249855, 0.0946234293888841
0.7215023688566699, 0.7087395428848602, 0.27550259567786367, 0.09727468314007051
0.735430104458017, 0.6925036434971968, 0.2654986025470493, 0.09186538718662962
0.7490153547576917, 0.663945087468039, 0.2641013858061537, 0.08753042112266612
0.6784063017295507, 0.8215633512322418, 0.3191353233430733, 0.11150726240611603
0.7524972886580285, 0.6602404992060456, 0.2573196770964065, 0.08627935558281193
0.7625435241737543, 0.6452756748731951, 0.23774395246239258, 0.08241328619024083
0.763057252126263, 0.6379615350847152, 0.2494959164239529, 0.08433854755419314
0.7730464067583767, 0.6044824790369001, 0.23626235572595694, 0.0836200321077643
0.7782978480506878, 0.5957557677372244, 0.22277196111225053, 0.07897578362299097
0.6905074490553114, 0.8248816522474336, 0.2950816067526733, 0.10474145258311879
0.726011758662024, 0.7165551061691545, 0.2639795129516509, 0.08885470050933736
0.7146526628232205, 0.7011609626888227, 0.27866472580543433, 0.09569221948063684
0.7348022147382841, 0.7537109204268525, 0.26178328000543066, 0.08712301294626576
0.742679376676751, 0.6823966414343111, 0.264524097872322, 0.08868488473650818
0.766767509561048, 0.631674784852583, 0.23620589026344366, 0.08379420952263636
0.7499286488954849, 0.6927292686935878, 0.24182191480903031, 0.08469680527779827
0.7583195387864604, 0.6505306401608353, 0.23567476026903622, 0.08407107938317923
0.7566071122780981, 0.6583252476150795, 0.23587026934286093, 0.08147695972140592
0.758776185855357, 0.6699042036591103, 0.2343457263740133, 0.08328242133543041
0.7481020606198984, 0.6434086401100255, 0.24697603122289455, 0.08877822348597046
0.7702494434613848, 0.6095983848651955, 0.2390018166546567, 0.08281746134124997
0.7579770534847879, 0.6323023375472131, 0.23792523029932888, 0.08671905379377655
0.733203949997146, 0.6963089181999718, 0.2643885216138105, 0.09333008441133785
0.7270962954506536, 0.7363908337659111, 0.26558777599196515, 0.09384876079132219
0.7713339802500143, 0.6184371797780787, 0.22873589536275873, 0.0823206016198812
0.747017523831269, 0.6312013468957889, 0.24345916183744262, 0.0888025190031851
0.7491295165249158, 0.645009418732207, 0.24873228312784568, 0.08988065404053781
0.7667104286774359, 0.6366347957261178, 0.23119783984663872, 0.08300260875828698
0.7409669501683886, 0.6845067359983951, 0.26417531877703854, 0.09027846785719693
0.7586620240881329, 0.6596976308786907, 0.2474001772482761, 0.08414081592741361
0.7758433700553684, 0.6573482562281647, 0.22921061275624904, 0.08082786442041379
0.7516410754038473, 0.8779544409544571, 0.260654439098692, 0.08841733905798181
0.636965580227182, 0.9131004732202949, 0.37211348681120937, 0.1310154264366992
0.7586049432045208, 0.7276944345691221, 0.24360530898976665, 0.08396571505005816
0.706318853815857, 0.7548230101873109, 0.28974755881475134, 0.10854024744286095
0.6571722130258576, 0.8800413377961106, 0.33845539280897813, 0.13155475311974876
0.6539186026599692, 0.8721006356516993, 0.3555643208680905, 0.11859109284265193
0.6904503681716992, 0.8908900303473588, 0.3266123109940667, 0.1102052986038407
0.7409098692847765, 0.7805273097180282, 0.27218384129527834, 0.09097794571608285
0.658142588047263, 0.8331332372625783, 0.34969309184508973, 0.13894251285155118
0.657400536560306, 0.8071832809520915, 0.3457388107879947, 0.13186883301920688
0.7216736115075061, 0.7465391850099872, 0.28025700724595287, 0.0906750589017849
0.7072892288372624, 0.8338894282247419, 0.30184102865571516, 0.09936649922449659
0.7348592956218962, 0.7227576248297868, 0.2622025439398523, 0.09573179172651415
0.7273246189851019, 0.7037262618572651, 0.261254856228132, 0.09306664086528686
0.07038072949369256, 2.307498836008352, 0.932949241988085, 0.27579802885452515
0.1626805182944232, 2.3058106151371014, 0.8583331845779821, 0.3085305626995815
0.21901935041954448, 2.1506365524374518, 0.7969191455649504, 0.2603662314066711
0.2611450425252583, 2.1370283459152724, 0.7628907996211269, 0.22522683067595536
0.25087048347508417, 2.108549147021812, 0.7666930475427658, 0.24847508926494893
0.27552942519550205, 1.9313325234821985, 0.7330508229771546, 0.23666755010620133
0.39631257491865973, 1.790053004986793, 0.6268833304107253, 0.2060750282475672
0.484673782750157, 1.4090669334340507, 0.5284181466266356, 0.17657705638377194
0.4370683258176837, 1.5367751395313567, 0.5676314145436058, 0.18642773045790084
0.5108739083281009, 1.205751961117854, 0.4975439063827502, 0.16133766326528778
0.5978080940692962, 1.1099158062475363, 0.3891044235996857, 0.13025039754831907
0.4479707745875906, 1.2989813255541556, 0.5526443485646854, 0.18473192712040182
0.5999200867629431, 1.055591661529193, 0.38915418774252636, 0.11772656166759198
0.5922712483589246, 1.0525092605776891, 0.4091085071216431, 0.12991974994173405
0.5552828357782978, 1.092491176521934, 0.442751672484614, 0.13604947041526233
0.6587133968833837, 0.9202248386533043, 0.3286339503229556, 0.11513171619047294
0.5935270277983903, 1.2401149358081105, 0.3989652200599298, 0.1278869830499986
0.6494662937382271, 1.0158635435389984, 0.33452444444297164, 0.10776456041779797
0.5878189394371824, 1.1603782587226499, 0.4125373410070089, 0.1327742615900979
0.6732690222044637, 0.8666313948417333, 0.31794732576502827, 0.10792009797479243
0.6131057708773332, 1.024177218289336, 0.37723903294399297, 0.11586340157628447
0.5230892174210857, 1.121287171506365, 0.495597032303572, 0.1487571991299681
0.63993378617501, 0.9266867121973343, 0.3643433486756682, 0.11396563755103822
0.6353102346024316, 0.9161461596653098, 0.3467633556526557, 0.10711149347085148
0.6886237798961128, 0.7836058104543244, 0.3159020168487056, 0.11162952165897683
0.655288543866659, 0.914086387401858, 0.32850633877108143, 0.11012596282540076
0.6439294480278555, 0.9693227034598326, 0.35204150283500774, 0.12725964347037727
0.6356527199041041, 0.9147969127821372, 0.3666333913852203, 0.11907893449554209
0.5942119984017352, 1.0484486804363295, 0.4014739224487872, 0.1282737978586084
0.7100861921342543, 0.7747594316010644, 0.2893348621856697, 0.09946967981598101
0.7215023688566699, 0.7608308112141858, 0.2727697699992435, 0.09185904475141228
0.6641360808265312, 0.8551707221926328, 0.3178945558423248, 0.11444970952640869
0.6962155374165192, 0.7613707739499044, 0.29195070071404117, 0.10224146379996768
0.6357098007877162, 0.8669500419817004, 0.3730633298691977, 0.1279107746925875
0.7324048176265768, 0.7348340417549523, 0.26651684733828307, 0.09426197962233537
0.6744106398767052, 0.8887907479763447, 0.3101642799618292, 0.11010021515417773
0.6983275301101661, 0.8042591550726661, 0.27687232464183714, 0.10059654391659506
0.6806324561904218, 0.848888390878684, 0.31180091623420353, 0.11004401530471307
0.6220674696044295, 0.931122398931371, 0.3789718958913696, 0.12194004251887351
0.5899309321308294, 1.0062659029124434, 0.41749009222726596, 0.13410542099830883
0.64432901421314, 1.000106523100421, 0.3495134814325946, 0.12103128171720184
0.64432901421314, 0.9923933508375834, 0.36111937790565596, 0.14098200178546472
0.6853130886466122, 0.7959252735643202, 0.30436380472023694, 0.09930333753455715
0.6937610594211998, 0.828767440044911, 0.29313502330103824, 0.09659853786483179
0.7087162509275644, 0.7621323523445211, 0.26563007032048985, 0.09856950327680652
0.5914150351047435, 0.9933499981618998, 0.41715960123192103, 0.14645627156230118
0.6649922940807124, 0.8156474175258877, 0.333363788408531, 0.11356091888165949
0.7392545236600263, 0.713457349008145, 0.26102914913475334, 0.09044773234962272
0.6994691477824077, 0.7733872084270506, 0.28538118791120154, 0.09836081391422365
0.740510303099492, 0.7521484554365024, 0.267201973911155, 0.08888377153543604
0.6386209258519322, 0.911617374625268, 0.35856709641463164, 0.12271769387766687
0.6763513899195159, 0.8920949955743216, 0.3077095432551591, 0.10907834358211986
0.7108282436212112, 0.7906391055878939, 0.2683325976084864, 0.09391076906034293
0.6772076031736971, 0.7771671077353912, 0.32350063576132404, 0.11446792293877393
0.7302357440493179, 0.7022350953697445, 0.28001318070065, 0.09154176502156876
0.6965580227181917, 0.8293968160449701, 0.3016648039150518, 0.10750345105283567
0.6809178606084823, 0.8764263567190335, 0.3062902414774643, 0.10747477624411825
0.7461042296934757, 0.6747835545003886, 0.25453313013652856, 0.08649520998197695
0.7308065528854387, 0.6816201066431092, 0.2552723143705336, 0.0910831864660844
0.7217306923911182, 0.6982001676331956, 0.2614278417258033, 0.0944416570303866
0.70997203036703, 0.7129993715269656, 0.2869185701372424, 0.1057669981170657
0.6648210514298761, 0.8997801765969072, 0.3443228526309328, 0.11590062948179551
0.717963354072721, 0.727499620930661, 0.2951953029689247, 0.10667851918865452
0.6519207717335465, 0.8634753170939522, 0.345712461170886, 0.1122942282740646
0.7225869056452994, 0.7140506520526159, 0.26648966047038736, 0.09535705420014677
0.6468405730920714, 0.9337990602745092, 0.3518902356901004, 0.14751771172585337
0.7141389348707118, 0.7262335951425287, 0.2755283257396296, 0.10070340534670111
0.7390832810091901, 0.6684210786575758, 0.2528208609467147, 0.0898464515697556
0.7252697071750671, 0.6950887800335331, 0.25041224292882924, 0.09266264520762281
0.754380957817227, 0.6545937634628993, 0.23425356646091064, 0.08285350013640254
0.7577487299503396, 0.6256269288890373, 0.23431554423412038, 0.08402090117874465
0.686568868086078, 0.7801483454485425, 0.30016048874117884, 0.10768797551433382
0.6111650208345225, 1.2631962234465492, 0.38921078130367737, 0.13359418873722353
0.6790912723328957, 0.8194124528625931, 0.31945072420362003, 0.11093959492066642
0.7305782293509904, 0.6937753955575375, 0.2632395794754316, 0.09420099975046352
0.6809178606084823, 0.7634733549034506, 0.31870369836926465, 0.12257570543235435
0.7271533763342657, 0.7126302607757453, 0.25825294600197646, 0.09022800365689339
0.7461042296934757, 0.6579626330696651, 0.24290344233212832, 0.08955832024910514
0.7339460014841029, 0.7024519697563019, 0.2553830065409814, 0.09256472679331727
0.7396540898453108, 0.6614191336427374, 0.2618125100992497, 0.08818219288420587
0.7659683771904789, 0.6133594983109566, 0.23432829804978136, 0.08267584415558582
0.686568868086078, 0.8450977817335896, 0.3018797765090853, 0.10784549968657345
0.693133169701467, 0.948816518899638, 0.2889315174163399, 0.10781462878111929
0.7043781037730464, 0.8093421647333804, 0.27971977631910083, 0.1051170836063955
0.7600319652948228, 0.6229447688739977, 0.2310253744667143, 0.08280366304100079
0.7757862891717564, 0.6010311191701305, 0.21848892867833686, 0.07816379397126708
0.7457617443918032, 0.6833626142840937, 0.24804233639297482, 0.08615819036592176
0.6546606541469262, 0.8774337695911337, 0.34996266697794176, 0.11655714517941133
0.723785604201153, 0.7034661352235847, 0.28001670424654085, 0.10237786806506223
0.7479878988526742, 0.659322060803946, 0.2474235605429957, 0.08772012191721779
0.7288087219590159, 0.6922067473330109, 0.25903519670631553, 0.09247712844582115
0.7314344426051715, 0.708255400412571, 0.2596827191186555, 0.09143034745350363
0.7526114504252526, 0.6610573763116233, 0.2392915183118258, 0.08552901632570871
0.7407386266339403, 0.6713018823211455, 0.24705561188663291, 0.08900874532749527
0.722358582110851, 0.703402446497814, 0.27781005070809045, 0.09449376115062368
0.7873737085450083, 0.5842907963693981, 0.20992920563541906, 0.07603627431746159
0.7245847365717222, 0.6948483775834209, 0.2594390732350877, 0.09204327428692943
0.691649066727553, 0.8486568199231044, 0.2944288215953478, 0.1063605557732593
0.7024944346138479, 0.7906478304525294, 0.28187818055307023, 0.09524952982305429
0.7249843027570066, 0.7438616984823864, 0.2651238438814801, 0.09361328855840018
0.7779553627490153, 0.6031996126686016, 0.22194195639359326, 0.08290040755868733
0.12375135567098579, 2.3018176277054385, 0.863861825627506, 0.23526979587093538
0.09840744334722301, 2.346882576444077, 0.8908850128543422, 0.42240891782400053
0.1379074148067812, 2.2156023560161495, 0.8618111019099847, 0.4056285446620296
0.19944060734060162, 2.1185294593317514, 0.7952386045288351, 0.3397449932310549
0.12734745133854672, 2.147111265148581, 0.8581051947314249, 0.39022540673979406
0.25509446886237797, 1.8328006399522274, 0.7304948282476689, 0.2984058683611185
0.292254124093841, 1.6653441857023255, 0.7253693534571701, 0.24364435160519984
0.3864375820537702, 1.6137917273814455, 0.6162945715006258, 0.18662432740886595
0.43918031851133055, 1.6311132894462426, 0.5561649404261653, 0.18051720806161062
0.5276556881100519, 1.2870376015102096, 0.4731673635043534, 0.1380446441556789
0.5276556881100519, 1.2254211858916046, 0.4459160444403527, 0.1374655139169525
0.5099606141903077, 1.276688163584073, 0.513425623844065, 0.15769425156543856
0.5778868656886809, 1.136605898629953, 0.4335088271603157, 0.1372810796893661
0.5315371881956733, 1.3441234125082022, 0.477019422448945, 0.15609628409899534
0.4884982019521662, 1.3697165540712488, 0.5515447235768717, 0.17458839523061356
0.5485472915120726, 1.1539407504109107, 0.4718959261434215, 0.1379349940924673
0.509503967121411, 1.3969526547757627, 0.4832919870163206, 0.15294467059222563
0.5309663793595525, 1.1717849584138247, 0.4758422906974561, 0.1505015235020814
0.5362749015354757, 1.2077173985979124, 0.45673382477119373, 0.1657546282285305
0.5857640276271476, 1.089810622831248, 0.39329613251503676, 0.1385045411045215
0.6375363890633027, 0.9970486716554058, 0.3736852054992373, 0.11915555255644758
0.5204634967749301, 1.3429567564587812, 0.49604517689151656, 0.1450836217629149
0.4133226782350591, 1.4043008189892292, 0.5771063630942096, 0.20442281134432305
0.5053941435013414, 1.220523644403934, 0.4626716097668465, 0.15896946472275314
0.601347108853245, 1.0965281479522935, 0.39779412740530623, 0.1240786475799684
0.41863120041098234, 1.3713838342266549, 0.5976048335011452, 0.1989458580515526
0.5953536160739769, 1.1186802513479364, 0.389521967040538, 0.12628610537325577
0.5795422113134311, 1.1310278773384352, 0.4079511821686084, 0.13550747765419346
0.577258975968948, 1.0960718844043615, 0.4324706492186225, 0.13645540634073397
0.5930703807294937, 0.9948324424359949, 0.4097942853045453, 0.14135019059913767
0.6619099263656602, 0.9311529137306858, 0.3531680891399533, 0.1153091534283949
0.5831953878646041, 1.0432902399389512, 0.40786229411103214, 0.14058108261618402
0.5804555054512244, 0.9975205933680167, 0.42187599840314793, 0.1329617136169809
0.6503795878760203, 0.9459935468934403, 0.3555218042932058, 0.11072002546251028
0.5918716821736401, 1.0988507816489659, 0.4238971067882014, 0.13421509210850455
0.5762886009475426, 1.082679423402732, 0.43544371825603967, 0.14134249198966786
0.5186369084993435, 1.303428057488474, 0.4978237274188531, 0.17601528800865585
0.6816599120954392, 0.831587914656651, 0.3036184824210646, 0.1041069215529205
0.6435298818425709, 0.9007191959283921, 0.35128480249242217, 0.11927604589825902
0.7002111992693647, 0.7840128018720603, 0.28836382648108605, 0.09682383370024676
0.6510074775957532, 0.9230611416330438, 0.36494530688459703, 0.12113490559174445
0.6748102060619898, 0.82992822021351, 0.3414812648252742, 0.10719319204369127
0.6412466464980878, 0.8667806061904942, 0.38488048041409023, 0.11941361758765279
0.5907300645013985, 0.93684807197193, 0.4242367364324586, 0.13652109997473008
0.6562018380044523, 0.8776845116064278, 0.33123653388060076, 0.11271642725415487
0.6566584850733489, 0.8496695229229401, 0.34206655688069104, 0.11856043417851407
0.6939893829556482, 0.7811471226072433, 0.29401085086570156, 0.10046305491849612
0.6451281465837091, 0.8816771512187992, 0.35313623238771735, 0.1298635347269805
0.6701866544894115, 0.8313089592552266, 0.348729688232445, 0.11159681939471457
0.6568868086077972, 0.9098563429297363, 0.36515179969461736, 0.11769740126924445
0.7079171185569952, 0.9523918902506461, 0.3006232457908358, 0.10159960888951995
0.6751526913636623, 0.9321480031639364, 0.3434162153277361, 0.106930273023104
0.7142530966379359, 0.8237983777596412, 0.2866598093854829, 0.09583626974416787
0.7023802728466236, 0.8211809327212216, 0.29653420899718, 0.10119880244756166
0.6783492208459387, 0.8197581518907765, 0.325006113978951, 0.11044279904805915
0.5792568068953707, 1.060543120959536, 0.4145575708255661, 0.14929805967360538
0.7253838689422912, 0.6954374136670601, 0.2845401164413561, 0.09844535316878651
0.6669330441235231, 0.8624028477538573, 0.32748283153501595, 0.11763398762945157
0.7201895085335921, 0.7316811962639117, 0.2633758944512078, 0.09606554498202391
0.6511216393629773, 0.8445843434025277, 0.34434733247574667, 0.11917229322035533
0.6067127119127804, 0.96256545399499, 0.3887378412882406, 0.12308793698680928
0.6488384040184942, 0.8262709316663085, 0.3610798653815862, 0.1132930063676772
0.6999257948513044, 0.807031493656632, 0.3048671477606104, 0.10063337944714484
0.6905074490553114, 0.7900484955777488, 0.3050876408218925, 0.10426344319575864
0.713568126034591, 0.786017704378185, 0.2761792324298759, 0.10003759515732398
0.6765226325703522, 0.813153608889807, 0.342450778731071, 0.1105487583604617
0.7323477367429648, 0.6951384160007296, 0.26466178391377015, 0.09007299560426235
0.6892516696158456, 0.8017218674644866, 0.31550660974014905, 0.10673591386783292
0.7072321479536503, 0.7318333675754483, 0.31477474996202476, 0.10083901076232724
0.712883155431246, 0.7711205229060197, 0.2732038197846839, 0.09735532093226144
0.6804041326559735, 0.7901942593777715, 0.310478760318023, 0.11630443293124601
0.7191620526285747, 0.7277215790405487, 0.2793908783717631, 0.09459078525010108
0.7090016553456248, 0.7284073850761896, 0.31119327759094945, 0.09749266753334963
0.7152234716593413, 0.7285553585072159, 0.28277839217607187, 0.09834865432156972
0.6898795593355785, 0.8152380468368694, 0.2981540671748621, 0.10508810846689126
0.6969005080198641, 0.7468928869877899, 0.311152875104173, 0.10206140220470829
0.70118157429077, 0.7731010932908322, 0.31219383247201116, 0.10910882444938821
0.6780638164278783, 0.8568399584419777, 0.3454254763010406, 0.11084504948111584
0.6919344711456134, 0.7446009646099981, 0.3204772925905148, 0.10134917051175776
0.7325189793938011, 0.708998379113459, 0.25923532610800004, 0.09142326594437394
0.672755294251955, 0.8402536274319296, 0.3247991783709442, 0.11087254329561937
0.7302357440493179, 0.7188960228274165, 0.27955070764937856, 0.09457376997856558
0.752211884239968, 0.7012166890868091, 0.2508800898907538, 0.08756044661820939
0.7251555454078429, 0.80533068910675, 0.2836173048987896, 0.09319055442071442
0.7027227581482961, 0.7867068199181538, 0.30160778252140746, 0.10239827848435974
0.7431360237456476, 0.6669563273261129, 0.2631914870929888, 0.08911962414110315
0.7509561048005023, 0.711627068246764, 0.2565734766994929, 0.0868165738130568
0.6986129345282265, 0.7676433301725579, 0.30685223729742894, 0.1023672591146661
0.5999771676465552, 1.0218864685232436, 0.41037265553229946, 0.1426063413168988
0.756550031394486, 0.6248286709600374, 0.23722900530252075, 0.0821270334131838
0.7035218905188653, 0.9213495082339677, 0.2986084624761239, 0.10542864812211328
0.7155659569610138, 0.6873403708540271, 0.2975913619420971, 0.09380302254408585
0.7498715680118728, 0.6326722111450661, 0.2568009428070461, 0.08465614981394382
0.6805753753068098, 0.772105044370925, 0.3174406913225053, 0.1197598776780308
0.7420514869570181, 0.6687006037914076, 0.24956681253953486, 0.08496527941166603
0.7486157885724071, 1.0013996865561008, 0.2632499340355478, 0.09417607310453237
0.6627090587362292, 1.3911282993239404, 0.3497987929548929, 0.11900791404272132
0.5057366288030138, 1.3711539344691246, 0.5097779965642344, 0.18361801313116874
0.5179519378959986, 1.3784882679749204, 0.4887818338530899, 0.18027500577942224
0.4813630915006564, 1.2016412788322985, 0.5321728025403324, 0.17673312752547787
0.6212683372338604, 1.0089098002417758, 0.37780252949704257, 0.1312773065577156
