acuracia,loss,frr,fpr
0.05921315594130075, 2.3126561163440122
0.14966025238394334, 2.5418189651368586, 0.874153317904494, 0.3853556040483295
0.15925312624907212, 2.605025763654739, 0.8850096534566254, 0.37384018439919486
0.12339405013418603, 2.3164175932424262, 0.905677235031473, 0.4606835662967387
0.4449837263746931, 1.939574774584642, 0.6000934236443507, 0.1708039223720432
0.3631587963227317, 1.9506393648981402, 0.6698427569879031, 0.2195155700572312
0.4944898075715183, 1.7785537009718948, 0.5271800506872656, 0.16403203081094828
0.36327299720207845, 1.964213294447343, 0.6455258029828645, 0.30401696340592993
0.20778849997144977, 2.486362935805766, 0.814992221010089, 0.31230297121099293
0.4047279164049563, 1.9997260292770453, 0.6301318071637698, 0.19172447173318768
0.4011876891452064, 1.8938413635793938, 0.6197559159280406, 0.22111788953510583
0.4260263804031291, 1.8054000306839415, 0.6062334839899933, 0.20406998666444934
0.5909895506195397, 1.5628358712237465, 0.4716188204678842, 0.14162157790836175
0.45988694112944667, 1.4643674752323643, 0.576897628117932, 0.17692698153208983
0.5358305258950494, 1.3224216174702923, 0.502320837292403, 0.15392493508233915
0.5345172157825615, 1.3481266969569317, 0.5002500777975346, 0.1482678485513538
0.5987552104151201, 1.325142179262847, 0.44933577676232406, 0.13137499536420497
0.41631930565865355, 1.5225427714767028, 0.6103164371094032, 0.24838949251599224
0.5305201850054245, 1.466756534138732, 0.5188694089545776, 0.15709678719435216
0.42442756809227433, 1.7789605425064823, 0.6386491895323544, 0.20802458898779028
0.49466110889053844, 1.7899976051739308, 0.5548382776523755, 0.17968597101052577
0.435048249871524, 1.8293414679891697, 0.6182237208744963, 0.2318274432155939
0.46291326443213615, 1.5881218863984587, 0.5495126700215653, 0.17168430374089833
0.5474219151487466, 1.5940103170544166, 0.4833613541577801, 0.13967047537289004
0.6617369953748644, 1.3241445021501228, 0.3821162158143757, 0.11156613850906455
0.5628390338605608, 1.5700605841957542, 0.4808717778878705, 0.13611653752796
0.42825329755039115, 1.6342080661763554, 0.6214697007737655, 0.24702941674168075
0.2683720664649118, 1.8892343527162694, 0.7837407839427929, 0.3229466859251927
0.34214583452292585, 1.8968892867963496, 0.7079035316192093, 0.2363498559202894
0.4749043567635471, 1.689470758293736, 0.5730762709777575, 0.18277634284756936
0.5743733226745846, 1.4100477239309002, 0.4788836253242839, 0.14878315798890973
0.59133215325758, 1.294056896437522, 0.4562140564772393, 0.1380690173146733
0.5813395763147376, 1.2509309983750212, 0.45624312343842915, 0.12953111500871275
0.47193513390053105, 1.537823224471699, 0.5592928447207719, 0.17685574057368936
0.6084051847199223, 1.1601363331883974, 0.4300263915727411, 0.14267200583733486
0.7345971563981043, 0.8689300862926885, 0.30472716798947513, 0.09671025773142643
0.5991549134928339, 1.1990046773965444, 0.4360230598414992, 0.14597636291673968
0.701821504025581, 0.9707212035228281, 0.35302944057357627, 0.10983298292213302
0.5423970764574887, 1.473801564741113, 0.5058358006119924, 0.1760393470196108
0.4324787300862217, 1.6645310747140494, 0.6141864041468118, 0.2141667858392869
0.43761776965682636, 1.432866060084757, 0.5987834154012284, 0.21350119544824112
0.505110489350768, 1.3706992428884024, 0.512763177331187, 0.17285555339242945
0.5466225089933192, 1.359717654573486, 0.47597944575525947, 0.15559624263866964
0.4802717980928453, 1.6537888477880427, 0.5535752514823045, 0.18824789902290914
0.7212356535145321, 0.9259302844252734, 0.32508917381024666, 0.09901760995392238
0.5530177582367384, 1.4218689910601638, 0.5128123931668485, 0.18872815841158957
0.5264089533489408, 1.7010986462574944, 0.5529111328540697, 0.1763800789420243
0.4542910980414549, 1.575118458818812, 0.580874866120689, 0.18839163584385007
0.5038542796779535, 1.6384109073435906, 0.5424531761274944, 0.19013677657833145
0.4608005481642209, 1.6191089079094554, 0.5446292272621541, 0.17201254473869323
0.5489636270199281, 1.6110672845356755, 0.47970558517629164, 0.1616820359229913
0.5451378975618112, 1.650652483809323, 0.4891584703643133, 0.18261347433008907
0.3057157540113059, 1.9199641931725244, 0.7022346295043569, 0.3036620340272951
0.6766973105692914, 1.588377927465019, 0.37204536006782823, 0.12276562040863125
0.4484668531947696, 1.5238069195413293, 0.5967459069015123, 0.20342790733493257
0.544224290527037, 1.5166607089193913, 0.5184796370332762, 0.15648799030383362
0.5867070176440359, 1.618486359105393, 0.46652203703608547, 0.1459551171530941
0.3770913036030377, 1.6733956378258963, 0.6681088931338873, 0.20351761810900273
0.461999657397362, 1.44656945062461, 0.599135729595417, 0.18796822365031676
0.4272254896362702, 1.8450931464830036, 0.5788892982902721, 0.1968184312913596
0.40764003882829897, 1.7107810416976095, 0.6005001434175582, 0.21019192407478388
0.42311425797978647, 1.7934924888527795, 0.6155197477736031, 0.19749464981711037
0.3234168903100554, 2.061680475750513, 0.6934599172820873, 0.2435745544097479
0.38696967966653345, 1.5286928335444983, 0.6273830384150983, 0.22296402424410086
0.464968880260378, 1.4888057055821582, 0.5687773719691889, 0.19515282604221468
0.5797978644435562, 1.458145692190024, 0.4699947375948295, 0.1394050149653233
0.6067492719693942, 1.2476926015824832, 0.4430749697313379, 0.1342580237854991
0.4670244960886199, 1.4866952006617626, 0.5600391703790172, 0.19144719344685726
0.3721806657911266, 1.7942556171225825, 0.64400482312387, 0.2256814278485211
0.47695997259178896, 1.4759037640416486, 0.5664540412000663, 0.1735689713481455
0.5997830183292411, 1.6145711128779634, 0.42721310822975034, 0.13104087902959485
0.4141494889510649, 2.000520670472, 0.6231358616521422, 0.2200140318279921
0.3708102552389653, 1.8385099251466086, 0.641980781155945, 0.22242232753339236
0.6134871238508537, 1.1555241328566648, 0.41759230630452115, 0.13664828424709663
0.5381716439216582, 1.271045440458872, 0.48395391193687864, 0.15366839471167396
0.6541426368983041, 0.9090936513570731, 0.3497885369630167, 0.10505974135563115
0.7071318449152059, 0.8983951632920665, 0.34076072625237136, 0.10864112636991119
0.7109575743733226, 1.1819665714845675, 0.3339241148230585, 0.10588660789437578
0.6094900930737167, 1.1652104481339987, 0.4238171272437509, 0.13757880893989946
0.5135042539827557, 1.353538367861323, 0.5075804743172742, 0.1819076362177288
0.4481242505567293, 1.5660576066202734, 0.568145977803701, 0.21416558526566373
0.5285216696168561, 1.517741924444156, 0.5004796074989339, 0.15635217878457594
0.41078056301033516, 1.8221318759175171, 0.5930497256044398, 0.1879086560638492
0.4452121281333866, 2.058422187787709, 0.5945821657764748, 0.18440112554424018
0.5019128647290584, 1.7124950524138973, 0.5366688039249248, 0.1584815360776731
0.4126648775195569, 1.6437237759412768, 0.6097433573398287, 0.22427817505141215
0.3637869011591389, 1.7300644924057236, 0.6534251622329986, 0.26595794223435576
0.5333752069890938, 1.5903791670662981, 0.5259750092369894, 0.16195288332000424
0.3553360360874779, 1.8662976618965315, 0.6638510662078789, 0.2376047772516666
0.5197853023468281, 1.430195596915068, 0.5276015864213863, 0.17755629425020186
0.36253069148632444, 2.012334318057278, 0.6642173609370238, 0.2678407186701583
0.3370067949523211, 2.0874639805059605, 0.669687548099558, 0.2676395497166032
0.5488494261405813, 1.3767265390308208, 0.47916977735324734, 0.1460103748847512
0.51087763375778, 1.6451736545702966, 0.5209539740099383, 0.17292653458122229
0.3230171872323417, 1.7789772230980125, 0.7145652020112307, 0.30721132767742465
0.520813110260949, 1.6740604531232004, 0.5278485432225742, 0.1576299972708334
0.3107976931422372, 1.9265616840934408, 0.7150727323156559, 0.27527035404397665
0.44384171758122537, 1.5585727064862267, 0.5914394611850614, 0.18475386086953152
0.5235539313652715, 1.5849483862107872, 0.5010137536621337, 0.1394506325111415
0.6880602980642951, 0.995858723665607, 0.3637283906671972, 0.11600955775123455
0.6424370467652601, 1.158081980447665, 0.40219096730734544, 0.13760959659096236
0.12053902815051676, 2.3039260498019214, 0.8694965432381425, 0.339686564655463
0.10466510592131559, 2.4963255240174846, 0.9192873654262231, 0.4952227920849094
0.25466796094329924, 2.172425168582838, 0.7900683080277537, 0.3399199236938638
0.27710843373493976, 2.1043291763692187, 0.7486029396856145, 0.26582249097888383
0.17723976474618855, 2.1209382081926225, 0.8401107363325013, 0.42874578716340156
0.19465539884657113, 2.271445528155207, 0.821953599113273, 0.3454374427329962
0.09781305316050934, 2.3002835678045477, 0.896025943639582, 0.5010912501321666
0.10169588305829955, 2.406972042750381, 0.8901507292151857, 0.5032824794264993
0.10169588305829955, 2.7430727350264608, 0.8901507292151857, 0.5036173970918633
0.09769885228116257, 2.3066754640561142, 0.9135435848210973, 0.5068637629517015
0.2148118540512762, 2.7003324426766335, 0.8086773544829835, 0.304792331707281
0.20670359161765545, 2.1544966522483193, 0.8190257159911005, 0.29016612741356884
0.29475246959401585, 2.212322528641493, 0.7279719660231475, 0.2564048268739328
0.36755553017758236, 1.9611911612017698, 0.6533262177846452, 0.1937400546940787
0.29743619025866497, 2.1615634641893475, 0.7295361127282493, 0.25519553604311074
0.3135385142465597, 2.1869811630872538, 0.6936175816261677, 0.23248002581783606
0.19614001027807915, 2.2440096525246607, 0.8472761346595167, 0.3844097829653282
0.1459487238051733, 2.1918628646394467, 0.8823765766902798, 0.4003125339831827
0.3394050134186033, 2.171894880900723, 0.6626913531603483, 0.20698183772706605
0.24450408268143664, 1.9785121975406303, 0.809125508553773, 0.2550841559700862
0.3177639467823902, 1.9709013482255924, 0.7233290273010505, 0.2525303586911013
0.29126934277393934, 1.9148313452271162, 0.764966217767592, 0.29877362013622205
0.30680066236510023, 2.2066406003549277, 0.7213216007787876, 0.25918999003126053
0.22520413407183235, 2.1972521162384315, 0.7717833679512673, 0.3009572591407137
0.10066807514417861, 2.292416303507545, 0.8868390268287282, 0.48780570137518026
0.10169588305829955, 2.3548064601827727, 0.8901507292151857, 0.5056849405738192
0.13515674070690345, 2.264325944903453, 0.888868509079597, 0.43313026410590894
0.11768400616684749, 2.4197833902701205, 0.8942420066265934, 0.47634004132595226
0.16764689088105977, 2.174024054115547, 0.8633567162926444, 0.4321230602716277
0.18454862102438188, 2.170268166291886, 0.8558713987510719, 0.3727488770291792
0.23965054530919888, 2.159496084358489, 0.7647124200138294, 0.2679975015404616
0.24872951521726716, 2.069715555919161, 0.7787620699595356, 0.26498169473474836
0.43687546394107235, 2.002212915191548, 0.5870147971643213, 0.20180133692288021
0.34220293496259924, 2.067188302555628, 0.6800786881960749, 0.21939963148884248
0.3497972934391595, 2.0905813994368447, 0.7053199293813326, 0.19737131446454498
0.32438759778450293, 1.9880498005390466, 0.6505277863804033, 0.23190578081541693
0.1655912750528179, 2.1303543680461465, 0.8690534595759435, 0.4417602556973062
0.23782333123965055, 2.1182905062611925, 0.8002101554608997, 0.3366711435076933
0.3037743390624108, 2.116101725563115, 0.7104191114199234, 0.2245797027395018
0.23925084223148518, 2.2782059388835814, 0.7648390054046524, 0.299031295804213
0.34602866442071606, 1.9218765912360647, 0.6787643531569272, 0.23627698616550347
0.2466167989493519, 2.2940034402561698, 0.7756266704190921, 0.33711085004315094
0.45726032090447094, 1.4346717191779355, 0.5721405920663564, 0.16548710461808278
0.5324044995146463, 1.3929678104536658, 0.5027868552287966, 0.15715905642482866
0.3398618169359904, 2.172936270015472, 0.6713073988037307, 0.2382908565543256
0.2214926054930623, 2.2036648436615867, 0.8007034080236413, 0.29727606839090037
0.25895049391880315, 2.112164706531192, 0.7755069801532127, 0.28320788843291606
0.1078056301033518, 2.26532595951172, 0.8400366797536254, 0.46751378819188116
0.10169588305829955, 2.2820130988980174, 0.8901507292151857, 0.5063331242587259
0.1848341232227488, 2.2653404121796994, 0.7634879361621932, 0.2994081329946839
0.18791754696511162, 2.249184534121287, 0.8345391527520127, 0.42131088607055
0.11928281847770228, 2.2828797171472965, 0.8939946254084068, 0.48313791745858653
0.10249528921372694, 2.553672570024533, 0.889480909659818, 0.5001131535352712
0.12082453034888369, 2.2205587518839374, 0.9061931207846601, 0.48967305758007623
0.1597099297664592, 2.25990098787322, 0.8578597572956045, 0.4299369487703598
0.25266944555473075, 2.244674086536705, 0.8011151914387543, 0.27593165743234527
0.24456118312111003, 2.2202838428940908, 0.7461464778444336, 0.3543097515446486
0.31176840061668476, 2.160327663925614, 0.6645356630623422, 0.2979327312664617
0.20681779249700222, 2.238668333032188, 0.8198483334771958, 0.3177338278041907
0.23622451892879576, 2.1797383841075466, 0.8028824325413658, 0.29532393554560027
0.26820076514589164, 1.8741012206254828, 0.7595212895494611, 0.28457560012175037
0.3042311425797979, 2.023795029154947, 0.7186386910249388, 0.22599987465122362
0.23462570661794097, 2.22278934303659, 0.7805893394769203, 0.31469087426694914
0.35082510135328043, 2.079865673686574, 0.6274532546937601, 0.20186268767109639
0.45686061782675724, 1.6875104578277313, 0.5236437466037371, 0.15921580957230555
0.35693484839833267, 2.15851547363936, 0.6573334392550643, 0.21179906383656494
0.4563467138696968, 1.9718306644894181, 0.5301622767458622, 0.17135334666518218
0.21578256152572375, 2.421151723044117, 0.8067708899129897, 0.3735898937284369
0.45451949980014844, 1.935156224823989, 0.5695421836530418, 0.1839065309937845
0.3007480157597214, 2.0325651257585253, 0.712252710652646, 0.24382924291863098
0.23833723519671102, 2.2458808529093135, 0.7755794385271383, 0.30070135114764224
0.22297721692457032, 2.21882474167196, 0.8213203624025559, 0.3389991575861358
0.17215782561525725, 2.4330917098373046, 0.8741308873986127, 0.42274573638155516
0.254039856106892, 2.4167819365153664, 0.7745010390803723, 0.2901348905468266
0.4031291040941015, 1.675999040266832, 0.6447070674332601, 0.21543184688867795
0.47307714269399875, 1.6504689854189132, 0.5583354373337898, 0.16640367501019818
0.4424713070290641, 1.4921574557194703, 0.5987024889466888, 0.19887015738770694
0.5262376520299207, 1.361507445172625, 0.49839157497444503, 0.14607483573988678
0.6951978530234683, 1.1730215422333066, 0.3366006950673436, 0.10219018767899314
0.5305201850054245, 1.3514614625705927, 0.511844975510145, 0.17223004041865764
0.40883914806144006, 1.932860114352119, 0.630711045362013, 0.19495497509036702
0.39005310340889626, 1.9137467373270356, 0.6184893625172704, 0.20444819153729094
0.4090104493804602, 1.8602316077831151, 0.5915931293009159, 0.20576222201851604
0.30754296808085424, 2.054091130483023, 0.6957354331569426, 0.2924036752362221
0.3230171872323417, 1.9778675489522861, 0.6990500998697041, 0.24090000251063232
0.3249015017415634, 2.1881015689220678, 0.6722932504560365, 0.21212138361595997
0.24987152401073487, 2.2404530165244885, 0.7749555597784537, 0.2597900941080252
0.2754525209844116, 2.1604231451278286, 0.7671084742068527, 0.24043932651175554
0.30948438302974934, 1.9602225847099413, 0.7313059152952277, 0.2418264923764485
0.32741392108719236, 2.0678846081749116, 0.7118777805931357, 0.24754666204350328
0.13475703762918975, 2.257035565432098, 0.8902410325356463, 0.4256320290915882
0.2065322902986353, 2.184635221600798, 0.8428054051199071, 0.35616588842665264
0.14069548335522183, 2.2549606839535556, 0.860717944390725, 0.4665317233972486
0.31525152743676127, 1.9218701194472556, 0.6941995145275611, 0.265747730098806
0.3544224290527037, 2.1518936603419045, 0.6533696533429738, 0.25303880860222794
0.11973962199508936, 2.290606823584507, 0.8644508700229603, 0.4699079255611951
0.16975960714897503, 2.2745586161215123, 0.87353852222706, 0.3797925926710367
0.16182264603437446, 2.2910431883822895, 0.8107441274241991, 0.3164087329089363
0.10392280020556158, 2.2943029614496306, 0.9303644313062497, 0.49014697902986654
0.126648775195569, 2.2529186858364674, 0.8968526854787695, 0.37775560345928605
0.19425569576885743, 2.2598246342109487, 0.8576469973136216, 0.35317853238677005
0.0928453149089248, 2.3043753118835757, 0.9031691705400754, 0.28850243638606854
0.0901044938046023, 2.3068894965518094, 0.9025166462205377, 0.49630264475198743
0.10055387426483184, 2.303842996425103, 0.9328544373258773, 0.5010148960795594
0.10175298349797293, 2.819125393701976, 0.8901202321124104, 0.5024428889858539
0.1982527265459944, 2.2454683045592727, 0.8087583320095935, 0.37959831379485615
0.12836178838577056, 2.6838034511510998, 0.9062698364749201, 0.45925740399784143
0.3030891337863302, 2.0643174676261284, 0.7622530379839213, 0.25411311374738677
0.10181008393764632, 2.1652313030842256, 0.932005755059389, 0.4982167601068456
0.21977959230286073, 2.394875588405924, 0.8222215612249528, 0.3792248973104318
0.3571061497173528, 1.9907693874895187, 0.6463346638013047, 0.21915097936180442
0.39096671044367043, 1.9327861076776165, 0.6155248079034432, 0.19167105569587528
0.3327813624164906, 2.0016142671659467, 0.6899362552916241, 0.3103788050894481
0.36989664820419116, 1.7186213705593205, 0.6795613082630692, 0.26408475991295727
0.3466567692571233, 1.888055129925521, 0.6737728795281012, 0.22526520106859632
0.17301433221035803, 1.9182929157060389, 0.8605020726883823, 0.36699203400385927
0.34882658596471194, 2.0907483798428483, 0.6983641109884509, 0.2235138749046931
0.36909724204876376, 1.7848956932329216, 0.6752350954918857, 0.21819387393626474
0.40181579398161366, 1.5944257247592104, 0.6506194744330188, 0.23865348177723483
0.5186432935533604, 1.7443779808390572, 0.5210840487846465, 0.148114542354017
0.4289385028264718, 1.8087388096645383, 0.6048088383232515, 0.20830232826476053
0.5394278535944727, 1.4021555803435823, 0.49201823651309634, 0.13476445744830787
0.47039342202934964, 1.6960524639544103, 0.5613191826555013, 0.16641089611403784
0.5513618454862103, 1.4617373913033886, 0.48630398988562423, 0.13368774461765395
0.5195569005881345, 1.442906508448871, 0.5182933880579903, 0.14320008752001748
0.4433849140638383, 1.9986477211310891, 0.5618629408744042, 0.19639017971783726
0.3922800205561583, 2.112578366986213, 0.600045703088347, 0.17275823918257463
0.11031804944898076, 2.8083770747072574, 0.923796741199052, 0.47502282772780996
0.4156912008222463, 1.7117365453112972, 0.621916334189362, 0.1880557650514694
0.4527493861702735, 1.8131520999364195, 0.5760466860071354, 0.20206028664265296
0.3580768571918004, 2.06702952793248, 0.6511059318116185, 0.21283918726940765
0.3891394963741221, 2.01041566938157, 0.6253503571766436, 0.2309992886648485
0.36949694512647746, 1.6406081769761547, 0.6527065065365677, 0.22583099114976482
0.5192142979500942, 1.6021003432536578, 0.5016279268182483, 0.14912436396579518
0.5132187517843887, 1.6859507752786744, 0.5010232531797338, 0.15172734697387422
0.46879460971849485, 1.506076824819161, 0.5618545053546746, 0.18577236755982535
0.43299263404328214, 1.623168635235953, 0.5964102907422257, 0.1739089178443295
0.4479529492377091, 1.7245115326753233, 0.5790344292702023, 0.19117401535595072
0.43961628504539485, 1.7093845657696485, 0.5872827562172694, 0.18614456402254495
0.486153143379204, 1.6463623402331466, 0.5566746676171762, 0.1509442409715584
0.42631188260149605, 1.921190584042163, 0.6121488755094552, 0.1884055694374135
0.35036829783589335, 2.0225424962851606, 0.6606501081630165, 0.2507396014439639
0.1939701935704905, 2.019825270388443, 0.8461854744066463, 0.36889734074685104
0.46062924684520073, 1.5063093054488923, 0.5848576162526908, 0.1765129416324264
0.46325586707017646, 1.7007464481191048, 0.5717234803577019, 0.18497752640153414
0.3427168389196597, 1.8528622198893099, 0.7214300828992996, 0.2560127310407724
0.24650259807000513, 1.8414582188476714, 0.8049136520456622, 0.32750483609034947
0.311654199737338, 1.8878171903217962, 0.7271745745269126, 0.26166716354491837
0.3678410323759493, 2.030255021176748, 0.6655351403975576, 0.23011448109069357
0.38000342602638043, 1.7236441617656841, 0.6563555000181005, 0.20594012559667452
0.3836578541654771, 1.7164437198706304, 0.6672493549914499, 0.2234106906533734
0.5048249871524011, 1.8404524179839914, 0.5200263228825018, 0.16608268624952197
0.29977730828527377, 1.791444171880121, 0.748790479386629, 0.2541000807536888
0.6261634214583452, 1.7670329091605144, 0.39570422367651736, 0.12174827269836337
0.3015474219151488, 2.003191713507278, 0.7425103183707099, 0.26348180686619316
0.21309884086107464, 2.1005576343775436, 0.8364363672592108, 0.3299461895296812
0.432079027008508, 1.8078262885783691, 0.5937804940916764, 0.22406548195173734
0.26934277393935935, 1.8843643368354075, 0.7900032258584349, 0.28427747047418617
0.3367212927539542, 1.7591095626036366, 0.6867995549672622, 0.236844201293841
0.51087763375778, 1.5972365862514688, 0.5122273209054337, 0.16276429037771428
0.19385599269114373, 2.146644494287452, 0.8270867767918191, 0.36552240186309554
0.33917661165990975, 2.1519841382254787, 0.7023230833979498, 0.2516746994328525
0.10141038085993262, 2.2622194393762194, 0.9315469313019563, 0.4902665600825978
0.10169588305829955, 3.113062300807757, 0.8901507292151857, 0.5054354727244331
0.2222920116484897, 2.624005058208852, 0.7934389654435073, 0.37312461704558314
0.28036315879632273, 2.1008920438869727, 0.7399166858440203, 0.24147563968136573
0.21035801975675214, 2.442033740731246, 0.7949608222042825, 0.3591283027924851
0.4794723919374179, 1.6131152789283574, 0.5432782932207892, 0.21199111213241886
0.4406440929595158, 1.9163765904564836, 0.5754865381083737, 0.17861729913125632
0.2644321361274482, 1.9809877498206505, 0.7883219960463126, 0.27775192980356966
0.5016844629703648, 1.4787386192606264, 0.5394094679817018, 0.16130729647077818
0.4518928795751727, 1.8366338988038693, 0.5865422751199215, 0.20232579572357234
0.49848683834865526, 1.873968055830523, 0.5389816915101722, 0.15224558993573212
0.17290013133101126, 2.0442869616815447, 0.8604587863969564, 0.3619463901473961
0.2805344601153429, 2.045856738661614, 0.7536638306319468, 0.3291154565816691
0.2353109118940216, 2.5013973887680927, 0.7950875774232686, 0.297095737193491
0.4635413692685434, 1.76669627846339, 0.5813256229545458, 0.21687334671650307
0.3690401416090904, 2.1409767825880324, 0.6578790331350788, 0.2248095071021203
0.40027408211043225, 1.9989339453095625, 0.6270238764282969, 0.20914007808814075
0.528064866099469, 1.3352337770020644, 0.4817309363452054, 0.14410257232834686
0.45212128133386625, 1.7378369289582922, 0.5685793967917563, 0.1735750417024199
0.48997887283732083, 1.7872269409024, 0.5305213663847238, 0.17226597976858268
0.46913721235653516, 1.706270321193662, 0.5586436927521866, 0.18195784260009235
0.520813110260949, 1.8410829741733035, 0.5150802165234941, 0.1437726685861938
0.26237652029920633, 2.1073422216439255, 0.7607467137997106, 0.26845476913460264
0.23348369782447326, 2.0740234314568315, 0.7844693079307326, 0.38130544520531434
0.15405698623879405, 2.0516055448809607, 0.8858109534926161, 0.4108056891572547
0.16838919659681378, 2.0916935046173815, 0.8723605715696608, 0.359106755406551
0.29201164848969335, 1.9118318719641443, 0.7419213066882524, 0.312923205190982
0.3880545880203278, 1.7288153669940733, 0.6271560968481086, 0.20254985918504992
0.5391423513961058, 1.8272329237434815, 0.4890825384620216, 0.1578292773176743
0.3419174327642323, 1.6502387910402325, 0.7067246174069018, 0.2531983894955511
0.41277907839890365, 1.8497926159941858, 0.6169068809900017, 0.19790163322818863
0.2797921543995889, 2.1175663784407526, 0.7228815938833871, 0.23255812115754926
0.2902986352994918, 2.1587657819964767, 0.693210714665222, 0.24474989093765903
0.16473476845771712, 2.2652502823602956, 0.8663932842339322, 0.3623459927859128
0.11323017187232341, 2.2871421654778614, 0.9155307774155523, 0.5048321572108279
0.1097470450522469, 2.470979637771033, 0.9230760978299933, 0.40420224771859947
0.11323017187232341, 2.431309343510881, 0.9155307774155523, 0.5047233830898665
0.1951693028036316, 2.6988044739610184, 0.8218298592953946, 0.41201458261359264
0.3209044709644264, 2.193729527706028, 0.7006086571171966, 0.2306529156766087
0.10894763889681951, 2.6813185526348327, 0.925472930052743, 0.4852815964812724
0.0869639696225661, 2.3055974482836525, 0.9245606074195708, 0.2941531328668241
0.10169588305829955, 2.4754125191593186, 0.8901507292151857, 0.5035169739027949
0.29052703705818533, 2.4781102499956136, 0.7496363620308956, 0.24340263450822072
0.16387826186261634, 2.283296488360322, 0.8453237496940876, 0.38100371725018395
0.1042083024039285, 2.2170085660266228, 0.9305487667579897, 0.49984052311641697
0.10055387426483184, 2.2381927765791416, 0.9328544373258773, 0.49971447628579896
0.15485639239422144, 2.3908978462021837, 0.8722175386306961, 0.35091767643581256
0.32438759778450293, 2.2332498832574776, 0.7116460234491788, 0.33066549776468385
0.4184320219265688, 2.039746416838282, 0.6391557072547892, 0.19373758506698346
0.2533546508308114, 2.1544540247952297, 0.7799978481891843, 0.30117367801856526
0.150345457660024, 2.2676328630487346, 0.8895162153629523, 0.4436939764243615
0.5101924284816993, 1.6180086449628444, 0.5456352303154238, 0.1600095034686061
0.33375206989093814, 1.9021105350700933, 0.720838199946316, 0.23303511462196028
0.4720493347798778, 1.7167384664029306, 0.6013392964252325, 0.16449884154659974
0.6473476845771713, 1.4587249862625646, 0.40627997242302205, 0.12674080191982212
0.3833152515274368, 1.8630792218892924, 0.661159535343554, 0.24217044807298077
0.41197967224347626, 1.9433533915622254, 0.6415939262213277, 0.20649531482516068
0.19996573973619597, 2.111072601208387, 0.8475817487219034, 0.3479927373773187
0.2333123965054531, 2.198659011388243, 0.7902699107621471, 0.3221609258206711
0.18392051618797464, 2.731385448905325, 0.8567093370357498, 0.39865762361627566
0.35162450750870783, 2.143782473213565, 0.7133754655542964, 0.23122064944311746
0.3291269342773939, 2.491593578058097, 0.682970648265273, 0.25464851428216073
0.46839490664078115, 2.132880683853471, 0.5600467683831277, 0.1702676365957377
0.47444755324616, 1.7953842335346526, 0.5629237149074835, 0.17148215766362743
0.49625992120139323, 1.5506454152820595, 0.5480319448536878, 0.1669093218414896
0.5401130588705533, 1.503252456977743, 0.517509179017702, 0.1424229355158718
0.41626220521898016, 1.679261900325876, 0.6427502758188949, 0.25917465680266794
0.40021698167075886, 1.8171662206258519, 0.6268735751254155, 0.20846770694593017
0.35584994004453835, 2.1454304044144434, 0.6730797908786766, 0.25874364006152256
0.1420087934677097, 2.192140285146711, 0.8815871645559927, 0.47788631455482405
0.16621937988922514, 2.9513747664744403, 0.830966068453759, 0.45352439124743216
0.39553474561754126, 1.880266715037464, 0.6566095440860085, 0.23657332780856682
0.31656483754924913, 1.8407702211528627, 0.7326135792100357, 0.2585122474829232
0.47267743961628506, 1.5756827912165798, 0.5979602787709285, 0.17509362729064254
0.36475760863358647, 1.8959977982052796, 0.6409638434446443, 0.21324762800895944
0.40958145377719407, 1.7802508742868821, 0.6518608476444856, 0.20792391424715195
0.5163021755267515, 1.6061289722460135, 0.5316267044485063, 0.1512350360972431
0.484668531947696, 1.7331908166565735, 0.5521569793277439, 0.18662575662122213
0.5049391880317479, 1.5207813733087128, 0.5348488733622879, 0.17267727881813244
0.5781990521327014, 1.7973414873134768, 0.45378311237103036, 0.14480850823083558
0.5039113801176269, 1.8421331371509837, 0.5233253396273123, 0.16550072320801773
0.5093930223262719, 1.7937176365630587, 0.5421050098882215, 0.16676582314612667
0.16581967681151144, 2.0887308026383864, 0.8817591780367875, 0.4363012850402743
0.4126648775195569, 1.8941837510512352, 0.6746242128068983, 0.21060813175600104
0.3895391994518358, 2.0666976136041146, 0.6406360737331737, 0.22352917820031185
0.5695768857420203, 1.9398072974329121, 0.48547583131661476, 0.18774052200597374
0.22451892879575172, 2.123970732597419, 0.8109055269296093, 0.31544386836450783
0.15091646205675785, 2.319382906887949, 0.8885927104099648, 0.4150860919248082
0.2551247644606863, 2.2043293815197407, 0.7851514345319507, 0.28585636905459577
0.11323017187232341, 2.632308346773007, 0.9155307774155523, 0.5050509427152577
0.1381259635699195, 2.3153821836361668, 0.8875414577268514, 0.4069940816234961
0.2203505966995946, 2.4592271281433615, 0.7980351719373228, 0.30022999070860207
0.2096157140409981, 2.5447401095423987, 0.8013284995183362, 0.3704610126058162
0.4661679894935191, 2.074751072333445, 0.5653776321750267, 0.16451430667636974
0.18220750299777308, 2.175429023429177, 0.8342380865821677, 0.4263375841459459
0.18968766059498657, 2.4997068165061695, 0.8601094789493869, 0.43466738613353384
0.36567121566836064, 1.9429098140340484, 0.6729203038305808, 0.22485120090322827
0.272997202078456, 2.079942182970811, 0.7677173885449518, 0.3350550140200711
0.37703420316336433, 1.9138116406215453, 0.6875775894715451, 0.23365880106092193
0.3533946211385828, 2.2777049770125766, 0.6940760465936863, 0.25379447593757243
0.4253411751270485, 1.9664836292065906, 0.6200093109861992, 0.19603169085323163
0.28967053046308455, 2.1552172184423566, 0.734696957166222, 0.33795730170805044
0.37731970536173126, 1.7901851069489532, 0.6729363927062925, 0.20673820796240822
0.5606692171529721, 1.5363049186570024, 0.49569421064921143, 0.14655652344311929
0.3245017986638497, 1.8023786697180832, 0.7239013434735261, 0.2594607885194945
0.5937303717238622, 1.562278548335863, 0.4647239449398299, 0.13938990373160765
0.42990921030091933, 2.002650550945301, 0.6053945478717507, 0.2047304962030799
0.3174213441443499, 1.9282510583992791, 0.6848961952406111, 0.2819990354945688
0.20242105864215154, 2.4862602436263597, 0.7990045198699591, 0.4092102446335721
0.4213441443499115, 1.773281898958954, 0.5839276427820856, 0.20440706856173066
0.5637526408953349, 1.723438528619678, 0.5099897786970623, 0.14644493990401083
0.3346085764860389, 2.0455749143247486, 0.6822590206376785, 0.2728202786118803
0.3630445954433849, 2.0525462768586054, 0.6863915845711244, 0.25183381663952775
0.28892822474733054, 2.346135070267634, 0.7668123587617963, 0.31455639503592564
0.4944898075715183, 1.8277786337505, 0.5631765446906426, 0.15892768768374596
0.46091474904356766, 1.6220869690287034, 0.5578994388881349, 0.20669495085455508
0.4755324615999543, 1.5225303062344528, 0.5669264351979835, 0.16349018103091162
0.4516073773768058, 1.863139630813884, 0.5726548137469113, 0.20055625598909688
0.34757037629189746, 1.6697158893695911, 0.7082428739330968, 0.20911046552535723
0.4381887740535602, 1.727573319188138, 0.6302184054567044, 0.21971508691217162
0.4943185062524981, 1.5141765168383918, 0.53544820629912, 0.1737765753417802
0.4847256323873694, 1.3473247304875275, 0.5659987592038785, 0.1783940483869275
0.6673328384628562, 1.3675463362947113, 0.3688504973596304, 0.11396031816553612
0.37109575743733225, 1.8972070848881222, 0.687925829174798, 0.2781611407527675
0.45526180551590245, 1.7685189740580751, 0.6064917188807046, 0.19798376939518078
0.32113287272311997, 1.968923762412603, 0.6813919294788059, 0.27347925352420893
0.3828013475703763, 1.8786713089394016, 0.6470849822603643, 0.23319234352678697
0.6362130988408611, 1.5558631846451823, 0.3855594451296744, 0.12783794928749517
0.5099069262833323, 1.3306767892417708, 0.5170613611910116, 0.14714849247469972
0.39353623022897277, 1.6308466318618466, 0.6718244211911049, 0.24153849656087126
0.49860103922800203, 1.4798261744994388, 0.5760256825326654, 0.19135782538849044
0.4417290013133101, 1.706096315267513, 0.6347905610790706, 0.20430292082631085
0.36567121566836064, 1.9009546940714548, 0.67075916061215, 0.23317398724119406
0.1828927082738537, 2.1566559043295723, 0.833687619569549, 0.36700422635681434
0.19419859532918404, 2.348180870751709, 0.8332520548186598, 0.32907416184406946
0.11574259121795238, 2.565509991456445, 0.8796763889404252, 0.4973865606677072
0.21669616856049792, 2.2649719461008218, 0.8032905881355895, 0.2953317298205418
0.391937417918118, 2.067979436932936, 0.66900816098072, 0.21183479899018728
0.26471763832581513, 2.0949944044816284, 0.7637363621960633, 0.2812401805966892
0.14417861017529834, 2.179726639602878, 0.8514532555325778, 0.4690588999555346
0.3985039684805573, 2.3059067417714485, 0.6436061984148814, 0.18845140965409668
0.07845600411123166, 2.31069081504729, 0.9186558721393988, 0.23046237412864248
0.10169588305829955, 2.2877149772025978, 0.8901507292151857, 0.5039333206377258
0.10466510592131559, 2.306443809394268, 0.9192873654262231, 0.499417495320258
0.10055387426483184, 2.447223728281545, 0.9328544373258773, 0.5011373152332822
0.10055387426483184, 2.6509515743555663, 0.9328544373258773, 0.5002524086952234
0.15531319591160853, 2.6177307869538122, 0.8502059582997412, 0.4753988871320237
0.34757037629189746, 2.1259978428523, 0.6652188024285745, 0.2323518611512853
0.497116427796494, 1.5290049063953826, 0.5518222785134, 0.18025653006833264
0.43099411865471365, 1.7973397422992665, 0.6197368748505367, 0.23799680101852203
0.21344144349911495, 1.977278030586428, 0.8345238024464224, 0.3090884299551332
0.17763946782390225, 2.0834469894948175, 0.852101895731502, 0.3346917610878497
0.31810654942043054, 2.0960618379230005, 0.7383838316784211, 0.25762743160494767
0.14138068863130246, 2.1527283424681194, 0.862782460399915, 0.4639024929074121
0.18317821047222063, 2.263609145775804, 0.8337350649259544, 0.3997354211289587
0.20910181008393763, 2.667556232423967, 0.8112098116633927, 0.33000390975979293
0.36058927653742934, 2.004908150508349, 0.711532284005313, 0.21709023726235757
0.17090161594244277, 2.240527087939444, 0.8580516392425781, 0.33184025141597484
0.31382401644492663, 1.931469971492222, 0.762537213992294, 0.2397221975661625
0.5196140010278079, 1.930830632368079, 0.5553650271548529, 0.16194703900402477
0.2851595957288871, 1.9736907772870038, 0.7812671400347605, 0.25284485800197987
0.24279106949123508, 2.0984369565926935, 0.7813391825968654, 0.2679433294848828
0.15080226117741108, 2.286772601289847, 0.880974561121651, 0.35094736864124776
0.21452635185290927, 2.0725674668223486, 0.8406301178858061, 0.3365087676595128
0.20618968766059498, 1.9580014879308858, 0.827184326733039, 0.3231385176426258
0.17250042825329756, 2.1038525688508174, 0.8724323311757415, 0.38988528427962593
0.22446182835607834, 2.043100640695902, 0.8157077708179449, 0.30716600075589207
0.20561868326386112, 2.061998878440756, 0.8440946760054248, 0.37630805876081797
0.3479129789299378, 2.0552467094261124, 0.7115075617403398, 0.2302402697358605
0.3859989721920859, 1.7552000723818766, 0.6660832195852227, 0.21786063187799135
0.2878433163935362, 1.8613940115243985, 0.7480037931502778, 0.3251007729534908
0.34026152001370413, 1.9458788295860314, 0.7185139467589696, 0.2206994234374343
0.4011876891452064, 1.9990408721972401, 0.6812076293208248, 0.2099932566813896
0.2753954205447382, 2.029997041943834, 0.7811922228908296, 0.25066612420097106
0.3229029863529949, 2.1403686172793512, 0.7208251876776476, 0.26727785393127007
0.4545766002398218, 2.112145096048298, 0.5706187692966583, 0.17478704521277721
0.18152229772169245, 2.2482657814831817, 0.8212056478179804, 0.3858612175536548
0.10169588305829955, 2.269837343610416, 0.8901507292151857, 0.4994132498850325
0.12111003254725061, 2.2320599626148407, 0.8983502619565465, 0.4809060613245626
0.1738708388054588, 2.244608975447872, 0.8167434829048555, 0.42499075965414906
0.15131616513447155, 2.605502071940415, 0.8686806460402459, 0.44247902629619795
0.28224747330554445, 2.0466623286168524, 0.7811427431054234, 0.2558650581035762
0.42008793467709704, 1.6740758995360312, 0.6358921337164017, 0.1968676324889754
0.4566893165077371, 1.471741997769536, 0.6058997239953471, 0.16323789843413844
0.24678810026837206, 1.96423386706213, 0.7938674489266645, 0.3463946097221661
0.29206874892936674, 1.8152830062635839, 0.7535349413584992, 0.2589171755751435
0.2988637012504996, 2.084530791475044, 0.7348732002421509, 0.2534885129617032
0.12219494090104493, 2.2202453001408755, 0.9152071482416754, 0.4783208507733979
0.17358533660709188, 2.2632985303330204, 0.8533594043992377, 0.33733422026412324
0.1936275909324502, 2.3047292326755, 0.8590643170075372, 0.33605584797908306
0.24399017872437617, 2.114617088159869, 0.8050330297846048, 0.2920174726003359
0.32541540569862387, 1.8985351994493282, 0.7076235085628348, 0.20826326671333564
0.3845143607605779, 1.9505099322122939, 0.6723975373077525, 0.19410491464443053
0.21195683206760693, 2.8958015108326514, 0.8187392823148307, 0.3087789548613339
0.545994404156912, 1.5530117262827638, 0.5150638305681451, 0.1568268209896165
0.37303717238622736, 1.830434636111154, 0.6718701927215438, 0.21938928919330564
0.4035288071718152, 1.681963856000859, 0.6443844521260914, 0.22931054249853094
0.435048249871524, 1.5980026422484654, 0.6208981444938105, 0.18306323855850345
0.2757951236224519, 1.7985560020116738, 0.7817442511814959, 0.3366186269870515
0.34642836749842976, 1.6113424070648714, 0.715066180186161, 0.21628579262386446
0.3637869011591389, 1.8390760465619165, 0.6937582656917235, 0.24135290583291522
0.6291326443213613, 1.1513373024507694, 0.41036044145144707, 0.12203531016414539
0.609090389996003, 1.6255828369618797, 0.43095491101223987, 0.14498391079550563
0.2809341631930566, 2.0471807613995225, 0.7460005470616646, 0.2679621559094106
0.3374064980300348, 2.0441116726474027, 0.70518717097989, 0.26081352233624033
0.21669616856049792, 2.5349166550468434, 0.8093494316397718, 0.3032670301587526
0.3249015017415634, 2.0754600846637414, 0.7178895337057009, 0.23516167354485326
0.25461086050362586, 2.095908952373321, 0.7705695850006019, 0.3133693311770297
0.398161365842517, 1.7718376972133085, 0.6438030185026963, 0.19254279646573874
0.254039856106892, 2.3419636164795126, 0.7806578815506645, 0.3147442964163435
0.4369896648204191, 1.6148089270194077, 0.5706143650040499, 0.17691267049289347
0.5927596642494147, 1.4289950715551396, 0.46096273674170063, 0.15512129288214252
0.3544795294923771, 1.6660076873701888, 0.702593644714531, 0.2525334634314252
0.4822132130417404, 1.5799374459696913, 0.5439267667056199, 0.17267674000773545
0.6002398218466283, 1.6207218968683788, 0.4407888733927861, 0.1282960122724095
0.6267915262947524, 1.6390310781799677, 0.42051182728455194, 0.14337599126909636
0.2105293210757723, 1.8429541321084084, 0.8299113709915883, 0.33975687986673814
0.3567635470793125, 1.9831562978968262, 0.6854800079318176, 0.2113303751258949
0.5318334951179124, 1.7250577608494717, 0.5140066042901491, 0.1539338128580669
0.4673670987266602, 1.8049402031574218, 0.5734678461668978, 0.1790827843301155
0.21515445668931651, 2.0882527631428993, 0.7934277832800587, 0.3188717739940307
0.1927710843373494, 2.2821746218696637, 0.7818442553708849, 0.35033033528607255
0.10055387426483184, 2.6084271111460025, 0.9328544373258773, 0.5000202945582803
0.1647918688973905, 2.2848606810049445, 0.8381604755383903, 0.39216012878352763
0.20082224633129675, 2.3988238321218938, 0.8281592654833496, 0.3310016742255897
0.33209615714040996, 2.0922408199715994, 0.6693145072707165, 0.21383080657218198
0.34488665562724835, 2.072214932803294, 0.6948085703537081, 0.2430589100777631
0.20242105864215154, 2.3039986344922965, 0.840086833441319, 0.3336268356824544
0.23285559298806602, 2.004236433835619, 0.8213308863235063, 0.3413327245990356
0.4931764974590304, 1.684529490935253, 0.5266341713633176, 0.16353369736573004
0.3030320333466568, 1.8702983242150466, 0.7459851969398296, 0.253168678732101
0.3389482099012162, 2.2733847045947533, 0.709374386163302, 0.2568574974421422
0.462741963113116, 2.206247866903327, 0.5616023484451061, 0.17464136387694998
0.3930223262719123, 1.6187237781490957, 0.6575681735797996, 0.20514355149410776
0.6896020099354765, 1.456006870559477, 0.34541740437692814, 0.11078479599924557
0.3813738365785417, 1.465448983671347, 0.6673285777111446, 0.23485562649290928
0.3794324216296465, 1.4549949032270524, 0.6583151212981253, 0.25184941588703125
0.638440015988123, 1.0551622038524626, 0.38186338746802184, 0.11555648530062644
0.7131273910809113, 0.8160468924560144, 0.316811195267932, 0.099284463541417
0.5833380917033061, 1.7095792711560487, 0.4268744169429874, 0.15018321483893313
0.36521441215097356, 1.6614056602252283, 0.6728050095592686, 0.20216551396448385
0.4932906983383772, 1.7321846738422795, 0.5188365207206461, 0.1783257182219505
0.11694170045109348, 2.299535466160772, 0.9099561779197735, 0.4174910677769344
0.10169588305829955, 2.655490883933152, 0.8901507292151857, 0.5059203176693478
0.2555815679780734, 2.1504590830089283, 0.7867741230682465, 0.2819760968684423
0.1643921658196768, 2.339619542967958, 0.8788957815706863, 0.4283000674130743
0.2357106149717353, 2.1378608349627104, 0.8290379939287468, 0.3610558409487942
0.11819791012390796, 2.7830006669908345, 0.9069076108175549, 0.49711627868124236
0.3876548849426141, 2.007810938763658, 0.6536273190062659, 0.21752727701906013
0.17529834979729345, 2.0750812887532826, 0.8414329288682134, 0.44298038299936654
0.10900473933649289, 2.2374160534404495, 0.8827379665256234, 0.4878375787549454
0.10055387426483184, 2.269105104793454, 0.9328544373258773, 0.5013784118607071
0.16884600011420087, 2.348022480575415, 0.8449706523078082, 0.43390596600510284
0.44161480043396334, 1.9278722546132336, 0.6179461181213907, 0.18911441252274352
0.19151487466453493, 2.0566390124276985, 0.8366209920027122, 0.36389439075049235
0.2493576200536744, 2.1247255726393712, 0.8023250966320956, 0.3189982457424708
0.1895163592759664, 2.3451350873952754, 0.8491939775003824, 0.37411243344452483
0.19414149488951066, 2.0704511461930184, 0.8555715547296227, 0.36015616171336506
0.20898760920459086, 2.1993194432068828, 0.8083736707871015, 0.4058442518618081
0.2367955233255296, 2.1730396229583806, 0.7899901058180016, 0.3979239195616732
0.3014903214754754, 2.1521077805241218, 0.7099682618728222, 0.25074186459189113
0.20322046479757894, 2.1437409486148753, 0.822901406142647, 0.32076974586668866
0.22760235253811453, 2.1383358766233083, 0.8364221512022438, 0.31769387338311816
0.2152115571289899, 2.200577763142104, 0.788799816116542, 0.32894992829226993
0.21498315537029636, 2.218229853833946, 0.795455658710232, 0.3415890692914161
0.32307428767201507, 2.131190508748696, 0.7490577977856204, 0.2341766603444276
0.21538285844801006, 2.6265298513143494, 0.8107012234054135, 0.3170032702507061
0.18106549420430537, 2.181066859185726, 0.8528500696187576, 0.3597398005686145
0.13372922971506881, 2.2774236448820044, 0.9001436972433694, 0.48900365205360186
0.19054416719008738, 2.225018844615111, 0.8361837810051015, 0.3609970744592125
0.10483640724033574, 2.2618688002568232, 0.9283867733708523, 0.45381989788029126
0.10557871295608977, 2.309127380211758, 0.9296311158964805, 0.492103324853364
0.16267915262947524, 2.286716386332937, 0.8643684023650277, 0.35650993975697015
0.11323017187232341, 2.337135242488732, 0.9155307774155523, 0.5061706829548471
0.13435733455147605, 2.321796421238787, 0.8986019928208229, 0.4743478943543559
0.11323017187232341, 2.561766903737907, 0.9155307774155523, 0.5069666504023338
0.11460058242448466, 2.837381280587251, 0.9147229210006883, 0.5055456306818119
0.1530862787643465, 2.2182723785674683, 0.8847595886279057, 0.3857554120344975
0.11323017187232341, 2.408304864872001, 0.9155307774155523, 0.5041094653450683
0.15691200822246332, 2.6066633114460527, 0.8827434827390734, 0.4467187644850639
0.11323017187232341, 2.2987904989357943, 0.9155307774155523, 0.5062044940500068
0.14257979786444355, 2.252055328352314, 0.8809404546620881, 0.40510531057343646
0.11323017187232341, 2.414421549197615, 0.9155307774155523, 0.5038480854799671
0.10129617998058585, 2.5789464519065146, 0.9321078209410812, 0.49803435300923743
0.10774852966367841, 2.7329573081756844, 0.9264187392037304, 0.46460712618872013
0.30708616456346716, 2.195848970289867, 0.7023692724861813, 0.22806603153624402
0.2064751898589619, 2.180246905972029, 0.8160362899568323, 0.3916465950081005
0.1502883572203506, 2.1522332855521498, 0.8577963731979631, 0.4345061711762451
0.14377890709758465, 2.1958569880318195, 0.8912257203312856, 0.47319265833645513
0.12613487123850853, 2.255892866350613, 0.9017161259853158, 0.4289705864558011
0.12282304573745217, 2.298164894700234, 0.9066901216283766, 0.38096420068450015
0.11323017187232341, 2.464885568251882, 0.9155307774155523, 0.5062403768468383
0.19562610632101868, 2.273223068490467, 0.8581425444460504, 0.3209221140832874
0.17090161594244277, 2.387619320760753, 0.8766593591980598, 0.40476782415795004
0.10489350768000913, 2.2765064132225166, 0.8855346655788635, 0.48615594326567874
0.1593673271284189, 2.3171510548973617, 0.850254472416056, 0.43348514398202354
0.12356535145320618, 2.2915511376947744, 0.8797106543530976, 0.4779238488531898
0.10055387426483184, 2.577732728954073, 0.9328544373258773, 0.5005334308138497
0.19859532918403472, 2.271136525989239, 0.8537907258570148, 0.37991997813767064
0.11323017187232341, 2.371445587563132, 0.9155307774155523, 0.5074614581399219
0.11323017187232341, 3.1402329956621404, 0.9155307774155523, 0.5056983119468147
0.20476217666876034, 2.2193168130939545, 0.8470721452752312, 0.3643406364838229
0.19299948609604295, 2.1913947493496475, 0.8573658276554869, 0.40496301498222903
0.1636498601039228, 2.6544844561060716, 0.8815709212150804, 0.4634406647844717
0.1345857363101696, 2.182014499655839, 0.8972216587360117, 0.4777038070013192
0.17604065551304746, 2.1945875262074637, 0.8598778253329303, 0.36899453666978393
0.10169588305829955, 2.28424498448535, 0.8901507292151857, 0.5045119785982276
0.10529321075772284, 2.3393719759999203, 0.8877437064521249, 0.5036798274740656
0.10472220636098897, 2.308025841300998, 0.9192360043579129, 0.4923652640023223
0.15548449723062868, 2.315679060761391, 0.8624258983775765, 0.32407826530125394
0.10055387426483184, 2.3666443461892075, 0.9328544373258773, 0.49939823302268155
0.16696168560497915, 2.440401805016912, 0.8796201054924592, 0.36422390752205513
0.09038999600296922, 2.2816381582029135, 0.9023770476656261, 0.49881190521989605
0.11345857363101695, 2.31164434258645, 0.9154182351376968, 0.5068136728572031
0.100725175583852, 2.350650941257589, 0.9326230198072257, 0.5010363237430845
0.11323017187232341, 3.2493999806285236, 0.9155307774155523, 0.5036755956040235
0.1951122023639582, 2.9628545328985787, 0.8608292830946151, 0.3652528791934531
0.10123907954091246, 2.293610628413724, 0.9321357785439358, 0.42424877286373286
0.12847598926511733, 2.998872950345521, 0.8712176031165202, 0.48637809591924847
0.12053902815051676, 2.7850977737363602, 0.902564534938891, 0.36064388386789964
0.12145263518529092, 2.182110229269166, 0.9090949036080228, 0.49793126223317874
0.18432021926568834, 2.2388405570132752, 0.8549193737852792, 0.3766697642404504
0.10363729800719465, 2.6375843297915846, 0.9304477263159223, 0.46477263397742646
0.10392280020556158, 2.3588149520485433, 0.9306498841510115, 0.4901480265398381
0.13390053103408897, 2.4275810874686727, 0.9089721364845484, 0.4272117789316996
0.2065322902986353, 2.2604039583242663, 0.8526436395449078, 0.36047886732082063
0.2703705818534803, 2.112589170779887, 0.7689089988504005, 0.25840447842427355
0.3612173813738366, 2.0385704887510263, 0.7138367248541352, 0.19752300292233796
0.2625478216182265, 2.285788443208605, 0.7932374273705173, 0.2673955073385154
0.19368469137212357, 2.3749485085869626, 0.8395854514070514, 0.32976448422303106
0.29201164848969335, 2.1603229330736804, 0.787233610518759, 0.25276756540563944
0.14440701193399189, 2.2153973670278893, 0.8917752048251263, 0.4545983071827754
0.2364529206874893, 2.1612922545333775, 0.7918216395463418, 0.3257087900386703
0.11808370924456119, 2.2595125806669936, 0.909371746528657, 0.5009239759255685
0.0901044938046023, 2.29705262538102, 0.9025166462205377, 0.49522423258485626
0.10209558613601324, 2.3222111527940053, 0.8899436714303728, 0.5009664094566729
0.10477930680066236, 2.3064829325448613, 0.928448212803964, 0.4362578309503195
0.11323017187232341, 2.9686109260203652, 0.9155307774155523, 0.5064073814212506
0.10278079141209387, 2.8675433391847567, 0.9314659858249794, 0.48939913392725665
0.15057385941871754, 2.767383514684442, 0.8791146618477236, 0.3990568301046285
0.33169645406269627, 2.1473486241748128, 0.6891568934052972, 0.20905976933314824
0.19996573973619597, 2.2097187603533537, 0.8341383730829204, 0.2804685377159661
0.10477930680066236, 2.287983258991833, 0.9302166403877178, 0.49006873200458073
0.11066065208702107, 2.301790310723488, 0.8904478608216538, 0.31079373574686847
0.18614743333523667, 2.584933867791743, 0.8658495929814503, 0.31736930446330003
0.12573516816079483, 2.330730199650477, 0.9129915803813639, 0.48545035607537906
0.2516987380802832, 2.602281683653785, 0.7681097325681108, 0.2906535279840282
0.34380174727345403, 2.0446817896962814, 0.6752462039272543, 0.26877099922110115
0.30394564038143096, 1.9507052698488245, 0.7570874469396184, 0.23703968973063458
0.3029749329069834, 1.9484779605048377, 0.7311078583984093, 0.29054524362496975
0.47701707303146235, 1.7911070238507223, 0.5513267989851833, 0.1619450498033838
0.3776623079997716, 1.8592546217848476, 0.669494011135251, 0.24590339470982023
0.45012276594529776, 1.699870113128326, 0.6313007810011781, 0.17514878269813586
0.3619025866499172, 1.9732215655004524, 0.687583456612735, 0.23079818505597607
0.2921829498087135, 2.020466424638374, 0.7492917841935658, 0.2389277015842652
0.3038314395020842, 2.1047311806293503, 0.7428739502393849, 0.24099054917156054
0.2555815679780734, 2.399475274219652, 0.7844084447359639, 0.28584474180910047
0.301433221035802, 2.041237005043607, 0.6984825103246413, 0.22182752523251853
0.20436247359104665, 2.1539308574432066, 0.8046924884986734, 0.34740951152973343
0.21389824701650204, 2.1267253450246537, 0.8018931719114119, 0.4172033543572727
0.10706332438759779, 2.239866838438591, 0.8847207057872607, 0.4999207568484311
0.135385142465597, 2.4890170838622794, 0.8985162203919542, 0.4204645835483516
0.11323017187232341, 2.5454690658742587, 0.9155307774155523, 0.5058447398075641
0.2921258493690401, 2.0992159438366036, 0.7204720394473999, 0.27369765404842133
0.3171929423856564, 2.535180664619645, 0.7331538400989103, 0.25354214690001886
0.23268429166904586, 2.933449658204723, 0.773088166602999, 0.3585408057957327
0.4125506766402101, 1.8184381610579516, 0.6034446686776189, 0.20007404171937035
0.23873693827442471, 2.000445194286298, 0.8133249921632387, 0.35901010349457024
0.43145092217210074, 2.043628146141565, 0.5932599918521824, 0.21418712710629167
0.25940729743619023, 2.2363376203027396, 0.7427733825368436, 0.2645059506846326
0.3631016958830583, 2.216780900819062, 0.6959243220501286, 0.21510763829509003
0.2477588077428196, 2.194848795855521, 0.7557590694991966, 0.3230859605760514
0.16701878604465253, 2.169329913885162, 0.8506749374377054, 0.45330065943536707
0.23730942728259008, 2.152145883119175, 0.7713643513981107, 0.3097850707787354
0.22400502483869125, 2.1938431611415328, 0.8270781822579882, 0.31403485767452194
0.10437960372294866, 2.7923312348867277, 0.9291157013677148, 0.4909313612815775
0.15862502141266488, 2.147504546736511, 0.8676387807480066, 0.4280909833511375
0.18038028892822475, 2.102365201336254, 0.8629602479279553, 0.39411688701721587
0.31028378918517674, 2.1152719844859935, 0.7572643304532377, 0.2303772046088781
0.11397247758807742, 2.2168968003167695, 0.9148333003894914, 0.5006917185563865
0.2718551932849883, 2.18425064386622, 0.799438016547596, 0.2739522712878072
0.1782104722206361, 2.001985299742447, 0.8561173024151681, 0.39196989928720644
0.4355050533889111, 1.8063717068087426, 0.611920675340921, 0.1993663950626075
0.3292411351567407, 2.0974092733138145, 0.7156391500461804, 0.2515181777649094
0.44007308856278193, 1.729904147746398, 0.5674830538656983, 0.1851431154775927
0.5889339347912979, 1.5010771848036304, 0.45542408258499284, 0.1454354174969826
0.5152172671729572, 1.5360652729856126, 0.5348255637740359, 0.1702430975154344
0.4154056986238794, 1.939365167984826, 0.6201418681353205, 0.21860694557619162
0.258779192599783, 2.0958127742735857, 0.754270961736046, 0.3236163677885469
0.20550448238451435, 2.282886234564477, 0.8477718191213396, 0.33283648500141644
0.34328784331639356, 2.0761731573320064, 0.6353840507816437, 0.2972289796316128
0.2175526751555987, 2.1071724610384357, 0.833497364372911, 0.34233654648723966
0.29823559641409236, 2.072363362227639, 0.783423397412131, 0.24858022155802856
0.1424084965454234, 2.174870163238022, 0.8924650990266509, 0.42373586383284667
0.1199680237537829, 2.6114525987584227, 0.904984297031415, 0.4804190104349167
0.42442756809227433, 2.056674048962275, 0.6208325673967423, 0.22198374445633726
0.29949180608690684, 2.1558195751847244, 0.7080766901200971, 0.2575865153826185
0.17501284759892652, 2.262256963027168, 0.8433242024730314, 0.4447676791753292
0.17307143265003141, 2.187028739662423, 0.832485983862641, 0.41016097425650744
0.23262719122937248, 2.3838451215039584, 0.7832317447493622, 0.33034897295523746
0.1982527265459944, 2.084361526673296, 0.829838501172515, 0.39675658887654147
0.3244446982241763, 2.2524708710172248, 0.728311852559569, 0.23577732429287818
0.3095985839090961, 1.8756052668196874, 0.7432878463771521, 0.2393402739079463
0.11500028550219837, 2.289285507220119, 0.8746984545956286, 0.4686961503567322
0.1659909781305316, 2.380842653387095, 0.8453115768263879, 0.4436468427658179
0.2785930451664478, 2.36254736488934, 0.7419739394934136, 0.26981417977207883
0.23788043167932393, 2.1211511601503497, 0.7868552842068194, 0.30567395603836256
0.34060412265174445, 2.1935353327102436, 0.7057964116430405, 0.2506628310564497
0.38776908582196085, 1.8537649360548072, 0.6269014923128342, 0.22542362456380888
0.3217609775595272, 2.1572387489662352, 0.6805461908476087, 0.2340574440654511
0.24724490378575914, 2.1820506824660475, 0.769712485617314, 0.33106249384526343
0.40809684234568605, 2.042116020361292, 0.6089375506682725, 0.20666407557729782
0.254782161822646, 2.0821347937472017, 0.7528488378936726, 0.2775930577502807
0.2584365899617427, 2.142102829087967, 0.8085906300595098, 0.2767368386297683
0.12248044309941186, 2.3645085873418266, 0.909071902408265, 0.4813663064045894
0.2625478216182265, 2.318499542954429, 0.7024700729152683, 0.3003312731420128
0.3362644892365671, 2.065361308711509, 0.6739402298447136, 0.2949276168742081
0.4422429052703706, 1.9019348217004344, 0.59271106213398, 0.17747800467916727
0.3276994232855593, 1.835737207800972, 0.723414480543806, 0.2602878059312537
0.5159024724490379, 1.716850264486414, 0.4976975472327045, 0.134055302584792
0.43053731513732657, 1.8470874527585315, 0.6041397975014074, 0.21160202994771948
0.5257808485125336, 1.5361188591476995, 0.5004997770318621, 0.14027244665751476
0.6065208702107007, 1.3977733263826204, 0.44010314820895235, 0.13120703563948374
0.5965853937075315, 1.3985391548444248, 0.4631393979737105, 0.1385647810156092
0.4877519556900588, 1.7256844824789757, 0.5464429418376795, 0.17856527033424252
0.13509964026723006, 2.1820092070812653, 0.9011498220291203, 0.45152926597252974
0.10723462570661794, 2.4382631938883463, 0.9271847571074048, 0.48967889183049834
0.3276423228458859, 2.2565236287712134, 0.7045878041148158, 0.2857357759721725
0.2411922571803803, 2.1000169403363915, 0.7962402063647189, 0.3077251755525028
0.33957631473762345, 2.13552873781473, 0.7489302559337323, 0.23286588194341565
0.4558899103523097, 1.8225149303148864, 0.6305674107849218, 0.17936412130215346
0.41243647576086334, 1.8862373904682803, 0.6233871638625578, 0.18408312887267408
0.29549477530976986, 2.051013476247689, 0.7245901410037363, 0.27334844824249027
0.3304973448295552, 2.4575137176563633, 0.6855411302561574, 0.24248165978972538
0.4060412265174442, 1.7339087512276266, 0.6437040112015886, 0.2581568508887269
0.548506823502541, 1.656495603717715, 0.4847773999609485, 0.1466263824807621
0.4476103465996688, 1.7929477268369518, 0.5666522521959917, 0.17879370869827824
0.4959744190030263, 1.5419968741276984, 0.5585137824455475, 0.16164848344476732
0.3870838805458802, 1.6734076713137969, 0.6248900541882877, 0.2580778970997254
0.457717124421858, 1.726167851326733, 0.5833758753394498, 0.16041257410963908
0.3913664135213841, 2.1746388336159965, 0.6053921919349119, 0.182703548071458
0.3025181293895963, 2.1440934782936782, 0.7221649530607013, 0.269325386391702
0.376691600525324, 2.0233022766538236, 0.6243886513285822, 0.23058718901875935
0.3875406840632673, 2.143105133865083, 0.6563475446207944, 0.1931362452940958
0.09301661622794495, 2.304706240764917, 0.898066999067371, 0.4254872623834722
0.13824016444926626, 2.454418431264046, 0.8847573850395716, 0.4793795385457806
0.2148118540512762, 2.3365778338185574, 0.8456434211323391, 0.320171319682
0.21589676240507052, 2.2931721732429855, 0.7929000599788786, 0.386242721195601
0.5540455661508593, 1.4937847772555628, 0.4947677328867138, 0.15720492716713502
0.3615599840118769, 1.8072891319280675, 0.650034654462912, 0.28115894347081727
0.4465254382458745, 1.5522656797144296, 0.6150467614220213, 0.21760693521181657
0.5805972705989836, 1.218494581797064, 0.47824358408578804, 0.14674871919622454
0.6738422885856221, 1.1309962266573137, 0.33740119827758885, 0.11146123070483366
0.446753840004568, 1.4465504650519847, 0.5975325903450853, 0.20201837638447753
0.724033575058528, 0.8895337049849491, 0.3054485135032043, 0.10664249852543657
0.7495003711528578, 0.9017577798173366, 0.2811902955693647, 0.0922238173316447
0.6724718780334609, 0.9533452956133667, 0.3850348656447249, 0.11635824630438492
0.6283332381659339, 1.0956560091009124, 0.4093362145268843, 0.13142424592469285
0.7167247187803346, 0.8239087492313385, 0.31873826603194144, 0.10120414089237324
0.7393935933306687, 0.8933106890278064, 0.30155613585217717, 0.09919801053016616
0.6790384285959001, 1.0748241996321455, 0.37246706397570345, 0.11334255582440908
0.5561011819791012, 1.2544021335105149, 0.4950474648450637, 0.17273740953568464
0.8015188716953121, 1.0265032932632812, 0.24236560032368565, 0.08113847913581007
0.64968880260378, 1.0681237586356105, 0.40079498661756385, 0.1262275289260177
0.582138982470165, 1.0423030117061334, 0.4548722104457104, 0.1485545950466511
0.6914292240050248, 0.9001046112088543, 0.3520933624416786, 0.11404208556026535
0.754696511163136, 0.7600376719482018, 0.29083131940213464, 0.09728969115942068
0.6331867755381716, 0.9634217477682185, 0.4147426021242051, 0.13009156480817688
0.730999828698681, 0.8871202589920074, 0.26876636573050305, 0.10440185225072822
0.752184091817507, 0.8226660375726841, 0.26782458487736455, 0.09759713345108927
0.2768800319762462, 1.5952503162454321, 0.7370524519867385, 0.4059592507838961
0.49220578998458286, 1.320461981150395, 0.5601806083404219, 0.17284427337867056
0.6057785644949466, 1.1510234379566888, 0.4512554681099376, 0.15538046584595622
0.2942385656369554, 1.6518801854787124, 0.7259070205858117, 0.25124699068823125
0.437560669217153, 1.5662907413504, 0.5988965899004562, 0.20438217508412618
0.5584994004453834, 1.3642998882238333, 0.47795644335497733, 0.15686280339767933
0.47821618226460344, 1.5058850614214792, 0.5320275201709078, 0.17618664726554786
0.6881173985039685, 1.0803463141232506, 0.34830137638943026, 0.11261168688544307
0.6863472848740936, 1.0665351649285664, 0.33556463830855016, 0.11898977404173035
0.6057785644949466, 1.1595496294135832, 0.4195534061805616, 0.1400264051075418
0.6563124536058927, 1.12136326307649, 0.39336278550337755, 0.11638254119637509
0.5772854450979272, 1.1199525300354236, 0.46350208550384464, 0.1896330855073585
0.653685833380917, 1.0144985116312433, 0.37900050455385453, 0.12691104710927065
0.5871067207217495, 1.1773955741931152, 0.46086764191268187, 0.15110088643152184
0.4405869925198424, 1.574519868994464, 0.5979156081657852, 0.24599567334654368
0.5602695140752584, 1.3521000633674796, 0.46894233877091435, 0.14159951005638058
0.6532290298635299, 1.006023142025005, 0.3692459129096706, 0.11527327869623345
0.5389710500770856, 1.2369610706542817, 0.5091242521391981, 0.16189615684478403
0.6009821275623822, 1.4557019221202736, 0.4514627953385499, 0.14046210539060452
0.6469479814994575, 1.2799479019728324, 0.40764792165870956, 0.1321426297207627
0.6293610460800548, 1.2200930084147643, 0.4285196407742104, 0.12785082902455888
0.6955404556615086, 1.15594920149138, 0.35702489066980336, 0.10692161524637259
0.6486609946896591, 1.4024656552323962, 0.39588058202083193, 0.13113035320083358
0.6060069662536401, 1.1311097568133832, 0.44141101377116354, 0.13751865313201553
0.6873750927882145, 0.8927914759447626, 0.3206289285582316, 0.10599599258550911
0.7363101695883059, 0.8052838163482055, 0.28674857058119757, 0.09791383924971393
0.7471021526865756, 0.7329980656896028, 0.2915518455157954, 0.09674849389213643
0.5578712956089762, 1.2015052606236116, 0.47479383447669155, 0.19656750977489476
0.589847541826072, 1.2007693382201179, 0.4410321653876398, 0.16662449308308377
0.6642494147204934, 0.919911501208164, 0.381204410728314, 0.13347955987414528
0.6699023582481585, 0.9551368392459122, 0.36764169972137956, 0.11566026229464857
0.7208930508764918, 0.7311820702427667, 0.31906365871210834, 0.10318871520419512
0.7513846856620796, 0.7160430221948623, 0.29207212412033223, 0.09393581564953978
0.8633015474219151, 0.4636533689480267, 0.15244531996342883, 0.06480822711159835
0.773368354936333, 0.6525303699127866, 0.24982361524092458, 0.08548506233007327
0.7804488094558328, 0.619534895697226, 0.252078610757294, 0.08846794690398102
0.753383201050648, 0.7628417021976182, 0.2542292750296566, 0.10168722435494686
0.6833209615714041, 0.8415373658386683, 0.3271100815361974, 0.1224189326849634
0.5957288871124308, 1.026480798812007, 0.4069563564067248, 0.14553124032701661
0.7318563352937818, 0.7901599302429302, 0.2896498741310947, 0.09981789198754495
0.680180437389368, 0.9637622190956855, 0.353630735906996, 0.11461958332717608
0.5952720835950437, 1.1779082591771932, 0.431609994255944, 0.14698468511506482
0.6979957745674642, 0.8180966310256041, 0.34962883782987864, 0.11437405640732676
0.8031176840061669, 0.6059686440453533, 0.23461431876199543, 0.08133868476944187
0.7593787472163536, 0.703101008009147, 0.26588632510134, 0.0914382072264562
0.6279906355278936, 0.9965798819636194, 0.39815300686500665, 0.1346343001902549
0.6685890481356707, 0.8855550463509678, 0.3804815185164986, 0.12117672932897182
0.7768514817564095, 0.6598976939226986, 0.2607612911430455, 0.09267792089389484
0.6644207160395135, 0.9380628035703664, 0.35760848133140677, 0.13047917707194517
0.6113744075829384, 1.2267045228507703, 0.41182682351088845, 0.13436377515670486
0.568948780905613, 1.2788238197867985, 0.4588129440603883, 0.15458337880027118
0.6248501113458573, 1.1102253180032304, 0.4203238068623672, 0.1641483244872501
0.623308399474676, 1.053527286543924, 0.42607366271475655, 0.15371753966520313
0.6047507565808257, 1.2465289137949704, 0.430977816602301, 0.16277762040568552
0.6294181465197282, 1.140169913886749, 0.4259372064462141, 0.1470696696443995
0.6420944441272198, 1.1223543736413513, 0.3981581872367225, 0.12552350767375242
0.7014789013875407, 0.9305037079442884, 0.3486751208019966, 0.11789350790892324
0.7148404042711128, 0.8525298903248206, 0.3146536533346902, 0.10083681397622356
0.7011362987495003, 0.9672937003485843, 0.33991261404057205, 0.10641804257900099
0.7970079369611146, 0.6539614419934381, 0.23140825436365275, 0.08678127400493159
0.7513846856620796, 0.7555697799354966, 0.28062115758863243, 0.10378389191590419
0.7227773653857135, 0.7965280740752485, 0.322787068244831, 0.09709691646974024
0.624793010906184, 1.0987681870730097, 0.4168522682408563, 0.14395076845535054
0.7817050191286473, 0.9323464093676356, 0.23744386304113896, 0.08920015716030533
0.7361388682692857, 0.8572167760888714, 0.3047732760848053, 0.10255007370961308
0.7336264489236567, 0.9262567483152891, 0.3156401311027388, 0.10496957354024716
0.6251927139838976, 1.1746904169692325, 0.4302503378533867, 0.14231276511799593
0.6568263575629533, 1.1212361477274904, 0.392425854062442, 0.12628817227939462
0.6659053274710215, 1.0428368183193104, 0.365395611054028, 0.12147046213180221
0.684348769485525, 1.076473714773471, 0.3454125164609864, 0.11014316183848963
0.637983212470736, 1.0866996753736007, 0.41839753862443135, 0.13315272985483045
0.6940558442300006, 0.9362745060355334, 0.35439282637262115, 0.1097170168539544
0.7493861702735111, 0.8393964337666614, 0.28215645099076975, 0.09134444933205489
0.6892594072974362, 1.0205818473236514, 0.35286472162963883, 0.11256527486832889
0.8053446011534289, 0.673930628346801, 0.20071596417764584, 0.0820261790998038
0.12579226860046822, 2.3065461756289602, 0.8844791820843303, 0.23086280299533818
0.10083937646319877, 2.486333936195905, 0.932732515843312, 0.5019444416072517
0.1643921658196768, 2.277238351821028, 0.8836462361037405, 0.4690792741923949
0.10055387426483184, 2.3172998561760023, 0.9328544373258773, 0.5034757305429524
0.10055387426483184, 2.8613210869109085, 0.9328544373258773, 0.5038168829299339
0.18123679552332553, 2.8738243319568535, 0.8186214752582913, 0.42256248406106955
0.17095871638211615, 2.9247064933658145, 0.864593847971401, 0.3740213261978058
0.39330782847027923, 1.8755115346613693, 0.6657221252896869, 0.209719873988537
0.19425569576885743, 2.273114177301651, 0.8106888230461963, 0.3502669613138488
0.10055387426483184, 2.553227474213273, 0.9328544373258773, 0.5010604184569155
0.23782333123965055, 2.2600671981734632, 0.8064650636824016, 0.30301973709357394
0.100725175583852, 2.2898588598417757, 0.932781284436338, 0.506395484406976
0.10495060811968251, 2.2781647068030324, 0.8886856568321324, 0.4036749984272196
0.1982527265459944, 2.285516052143173, 0.7863843948491134, 0.29316843319033276
0.10055387426483184, 2.611116595126802, 0.9328544373258773, 0.5031018939114485
0.10340889624850111, 2.3190450391430155, 0.9303723386470849, 0.476408898761819
0.09176040655513047, 2.270639695881885, 0.9009775123018098, 0.4992272182741175
0.10055387426483184, 2.280357316261437, 0.9328544373258773, 0.4979714198216982
0.10055387426483184, 2.9387375021562145, 0.9328544373258773, 0.5032898929716537
0.30166162279449554, 2.2289470069032538, 0.6937055633641104, 0.27172787112529945
0.31068349226289044, 2.3097238583822195, 0.7522526170576487, 0.24746342517856218
0.28224747330554445, 2.163398820111108, 0.7116538567800279, 0.3310023137056339
0.10980414549192029, 2.1776823258233873, 0.924602522855578, 0.4860506281673468
0.21858048306971964, 2.1273054597767542, 0.791020280030766, 0.34062794795357443
0.2528407468737509, 2.2119635563235915, 0.8088260221406817, 0.320602173192721
0.2567235767715411, 2.436865706985667, 0.7486185357655165, 0.3208174862448502
0.41209387312282303, 1.7907879825547224, 0.6731366289190686, 0.20094461992432733
0.4252840746873751, 1.7803273172621001, 0.6087204216053234, 0.20927327107860144
0.4558328099126363, 2.047308954664078, 0.5865131891389528, 0.20671997556644553
0.3571061497173528, 1.9712402280901866, 0.65596237846708, 0.21910450307949836
0.41397818763204475, 1.9408541049320933, 0.6397320997743265, 0.20392514812182994
0.5298920801690173, 1.6619840133321528, 0.49070236962012287, 0.1673384870684734
0.3465996688174499, 2.166396906651837, 0.6468112459617463, 0.20994435388487573
0.19653971335579284, 2.226470257726367, 0.8025182142010986, 0.3875183653765118
0.10055387426483184, 2.3305520642146127, 0.9328544373258773, 0.5072817854223458
0.19505510192428482, 2.371248653333504, 0.8582587731892208, 0.32665827005030684
0.45406269628276136, 2.052659838358761, 0.6065533506373897, 0.18414818629101629
0.14537771940843944, 2.746801513460599, 0.897670105077957, 0.44062859484939293
0.35276651630217554, 2.2040413380178006, 0.6855034088573626, 0.2401720187947401
0.44281390966710443, 1.6446570598358197, 0.579548124259317, 0.19108536203898474
0.5164734768457717, 1.7251483127989558, 0.5109850095063203, 0.1595592728066024
0.3817735396562554, 2.0428591204800464, 0.6472142213336615, 0.22456670759847755
0.09107520127904985, 2.2227609412616904, 0.9016993459377362, 0.49738461282676616
0.14697653171929423, 2.449732327218917, 0.8854387938398376, 0.4254136323268758
0.18974476103465995, 2.2976823727094704, 0.8199761817837954, 0.3992970673501757
0.10466510592131559, 2.3728717917861792, 0.9192873654262231, 0.49355257182431006
0.23588191629075544, 2.240556354512631, 0.8200673511041819, 0.314917556348676
0.23696682464454977, 2.2855932849101404, 0.7916327089016555, 0.29094164097144254
0.11751270484782733, 2.318496547658514, 0.9011181038823021, 0.46732569240166505
0.1895734597156398, 2.298225028146064, 0.7955753915370101, 0.35025828638751766
0.10055387426483184, 2.3911335192068117, 0.9328544373258773, 0.5040905973252262
0.10055387426483184, 2.3038616523623965, 0.9328544373258773, 0.5031539137150831
0.10940444241420659, 2.293053489419426, 0.8829350083600467, 0.4928509655335111
0.16233654999143493, 2.3050209332089677, 0.8368734568268447, 0.3279786974500927
0.10055387426483184, 2.77538784464906, 0.9328544373258773, 0.5017840251808663
0.10198138525666647, 2.320061670136276, 0.8899147092864179, 0.5033555000279671
0.17723976474618855, 2.3101280685060064, 0.8391957227876105, 0.3269330725960441
0.12327984925483926, 2.2898948520484947, 0.903304068754675, 0.48112982094554746
0.18266430651516016, 2.2957414544943107, 0.8414010093330475, 0.3205098067842648
0.11323017187232341, 2.2850418145207465, 0.9155307774155523, 0.5060786060967437
0.27248329812139555, 2.2934913739739864, 0.720302045809326, 0.24620350258212226
0.10055387426483184, 3.0921524679059065, 0.9328544373258773, 0.5028265363636435
0.22908696396962255, 2.2843507769950104, 0.8217040981139226, 0.31038247936061375
0.100725175583852, 2.3074331822403766, 0.932781284436338, 0.4981862833443517
0.10106777822189231, 2.3008013184989653, 0.932500649153242, 0.5025748144872231
0.10203848569633986, 2.297770795670758, 0.8899925082727838, 0.47869470664541763
0.10169588305829955, 2.304304404131575, 0.8901507292151857, 0.5020105452271626
0.09918346371267059, 2.3401864434285105, 0.8755140852590585, 0.488404623142462
0.10169588305829955, 2.333854869711728, 0.8901507292151857, 0.5016974331779548
0.10169588305829955, 2.35954490284083, 0.8901507292151857, 0.5040604561778236
0.0901044938046023, 2.303849178522337, 0.9025166462205377, 0.49744614997403097
0.10466510592131559, 2.3221453695711647, 0.9192873654262231, 0.5018138904948621
0.11323017187232341, 2.3636877952062822, 0.9155307774155523, 0.5061052852432691
0.10169588305829955, 2.492044157408187, 0.8901507292151857, 0.5057511922773016
0.18083709244561183, 2.8059497873249315, 0.788507094854131, 0.3158009389046001
0.12841888882544394, 2.7234043337620424, 0.8589916504596867, 0.4542495643164184
0.1022668874550334, 2.2877057588250866, 0.9312176708575203, 0.5013425695399958
0.11477188374350482, 2.253561404330913, 0.9190379446338041, 0.48447344367600287
0.2202934962599212, 2.231338392290745, 0.8185543253449435, 0.3028246021909229
0.11334437275167018, 2.27954392662423, 0.8787366928150495, 0.4961157073713974
0.09844115799691658, 2.6330147834818782, 0.9083347915924888, 0.46087887292796476
0.19448409752755097, 2.360816192172252, 0.8288138790345646, 0.31039748142257145
0.19768172214926055, 2.9126791256945608, 0.8178623315977341, 0.3078665743676923
0.3307257465882487, 2.2052532085226844, 0.6839717622435213, 0.22379234851608723
0.32712841888882543, 2.0727179218848333, 0.7031126711899357, 0.24356340027652496
0.22046479757894136, 2.1083830088719044, 0.8190426404557531, 0.32001644075699265
0.16262205218980186, 2.2440910359367763, 0.8389230963211101, 0.4291603770529639
0.2667161537143836, 2.78563374773409, 0.7103662418039672, 0.2810854357090838
0.2965796836635642, 2.121538423725425, 0.7454088015643338, 0.3242389865741439
0.37532118997316277, 2.1185246877406723, 0.6428143764584783, 0.18620863515904285
0.11048935076800091, 2.2283176944371954, 0.9233337526765832, 0.477234739727858
0.101467481299606, 2.9999100030343224, 0.9315206116415038, 0.49363054070386253
0.31370981556557986, 2.1060111894263387, 0.697752420127247, 0.21060679143859823
0.2108719237138126, 2.2140484894117716, 0.7993000722493622, 0.37153808248972175
0.1018671843773197, 2.2361422708290046, 0.8900772538294398, 0.5005854883738123
0.17849597441900303, 2.4870498796277976, 0.8466418948006447, 0.34980128107701713
0.29007023354079825, 2.2070650713952094, 0.704263554604309, 0.24866018884742253
0.2906412379375321, 2.0050568953101164, 0.7418718584090974, 0.25308489222978625
0.11397247758807742, 2.231827946785536, 0.9248371516184463, 0.47207337301954644
0.19094387026780107, 2.2672574577493276, 0.8328873178160698, 0.31606896880974433
0.10055387426483184, 2.30805594684368, 0.9328544373258773, 0.5014700199441798
0.04219722491863187, 2.2990704435260185, 0.9582790189639859, 0.33412625086289083
0.11323017187232341, 2.3747089886824626, 0.9155307774155523, 0.5045664183673451
0.3265003140524182, 2.260278573465301, 0.7226132022928959, 0.2081208808175278
0.1868326386113173, 2.353158455460537, 0.8506999551271126, 0.3452539450604177
0.2536972534688517, 2.178558562679048, 0.7613653479759015, 0.306118241995541
0.29903500256951976, 2.2279732310080362, 0.7141504096520528, 0.2629260839518943
0.4409295951578827, 1.7486529725409177, 0.6407020618631335, 0.18793607885962277
0.33026894307086163, 1.8598664223932742, 0.7064693431195468, 0.283892870535406
0.5292068748929367, 1.4425699991991243, 0.5181231921153926, 0.1584101484031959
0.5174441843202192, 1.3803455298533038, 0.5426617177980064, 0.19772133599524996
0.5903043453434591, 1.0474758696299933, 0.4788290392895715, 0.15325363419543483
0.6648775195569006, 1.0075752478225217, 0.3883532397197408, 0.13218121782281794
0.5747730257522983, 1.2206355994631621, 0.4672652536183088, 0.14637236186496194
0.5742020213555644, 1.2379178425939223, 0.46630316377139913, 0.15393102072071313
0.699594586878319, 1.258695988868691, 0.31358810405073073, 0.10601813604806708
0.6034945469080112, 1.444608544432742, 0.4621103644348343, 0.14658524326291245
0.6028093416319306, 1.1922467563411725, 0.4261737709025672, 0.1337431405290139
0.5746017244332782, 1.348230075557609, 0.461664091652473, 0.14304060464984505
0.562439330782847, 1.3168421266858408, 0.507031869170185, 0.15866564507649
0.6159995431964826, 1.613199559348114, 0.4148581722011165, 0.1366963554274844
0.5447381944840975, 1.3886234405168303, 0.49953449619376744, 0.1527196902076358
0.3443727516701879, 1.6789601086865675, 0.6617575774298617, 0.22815766298353912
0.44475532461599954, 1.7723971266215037, 0.5761489273201221, 0.19141560042895603
0.3509964026723006, 1.942896449375039, 0.6498346797069053, 0.22768428753354736
0.5164734768457717, 1.5924612570940948, 0.5177861678476983, 0.16198455121828106
0.3221606806372409, 1.8115811673552606, 0.68852816084606, 0.25736175665208455
0.3934791297892994, 1.7679496471634129, 0.6248129899086308, 0.2238758664812798
0.5064808999029292, 1.6552757137742584, 0.5222628842120861, 0.16053756361124602
0.41597670302061324, 1.6754363383482003, 0.6255214795651604, 0.2401183055539127
0.34026152001370413, 2.2373011517703527, 0.6631153874958929, 0.24890003392272933
0.5461657054759321, 1.5802674273144155, 0.4553722469855663, 0.15196172071883482
0.6128019185747731, 1.2857114370067406, 0.4018238953761846, 0.12412230122827851
0.7013076000685206, 0.8213642565540432, 0.32234436626077084, 0.10485254765104049
0.601096328441729, 1.3019018430978166, 0.43680720350863694, 0.14752220608763178
0.31730714326500314, 1.7352135160325604, 0.6930934436427031, 0.2467613768208256
0.41083766345000855, 1.529529225677873, 0.6035449118790867, 0.20827273595604565
0.4437275167018786, 1.6856540324128022, 0.5897439811963971, 0.18610578214141552
0.4432707131844915, 1.4730267175550649, 0.5929187063142044, 0.19088182031620657
0.3647005081939131, 1.7136315595502618, 0.6906702736812498, 0.25894122781791507
0.4091817506994804, 1.6261612108621906, 0.6229291563927354, 0.2054424168445039
0.5937303717238622, 1.4798217258093693, 0.4711559847287747, 0.14737799385202502
0.5561011819791012, 1.5620791187926497, 0.5104075879169504, 0.15698941533529426
0.5749443270713185, 1.4802451974584736, 0.4779460020162832, 0.1409911317287976
0.6069205732884143, 1.4083380199973494, 0.44746333405351335, 0.13497884324696693
0.3598469708216753, 1.8292155781056616, 0.652363114668865, 0.2474848798027874
0.2352538114543482, 2.0501996899416217, 0.7744897839543131, 0.3499592431632012
0.3638440015988123, 1.8362291193951858, 0.6789216405320916, 0.21625228143927788
0.4693085136755553, 1.7968312075182609, 0.5508853783444986, 0.17981106808524913
0.49860103922800203, 1.6850563720424274, 0.5645348766454842, 0.17013615570894197
0.5286358704962029, 1.3282624779221557, 0.5183083275464245, 0.15495746913724057
0.41118026608804886, 1.5956649708903061, 0.6095807242492622, 0.21887652605514932
0.5698052875007138, 1.5980736213129836, 0.4776058710996452, 0.15487556582234957
0.4955747159253126, 1.9355796278424955, 0.5689134854546105, 0.16206577194986066
0.10169588305829955, 2.226266990783165, 0.8901507292151857, 0.5046232356585371
0.21509735624964313, 2.127363852605633, 0.8274438323306044, 0.3352058536637752
0.22257751384685662, 2.1744343772550128, 0.8166882378013454, 0.3345594281799139
0.2749957174670245, 2.1423023292136576, 0.7708438087848825, 0.27318085506813655
0.2785359447267744, 2.1952336127217014, 0.7619615590742268, 0.24935152570109048
0.34568606178267575, 1.842450566936559, 0.7056968446767752, 0.24323151765770742
0.3694398446868041, 1.690867751531317, 0.6792715555011022, 0.21365193829601534
0.36287329412436475, 2.162149527966925, 0.6391243616995257, 0.2424516635368467
0.11305887055330326, 2.157673065383165, 0.8821611188960693, 0.4792358349291213
0.28144806715011705, 2.058615585666241, 0.7451292295634513, 0.2570209457383455
0.41506309598583907, 1.7392760386451938, 0.581400510868606, 0.18566613737653845
0.3575629532347399, 1.7315800690296301, 0.6681368700367223, 0.23397349275622462
0.30600125620967283, 1.9040073925230523, 0.7097174467467962, 0.3177710808416433
0.3658425169873808, 1.8264853931103646, 0.684181034624065, 0.21484676297057118
0.4176326157711414, 1.5963691727483265, 0.6670029886958931, 0.21641532675878578
0.4331639353623023, 1.7881236396415552, 0.6061305676913666, 0.18460279419952252
0.14155198995032262, 2.1049475184290425, 0.8836254582931293, 0.4588643075820305
0.11460058242448466, 2.3705869667533666, 0.913853236253887, 0.5022884154079589
0.27876434648546794, 1.9817831638722052, 0.74735443554232, 0.3272240058698783
0.37457888425740876, 2.1260765444808323, 0.6636610020837279, 0.24732852409908135
0.25735168160794836, 2.1110516475074426, 0.8097993182841157, 0.28724788249014593
0.3237594929480957, 1.9120641725087522, 0.7185623457987979, 0.26665912507618544
0.5141894592588363, 1.4271254812097696, 0.5416546240216334, 0.14794930849704052
0.3198766630503055, 1.6852683755901263, 0.7013917117874796, 0.324159117999703
0.464968880260378, 1.5078629047241814, 0.606574726767118, 0.19021341207216091
0.6263918232170388, 1.5156298331903144, 0.42786542454551746, 0.12100315052986473
0.34288814023867986, 1.6971051563869735, 0.6726605068550817, 0.1972362919895225
0.5312053902815052, 1.5615134796239671, 0.502481487337683, 0.15115599437049887
0.4919773882258893, 1.4446567073808994, 0.5867581255463904, 0.17920726801415546
0.5752298292696854, 1.6151589453747903, 0.4742591247448784, 0.15608233709153177
0.5670644663963913, 1.5458464702712655, 0.48476749413076053, 0.15385248741175736
0.42819619711071777, 1.7125525701941438, 0.6210386318295599, 0.2329083116977793
0.3740078798606749, 1.989569770277639, 0.6276620837427236, 0.22438201225916127
0.29007023354079825, 2.0983262158390428, 0.7273117249424274, 0.24076253694620692
0.24090675498201336, 2.0797651417794643, 0.7943218111346105, 0.290850204553044
0.34876948552503856, 1.9146327215756789, 0.7091016048924262, 0.21210006922846794
0.4655398846571119, 1.828153810907358, 0.562180483664676, 0.20910889574313876
0.5076229086963969, 1.5486788345245674, 0.5181216581915546, 0.1580781866492416
0.505395991549135, 1.6429782675756064, 0.5334941895982449, 0.1655624147441026
0.40215839661965397, 1.8477633125688213, 0.6492109801367538, 0.20494291322992597
0.46211385827670876, 1.9951033729247076, 0.5719032525974483, 0.16197077691860914
0.1812938959629989, 2.1814769252897337, 0.8131776269340147, 0.32991929767913686
0.27568092274310513, 2.2712248418677343, 0.7525271792618541, 0.26511910119421805
0.4095243533375207, 1.9583462512875, 0.608734929568738, 0.1792148412631445
0.4124935762005367, 1.6863640065720846, 0.5908916142915933, 0.2678231826599087
0.4117512704847827, 1.7697748785485057, 0.5907776054243902, 0.2071027895815706
0.6304459544338491, 1.1473142205494664, 0.41644886256655717, 0.12570625974941613
0.5189858961914007, 1.3203282242467809, 0.5152874045942785, 0.16382060202502297
