acuracia,loss,frr,fpr
0.057229259386055005, 2.312714686258245
0.09985164897866028, 2.3424297204358275, 0.8634601953089563, 0.45938000096932885
0.18395526646125757, 2.339870998168473, 0.8000129140923786, 0.2994088084436804
0.24027159648522195, 2.0947303781733315, 0.7517888784366822, 0.3596880124769163
0.5154627410704097, 1.7883215539466024, 0.48162920042318763, 0.14443661593379703
0.4819125870135798, 1.6166512309258474, 0.5225024309131883, 0.16335168853002965
0.5017688006390506, 1.5790232713122236, 0.5025675543072021, 0.15253769194478295
0.5899806002510556, 1.3918234360909456, 0.4200910960331612, 0.12529335306580103
0.6543991783635741, 1.2690742242221322, 0.3184089423963619, 0.1122346980112606
0.5961428734451671, 1.2603409312552063, 0.3921819530635282, 0.12207232662730304
0.6177108296245578, 1.142604888009247, 0.3597418019067115, 0.12771094386750342
0.7035832477462056, 0.9610615567243934, 0.2797705456623981, 0.09369440226140056
0.6813876526303777, 1.0337290673677277, 0.3265383528125531, 0.10845904069651509
0.6931416181672944, 1.0169480873241428, 0.2966547806679841, 0.10038512866906774
0.7563619764920689, 0.7275276912924047, 0.23928254007564342, 0.08981907969429975
0.7301152573319639, 0.7521056534080948, 0.2628844977732399, 0.08831460009149171
0.6992468332762752, 0.7267829226014274, 0.30404557684997163, 0.11889948875905913
0.755677279470501, 0.6583765805933542, 0.23367354135863538, 0.08438001998622328
0.8090265890676709, 0.5718337682555223, 0.18109778199799267, 0.07207255274254773
0.800524934383202, 0.595909369030176, 0.19114973132970633, 0.07471444436967084
0.7843774962912244, 0.6149790743753271, 0.2085082278813816, 0.07664269748267141
0.8041195937464338, 0.6322697771130303, 0.19429719971996534, 0.07573926836482592
0.8214081935410248, 0.5204047361145371, 0.1741524861835558, 0.0723202031753272
0.8210087869451101, 0.5136681337957018, 0.1749726735908718, 0.07052199357298702
0.8239187492867739, 0.47905385328290856, 0.17252022119400864, 0.06813886772852706
0.8393814903571836, 0.44337204626559873, 0.15821574985459527, 0.06606957867493625
0.8211799612005021, 0.49429765397332304, 0.17784069739631014, 0.07047595497655053
0.8321921716307201, 0.4622530594656855, 0.1624520736320059, 0.067108908076193
0.8347027273764692, 0.44589715322063816, 0.15668529417368368, 0.0608893701380403
0.7867739358667123, 0.5755596074370287, 0.20279646275137778, 0.07435505170460004
0.8415496975921488, 0.4475055265635171, 0.14883338205788382, 0.05959786733057603
0.8891361405911218, 0.3613104614768525, 0.10654742540699669, 0.052173391431868436
0.859465936323177, 0.38500176032031974, 0.13902617652924748, 0.05890688104279884
0.8519913271710602, 0.394835820697955, 0.14318613717271214, 0.058701879039856644
0.9002054091064704, 0.3200599331634901, 0.09322187615131987, 0.04854585840704387
0.9210316101791624, 0.27695794786657296, 0.07338353401998712, 0.042277163246442734
0.8694511012210431, 0.37943762505342005, 0.13294180272143274, 0.059048877282707295
0.8579824261097797, 0.3890580216673635, 0.13625991134875248, 0.05788813277968868
0.8838867967591008, 0.3295157331396804, 0.1103618325093782, 0.05182703185757775
0.8894214310167751, 0.30885340715356635, 0.1059808460230203, 0.05052370505736533
0.8700216820723496, 0.36271128160280003, 0.1251081555928991, 0.05451316733593289
0.8918749286773936, 0.30892916646329355, 0.10313770996879512, 0.04794774153443041
0.8833162159077942, 0.323416989182013, 0.1132795110291887, 0.05106702155512665
0.9083647152801552, 0.28061132448437703, 0.08914701245884309, 0.04631384504855599
0.8786374529270797, 0.3461845886390366, 0.11260245705225831, 0.05450698097555593
0.859294762067785, 0.3652651605351956, 0.13553966866970038, 0.056182960139461516
0.876583361862376, 0.34536142119265845, 0.11779208950187307, 0.05130858376955301
0.8248316786488645, 0.4616908475673887, 0.1723321600163328, 0.06487907215603392
0.899577770170033, 0.2953257534260407, 0.09596886841593501, 0.04635445619130131
0.8523907337669748, 0.3983494102765874, 0.14861603686516725, 0.061105032729777436
0.895355471870364, 0.31753751066751745, 0.10623963712816094, 0.05252779589815223
0.8656852676024193, 0.36984182286005995, 0.13509152768663515, 0.0574498733700931
0.8714481342006162, 0.3518521039920521, 0.1301215059656324, 0.05613999164523799
0.8702499144128722, 0.3559438294419444, 0.12542968311123068, 0.054320807458334265
0.884172087184754, 0.33768724298587044, 0.10807466958352134, 0.05020794671001087
0.906025333789798, 0.2764981551947191, 0.09119572875782665, 0.04496807119505959
0.8939290197420975, 0.29855529305755324, 0.10215131239267373, 0.04723082006017292
0.8866826429305033, 0.3176721147842959, 0.11346332828388124, 0.051296880156898955
0.8869679333561565, 0.3478405542375587, 0.11022094647204558, 0.04949916050685103
0.848796074403743, 0.4131061712799726, 0.14759810030546816, 0.05880380464089285
0.8917037544220016, 0.3290157694678348, 0.10113419982933071, 0.04968170385190001
0.920575145498117, 0.26917426160090974, 0.07380864090047547, 0.04210405281135103
0.9323861691201644, 0.25148641634515145, 0.06498922298700653, 0.03916176421214489
0.928392103161018, 0.2443193419852191, 0.06805167940217725, 0.038770153567191865
0.9045418235764008, 0.2843850006851327, 0.09149413322969635, 0.04611949647274965
0.9225721784776902, 0.24901478612977954, 0.0733153233121226, 0.041123849952940286
0.9157822663471414, 0.2562581577226712, 0.0809293728414357, 0.04205692590553059
0.9238845144356955, 0.2414735195551623, 0.07442612473645328, 0.04098880714244846
0.8982083761268972, 0.27966190933790225, 0.09843910539487656, 0.0461529789732101
0.9275932899691887, 0.23407545348470574, 0.06957100351382955, 0.04070699055700159
0.926509186351706, 0.229861095614034, 0.07082575954521247, 0.03921059300807314
0.8855985393130207, 0.30468529620345, 0.11294647294383203, 0.0507096288618588
0.900433641446993, 0.28039427057158256, 0.09247953247591963, 0.043637957664802766
0.9150405112404427, 0.24929013582332338, 0.08051073426025837, 0.04212841598993381
0.9204610293278558, 0.23566775458505937, 0.07916118018202892, 0.042427587338762625
0.916866369964624, 0.3259949915104263, 0.08372051293050228, 0.04331524146773181
0.8501654684468789, 0.4018202523147605, 0.14558958133117902, 0.05644626545962282
0.9040853588953555, 0.3015837677063436, 0.094639229650377, 0.0460057211733277
0.8608353303663129, 0.37356297996649834, 0.13638995301340337, 0.05631609733413956
0.8735022252653201, 0.346300568891631, 0.12067455184231081, 0.0521539289628441
0.8981513180417665, 0.30134025287522065, 0.09831769884369289, 0.04663986131102975
0.9020883259157823, 0.4153625255835974, 0.09346873439831022, 0.044605884497792056
0.9015177450644757, 0.3999149256524982, 0.0937177330356125, 0.04515860357827844
0.8698505078169576, 0.4128726826324756, 0.12489998542069289, 0.05315912232497104
0.8769827684582905, 0.3782926797244558, 0.12268364186155259, 0.052812046890821814
0.828996918863403, 0.4616778037570541, 0.1627628323365312, 0.060951418430472484
0.8700216820723496, 0.3772977875532748, 0.1266925724877017, 0.05734835130476024
0.8526189661074974, 0.5194717643333574, 0.1454895945823975, 0.05815186080480732
0.8783521625014264, 0.44935155713266056, 0.1173396508773815, 0.05062662769305662
0.838468560995093, 0.48713284450589855, 0.16130569693905186, 0.06311496509427304
0.844744950359466, 0.46160129384135246, 0.1571243705742225, 0.061875967565052904
0.8531895469588041, 0.4582327176199759, 0.14933981236781477, 0.06272893784989442
0.8471413899349538, 0.42679091874278574, 0.1485174321825761, 0.06051070578554935
0.8248887367339952, 0.47857986159189475, 0.17074388571953397, 0.06280050340492747
0.8507931073833163, 0.41875476551789614, 0.14840623503225478, 0.060148484538591195
0.8859408878238046, 0.3275725219420949, 0.11009570896720981, 0.050096930139981
0.833561565673856, 0.43232679707757266, 0.15862542500543347, 0.06263502496134014
0.869964623987219, 0.3630227193320086, 0.12841734806640692, 0.05432093015939901
0.8733881090950588, 0.3327353263461311, 0.12391856756103094, 0.05295647342896181
0.8566130320666439, 0.3866534237337778, 0.1423083399110988, 0.05794208053660758
0.9029441971927422, 0.2911674736564135, 0.09624229420218788, 0.04663029349170001
0.07988131918292822, 2.3049698253615487, 0.9298179586609608, 0.3546132416862177
0.13574118452584732, 2.4076895311136406, 0.8427842894866535, 0.3486025260461538
0.24911559968047473, 2.3551485252328677, 0.7222661884338504, 0.28216196322438397
0.10390277302293735, 2.5930874299869737, 0.9074791949816361, 0.47343457266530575
0.2749058541595344, 2.502272768368477, 0.7378922968619785, 0.23870540805207652
0.306801323747575, 2.117226997739197, 0.6856410223851331, 0.22390229581266918
0.31467533949560655, 2.046567927066096, 0.6754099449632982, 0.24910876664961734
0.292251512039256, 2.064536626941195, 0.7080811112490828, 0.22042537760304667
0.3882802693141618, 1.8781117703882537, 0.5953235520161544, 0.18710884704662228
0.42993267145954583, 1.7063362718412394, 0.5385682496505875, 0.17427886603937515
0.552151089809426, 1.4158728598258539, 0.40950734255142757, 0.12377280366602954
0.4162957891133174, 1.7099279282557411, 0.5267928217975347, 0.1661310337017044
0.5395412529955494, 1.3318960734874836, 0.414888024975527, 0.12625787185464593
0.6712313134771197, 1.1857600203033698, 0.2988449734703543, 0.09398330388262265
0.5804519000342349, 1.1398932298675772, 0.38055529770687013, 0.12569950226199209
0.6799041424169805, 0.9652106705868093, 0.28521176971738404, 0.09684843514929659
0.6834417436950816, 0.9496336715644719, 0.29389829995206307, 0.10112638205728461
0.6524592034691316, 0.9458313545157522, 0.3016841788433798, 0.09301881322983609
0.7043250028529042, 0.8672977648037768, 0.26797257948559056, 0.08852934464985686
0.7390163186123474, 0.7207518082734231, 0.22333861770358998, 0.07964105301380561
0.733652858610065, 0.7185211182142262, 0.24550876385128065, 0.09027667148927128
0.6817870592262923, 0.8028635029978289, 0.2908073212273385, 0.10299317232984331
0.7548784662786717, 0.7258779529529845, 0.22725649595146338, 0.08382648744269598
0.7929932671459545, 0.6049927390742426, 0.18505198052139205, 0.07029258888619197
0.7906538856555974, 0.638039845519389, 0.19394237390847852, 0.0732149864347905
0.8307657195024535, 0.5378873706639576, 0.15008303756172864, 0.062110186052046844
0.7798699075659021, 0.6136809972699502, 0.18959807942635623, 0.0730988198463891
0.7995549469359808, 0.583810773744814, 0.18250238527506216, 0.06932786109806816
0.8366997603560424, 0.5110489713712856, 0.14751021483164184, 0.06285671534351499
0.843546730571722, 0.4988355221461475, 0.14861130659232186, 0.0639299103329334
0.8291680931187949, 0.5099884642068729, 0.14991287276257734, 0.06441690486749631
0.8163870820495264, 0.5424157121112143, 0.1695460730705047, 0.06986606822741691
0.8445167180189432, 0.6548843357491395, 0.13563856117028364, 0.05686460385581025
0.845258473125642, 0.5967581371232505, 0.1433638540817751, 0.05993795569828205
0.8098254022595002, 0.6005838132891381, 0.16652054891369286, 0.06502786439281082
0.8503937007874016, 0.5171419844807383, 0.13595951066811426, 0.05895285234518329
0.8848567842063221, 0.44767122044102925, 0.10602918703642607, 0.05285725814130616
0.8519913271710602, 0.4853393534844792, 0.13425990926426198, 0.06356165358692246
0.8295674997147096, 0.9603646924003106, 0.15907874267784475, 0.06408629685357532
0.7875727490585416, 0.8280413517160705, 0.19441052368472608, 0.07067360424514872
0.7080337783863974, 0.8605902343023406, 0.2702972224683046, 0.09793296883443196
0.8334474495035946, 0.6173815371492682, 0.14887462691616465, 0.06355166459589072
0.7127125413671117, 0.7376144868211186, 0.26439303586054336, 0.10014241742932624
0.7564190345771996, 0.7245799062067255, 0.21918726186574286, 0.08567591886643827
0.8314504165240214, 0.5621745650562783, 0.1564537916687523, 0.0598077700150841
0.8189546958804063, 0.5406156225913982, 0.16878405999738408, 0.06664053064002537
0.7597854615999087, 0.6594792124472536, 0.21531197640027158, 0.0797063129762446
0.8580394841949104, 0.4771662361201275, 0.1319460228796043, 0.05823739510915831
0.8146753394956066, 0.5469791612778214, 0.17374216650993948, 0.07191161365010705
0.8886226178249458, 0.3820111624182119, 0.10386284983860516, 0.05190584401647838
0.7181901175396553, 0.796500182344457, 0.2704040115329078, 0.12106247142112977
0.823234052265206, 1.1278603402029417, 0.15747931665431567, 0.06393659887094268
0.7730229373502225, 1.001824156439537, 0.20184357889143992, 0.07615896662750367
0.678477690288714, 0.97251231253443, 0.295395361019337, 0.10195723957233052
0.6837840922058656, 0.8732184382262029, 0.2774056612414965, 0.09535065139928105
0.7189318726463539, 0.7788912283239008, 0.25069745461719095, 0.08887587665497161
0.6673513636882347, 0.8005016754452247, 0.2969860128148199, 0.11730517290111125
0.7947620677850051, 0.6328250587443116, 0.18045794806082974, 0.06990779701901641
0.7738217505420518, 0.6392179588570129, 0.20605392974978767, 0.07432003628598394
0.800524934383202, 0.5699412558666922, 0.16973311326905308, 0.06733620871599487
0.8494237133401803, 0.5250724809077204, 0.13775055430930552, 0.05965705891781204
0.8202670318384115, 0.5514070040108594, 0.16112901692938203, 0.06281975846042777
0.792080337783864, 0.6813779302967199, 0.18216542616884215, 0.07239837877982415
0.8376697478032638, 0.5645385945278951, 0.14866565334620233, 0.0627527180449242
0.8664270227091179, 0.493785182009644, 0.12414635535558932, 0.055827938205679314
0.8280269314161817, 0.5343140330233962, 0.15128683816823102, 0.06214909337803261
0.8551865799383773, 0.6809794667431865, 0.1342895514728396, 0.0598787380347391
0.8211229031153714, 0.6583990643174391, 0.16562143976845453, 0.0712549941598644
0.8332762752482027, 0.6010755995917876, 0.15622419718514208, 0.06306952123411784
0.8128494807714253, 0.6016883537512089, 0.18709106541011725, 0.07317589679437768
0.7778728745863289, 0.5980352857526896, 0.21473877590664536, 0.0783442388765904
0.8622617824945795, 0.4659286558769008, 0.12163606611638383, 0.055782013157818285
0.8652288029213739, 0.4668739524404354, 0.12962077550052403, 0.0600850759420185
0.8238616912016433, 0.5112640990675963, 0.15408328605429958, 0.06416972459899108
0.8395526646125756, 0.48891530935608446, 0.1366575927293507, 0.05641232640374463
0.8475407965308684, 0.6647238521104968, 0.1367234946711842, 0.059657048273104474
0.7488303092548214, 0.7370785163622169, 0.23444068290735803, 0.08507150904182192
0.7424398037201871, 0.7207754337420456, 0.2378387979442936, 0.084400546193615
0.786317471185667, 0.6057553099176933, 0.19869749218108346, 0.07656831183479704
0.8183841150290996, 0.5457888768521854, 0.17663699650533954, 0.0681974049861124
0.8800068469702157, 0.640674157978519, 0.11289432511441941, 0.05391263647037862
0.7802122560766861, 0.9385368323295162, 0.21883819041593203, 0.08211858380291369
0.8028072577884287, 0.7804324283811596, 0.18227495647093409, 0.07303602243832549
0.7913385826771654, 0.699171568481412, 0.19406960928196484, 0.07965203718527555
0.8327627524820267, 0.5833333736989347, 0.1549606482322304, 0.06498393428185148
0.7928791509756933, 0.649477885017142, 0.17498601514729775, 0.0739559680274328
0.848282551637567, 0.5160179585551614, 0.13547550763799407, 0.060706717413547585
0.8346456692913385, 0.5212507535781383, 0.1482144761472817, 0.0628119928791742
0.7958461714024877, 0.5853214639692931, 0.18730633224025778, 0.07486907662685476
0.8214081935410248, 0.5507865450509181, 0.17334679182059284, 0.07030425474742436
0.7889992011868082, 1.812381523440149, 0.2045135680870944, 0.07852661644118264
0.4435124957206436, 1.6504589037734407, 0.4896859312017769, 0.15701390204149032
0.5700102704553235, 1.3261367332529943, 0.4249066706089831, 0.1382888100415332
0.6265548328198106, 1.125592883373183, 0.355709520368699, 0.11974802306797348
0.66695195709232, 1.0045304164948508, 0.30870164682140216, 0.09733638241883112
0.7349651945680703, 0.842565796295829, 0.2392498693990098, 0.0856242915667045
0.7903685952299441, 0.6982615306084115, 0.18528214085775604, 0.07187076037769984
0.6644414013465708, 1.1473505733683271, 0.3090388949113626, 0.1055539125532353
0.6160561451557686, 1.067596817036497, 0.3414046158935166, 0.1209315750573528
0.7117996120050211, 0.9804071646468981, 0.24482528805016385, 0.0847457862491128
0.6757959602875727, 0.9383281056016631, 0.29304018329397274, 0.10158658441416483
0.10909505876982768, 2.2964955275017664, 0.9178892141592558, 0.40281911808957754
0.23998630605956864, 2.304545116917015, 0.7651424342659645, 0.2653918657587503
0.1343717904827114, 2.309656452676225, 0.8738153779156913, 0.39979381470074676
0.39712427250941457, 2.073583358324215, 0.5851158883180223, 0.15631639028258293
0.33572977290882117, 2.0007174141219553, 0.6631652545342719, 0.22253244215345233
0.37481456122332535, 1.843144963161186, 0.6338863816485911, 0.18914447999205156
0.45178591806458973, 1.7054099948196995, 0.513389224559287, 0.15646844592067313
0.5514093347027273, 1.37968922498175, 0.4258479130850022, 0.1314221154338755
0.5830195138651146, 1.2141147979453222, 0.4036548129643164, 0.12270870545062931
0.5442200159762638, 1.221607582868727, 0.4207672051173757, 0.1293382341401578
0.6128608923884514, 1.1230334797224728, 0.39924750653737195, 0.13104025818511914
0.5805660162044962, 1.0685968801224461, 0.4311069310342177, 0.1422070786279432
0.6448134200616227, 1.1864106148221198, 0.33937509439934566, 0.11092252539608202
0.6554832819810568, 1.106315324053, 0.3355482199275302, 0.10516441326036009
0.7142531096656396, 0.9425381004508926, 0.2693700769533637, 0.08788448773928145
0.6534862490014836, 1.036581990235674, 0.354682388942235, 0.1114437270270478
0.6817300011411617, 0.9815296341741504, 0.32041525493769824, 0.09825603572600897
0.6257560196279813, 1.1148834369620082, 0.37431116421305344, 0.11740911417959951
0.6163414355814218, 1.0430953183558813, 0.3846043533751574, 0.12356289595737881
0.707919662216136, 0.9337653188853453, 0.27905337360101873, 0.09589347982498671
0.6779071094374073, 0.9132275177365883, 0.3099858118828252, 0.10718803292485488
0.6453840009129294, 1.1852281095876034, 0.3276053996863923, 0.11512665540088185
0.6413328768686523, 1.3287751668292367, 0.3373871379022626, 0.10983940674035284
0.49343832020997375, 1.2758045057749878, 0.5042202720055405, 0.18156705308625312
0.6380235079310739, 1.1088025107287687, 0.3384545951220917, 0.10928217710981548
0.6678078283692799, 1.1827929537940158, 0.3063047527336768, 0.09997703139190314
0.5156339153258017, 1.1963897833459713, 0.4325174898766367, 0.1448509361808841
0.7161930845600821, 1.0034749629308641, 0.27285031943663446, 0.08764754075327831
0.6841834988017802, 1.0176059414267975, 0.29515779466979686, 0.09445307676019721
0.7724523564989159, 0.8050958246139751, 0.21574660943581592, 0.07830787876555007
0.7173342462626954, 0.8519085455527711, 0.278195002714549, 0.09296813519411007
0.7422686294647952, 0.7776245018448709, 0.2395836107885712, 0.08284984096375224
0.7476891475522082, 0.7112971552224979, 0.2467913167168016, 0.09311627224619498
0.7167636654113888, 0.8447395335374038, 0.2816922190887819, 0.10302181538277222
0.7161930845600821, 0.8434268515626132, 0.2637902431789751, 0.093199775369496
0.729944083076572, 0.7770937733421478, 0.24067332740027117, 0.08196348068099504
0.7478603218076001, 0.753937975709473, 0.22331060886955287, 0.07805957420024702
0.7949332420403972, 0.8683086072393276, 0.17604078032943715, 0.07031953555177274
0.5935752596142874, 0.9701051058250448, 0.361110472150905, 0.13972835428125913
0.7801551979915554, 0.7202812894680559, 0.2077667042438199, 0.07761317779223648
0.7038114800867283, 0.8230616200069553, 0.28016039223547884, 0.09625342029342092
0.791566815017688, 0.6538085980855441, 0.19921598961870338, 0.07769286681431646
0.8162729658792651, 0.6207448576182607, 0.176226001806952, 0.0710003297084286
0.7323975807371904, 0.7488969446357153, 0.250257778040652, 0.08730647865572334
0.7744493894784891, 0.6555569332855445, 0.21396995135686078, 0.07628144680473366
0.7645212826657537, 0.8038310714284538, 0.22337346624529433, 0.08735294425681377
0.8317357069496748, 0.6625231711524872, 0.1608375874234108, 0.0709674381345409
0.8145612233253452, 0.7351437002075232, 0.1682770561690815, 0.06739957855487445
0.8082848339609723, 0.6550563525624891, 0.17408578969777913, 0.06765338897220778
0.7572749058541596, 0.6989003782490364, 0.22102833998540244, 0.07793186339690791
0.7677165354330708, 0.6940806360943361, 0.2197042907295573, 0.07723958572414436
0.8037772452356499, 0.5832762752133431, 0.1777971491740833, 0.07419389130751516
0.8307657195024535, 0.5203968916256211, 0.16081767467940836, 0.06720210001175998
0.84251968503937, 0.5054207377029581, 0.14858126501472724, 0.06084586240431321
0.8257446080109552, 0.541001777797795, 0.1593548520416553, 0.06895220758855461
0.7620677850051353, 0.6612212813562852, 0.22040691785961633, 0.08452075898199614
0.797672030126669, 0.5640915620862259, 0.18644951491689501, 0.0680862966204105
0.807828369279927, 0.5341804756897837, 0.1738864062517639, 0.06815627419538475
0.790710943740728, 0.6044927620515801, 0.1942138853651444, 0.07089550755335088
0.8706493210087869, 0.4232854446437401, 0.11733894027962997, 0.05488943343935314
0.8625470729202328, 0.42893025175191957, 0.12924984746565638, 0.05669038094204731
0.8485107839780897, 0.4383420741695047, 0.14111072406262623, 0.058919457491415785
0.8612917950473582, 0.41618775261820473, 0.12831513369258277, 0.05708662270970417
0.8831450416524022, 0.5358493675835007, 0.1100136568267701, 0.05261884224625583
0.7884856784206322, 0.6378776155665992, 0.19623387004279466, 0.07574903626752864
0.8223211229031153, 0.5408624996989455, 0.16532001476630825, 0.06432957276828188
0.855072463768116, 0.480766505626833, 0.13770341966845806, 0.060386336745133766
0.8066872075773137, 0.5517354192872004, 0.18319320595393876, 0.06691263984470325
0.8514778044048842, 0.4655100299065849, 0.1375932078692494, 0.05845205726822995
0.8295104416295789, 0.49626750748553095, 0.16462179923631295, 0.06505086627782973
0.8838297386739701, 0.3960748745166667, 0.10843721479663043, 0.05309170062630924
0.8430902658906767, 0.45964443587845666, 0.1446335603415671, 0.06194986596092365
0.8629464795161474, 0.41354452779452383, 0.13104324320659058, 0.05727003178166426
0.8202670318384115, 0.5057423122283626, 0.17306949215863554, 0.06596435404323844
0.7760470158621476, 0.6206742461483713, 0.21857614004898174, 0.08065719420320003
0.8102248088554148, 0.5383785351822634, 0.19011655028675353, 0.07264556304442533
0.8757845486705467, 0.40227708571723225, 0.11640146580744268, 0.05454276361912839
0.8959260527216707, 0.37574429698007866, 0.09700003714123148, 0.04872624078202697
0.8876526303777246, 0.3792642289576545, 0.10202318732872241, 0.049885899187041456
0.8809197763323063, 0.38549872430238685, 0.11004972016858572, 0.05239756102510875
0.870478146753395, 0.39105324819397075, 0.12400565378697954, 0.054952485212530454
0.7258359009471642, 0.7053207665119278, 0.25496034863641576, 0.10290779328420215
0.8919319867625243, 0.3479848953348439, 0.09872150746609594, 0.047922606164111474
0.8441173114230286, 0.4447175628811146, 0.15087842974297766, 0.060038886142925664
0.8105671573661988, 0.5209138764323394, 0.1830149651602149, 0.06572474338433835
0.8549012895127239, 0.42255485436844187, 0.1387075267082776, 0.0583935130649768
0.8592377039826543, 0.3751241764164551, 0.12091461386109767, 0.05612321941983993
0.8848567842063221, 0.3463302278983084, 0.10188460069701666, 0.05054566585112128
0.868766404199475, 0.3881045491251834, 0.1222306694962481, 0.0542612252450086
0.84251968503937, 0.43685663219777354, 0.152543341618912, 0.060956303648471405
0.8747575031381947, 0.3730317370685075, 0.12166651045490444, 0.05556494681432483
0.9144699303891362, 0.300313632780012, 0.08051718597247301, 0.0452456519873461
0.8445167180189432, 0.4178446904789952, 0.14694650000116713, 0.058237219389850624
0.8894214310167751, 0.33954742344557126, 0.1078782789149934, 0.05109290336896689
0.8834873901631861, 0.35349043017076537, 0.11132377738943992, 0.05164039443585194
0.8888508501654685, 0.33953522868159147, 0.10755531238380822, 0.05113320044433266
0.8814903571836129, 0.35863232599306394, 0.11546640106770291, 0.052792886571836097
0.8832020997375328, 0.36017867994792213, 0.11252943733091535, 0.05279259744593315
0.900947164213169, 0.3139405263757533, 0.09369662296443296, 0.04747828165406472
0.9004906995321237, 0.3151197077292473, 0.09340655612438795, 0.04819189376805697
0.8778386397352504, 0.36967943942730525, 0.11418057655692145, 0.052382902829688494
0.0629350678991213, 2.3054374137126623, 0.9437684254661038, 0.2700213862131194
0.22549355243638022, 2.310574034686558, 0.7647517248019539, 0.24646527571186552
0.22686294647951616, 2.4226135377142235, 0.7480161630486102, 0.2628743327934796
0.21556544562364488, 2.1953103152717697, 0.7661008776612026, 0.29994759106217467
0.4608581536003652, 1.746981357672464, 0.5314511020460114, 0.16421086199583057
0.44026018486819585, 1.7603711951483634, 0.5298729973339402, 0.18426417899759304
0.5020540910647039, 1.4497793076463612, 0.49334394919170715, 0.17168295659941893
0.5581421887481456, 1.3612550975877928, 0.4245326343213806, 0.13756761723504302
0.44716421316900606, 1.4361673748301553, 0.5481011545404015, 0.21654582560970795
0.6126897181330595, 1.037798111707365, 0.38147868042538297, 0.12270456835228193
0.6739130434782609, 0.947117918241664, 0.3083287610619851, 0.09989195492490911
0.6837270341207349, 0.9383363924123679, 0.3020672387939871, 0.10192940011634657
0.7298870249914413, 0.8886927255290846, 0.25728650877233683, 0.08314280244046052
0.7086043592377039, 0.8083339152721837, 0.2728190280886988, 0.09020697385063688
0.7413557001027046, 0.7768452400537184, 0.2471621259959539, 0.08392616636323198
0.7726235307543079, 0.7539899513836904, 0.22164046031393012, 0.07925890290868948
0.7574460801095515, 0.6964590878529927, 0.23194019332476917, 0.08088725804923752
0.7401574803149606, 0.704580531742317, 0.2508378667882547, 0.08861100814992226
0.7891703754422001, 0.6527921251680467, 0.2048213004464757, 0.07778938585904796
0.7584160675567728, 0.67274265499079, 0.23944016972517038, 0.08420737315705315
0.8294533835444482, 0.4939599714831664, 0.16382389032790984, 0.06699959195208985
0.7996120050211115, 0.5379520558651579, 0.18948520851215067, 0.0705040552679624
0.8095401118338469, 0.5078781735464519, 0.18172305872221628, 0.07139449780141323
0.8418920461029328, 0.44768458722420923, 0.1505347746948397, 0.06329222410621409
0.7852333675681844, 0.5716525653366308, 0.2069718818114172, 0.074585535931264
0.8216934839666781, 0.47485060789969896, 0.1683686622189943, 0.06805526077264376
0.8202099737532809, 0.47136257173129287, 0.16804246836860054, 0.06339945946140221
0.8665411388793792, 0.3970708646051916, 0.11882335710179961, 0.052289483393211274
0.8495948875955723, 0.44998059227483833, 0.14083333683059393, 0.06144196911503958
0.8732739929247975, 0.36834465568088326, 0.11726990967935476, 0.05180730228967264
0.8906767088896497, 0.3429265019769117, 0.09934311099672061, 0.046632220064823475
0.8769257103731599, 0.3703517527257849, 0.10980513444310143, 0.048425706198999684
0.8802350793107383, 0.3629030944588559, 0.10481005995057058, 0.04980497619117028
0.8974666210201986, 0.31688038209163827, 0.09232682938651439, 0.04726236111281818
0.9022595001711743, 0.30421850163159636, 0.08785809507397552, 0.04519695956932832
0.9208033778386397, 0.26923067601699785, 0.07216887642030673, 0.04076341534847691
0.9103617482597284, 0.29646097943554484, 0.08622631490029224, 0.04593989790022782
0.8749857354787174, 0.36614398325057834, 0.11531186788518609, 0.050581088366692
0.8991783635741184, 0.30837028935044375, 0.08696830576897668, 0.043565189790935197
0.8996918863402944, 0.304654739864443, 0.09485614413029221, 0.047607337111103605
0.9253109665639622, 0.2520212152787148, 0.06865952639828236, 0.04058070385618055
0.9119023165582563, 0.2677313911478912, 0.07726274841776569, 0.04036836140140324
0.8966107497432386, 0.3068987252615559, 0.09198785563624325, 0.044679286847989184
0.922458062307429, 0.25246611554174153, 0.07097668178758054, 0.03950911786931397
0.9295903229487619, 0.23303222198755588, 0.06600205521532623, 0.03824859927893962
0.8998630605956864, 0.29578446102297695, 0.09809195969033647, 0.0481819691819044
0.9134428848567842, 0.2675431929250727, 0.08112430457746146, 0.04342002670467466
0.9085358895355472, 0.2829767273116571, 0.07866462508184555, 0.042576627838730376
0.9061394499600594, 0.2893892679642458, 0.0854573875140273, 0.044370722260435064
0.9181216478374986, 0.24933435813701899, 0.07615063689892272, 0.04079511059275757
0.9108182129407737, 0.2697825353611246, 0.08169320177221202, 0.04090221414200111
0.921088668264293, 0.2595536058657595, 0.06982633535251197, 0.04023052791684349
0.9020883259157823, 0.29766093512875236, 0.08653551495728765, 0.043874571416077764
0.9335273308227776, 0.23115054281465866, 0.06054296311608575, 0.036682114607219124
0.8940431359123587, 0.2982084190297441, 0.10045800652840255, 0.049086168060859185
0.9093347027273765, 0.27261330919614, 0.08480781521795214, 0.043337739946717566
0.9115029099623416, 0.270794383034776, 0.08288907068762588, 0.04291244880419738
0.9186922286888052, 0.25278804198820953, 0.07415584538949137, 0.041253731581740886
0.915839324432272, 0.2593124002891537, 0.07508519571864297, 0.04182436039199542
0.9204610293278558, 0.25326469285263453, 0.07361740743581577, 0.0401265098825676
0.9162957891133173, 0.25267515031511767, 0.07898835727012281, 0.041306613824355735
0.901460686979345, 0.28274658412608306, 0.09426742732831413, 0.04635875051269332
0.900775989957777, 0.2951949356100105, 0.09305902314629497, 0.04463513872571466
0.927022709117882, 0.22648210086239212, 0.06784266447042017, 0.03748386831051511
0.928392103161018, 0.22390548719287323, 0.06592847014969751, 0.037090972757923606
0.9203469131575944, 0.24322955897211498, 0.07195494031006586, 0.038499950581297064
0.9240556886910876, 0.2319359935077514, 0.07055164787268117, 0.040206497014877766
0.9337555631633002, 0.2157241129380821, 0.06177259875260393, 0.036278936251313315
0.9358667123131348, 0.20482241321979838, 0.05949928008512113, 0.03523222116775795
0.9103617482597284, 0.2627754472699665, 0.0848183406472319, 0.042809154217057395
0.9176081250713226, 0.24466702984950053, 0.07724171023734368, 0.04080876683151808
0.928049754650234, 0.21815232882430494, 0.06590000825893157, 0.03774525529027391
0.9470500969987448, 0.17584363490623578, 0.05077972324226785, 0.033024143261917806
0.9388337327399292, 0.19514537539490823, 0.0585528770441982, 0.034718280712367926
0.9107040967705123, 0.2647139056900501, 0.08351990576451157, 0.04149883497351693
0.9303891361405912, 0.20963344521722754, 0.06931257854960399, 0.03852448850825866
0.9138422914526988, 0.24843825487426924, 0.07958512355136134, 0.04173087701846468
0.9357525961428734, 0.19752794607421476, 0.06089289355450091, 0.03632909336201704
0.9484194910418806, 0.16527440991173728, 0.04809231042387672, 0.031937636396899206
0.8997489444254251, 0.3006909563447144, 0.10200082442839646, 0.054732174762781284
0.9258244893301381, 0.22977513613470105, 0.06905406454056591, 0.04022037427771003
0.9511582791281524, 0.15652830960678712, 0.0462187475883014, 0.03101777264578612
0.9329567499714709, 0.19888479369385906, 0.061460196817629806, 0.0363897054950275
0.9169804861348854, 0.23831152493273802, 0.07497205012136805, 0.038845889755844555
0.9460230514663928, 0.16594383227597087, 0.04807491808021435, 0.03193804737923336
0.9230857012438662, 0.22395499237177985, 0.06992216792621522, 0.038148352470657274
0.9362090608239187, 0.1927995889646577, 0.05774885523751885, 0.03421765307915143
0.9124158393244323, 0.2443806842745265, 0.08066294591714186, 0.04000173326664502
0.9150405112404427, 0.24533544839094215, 0.07952133183457774, 0.03999452326350705
0.9339267374186923, 0.20348348469819605, 0.060261611021180515, 0.035651363870301864
0.9238274563505648, 0.21435413147213314, 0.07290795116586614, 0.03803333620584848
0.9512153372132831, 0.15163005218596043, 0.04441365222457614, 0.030854928612261998
0.9610863859408878, 0.12966884128819595, 0.03789577854528562, 0.028604845722596126
0.9521853246605044, 0.15235191543360255, 0.046238163131266746, 0.03131426243186875
0.9533835444482484, 0.14770896135016665, 0.04289725737722576, 0.029859781007681118
0.9395754878466279, 0.18551355850824527, 0.05738078116673473, 0.0343933198825838
0.9374072806116627, 0.28941231597804573, 0.052717050968419304, 0.03295490557532957
0.9427136825288144, 0.24976486086296573, 0.052226426542254935, 0.033149766038810494
0.9248545018829168, 0.27239903276861666, 0.06810178025515666, 0.037418818274929086
0.9077941344288486, 0.29616953751115227, 0.08663628795377971, 0.042374647153794444
0.8818897637795275, 0.33818430031742924, 0.11152393754257846, 0.04817182507014654
0.11805317813534177, 2.3015495273983397, 0.892139314750345, 0.3650750237084434
0.12147666324318156, 2.370112023729855, 0.8834956625478209, 0.4473210618092678
0.13865114686751112, 2.302348215163985, 0.8307040108246618, 0.3584738189469236
0.13659705580280726, 2.1870518992728845, 0.8316896941418516, 0.37925844698758393
0.15205979687321694, 2.360706642530259, 0.8182310008987326, 0.3082928386781747
0.37281752824375214, 2.0740946483138654, 0.6086055238113741, 0.20711860650947456
0.4503594659363232, 1.8540949965705478, 0.526312333682513, 0.1556786363227723
0.5576286659819697, 1.5873964613384952, 0.4537083509938095, 0.13496848314089888
0.5858153600365171, 1.2669246891394648, 0.4293707741632998, 0.11902370261233736
0.5023393814903572, 1.3632654045557242, 0.5048801544026936, 0.16426910543969153
0.6013922172771882, 1.1047254754027387, 0.40877972841491667, 0.12237157615326284
0.6516033321921716, 0.9532233555854883, 0.3522845763935789, 0.11553190477858838
0.7049526417893416, 0.8545292642843911, 0.3061366528398759, 0.1008692997643555
0.6364258815474153, 1.0584285493790686, 0.34835843381567566, 0.11284996433788737
0.6807029556088098, 0.8309549175498142, 0.31942310719475286, 0.10151877091575455
0.6759100764578341, 0.8220741325329586, 0.3136080866881265, 0.09740991359408545
0.797500855871277, 0.6148826852981794, 0.1947570545578116, 0.07224971662638646
0.7059226292365628, 0.737509074270979, 0.2787645082726773, 0.0886622295272317
0.7986990756590209, 0.5845460944496984, 0.19002019068433548, 0.06984529438239079
0.7783293392673741, 0.5913750482395246, 0.20862681800774718, 0.0723211518045139
0.7964738103389251, 0.599306073012669, 0.19234554752976538, 0.07676209919170239
0.8360721214196052, 0.48521181244905187, 0.15149596182450226, 0.06392884406076214
0.8183841150290996, 0.5303876523089648, 0.17732438736076603, 0.06759324849184276
0.8023507931073833, 0.5321852742409172, 0.19307525950797014, 0.07052838991167126
0.8854844231427593, 0.39184814346079816, 0.11249080274864096, 0.0541817412189193
0.8672828939860778, 0.40707547486355117, 0.12306604658480881, 0.056375420392748316
0.8621476663243182, 0.6602576354925156, 0.1370530015207309, 0.058178080708965955
0.7583590094716421, 0.7177720608311497, 0.23599734350686952, 0.08356021972944352
0.7436950815930617, 0.703142363751741, 0.2487700556376381, 0.08147532710224528
0.786146296930275, 0.5988786547391303, 0.20938905415463985, 0.07282912391036382
0.8385256190802237, 0.5176963179544848, 0.15260170193339795, 0.0647798324757852
0.8700787401574803, 0.44129466841434783, 0.12614903867912736, 0.056244014915244195
0.8631176537715394, 0.4324815962485936, 0.13254831260345912, 0.05730937547889514
0.8994065959146411, 0.37292622581114104, 0.09897437264871023, 0.049365843303183034
0.873844573776104, 0.4087145396558334, 0.1215546159828743, 0.0563040677154525
0.8642588154741527, 0.4217953823715564, 0.13181139317287996, 0.05937202129283629
0.8925596256989615, 0.36499527384897196, 0.1059158711505063, 0.05272269607527325
0.8862261782494579, 0.37809862786591303, 0.11620527800205772, 0.056404236460667515
0.9080794248545019, 0.3150751878036938, 0.08564793891605375, 0.0461352341213582
0.8817756476092662, 0.37385053660188766, 0.11457861140448168, 0.053011974836211936
0.8591235878123931, 0.42093609171549357, 0.13551185527660967, 0.0556000408945242
0.8915896382517403, 0.3439346618708343, 0.10355474268913374, 0.05062049589465368
0.8674540682414699, 0.40593465278255925, 0.12575006911240655, 0.05815755856104925
0.8754992582448933, 0.3609642319111594, 0.11906218113291142, 0.051827928780465514
0.9091064703868538, 0.39759035723061337, 0.08804482810235795, 0.046552176285296926
0.8658564418578113, 0.4420866953166212, 0.13223553549493283, 0.056184991060318185
0.8782951044162958, 0.40732780292369386, 0.11368800536503214, 0.04948799764544498
0.8647723382403286, 0.7204740914393611, 0.11859836536762718, 0.053066323058682224
0.8068013237475751, 0.7064517591164344, 0.1816719749008593, 0.07051236949669087
0.8147323975807372, 0.6198812501327956, 0.16825819152757546, 0.06919687394207034
0.8238616912016433, 0.575288436242816, 0.16982459136804753, 0.07247011295787757
0.7970443911902316, 0.5927023925202829, 0.18432676400021492, 0.07294275344241967
0.8223211229031153, 0.5271355900897535, 0.16173172556967833, 0.06898411927352917
0.8608353303663129, 0.4499958184350362, 0.13283491078491694, 0.05583436426445904
0.8200387994978888, 0.4854227139217544, 0.16880466887680062, 0.0632207397340618
0.8787515690973411, 0.38839625752835266, 0.1196316956394345, 0.053641579032047935
0.8599794590893529, 0.410169136800005, 0.13195746583973644, 0.054245201347159856
0.8646582220700674, 0.4104577316256136, 0.13135329962667178, 0.05763664855880624
0.8912472897409562, 0.46583449580332237, 0.10136531312917235, 0.050471119351755855
0.8894784891019057, 0.4409615922660574, 0.10314528665065266, 0.04837929087593094
0.848796074403743, 0.47497397807480846, 0.14210555957702295, 0.054975974793124764
0.8535889535547188, 0.4426836077733178, 0.1373628520060009, 0.061035329574401484
0.8451443569553806, 0.4382663312847466, 0.15092705857164412, 0.06105421341985206
0.8375556316330024, 0.4497487094518149, 0.16282292418471772, 0.06256157851531556
0.8826315188862262, 0.3657958106155136, 0.11688645645843035, 0.05363351713755333
0.8937578454867054, 0.3383225457760665, 0.10170668604082309, 0.04703639044716654
0.8670546616455552, 0.38210004566702405, 0.1323351267370068, 0.054689185694243296
0.854216592491156, 0.38392196316574917, 0.1398152741891538, 0.06413024679924875
0.8898778956978204, 0.32562499626393887, 0.10266084842110307, 0.04792545420223189
0.9087641218760698, 0.2995893499917543, 0.08991591599639653, 0.046419894876468124
0.8935866712313135, 0.3197239952509812, 0.10062471164050418, 0.04852078191398538
0.8788086271824718, 0.3637047135064951, 0.11714986485825114, 0.05108077083846359
0.8939860778272282, 0.3153952420727891, 0.10111822159830727, 0.04743289445766608
0.8984366084674198, 0.4787135219134915, 0.0923296833629995, 0.04589544248261993
0.8581536003651717, 0.7827248204591734, 0.12986394915479293, 0.055705839415960065
0.8377268058883944, 0.7307558292009699, 0.15992241074959673, 0.06582530490061395
0.7699988588382974, 0.7082397258320479, 0.2212567780971407, 0.07445329613047254
0.8398950131233596, 0.6245405617861168, 0.16141433742445416, 0.06087762866941389
0.8349309597169919, 0.6123250578106612, 0.1638045931593197, 0.0641565153398825
0.8525619080223668, 0.4702491116615738, 0.1453267866149787, 0.05980744218848497
0.8158165011982198, 0.5084405570705152, 0.17859689179832106, 0.06728876750970576
0.8163870820495264, 0.5062118964551396, 0.17952889855670656, 0.06721001486765897
0.8826885769713568, 0.38939203497017716, 0.11340284730546006, 0.05148181113318747
0.8324774620563734, 0.4555852435711288, 0.16072771049460427, 0.06129781844993354
0.802750199703298, 0.5206917587721215, 0.1865053451847371, 0.06934179491070736
0.8250599109893872, 0.5347304159972418, 0.17200888772836542, 0.06620139017964032
0.8060025105557458, 0.5817592789151279, 0.19656844480972785, 0.07116365600882504
0.8538171858952414, 0.43703568823162425, 0.14109373611412124, 0.057558191098220704
0.8098254022595002, 0.5119434000826878, 0.17454546060480294, 0.07698940088789173
0.8387538514207463, 0.4623534021366434, 0.16395941700799038, 0.06539669529745948
0.8956407622960173, 0.5844543261591034, 0.09648744542694693, 0.04656098137724734
0.8760698390962, 0.5409374690469995, 0.11218035963318809, 0.05473075562186823
0.8667693712199018, 0.5168122552266393, 0.12757783745535198, 0.05801788557778607
0.8248887367339952, 0.8037636912810766, 0.16808512086137925, 0.06890360451505197
0.7614401460686979, 0.7786718326305427, 0.24430339982450403, 0.0908865247494513
0.7961314618281411, 0.6923591583566749, 0.20453600332696836, 0.07625249680249215
0.844402601848682, 0.5287839641874696, 0.1472927303382333, 0.058499881221763354
0.9036859522994408, 0.4315797771935857, 0.08712338881495882, 0.04566627808979442
0.8321351135455894, 0.5219793827522176, 0.14378046805671327, 0.06387052664914618
0.9043706493210087, 0.38290377440586565, 0.09065617735984753, 0.046232904697219336
0.7838069154399179, 0.7039968904660885, 0.21778580500981543, 0.07730249254778493
0.08872532237818098, 2.30599174441832, 0.9241484219038898, 0.49093964918143335
0.15200273878808626, 2.348714226329897, 0.8589016143606842, 0.3381400102356534
0.3430902658906767, 2.4122229575512275, 0.6891243360708044, 0.27371604494650925
0.37270341207349084, 2.1734699887471916, 0.6368473167539271, 0.2200717294753784
0.36083533036631293, 1.891431170028427, 0.6264974474043262, 0.19759045895209934
0.46781923998630603, 1.5726618852947152, 0.5455412496771643, 0.1692326158339031
0.5669291338582677, 1.3446478339025423, 0.4124030820812203, 0.14519373619738934
0.6397352504849937, 1.2047632449620815, 0.341458736064766, 0.106240552103096
0.6114344402601849, 1.082071873576085, 0.38499492955629455, 0.12901161756477608
0.6962227547643501, 0.9647269984017486, 0.2834062806333561, 0.09301463963068783
0.7009015177450645, 0.9296243998564165, 0.2815682447771487, 0.08937450413745082
0.72891703754422, 0.801559838906235, 0.26318209064536735, 0.09132812234951483
0.7285176309483054, 0.8521765004924245, 0.2562202547994151, 0.08746995142157538
0.7532237818098825, 0.7492958706330998, 0.23575778505987063, 0.08444785223117796
0.739758073719046, 0.7378045782085725, 0.24701702904509917, 0.08676908224606485
0.7713111947963026, 0.6867495029879891, 0.21731633111367304, 0.07685759183907
0.8169006048157024, 0.610217555069017, 0.16826304048725868, 0.06554798911732186
0.7628095401118339, 0.6921282510235854, 0.22515254099953524, 0.07663399284626003
0.8076571950245349, 0.5715074866433447, 0.17826143613437342, 0.0684665099941288
0.8045760584274791, 0.5799793310085714, 0.18141130856356777, 0.06731140575967513
0.8140477005591692, 0.5281808663194787, 0.17184993688633723, 0.06784569530832468
0.7939632545931758, 0.5755398676629834, 0.1904998746351785, 0.07207310503248673
0.8247175624786032, 0.510104887397807, 0.16794228055821167, 0.06707659299114792
0.8661417322834646, 0.454367199249274, 0.1241540458974396, 0.05360081246642009
0.8409791167408421, 0.48890629870575597, 0.14774472522477716, 0.0612430913501543
0.8238616912016433, 0.5072645312862248, 0.16848920252036012, 0.06699809170177393
0.7965308684240557, 0.5599322800485104, 0.193263546071799, 0.068730566047881
0.7751340865000571, 0.6082298655075561, 0.21366096434864096, 0.07329117469527648
0.808341892046103, 0.5185391773715728, 0.18351816107192043, 0.06701171560963506
0.8325345201415041, 0.48694948335545124, 0.16329149578380975, 0.06482249005013875
0.806116626726007, 0.5420306495761055, 0.18826007585184115, 0.06981477280027261
0.7921944539541254, 0.6302453969656294, 0.20152911610847826, 0.07717962522068701
0.8235764007759899, 0.4647742160163066, 0.16723758831514263, 0.06805746585416088
0.8766404199475065, 0.37573684915009425, 0.11245882010492655, 0.05472215825571046
0.9076229601734566, 0.31725623630284344, 0.08207479649150429, 0.04394756701437563
0.8768686522880292, 0.3772631370032898, 0.11476201130914247, 0.05366142079356014
0.8446878922743353, 0.4370427169430089, 0.15132124104937184, 0.06412681443987726
0.8893073148465137, 0.3324704062715249, 0.10227459077889439, 0.04972456851230041
0.8756133744151546, 0.36273063054570753, 0.11290339861525882, 0.05157840391089071
0.9093917608125072, 0.2940814229648577, 0.0864600221735472, 0.043529917071475
0.9030012552778729, 0.30455197417408414, 0.08995410503709518, 0.04538457852350745
0.88639735250485, 0.34202171269217635, 0.10534912331453199, 0.04843445417317002
0.8942713682528814, 0.4680028246618101, 0.10057258724707806, 0.048051863501997465
0.8567842063220358, 0.4787381250914184, 0.13509800654601634, 0.054746629900304794
0.8855985393130207, 0.4117303802210399, 0.10436870767487803, 0.04973046549215649
0.85284719844802, 0.7653682651577455, 0.13296210229269156, 0.055847827924038015
0.750941458404656, 0.988215310001474, 0.23151304200258657, 0.0830478970912236
0.7683441743695082, 0.837751723445878, 0.20831971485881945, 0.06895367628994693
0.796644984594317, 0.7083245966407917, 0.19260571427194983, 0.07068444718990388
0.746205637338811, 0.7898803352324425, 0.24206373604336465, 0.08360176123039655
0.7371904598881661, 0.7664659192573487, 0.24482775401446752, 0.0812350793395176
0.7524820267031839, 0.6888375472966941, 0.2370936477543825, 0.08249830263644306
0.7385027958461714, 0.6847099407542971, 0.2513225613921026, 0.08776361944688632
0.8089124728974095, 0.513347150835705, 0.17871106089905517, 0.0724127928209844
0.812906538856556, 0.5170968899152204, 0.17675201521219464, 0.06934607367173337
0.8101106926851535, 0.5114336614248313, 0.18110350865151104, 0.06693802902992223
0.8034348967248659, 0.5199499548721919, 0.18748470927807884, 0.0689931492107284
0.9029441971927422, 0.3480642145932886, 0.09335502063800197, 0.04563141786143032
0.8434896724865913, 0.431477623455172, 0.15076392810799272, 0.059701486778454986
0.8638594088782381, 0.3946236887106643, 0.12502016194664115, 0.05603366997952112
0.8543307086614174, 0.41016494782701474, 0.1421825668187333, 0.061222725759911244
0.9030583133630036, 0.3305611753680363, 0.08865828729064372, 0.04685683000234597
0.8996918863402944, 0.33785007526385674, 0.09342130457568167, 0.04438262309670751
0.8973525048499372, 0.32622212363251263, 0.09549294495938775, 0.04770025263476262
0.9036859522994408, 0.36750117499716295, 0.088559318061968, 0.04371628741334473
0.8931302065502682, 0.3785445102956305, 0.09490310989093963, 0.04637571841732773
0.8797215565445624, 0.3962406018497211, 0.10722256547550978, 0.05332171817905504
0.8424626269542395, 0.452041991293236, 0.14117280622362482, 0.061237619876542124
0.8715622503708775, 0.39789255542150714, 0.12346138553142819, 0.05573212543447909
0.8867967591007646, 0.35182419140601273, 0.1087617947226816, 0.04997783411331077
0.8862261782494579, 0.3424170695996233, 0.10843887383481375, 0.049547807446415536
0.9131575944311309, 0.29698271348066896, 0.08071977191255052, 0.04260813327445447
0.9162387310281866, 0.28769490108322565, 0.07539692927530435, 0.04189610790036406
0.9124158393244323, 0.6346811393900139, 0.08232154731577866, 0.044254926653137364
0.8983224922971585, 0.5457763518471941, 0.09837402574471944, 0.04793801875965652
0.8877667465479858, 0.5162224125805326, 0.11297480713337632, 0.053864767020873505
0.8877096884628551, 0.4414590631308644, 0.10593201325586939, 0.05157184444022321
0.874700445053064, 0.42796522676587634, 0.11986313825026142, 0.05581014041584241
0.8424626269542395, 0.4636260834962009, 0.14917317329922172, 0.05974866375988243
0.8922743352733082, 0.37856196592617486, 0.10193815186707993, 0.04993525770831921
0.8473696222754764, 0.43789862900065596, 0.13719949073419965, 0.058896727519364006
0.782608695652174, 0.5515269462515953, 0.20613764157754141, 0.07185632459975039
0.9081364829396326, 0.3277022679099686, 0.08572553801387697, 0.04512833533903813
0.8967248659135, 0.33046731121258766, 0.10120623480225585, 0.05015003795630013
0.9123017231541709, 0.30910660977854015, 0.07992691225079034, 0.042869636833842074
0.8916466963368709, 0.5182637911756283, 0.10039687079737933, 0.048793884615975135
0.8998630605956864, 0.4608434969439217, 0.09865685920162945, 0.04958743252471079
0.9115029099623416, 0.40736078095993167, 0.08264382418405775, 0.04387687010740127
0.8556430446194225, 0.48279554196531904, 0.13006275094195383, 0.05361632366707813
0.9129293620906083, 0.3617761150628675, 0.07543265431578469, 0.04378372966933942
0.8305374871619309, 0.5934339516578193, 0.15981370806022144, 0.06328829481775378
0.8185552892844916, 0.9647630287790685, 0.1760614763958391, 0.06604865520774753
0.7904256533150747, 0.8514622911491188, 0.20607072116580627, 0.0814246578572901
0.7491726577656054, 0.780647551796248, 0.2459487935164651, 0.08251230115383408
0.743466849252539, 0.7757032861442954, 0.24089010418601295, 0.08560041763476493
0.7791852105443341, 0.6308821442425523, 0.21469936912131687, 0.07918311230336063
0.7879150975693255, 0.6326712178084759, 0.207394526740498, 0.07721222708553159
0.8769827684582905, 0.4475771563300234, 0.11265699015165064, 0.05449919480878904
0.8622047244094488, 0.45352430897945534, 0.12869939737677064, 0.05618118046692376
0.8660276161132032, 0.44843770087817425, 0.11445037752397312, 0.05229021317601838
0.9078511925139793, 0.3510517555850761, 0.08698885451650964, 0.04602652835930766
0.10361748259728404, 2.3021555443570776, 0.892373987633876, 0.3416345399860934
0.18247175624786033, 2.316495292102122, 0.7954732954832495, 0.3211413838158332
0.09985164897866028, 2.299748145036198, 0.8634601953089563, 0.4569165237126853
0.3974666210201986, 2.031067606321443, 0.6073261040056986, 0.20534572631767067
0.4686180531781353, 1.7554916367317381, 0.5399258629464498, 0.2029397364706802
0.4934953782951044, 1.5101572154564875, 0.513715541395195, 0.17759640468190058
0.6648408079424855, 1.2119774967040915, 0.3371355178351124, 0.10803496290300095
0.6482939632545932, 1.08696272501746, 0.34067630633035306, 0.11167940002667684
0.7831222184183498, 0.8353617578646262, 0.2118018398443648, 0.07992486528732055
0.7079767203012667, 0.8559811054048209, 0.28930427561498007, 0.0947976264498649
0.7254364943512496, 1.155656551873998, 0.2713939123137448, 0.09359765952269797
0.7275476435010841, 1.0428864355213388, 0.2638368310610707, 0.08932767681328357
0.667294305603104, 0.9358781090291698, 0.34468866842961865, 0.11216967267442603
0.7517402715964853, 0.8508777402691662, 0.23364073591487017, 0.08796258655377519
0.7334246262695424, 0.7596715961646833, 0.24901677228202448, 0.08559533813545114
0.7567613830879836, 0.7535436320191194, 0.24090293704367394, 0.08694568123721244
0.7721100079881319, 0.7030775449291325, 0.22126485131442733, 0.07924681649145522
0.7602989843660847, 0.6958212162845511, 0.23733106113003513, 0.08637092119779165
0.7410133515919206, 0.6495660754679718, 0.2425194491395991, 0.08153866921436399
0.827969873331051, 0.5277887557244346, 0.15877130902723183, 0.06135022740102939
0.8385256190802237, 0.5017498810314327, 0.15569534027550577, 0.06823602280355417
0.7959032294876184, 0.7385334314203053, 0.19478792052309343, 0.07579728155182178
0.808341892046103, 0.6574803798162527, 0.18671170953362573, 0.07289604366998748
0.7777587584160676, 0.9401746669510627, 0.2114334549893799, 0.07841480811402504
0.7739929247974437, 0.7755602101297884, 0.2217584290251511, 0.08276633398371053
0.6496633572977291, 0.8702414612024666, 0.33293446606425436, 0.11946035362789599
0.7457491726577656, 0.7019933786268282, 0.23987868259392903, 0.08580028468016888
0.7790710943740728, 0.6392572943977166, 0.21476930853206078, 0.07876666901024663
0.7940203126783065, 0.5917445514560499, 0.20017805844949493, 0.07536307750705763
0.8321921716307201, 0.5343672882481342, 0.155128472808283, 0.06653713785542853
0.874700445053064, 0.4562465793877316, 0.11189780874254558, 0.052241194509712874
0.7859180645897523, 0.5671006812637839, 0.1966612612474591, 0.07809152653719113
0.8104530411959374, 0.5372367082045721, 0.17940142839921278, 0.06632784588300895
0.8866255848453726, 0.390181687579637, 0.10833230480574732, 0.0518297905970555
0.8756133744151546, 0.40393600112177336, 0.1235394077508447, 0.055292067363360266
0.7995549469359808, 0.5409115783692043, 0.19313607441378386, 0.07011424826319364
0.8268857697135684, 0.46637122955552246, 0.16575751257100266, 0.06684505395578752
0.874871619308456, 0.3825813329991276, 0.12052278519940114, 0.054289740046239494
0.8449731826999886, 0.5343574257602597, 0.15277617180105413, 0.06338036013218269
0.8113659705580281, 0.5265778608334915, 0.17209477479396185, 0.06731044096224106
0.8526760241926281, 0.48542216628788626, 0.1412783986480522, 0.059907857014288024
0.8083989501312336, 0.7180693726746457, 0.18800951408325145, 0.0707618208015132
0.8228346456692913, 0.660756411632215, 0.17770323114369313, 0.07088692593437454
0.8352162501426452, 0.5821841849813594, 0.16037312200763273, 0.06763714744398591
0.8055460458747005, 0.5670208433592182, 0.18773437753114586, 0.07257782452409066
0.8457719958918178, 0.5027084079506557, 0.139251211267763, 0.06023382869084728
0.8456578797215566, 0.4838476061115717, 0.14835232727600486, 0.06060867733535382
0.8854844231427593, 0.4143944069750915, 0.10842177021421807, 0.05134691771417692
0.7758758416067557, 0.562014796210461, 0.20711119786528262, 0.07367197751411644
0.8672828939860778, 0.41840930442041685, 0.12946037777849348, 0.05745637664879743
0.8978089695309825, 0.3540046829125545, 0.09628603588696474, 0.04925359836590317
0.8830879835672715, 0.37472348894926477, 0.10652476178249891, 0.051133863545927055
0.9059112176195366, 0.3276627071075967, 0.08340256802485542, 0.04663411530844123
0.9010042222982997, 0.3196888002632222, 0.09815389870135197, 0.04823482469465603
0.90619650804519, 0.3137293512784086, 0.0861401811292822, 0.04562551866078565
0.905682985279014, 0.3104009860129911, 0.08097087071850823, 0.04375268793651809
0.9225721784776902, 0.27417880527475985, 0.07200344360817322, 0.040767270581728195
0.8905625927193883, 0.34277342795662713, 0.1078967363668583, 0.049757683117413784
0.8604359237703982, 0.39756077726346983, 0.13494942330405693, 0.05849559673494358
0.8879949788885085, 0.3443509061437417, 0.10900630016146338, 0.05283511578094825
0.8672828939860778, 0.49534863875491236, 0.12872261086126421, 0.05633768107570844
0.8441743695081593, 0.47980009605035717, 0.15261140204254262, 0.06169085073061436
0.874700445053064, 0.4063090497786635, 0.12009018503741622, 0.054122705490584115
0.8779527559055118, 0.38092047475770663, 0.10873466194657931, 0.050627882872321235
0.8687093461143444, 0.3894559900002907, 0.12521088962591678, 0.05340824705161453
0.9112176195366883, 0.32583776408521403, 0.08483232520559222, 0.0444237505803682
0.8623758986648408, 0.40279699483628956, 0.12659210401704085, 0.056566850434712906
0.8942143101677508, 0.33456327226351973, 0.10367371507879151, 0.05001864648640932
0.8914184639963483, 0.33175791968134194, 0.1089008487885925, 0.05007429906762814
0.8357868309939518, 0.45061771958244534, 0.160009660551376, 0.06494620678225048
0.9139564076229602, 0.28095034819315157, 0.08379679844670718, 0.04485445489822934
0.9293620906082392, 0.25172724735161994, 0.06830397811716123, 0.040321738781212306
0.9028300810224809, 0.3055808271682252, 0.09015341537904738, 0.046318449178184624
0.8804062535661303, 0.33435367776630587, 0.11386585695489819, 0.04996190948132203
0.9143558142188748, 0.2761568619305733, 0.07747077296694554, 0.041625124457553175
0.9250256761383088, 0.24928398656477196, 0.06831500857728419, 0.0389945235175569
0.9327285176309483, 0.22906246220477883, 0.05990560519539609, 0.0373887452212825
0.9189204610293279, 0.25498724428964575, 0.07567496815205985, 0.04200783618256495
0.906367682300582, 0.27627256933567723, 0.0888859043984463, 0.04336828686971026
0.9272509414584047, 0.23429383539224488, 0.0706745330228872, 0.04167221266083728
0.9285062193312792, 0.23543524833798052, 0.07040248282358959, 0.04037851221606543
0.9107040967705123, 0.2805732342786375, 0.08671221937323911, 0.04460547766433301
0.9300467876298072, 0.23359599507910234, 0.06482221879444654, 0.03809643479700553
0.931929704439119, 0.22403646104968658, 0.06577676331354004, 0.03981556246896526
0.9173228346456693, 0.2531006399860107, 0.07317380567700793, 0.040851943624701154
0.9112176195366883, 0.2635689365349625, 0.08427403272674032, 0.042843569607379006
0.9365514093347027, 0.2078794900966631, 0.059128488121225994, 0.03599876918357561
0.9161246148579254, 0.24853240872755905, 0.08053623739935344, 0.04256245041931125
0.9072235535775419, 0.28991630365046067, 0.09246109598701543, 0.04541493450545706
0.9351249572064362, 0.34379387575897924, 0.06203885658694387, 0.0370075094799371
0.9196051580508958, 0.334128889182584, 0.07887307331563366, 0.042162872810030644
0.8969530982540226, 0.348082332001217, 0.09944200808173138, 0.047603324999954434
0.9093917608125072, 0.3190246206450207, 0.07706900651383206, 0.04233054038565363
0.9314732397580737, 0.2680260621171845, 0.06197615196215249, 0.036536253281237795
0.9010612803834304, 0.31006964494945155, 0.09396114516125743, 0.04732170399604104
0.9313020655026817, 0.2576347584098609, 0.06493021796065315, 0.03752344949223503
0.9399748944425426, 0.23903975476109407, 0.059429069717445736, 0.03730953657628185
0.9286773935866712, 0.24931618432328329, 0.06786505268134053, 0.03816968811655292
0.9200616227319411, 0.26232961928674386, 0.07353737203391678, 0.041033708333735715
0.9287344516718019, 0.24277021048164787, 0.06837880965812726, 0.03937912971719868
0.9291909163528472, 0.24412161786596817, 0.0703373552396685, 0.04108174708095449
0.10966563962113432, 2.306233226892462, 0.9170088423368196, 0.3737352212595779
0.10356042451215337, 2.3640220003776675, 0.9268519843889583, 0.4606626537414095
0.09916695195709233, 2.3018545247397575, 0.9109831918289851, 0.4636457239091995
0.20740613944996006, 2.277335229467396, 0.761262933235414, 0.3775163789875042
0.2288029213739587, 2.288179090683365, 0.7654461567857533, 0.35573583148599497
0.3856555973981513, 1.821693404602648, 0.5965273880230737, 0.18022263692302815
0.4537258929590323, 1.5914502959215082, 0.5392242379840273, 0.18322281876500685
0.5806801323747575, 1.2435390684623147, 0.40385963302564026, 0.11730020787605261
0.5960858153600365, 1.1382996953758566, 0.4097417667769172, 0.1224228463514366
0.5171744836243296, 1.8760411203839416, 0.47432503975984813, 0.16214106424602986
0.28198105671573664, 1.9020131776339113, 0.7107769924733927, 0.31179525848283796
0.5215679561793907, 1.5574420337452268, 0.4749314281594596, 0.15511994445416766
0.43267145954581765, 1.646542801976061, 0.576164457839629, 0.19665905408732284
0.5710373159876755, 1.2557916388393442, 0.4151876976055912, 0.15701342015823333
0.6483510213397239, 1.0367081716463682, 0.3316347878433774, 0.11096948544153339
0.6381946821864658, 1.052289873222362, 0.34942558144471, 0.1108734813250069
0.7620677850051353, 0.8116778971319784, 0.21959689611478603, 0.07922288830523527
0.7570466735136369, 0.7273237467631332, 0.23010659576407924, 0.08058897519981421
0.7192171630720073, 0.8010431060647845, 0.2641475663132647, 0.08837740062044355
0.7871733424626269, 0.6433827204880173, 0.20368576736689575, 0.0746899397129721
0.7836357411845258, 0.6450481023143118, 0.20927818389603828, 0.07627762906588285
0.7290311537144814, 0.7509533568559287, 0.2605685126411597, 0.09215985224228218
0.8145612233253452, 0.5576913755733112, 0.17104498332001908, 0.06844224576659141
0.8260869565217391, 0.5391522603915924, 0.1709882904112714, 0.06739978380829585
0.8487390163186124, 0.5078166527836209, 0.1361804438585606, 0.05753371048959356
0.7970443911902316, 0.5786866485310201, 0.19951262780194226, 0.0732651090467918
0.8319639392901974, 0.5204141845303423, 0.1638555999770271, 0.06761476412486284
0.8376126897181331, 0.5194070206141616, 0.14836079555356665, 0.05968277815959557
0.8336186237589867, 0.5075857523546787, 0.15536937291501632, 0.06384944375175378
0.7545361177678878, 0.6595837186986793, 0.23879204872788706, 0.08352786316686664
0.8162729658792651, 0.5462805923403098, 0.17767883074976812, 0.06822995899704196
0.765320095857583, 0.6162527076645521, 0.22746206739949384, 0.08146896792796032
0.8421773365285861, 0.46299713882813737, 0.15414442221840766, 0.06256131889748488
0.8497090037658336, 0.4467773825905646, 0.1404946138488211, 0.05755870891501067
0.8201529156681502, 0.4938185423846727, 0.17350850741444077, 0.0693123957597675
0.8581536003651717, 0.43491919611896557, 0.1400106744767002, 0.06397631792768696
0.8563277416409906, 0.4281406372284304, 0.13908407209842938, 0.05970388587374886
0.8421773365285861, 0.4473815955351898, 0.15065226650077823, 0.060971188293712814
0.8200387994978888, 0.5038250751766974, 0.16891068879181567, 0.06544817966423816
0.8268857697135684, 0.49377418307739057, 0.17092104440912115, 0.0676861549403017
0.8054319297044391, 0.5107656550722617, 0.18632954081492278, 0.0698443287027943
0.8590094716421317, 0.40853571785228715, 0.13357690400233366, 0.05594437441226461
0.8402944197192742, 0.4441464953663889, 0.15321252482533884, 0.061849801820069744
0.8558142188748146, 0.40742954665012066, 0.1398511742000415, 0.05723754745820626
0.879436266118909, 0.3728079262115198, 0.1183954310018276, 0.053680794707644634
0.8699075659020883, 0.3807876154513468, 0.12476420356732662, 0.05277997666028394
0.8891361405911218, 0.3344168742731735, 0.10558274934245744, 0.052095287427368006
0.890790825059911, 0.3295362981503508, 0.0981219867190621, 0.05073430797507488
0.9024306744265662, 0.3073008297104303, 0.0910743256609866, 0.04703405117599577
0.8749857354787174, 0.3724370540174866, 0.1215542449223911, 0.054820706375416056
0.8614629693027502, 0.39077971026744407, 0.1316853189395692, 0.05788888392284186
0.8684240556886911, 0.36393323522226906, 0.12637514300846558, 0.05432045853375807
0.8470272737646924, 0.41454463390785096, 0.14733567586767077, 0.061136847263812986
0.8871391076115486, 0.34263894169227466, 0.10832440263215447, 0.04952096068271956
0.8311651260983681, 0.4663152063812806, 0.16413031841859127, 0.06369712380318578
0.8890220244208604, 0.32439568383077444, 0.11036477449651814, 0.0512673764388522
0.8859979459089353, 0.32320327858461195, 0.11212848227290748, 0.05107977642806618
0.9076229601734566, 0.29412279665086005, 0.09563202191756394, 0.0484397917751122
0.8630605956864088, 0.3865435778185267, 0.1300767000529545, 0.055409513258880806
0.9111605614515577, 0.2810963564013001, 0.07816347800318656, 0.04395925538455939
0.9157252082620108, 0.26347245130008085, 0.07851598043993119, 0.04339309788480562
0.9053406367682301, 0.42052393150417544, 0.09241763645069836, 0.046513568176183004
0.9089352961314618, 0.3904516726592391, 0.0810387611159107, 0.04401051784004941
0.9058541595344061, 0.35093817898244156, 0.08841483526443814, 0.045774925662022445
0.813420061622732, 0.5043316410261848, 0.17471260526073634, 0.07276985036052305
0.8600935752596143, 0.400865761907074, 0.13517808369128156, 0.05723447133637454
0.864372931644414, 0.3830614708882173, 0.13337972469296056, 0.056732504097275295
0.8987218988930732, 0.32566852221589265, 0.0982076304778688, 0.04821418542185449
0.9069382631518886, 0.30726440584758236, 0.08939728381521607, 0.04747159081610901
0.9101335159192058, 0.3094250349256702, 0.08547429826028634, 0.04563392059866188
0.8990071893187265, 0.3104486429964234, 0.1008343245479446, 0.049631913270227736
0.8378409220586557, 0.44933938413285596, 0.16186665143364126, 0.06394812999157096
0.8718475407965308, 0.3673249515093441, 0.13014798574303224, 0.05510927297255437
0.927022709117882, 0.25386843573060297, 0.07065981482778105, 0.04079994618303298
0.890790825059911, 0.31873155411833526, 0.10720090937714402, 0.049778895108861486
0.9054547529384914, 0.29003321079228905, 0.09218911339739518, 0.04602432411023196
0.885883829738674, 0.32650145615760534, 0.10653175175055751, 0.050746394536948736
0.9015748031496063, 0.45112999269963466, 0.09406653217020967, 0.04759118193447638
0.8878808627182472, 0.400358945071148, 0.108943527142645, 0.050919417653357876
0.8802350793107383, 0.3933626516184052, 0.11181915385804395, 0.0505802349295104
0.8929019742097455, 0.35051942484181886, 0.10602792824183475, 0.05037755736095895
0.912130548898779, 0.452199098927122, 0.08299055346369079, 0.043957538485812776
0.797329681615885, 0.5552293788861689, 0.1973769570317928, 0.07305119677078127
0.8567842063220358, 0.4400271269907612, 0.14302199339767205, 0.059188191732814095
0.8490813648293963, 0.44785562301256315, 0.1487637878022593, 0.06153869420651195
0.8627182471756247, 0.40686900731284864, 0.1368811764959455, 0.06065499103943803
0.8874814561223325, 0.35733286097486766, 0.11295213884911211, 0.05374296639821304
0.9038571265548329, 0.33410805080769473, 0.09883954376502399, 0.05019370408638702
0.8677393586671232, 0.37852749917373746, 0.12763427019597975, 0.05348806056151165
0.8984936665525505, 0.3252068636404878, 0.09804946895935075, 0.04730126262993687
0.927878580394842, 0.2636161784695222, 0.0653241076018021, 0.03884599857709454
0.9084788314504165, 0.29499156348907096, 0.08881639531992154, 0.046370700681496006
0.8769827684582905, 0.3676958415684064, 0.12608779913313437, 0.05659078221294817
0.8912472897409562, 0.3190528272098113, 0.10418620904987634, 0.048509685583955325
0.9159534406025334, 0.26877971511681925, 0.07996115924991978, 0.041730534787494715
0.8987218988930732, 0.30897269154372, 0.09693282988450891, 0.04609870503520095
0.9092205865571151, 0.280263555227592, 0.08942753661083819, 0.04518101220546701
0.8947848910190574, 0.33519010338800753, 0.10538209519101699, 0.05074215560184269
0.9043706493210087, 0.30057071313962047, 0.09448642005963584, 0.045296603650729926
0.8857697135684126, 0.3269585440913877, 0.10884385036167045, 0.04926809671733742
0.9120734908136483, 0.270375112504481, 0.08306493383753674, 0.04315790177179138
0.09083647152801552, 2.3039307037091454, 0.9357071397438195, 0.3940585955402384
0.10076457834075088, 2.462134458125488, 0.9102511817391454, 0.45428344884421357
0.1704895583704211, 2.5411607954690654, 0.8418650619205115, 0.3309689276525274
0.3291680931187949, 2.0782439271554574, 0.6918210828781906, 0.29921213241903805
0.3562136254707292, 2.008462744931523, 0.6477093756692228, 0.2930710708523022
0.33150747460915214, 1.759392487785798, 0.6846969057993948, 0.3078907254270296
0.5069040283008103, 1.5236408260350056, 0.5005289671107138, 0.1726412849235893
0.5431359123587812, 1.4049184087268105, 0.44369558013056154, 0.1543061356205752
0.6169120164327285, 1.2302645346982817, 0.35302835015426104, 0.11360569494117323
0.6688348739016319, 1.0298499711643057, 0.3151044195851123, 0.10207182938807187
0.6238731028186694, 0.9565124887601943, 0.3345380452433846, 0.121058327097672
0.7291452698847427, 0.7813982341026594, 0.2611747921911143, 0.09303658565596337
0.7617254364943512, 0.7060311118332756, 0.22077219267559392, 0.07901365028867492
0.8434896724865913, 0.5680952913658278, 0.14933548078959571, 0.06271502886894971
0.7554490471299783, 0.6589153301210771, 0.22723457598952818, 0.07730573449145177
0.7814675339495607, 0.6034328817677072, 0.20797440748722468, 0.0727592611595722
0.7613830879835672, 0.6391148147881363, 0.22677152143184792, 0.07942480651441244
0.76161132032409, 0.6378438248224454, 0.2258999561362469, 0.07806414926343559
0.8004678762980715, 0.5949997776834797, 0.18981705082004421, 0.07363601490563135
0.8065730914070524, 0.5493420455016538, 0.17533520121546461, 0.07083183325452591
0.8812050667579596, 0.41229070372761323, 0.10734467077171664, 0.05110980532897755
0.7997261211913728, 0.5979380462797764, 0.1752085595367208, 0.07313603992164817
0.8776674654798585, 0.46312772604599334, 0.11399887966366254, 0.05125380393597998
0.7905397694853361, 0.5641448441382724, 0.1996783307946498, 0.07481194025158885
0.7555631633002396, 0.6655238486252407, 0.22862032352896916, 0.08487966053866096
0.8327627524820267, 0.4975853926259533, 0.1635785469187499, 0.062234806094049896
0.8770968846285518, 0.4046152657560339, 0.11354566459317932, 0.05136342987312623
0.8634600022823234, 0.4118971256345532, 0.13032442408457626, 0.05744607575119545
0.8883373273992925, 0.36356481730937534, 0.1047193638862132, 0.050057882410551875
0.8677393586671232, 0.39126537212467816, 0.123801566856312, 0.05322474280259623
0.9036859522994408, 0.32454592986379366, 0.09164396055830844, 0.04591648022742615
0.900604815702385, 0.3382112920061298, 0.08950658977633481, 0.046056663568805604
0.900091292936209, 0.3293420081847857, 0.09204444758956234, 0.047746690647930426
0.8992924797443798, 0.328638492284638, 0.09765785301481338, 0.04975774390353922
0.8758416067556772, 0.3567595783922161, 0.11650004206582351, 0.05241838549144277
0.8886796759100765, 0.34578164645942183, 0.10538482714499824, 0.05027009365247062
0.8733881090950588, 0.36771795679239083, 0.11702113402922425, 0.0524383001614188
0.9135570010270455, 0.2886771914075912, 0.08053147149542, 0.04290032951267852
0.9130434782608695, 0.2828073507422692, 0.08017012887027967, 0.041745646664848084
0.9134999429419148, 0.2810781084669931, 0.07304516877053772, 0.04118064517525158
0.905169462512838, 0.2925550695127509, 0.08948214342363572, 0.046282953537262535
0.9184639963482826, 0.2660929521215081, 0.07301458534108406, 0.04107251155344194
0.9239415725208262, 0.25164530784574374, 0.07073145621414047, 0.03998473992304065
0.9302750199703298, 0.23569613117499877, 0.0626671362503672, 0.03818581498007586
0.9269085929476206, 0.2426506682366578, 0.06685351881384415, 0.03872492311659714
0.9269085929476206, 0.24112373999909076, 0.06947866456992406, 0.04077406707003251
0.905169462512838, 0.28317369429682115, 0.08306995040239167, 0.04330740332816952
0.9202898550724637, 0.24607996599177268, 0.07479126037370724, 0.040913148004515544
0.9149263950701815, 0.2686707350604449, 0.079089443534467, 0.0432843924023834
0.9400319525276731, 0.20538444249315987, 0.0553397711359466, 0.03520781278495273
0.9046559397466621, 0.2804651467937401, 0.08599285882843331, 0.04471100062634258
0.9247974437977862, 0.23933799458719193, 0.06802306402609415, 0.03998997075809212
0.9132146525162615, 0.2684725500891129, 0.08359229357271593, 0.04312388982347858
0.8862832363345886, 0.3088123621600394, 0.11134070149664962, 0.048957934930789766
0.9066529727262354, 0.2784293366492836, 0.09028349844646329, 0.04409395949835807
0.9136140591121762, 0.26896817495377373, 0.0838854651916633, 0.042633525313208014
0.8585530069610864, 0.3763856960241051, 0.14051367668352718, 0.05895766134927873
0.8986077827228118, 0.2878429958400993, 0.09810729524600537, 0.046205450201808794
0.917722241241584, 0.2422256205496197, 0.07753674893273568, 0.04150770850165357
0.9301038457149378, 0.21730817944443326, 0.06635308764728161, 0.03847878425056942
0.9274791737989273, 0.22703201966805123, 0.06910054930817576, 0.040013911578144365
0.922286888052037, 0.24340307100930114, 0.07445824224074395, 0.04162326973483786
0.923313933584389, 0.23144592049293747, 0.07192452944111825, 0.04046391682905779
0.9384913842291452, 0.19677586077777168, 0.05549243208159679, 0.03560853417012471
0.9302750199703298, 0.21773589194477838, 0.06442159404119457, 0.03842585499538761
0.9358667123131348, 0.20258032548526764, 0.05551547920734918, 0.0350178844049791
0.9417436950815931, 0.1890719687242688, 0.05258433505613206, 0.03451878556471919
0.9283350450758873, 0.2206939367169548, 0.0678874979511241, 0.03916392120828519
0.9386055003994066, 0.19644261989479478, 0.057310633403869236, 0.034893318134118924
0.9330138080566016, 0.20709840542002894, 0.06293427068566014, 0.03624121457329791
0.9285062193312792, 0.21326059641401396, 0.0679374627752895, 0.040086611178589894
0.9237703982654342, 0.2217265867842535, 0.072889567494335, 0.04023086636518903
0.9420289855072463, 0.1861381999612803, 0.057619896475254534, 0.035829498331899745
0.9321579367796416, 0.20665596252576235, 0.06940614244261312, 0.03983948161024558
0.9448818897637795, 0.1752209462229762, 0.052529620207712874, 0.03353839264206611
0.9333561565673856, 0.20218048665839825, 0.06697481617021392, 0.038626706112068185
0.943455437635513, 0.17962539493814045, 0.05438815053194392, 0.034649192965565345
0.9460230514663928, 0.17433860266303683, 0.05230317402435913, 0.03295661139916156
0.9348396667807828, 0.1965458683451423, 0.06259171028610752, 0.03616789357372042
0.9289626840123245, 0.21355750738469523, 0.06370379801659072, 0.037877079439979276
0.9412872304005477, 0.18221427928589717, 0.05405553092395917, 0.03346699431937681
0.9441401346570809, 0.17735208732284752, 0.05214976089492339, 0.03435854521169667
0.9438548442314276, 0.17672925884648935, 0.05248442140592427, 0.03415143002652139
0.9250827342234395, 0.2128960300936867, 0.07268018069956515, 0.040093762577617244
0.9390049069953212, 0.19136122156201837, 0.0623440989225211, 0.03711318752755699
0.9391190231655826, 0.1910490301625039, 0.05897074414803834, 0.03689481036524323
0.9475636197649207, 0.16392092208669565, 0.049635435567248073, 0.0327550327347662
0.9418007531667237, 0.18114588321714742, 0.05184389453106311, 0.03256201432308389
0.9194339837955038, 0.2311490576796924, 0.07538475717719058, 0.03964934386034417
0.9543535318954696, 0.1506608074240097, 0.044491112497980316, 0.030677975714533335
0.9401460686979345, 0.18282653414612748, 0.056581601492071386, 0.034855255782965784
0.9442542508273423, 0.17448671351255854, 0.0501555682963014, 0.033652754618327334
0.9455665867853474, 0.17021289356363475, 0.050725249595301385, 0.033292621424615955
0.9313591235878124, 0.20825595945410244, 0.06436375331407504, 0.036589991206344534
0.9342690859294762, 0.19901211464718246, 0.061510993402655055, 0.03677002316501123
0.9351820152915669, 0.197891085545052, 0.05842822715380039, 0.035902974520375955
0.9402601848681958, 0.18126405860299688, 0.058038098436314335, 0.03453210285037402
0.9455095287002169, 0.16364737467348017, 0.04881833023550921, 0.03235201764210718
0.9447677735935182, 0.17640070645712153, 0.055172155029681806, 0.035389434466151365
0.9416866369964624, 0.17491804324521476, 0.05658633542505967, 0.03526823153645699
0.9496177108296245, 0.1576806735608722, 0.047907432935529355, 0.0328796378015676
0.10989387196165697, 2.3009192914052954, 0.8895367708477563, 0.39769902824993336
0.09922401004222298, 2.391409400519369, 0.8982556016316717, 0.4725576333956629
0.09985164897866028, 2.329738883807291, 0.8634601953089563, 0.4582053413263353
0.30936893757845485, 2.219128708459601, 0.6992018071416253, 0.22467243954733904
0.38023507931073836, 1.785264569174736, 0.6180195356015781, 0.20706849053028173
0.5381148008672829, 1.6204509899304171, 0.4702259748635225, 0.14745665242051118
0.5691543991783635, 1.4233153587751133, 0.44155627794384605, 0.1279530457310279
0.6227319411160561, 1.3260568515793498, 0.3758402184654839, 0.1196400470639572
0.6528015519799155, 1.1623556134965334, 0.34503050513912614, 0.10982976139254222
0.6942827798699076, 0.9744867792155992, 0.31520334531810684, 0.10191845792950974
0.7563619764920689, 0.7477444560810861, 0.22985070104164232, 0.08283974580322066
0.8048613488531325, 0.6412275891054287, 0.1893506768063591, 0.07149494977434284
0.7199589181787059, 0.7897369161550677, 0.2770279811942257, 0.09557950168521294
0.7221841834988018, 0.7779545303208609, 0.26698194036649625, 0.08847604889781029
0.8083989501312336, 0.6167939183439642, 0.18449971587545097, 0.06804154341141948
0.7927650348054319, 0.6162769231952928, 0.20331773960825525, 0.07439447123684197
0.7630377724523565, 0.6706567940189644, 0.22706189747446004, 0.07720995864664354
0.8440031952527673, 0.48620208988618097, 0.15126927779418162, 0.06173204395416368
0.8762410133515919, 0.4492363514339131, 0.11477012765315697, 0.05404001264776244
0.8600365171744836, 0.4644445028678616, 0.14384999974889748, 0.06280553912876212
0.8720187150519229, 0.43044042272046235, 0.11942945927531069, 0.05537067457049682
0.8772680588839439, 0.4147239467660506, 0.12081719353401689, 0.056973263386626845
0.8134771197078626, 0.5117516877113147, 0.1748211917839094, 0.06842807972242455
0.864544105899806, 0.4078052155331817, 0.1335884545841816, 0.05886732314989626
0.8559283350450759, 0.4390555954521069, 0.13580212404799977, 0.05947634953848196
0.8866826429305033, 0.362405454361801, 0.10206675016209517, 0.04920100820375174
0.9053406367682301, 0.32528340965769265, 0.08843002658993596, 0.04714161663630367
0.8741869222868881, 0.37372511709569134, 0.12394750550327285, 0.056188476145644775
0.9034006618737875, 0.32552710991096345, 0.09659143143140872, 0.047932114128101104
0.8547871733424627, 0.4149828559749209, 0.14348687335788587, 0.06176132164229316
0.839324432272053, 0.4587249069485903, 0.15805941367216672, 0.06416512040970285
0.8805203697363917, 0.3518734904912603, 0.11595490512740377, 0.0530854026982927
0.8652288029213739, 0.387345941465959, 0.1316232375694564, 0.057003297293648725
0.8948990071893187, 0.3187369909736502, 0.10403114158472698, 0.050452960102216775
0.9150405112404427, 0.283614425760319, 0.0831838174876592, 0.04491666588800096
0.9182928220928905, 0.27223132756319035, 0.07563198684189855, 0.04149448845949591
0.8984366084674198, 0.30768942273414596, 0.09718277963094643, 0.04770737650359897
0.8806915439917836, 0.34062735570952357, 0.11415145374695346, 0.0524529334463202
0.8911902316558257, 0.3127626146617216, 0.10359682976092732, 0.049742845808170025
0.9166381376241013, 0.26629608303804436, 0.07723107264638986, 0.041886350931239984
0.876583361862376, 0.35392224953040474, 0.1184206370245984, 0.05387138617874088
0.9265662444368367, 0.24338264917685598, 0.07158623079958736, 0.04048767138073474
0.9072806116626726, 0.27645832893153705, 0.09027121556987112, 0.044356026162291756
0.9139564076229602, 0.27246347317634656, 0.08269440115767379, 0.04339813228508427
0.9134999429419148, 0.27479270271581807, 0.08110177506175734, 0.04236385726247285
0.9040283008102248, 0.29588015755704583, 0.09521954989100102, 0.045547706336007465
0.9136140591121762, 0.27724326747668426, 0.08614821367127559, 0.04505281182398356
0.8920461029327855, 0.31534009600987223, 0.09894507250671945, 0.047817552862206125
0.922115713796645, 0.24580387808570692, 0.07308133959985584, 0.03991322833729197
0.875556316330024, 0.34393072336355573, 0.11922438915337548, 0.05067598374659627
0.9279926965651033, 0.22526567299071207, 0.06670126087910107, 0.03760321290885405
0.9164669633687094, 0.2499389504585765, 0.08439571627671436, 0.0434842597580877
0.9073376697478033, 0.27221204362008633, 0.09339315829896487, 0.045170265991627455
0.927022709117882, 0.23522243623482378, 0.07140546440427357, 0.040439618929294166
0.9234280497546502, 0.23949738316092908, 0.07386510272221841, 0.04100279403653294
0.9389478489101906, 0.2046497049904253, 0.056393835808817926, 0.03594293255969037
0.9270797672030127, 0.22672615553631137, 0.06660100773482763, 0.03918833597442435
0.9258815474152687, 0.2348643549052776, 0.07031230871588323, 0.03950864540450162
0.9420289855072463, 0.1938397579095853, 0.05549063228049884, 0.03638015351014296
0.9364372931644414, 0.20311806881910824, 0.05992772321306709, 0.03582389219111856
0.9263380120963141, 0.23400231711780733, 0.06809282842036506, 0.03711906176103982
0.932272052949903, 0.21446437794861545, 0.06586782548939311, 0.03811397719975866
0.9235421659249116, 0.22749717051987436, 0.07378935828730096, 0.04069688917799737
0.9146411046445281, 0.25484910806640404, 0.08362260175175626, 0.041766393337266165
0.9254250827342234, 0.22501276822903554, 0.07123596126324494, 0.038933689622038505
0.9456236448704781, 0.17857103500094942, 0.053559181901069355, 0.033951441214684214
0.9174940089010613, 0.23831498471817741, 0.07966001920985032, 0.04119202330835159
0.9015177450644757, 0.2817864248415365, 0.0959957951607268, 0.04644161081982658
0.9381490357183613, 0.19686980544033209, 0.05917914455005866, 0.03526626772649378
0.9190916352847198, 0.23441163283921937, 0.0809688044931395, 0.04163893872119463
0.9330708661417323, 0.21131379570056397, 0.06291896385500516, 0.03593470124544147
0.9384913842291452, 0.19325472302942992, 0.05940731575768114, 0.036356984891242276
0.9032865457035262, 0.2762149846136096, 0.09047169459769132, 0.04365739017141831
0.9495606527444939, 0.16718659064483188, 0.04610228274673851, 0.0310807923240956
0.9349537829510441, 0.20600750454328165, 0.05824476265833697, 0.035784319078974475
0.9463653999771767, 0.1770696813913888, 0.05248002639417383, 0.03495365604964921
0.9453383544448248, 0.18431650414797618, 0.05423245206274731, 0.03577679136947666
0.9507018144471071, 0.16909302013565883, 0.049959224955652796, 0.03402189764635312
0.9412301723154171, 0.1854530459344383, 0.0534631196788465, 0.03491904859490322
0.9460801095515234, 0.1761218925943218, 0.05112843198806885, 0.03370177872355527
0.9362090608239187, 0.19773550884269087, 0.0602422244514031, 0.03515172925513755
0.9414584046559398, 0.18635913730584486, 0.05567041019543786, 0.033499594391902386
0.9479630263608353, 0.1679255262277661, 0.047431562288850586, 0.031892677333412736
0.9354102476320895, 0.19588098665491985, 0.061049559272321176, 0.03587776016280055
0.9508159306173685, 0.16043487337370368, 0.048525148050147314, 0.03179498332343712
0.9325573433755563, 0.20050592866633185, 0.06501315384400502, 0.037485714391225736
0.9343832020997376, 0.19427839605718442, 0.0644083017986532, 0.036319990577042736
0.9479059682757046, 0.16305767605088176, 0.04968012626400885, 0.03225217006102285
0.9331849823119936, 0.19862682501363582, 0.06328759077647644, 0.03587215603882179
0.9447107155083876, 0.17188767782281328, 0.050736451635453, 0.03314488865231145
0.9587470044505306, 0.13886065601482117, 0.04042276850333472, 0.029298542088987085
0.9465365742325688, 0.1716891295412865, 0.05068275770145407, 0.03181735730196391
0.9398607782722812, 0.17947896098303878, 0.058177006262816945, 0.03416023881705676
0.9419148693369851, 0.17760952350972065, 0.055906662476645934, 0.0334071811223768
0.9489330138080566, 0.16209016060296152, 0.04823558249736807, 0.031188635723103302
0.9509871048727605, 0.1584702332301888, 0.04624971222210535, 0.030252275340508162
0.9566358553006961, 0.1408038299322431, 0.04315247609516835, 0.029533243153632118
0.9475636197649207, 0.1677817290875066, 0.04836747650101988, 0.03124543144403049
0.9520712084902431, 0.1533199620195977, 0.045144685051337397, 0.03065077648872511
0.9525847312564191, 0.14818733387099048, 0.044760849518002556, 0.02972257168625863
0.9462512838069155, 0.1624317527258416, 0.052035842346434616, 0.03205305040336615
