acuracia,loss,frr,fpr
0.057229259386055005, 2.312714686258245
0.0968846285518658, 2.381709836755838, 0.8963010410265623, 0.47986989205446995
0.11850964281638708, 2.2694845705506848, 0.8889722308356531, 0.46631818597015323
0.13397238388679675, 2.2053980237474784, 0.8364853480259339, 0.44356949912706295
0.3277416409905284, 2.1556224278849743, 0.6717770789002142, 0.22008839913846084
0.39164669633687094, 2.129581631869197, 0.6039147524130208, 0.19204445461495698
0.36990756590208834, 2.0327968932879537, 0.6447161234306553, 0.19394551612344563
0.40545475293849137, 2.0363377249568724, 0.6420299676139064, 0.21280336464535168
0.26035604245121535, 2.1512331961361117, 0.712660000080787, 0.2608509189770217
0.313077713111948, 2.2090708706377034, 0.6968787413454434, 0.21923862997912333
0.28489101905740044, 2.236300336645303, 0.7379801015325829, 0.2677311669106895
0.22007303434896724, 2.185527839978155, 0.809283851970568, 0.3291801406444466
0.36374529270797673, 2.161820930207849, 0.6455819768210068, 0.1884689558369035
0.3388679675910076, 2.2179911419040166, 0.6550230835737144, 0.21793623348554644
0.3472555061052151, 2.1805940768319587, 0.6452377570195792, 0.22208079788138935
0.20774848796074405, 2.188308814522013, 0.8116829382274967, 0.32228002202878364
0.23816044733538744, 2.203830524420311, 0.7715033350826538, 0.25096661083368627
0.3890220244208604, 2.114630254738192, 0.6075561579070317, 0.1818548270561651
0.1073833162159078, 2.205689177133035, 0.9036792643822997, 0.44174250226671524
0.2122560766860664, 2.1930632209663563, 0.7821690042759872, 0.29834807070267205
0.18258587241812166, 2.1019098699521384, 0.8308768761414075, 0.3262922370841013
0.24044277074061393, 2.183048696036645, 0.7708660312105415, 0.2572286225768413
0.22868880520369736, 2.1317067047946465, 0.7839397368071819, 0.2394947088756864
0.11457263494237134, 2.209525822117137, 0.8957420211913316, 0.4380600079801199
0.2505420518087413, 2.0872224977499925, 0.7648487808324269, 0.2912931885956086
0.31016775077028413, 2.0569432925806597, 0.686352460065806, 0.21654986394958123
0.18772110007988133, 2.1434848245510048, 0.815710113474202, 0.30734093886704617
0.15525504964053408, 2.136978321936282, 0.8659140307930048, 0.36427050057628374
0.1744836243295675, 2.234212859701542, 0.8480735255366282, 0.3399665788130128
0.2454638822321123, 2.117036332792171, 0.7422603530535675, 0.2774948512163201
0.2733082277758758, 1.9758528851760817, 0.7305631624346607, 0.2297858445633616
0.32032408992354217, 1.9816011586078264, 0.6724008623305112, 0.20558812170000348
0.4092776446422458, 2.0141397577013365, 0.5958120234100002, 0.17903652007318271
0.2573890220244209, 2.0436865790418386, 0.7176976685660836, 0.24471733123848577
0.23564989158963826, 2.0258122866561554, 0.7059773086931654, 0.25987812846337954
0.33242040397124273, 2.041661317858891, 0.6503052397265267, 0.23645235231814546
0.297158507360493, 2.0735795151679928, 0.706548274328231, 0.23813265795534236
0.4023165582563049, 2.0481264792007763, 0.5948714855161743, 0.16322265214688958
0.44248545018829166, 2.0947087407792306, 0.5427393686490146, 0.15880172695447395
0.24209745520940318, 2.115447413822049, 0.7784604453454859, 0.28183270812184763
0.364544105899806, 2.2275885770572015, 0.6073747942002573, 0.19545853646370767
0.21043021796188519, 2.2279067603771536, 0.7971425269515853, 0.3260746094459316
0.21819011753965536, 2.244180189533401, 0.7862721758891588, 0.2752754719890906
0.2307999543535319, 2.235453989106363, 0.7849675958882284, 0.3005819806137178
0.22024420860435923, 2.2704041297884956, 0.7780960294666281, 0.27300572557912756
0.13967819239986307, 2.3185104274401502, 0.8577921554252836, 0.3699583651252878
0.11565673855985394, 2.3152666612668873, 0.8933281772827733, 0.4649647067158031
0.17476891475522083, 2.1934194592298826, 0.8504166973482593, 0.37718748738339103
0.2443797786146297, 2.208172612690591, 0.7686789415151035, 0.2787168501691167
0.23781809882460345, 2.2549284950764257, 0.7682588912087138, 0.24718710897269774
0.17442656624443684, 2.1440210637063535, 0.8431735226452418, 0.30034106464793375
0.23485107839780897, 2.1747581707238197, 0.7884016303985001, 0.24057180758661395
0.2615542622389593, 2.1053650655132117, 0.7255729955876065, 0.2549074491520575
0.16643843432614402, 2.1847590835864694, 0.7725437756962971, 0.3195091008749069
0.31769941800753165, 2.099395351072268, 0.6622421365250623, 0.2377278199321651
0.10589980600251056, 2.1975862508996578, 0.905045023812254, 0.4463042289995755
0.24135570010270455, 2.2461434660553183, 0.7452014078412348, 0.296228723067354
0.2020997375328084, 2.230223756415733, 0.8163916303976456, 0.2976842479156276
0.1897751911445852, 2.219984083337271, 0.8004781848584236, 0.3452608722754057
0.21801894328426338, 2.268324912369802, 0.7881616361634868, 0.281251057347175
0.11702613260298984, 2.244396767693269, 0.8921261098834532, 0.4704553040480836
0.16061850964281638, 2.2608932034958173, 0.838921859473339, 0.33323625257751066
0.11759671345429647, 2.329553697290968, 0.8432741221360108, 0.4344930910453376
0.11959374643386968, 2.3749833279625676, 0.8748070202249468, 0.32602876788729857
0.18560995093004679, 2.166608013580831, 0.8207125764913529, 0.379165259130779
0.12016432728517631, 2.224429989254231, 0.8892728748874136, 0.4523303613354911
0.2747346799041424, 2.12408453444429, 0.7540504205114887, 0.2221418310286441
0.17608125071322606, 2.2382834364354958, 0.8294514303526216, 0.37840888471309725
0.1258701357982426, 2.243906071807279, 0.8370428834046664, 0.3666139702861681
0.27787287458632887, 1.9487814428932002, 0.7388961284862734, 0.2483759062012037
0.3634600022823234, 1.9286145595237434, 0.6134001806252564, 0.2022469766436317
0.32095172885997947, 1.9517110159009963, 0.6647207530991701, 0.2145592749469432
0.30166609608581535, 2.101508133714498, 0.6958056924279226, 0.22670808093531444
0.24010042222982997, 2.187511615661757, 0.7497409827168963, 0.32792810426577
0.15805089581193654, 2.123267449180952, 0.8479492504008385, 0.40051364245835347
0.25710373159876754, 2.078770392815517, 0.7585239765081783, 0.2539135165042402
0.338468560995093, 2.039942695842028, 0.6520282735225469, 0.1994220596747246
0.22127125413671117, 2.0482680519449104, 0.7844140700345387, 0.3233200985388451
0.3381832705694397, 1.9760020817712358, 0.6320507475470725, 0.25285636026894875
0.3731028186694055, 1.9685993735191418, 0.6206280987331351, 0.2079950610607953
0.35735478717334246, 1.9436306939078265, 0.6314350842854338, 0.17573824763573775
0.38103389250256764, 1.999103172856842, 0.6178765107403199, 0.18454552012052716
0.15040511240442772, 2.3561525163664254, 0.85602591788018, 0.4000608868584366
0.3028643158735593, 2.0466675594301105, 0.7047261870330487, 0.22383120838341938
0.20438206093803493, 2.1001050368803327, 0.7826860390317286, 0.28074562876604564
0.25567727947050095, 2.078562988077793, 0.7652416560916949, 0.23563552261083437
0.19473924455095287, 2.1575362500545983, 0.844424666498981, 0.301997406395329
0.3513066301494922, 1.854291368089255, 0.6659436790693025, 0.21479449979594312
0.38685381718589523, 1.8338660625008623, 0.617647433876831, 0.18675381326483745
0.19519570923199817, 2.056709907880102, 0.7931796412348648, 0.2921852546687811
0.2956179390619651, 2.0416252654150826, 0.6767014838073633, 0.23668093848359753
0.31570238502795844, 2.0367404661616084, 0.7015559694093667, 0.22777040726024197
0.2509414584046559, 2.0524023562537117, 0.7658192145958114, 0.28025121626094496
0.24957206436152002, 2.1140081037822602, 0.7371161277077127, 0.2661472073706166
0.3668264293050325, 2.1040827124736143, 0.6588988874741433, 0.1850013787224685
0.29795732055232227, 2.1826998944915377, 0.7097769407800315, 0.24320464838708666
0.19091635284719846, 2.243232920162212, 0.8254519317730797, 0.3158014571632336
0.22269770626497776, 2.204420689546557, 0.7955855739099776, 0.3178925115799831
0.25413671117197306, 2.1593720905247253, 0.7762932082534306, 0.26663577871528826
0.3696793335615657, 2.0685557127338994, 0.6351001323469067, 0.19068753788128748
0.317300011411617, 2.1077601414870606, 0.6688158992378989, 0.21726153212441038
0.10356042451215337, 2.3043886731370975, 0.8630221543549834, 0.2977994617888131
0.24974323861691203, 2.2706004255005423, 0.7766725838855622, 0.2739934022660579
0.23148465137509985, 2.3280616198910518, 0.762317142144713, 0.2934369268290624
0.22070067328540455, 2.2168700671639465, 0.7973937344960279, 0.2832935015780534
0.4605158050895812, 1.9934234599993406, 0.5274121948502363, 0.16792363800139973
0.4108752710259044, 1.9662885370148953, 0.5576148178893519, 0.16879939959316262
0.43067442656624444, 1.8820843837970769, 0.5257477443128794, 0.1917465064178453
0.4237703982654342, 1.9440150405124594, 0.540437005975162, 0.19661563572393517
0.3571836129179505, 1.892238538381948, 0.6074700702980418, 0.2132916949273057
0.49132717106013923, 1.8804676050017797, 0.5281009525396424, 0.18471631656911094
0.3872532237818099, 1.8709963171990593, 0.643820856845083, 0.20609043433576896
0.37082049526417893, 1.9936905697601972, 0.6509815380012572, 0.2282796116503429
0.37064932100878695, 2.0016706998892655, 0.6059568289494137, 0.18743582455895114
0.4358667123131348, 1.9304447431862524, 0.5547035836517258, 0.1645443190951246
0.4642245806230743, 1.9935473828137253, 0.5458653396133268, 0.17395525586905886
0.4177792993267146, 1.9265645015094155, 0.5371704122637532, 0.15484260556786197
0.4156681501768801, 1.8509196118345057, 0.5929627388183172, 0.1743330325563253
0.2889421431016775, 1.9094021606599034, 0.707012562807917, 0.22491680589308627
0.4594317014720986, 1.7723314776059278, 0.5226222241341419, 0.14606098333294373
0.41743695081593063, 1.7531470664081052, 0.5658825894433819, 0.1775726585933673
0.48801780212256074, 1.8917648667724902, 0.5022076038383746, 0.16352351087980124
0.38188976377952755, 1.905156858419292, 0.6260205367695929, 0.1726063790613867
0.4398607782722812, 1.743810379500396, 0.5511496341210391, 0.15973263462492426
0.48345315531210775, 1.6017093433884062, 0.5156509167178189, 0.14953981702668181
0.4705009699874472, 1.5517024715641148, 0.5350970453768337, 0.17149580363492006
0.5641332876868652, 1.814346801516374, 0.4098175852325176, 0.1250194597140213
0.30092434097911674, 1.9335894970320873, 0.7162734406219506, 0.24015476770741193
0.36996462398721897, 2.040662754273069, 0.6086025979487372, 0.19846738177140538
0.4247403857126555, 2.0482391245721834, 0.5891656341565921, 0.19654250790014277
0.3618623758986648, 1.9454490993374711, 0.6400871023528547, 0.18180613782068392
0.40539769485336075, 1.9053098993984026, 0.5744600541416371, 0.18702629944567972
0.28489101905740044, 1.9324764577300122, 0.6752464525227222, 0.24989477929712609
0.47945908935296133, 1.7072840895226158, 0.5298890205115036, 0.14429779948056
0.47032979573205524, 1.6717485001706702, 0.5415654916010865, 0.1522293402883057
0.3359580052493438, 1.7787645281238615, 0.6669410767112326, 0.22398858854611195
0.3153029784320438, 2.038487224903714, 0.689274515997056, 0.25269292682046746
0.3478831450416524, 1.8786534296722155, 0.6459498556095379, 0.21356242928320845
0.338810909505877, 1.9433400009261492, 0.6870084458905967, 0.24735678813014034
0.28426338012096314, 1.9956489821268273, 0.7478020521088387, 0.2514824649432367
0.3847997261211914, 1.9145371045857331, 0.6484791820856087, 0.19124134437413595
0.31279242268629465, 1.9369391126473798, 0.7174614748339928, 0.2027541219090181
0.31684354673057175, 2.0495693827075363, 0.6972216499289756, 0.24175607941697086
0.3683669976035604, 1.8957001170814956, 0.6389939875958003, 0.1885137697526819
0.479002624671916, 1.6429260814385804, 0.5299951078098365, 0.15293832688963543
0.3599224010042223, 1.9508228201266498, 0.6412042457210685, 0.19706800495557902
0.25345201415040514, 2.0265984883880312, 0.7256649180984182, 0.3377798503207198
0.35199132717106013, 2.071528676151209, 0.6398640060708902, 0.2335651666403376
0.3151318041766518, 1.91414504610729, 0.6952900361212818, 0.22802874841143506
0.21128608923884515, 1.998270610403718, 0.8120548877413687, 0.2845517808497251
0.3684240556886911, 1.8561526651416727, 0.6443000875222464, 0.17794023182422028
0.3202670318384115, 1.8915233720329054, 0.6903463292603267, 0.19331773801585247
0.49817414127581877, 1.6482960992407394, 0.5099554720833027, 0.13959278607043504
0.46045874700445055, 1.7538545903081588, 0.5473756889199427, 0.16998708027054524
0.3523907337669748, 1.759519327207881, 0.6403553669529154, 0.19016322098159213
0.49669063106242156, 1.6182672688742825, 0.49997301262320504, 0.1763136770982611
0.510669861919434, 1.6064666708922613, 0.5048699943444966, 0.14162348501701852
0.44436836699760357, 1.6615207057510435, 0.5650933757880021, 0.16823485644493935
0.5180874129864201, 1.6842851820743534, 0.446500380135405, 0.13296878391594097
0.5263608353303663, 1.629780649390651, 0.4519599763180143, 0.1340594894191889
0.4427136825288143, 1.848197014564713, 0.5601029449314106, 0.16518880437293376
0.33635741184525847, 1.991406570119726, 0.6826920929467508, 0.23410906832765763
0.29675910076457834, 2.0836025247165195, 0.7062645217450151, 0.2313642693988596
0.197763323062878, 2.1528465118797815, 0.7285888206166581, 0.28088893085472416
0.16974780326372246, 2.2166568215995515, 0.7694501037163548, 0.3083542591714348
0.17950473582106585, 2.2627715916036677, 0.7950641590427788, 0.3237228217263056
0.17459774049982882, 2.0718531617662017, 0.8261886435049267, 0.3668461387671369
0.34822549355243637, 1.9368896907518325, 0.6343275536847065, 0.20385540210041747
0.33572977290882117, 1.8488093569924078, 0.661822199718385, 0.23886590999186463
0.4984594317014721, 1.587273848525441, 0.4990150890563949, 0.16585051375498863
0.4671345429647381, 1.5499198266036038, 0.5131253832194358, 0.15785360855863959
0.4804290768001826, 1.6907892483704767, 0.4509115037246276, 0.14054189243484366
0.45732055232226404, 1.808520981676568, 0.5347128711343877, 0.1562350644856491
0.2906538856555974, 1.8653646636965557, 0.7191545711054232, 0.25401616460038134
0.447848910190574, 1.7196337574321114, 0.5489523469672021, 0.16222072166855903
0.37492867739358665, 1.5787736605629656, 0.6124905478515265, 0.1886016448886663
0.44899007189318724, 1.5284928242209077, 0.5174355954954345, 0.16394375797203256
0.44996005934040856, 1.746894343121335, 0.5554072377379587, 0.2070378539446792
0.3549012895127239, 1.8938402502514735, 0.6463895242285193, 0.25214991301909795
0.3737875156909734, 1.9168486832538505, 0.6614748476620079, 0.20454305065561368
0.4276503480543193, 1.9186689898696485, 0.5791020036055621, 0.1645311577906443
0.39347255506105216, 1.8101504947290863, 0.6275594278387582, 0.16920781275453417
0.5049069953212371, 1.6710121900329549, 0.5099935571700285, 0.16066425949605392
0.4515576857240671, 1.7149470135064535, 0.5585047168774881, 0.1648759928500413
0.4757503138194682, 1.7535582290696428, 0.5269070577491043, 0.1527714822979693
0.35193426908592945, 1.805023984928511, 0.6673988734761451, 0.21350637802031117
0.4212027844345544, 1.654930679063594, 0.589662244669363, 0.1877369409302151
0.45150062763893645, 1.647076479151112, 0.5632903500739345, 0.16775823583930988
0.4615999087070638, 1.6632125381055956, 0.551301212859996, 0.18684887994088972
0.47592148807486023, 1.593956052066664, 0.5330364653162836, 0.14851120745720697
0.41595344060253336, 1.8413707950432714, 0.592059308153722, 0.16856912518771577
0.2067214424283921, 2.0318633849784336, 0.7666230259858337, 0.2582470786258635
0.22286888052036974, 1.9880802779658586, 0.750484728577417, 0.2703706959884903
0.4519000342348511, 1.8213735802844548, 0.5356036845262454, 0.1456778504341936
0.4776332306287801, 2.0553238930447004, 0.5241153153041247, 0.16543418005027738
0.31416181672943055, 2.041849814456551, 0.6988789079516977, 0.21911794514261515
0.484251968503937, 1.958327083820678, 0.47523602509235335, 0.14093663027915018
0.40984822549355243, 1.773923054665691, 0.5375967983164361, 0.18125955522379578
0.48436608467419834, 1.5792010788890063, 0.5219215032541336, 0.15393688274488557
0.4756361976492069, 1.6198513255630278, 0.5412026737033212, 0.1595063991143545
0.4726691772224124, 1.6658440419259877, 0.542958988455534, 0.18117356350943156
0.47797557913956407, 1.8021511676362372, 0.5260098354055699, 0.16919350110016965
0.14150405112404427, 2.2960733859544202, 0.858504739779176, 0.3308026876701551
0.12364487047814675, 2.2993990127237423, 0.8426826677570475, 0.3041664525992056
0.09836813876526304, 2.347611768549332, 0.8950885778410241, 0.4801392311540249
0.13722469473924456, 2.4529823504441897, 0.8740748393880777, 0.3654133684492378
0.3033207805546046, 2.3203547499052783, 0.6788680519404454, 0.225523279043685
0.0968846285518658, 2.2862236546855206, 0.8963010410265623, 0.48094706109265944
0.23930160903800068, 2.152876625727073, 0.7675820124876602, 0.2762366285859343
0.20906082391874928, 2.172629080426267, 0.7975897334009017, 0.2732913083738209
0.1150861577085473, 2.2363384010162473, 0.8974754197233904, 0.4159928965640826
0.2875727490585416, 2.2206484475024797, 0.701733281366781, 0.2345135444644851
0.2906538856555974, 2.234142157376581, 0.736767497893844, 0.2651022951120151
0.22018715051922857, 2.1933582810578547, 0.7821894059474103, 0.2748269953033743
0.12130548898778958, 2.215938625060354, 0.8889174557746536, 0.431145391393106
0.09699874472212712, 2.3193921517403475, 0.8961944359388088, 0.47847778555574455
0.09985164897866028, 2.264302198213216, 0.9104912944083773, 0.4597367178159827
0.12906538856555974, 2.2779238195053644, 0.8735473302306292, 0.42171039933960697
0.17351363688234622, 2.277773883881994, 0.7904309980963646, 0.3317206825265005
0.15377153942713684, 2.566015575814435, 0.8538148099925066, 0.37758022187404766
0.17727947050096998, 2.2299265049914037, 0.8240229486002125, 0.3135842339118008
0.21071550838753852, 2.295734711777847, 0.7992262652672726, 0.3023670533052965
0.09916695195709233, 2.2637163921672023, 0.9109831918289851, 0.4634883878614059
0.10281866940545475, 2.2711151947472366, 0.906809176449951, 0.4602246983002053
0.1155426223895926, 2.2910129316699543, 0.8934096378097783, 0.47035015192512647
0.11611320324089923, 2.4885997357337724, 0.8930109368994097, 0.467580638180685
0.20170033093689377, 2.354898119481557, 0.8167789944340308, 0.29824989720848843
0.22532237818098824, 2.2069464477246092, 0.7906621231157448, 0.2832382711529753
0.1571950245349766, 2.262395278648142, 0.8187251200929073, 0.3106906315913559
0.09916695195709233, 2.3283513023553204, 0.9109831918289851, 0.46580526346505075
0.1010498687664042, 2.296945524585719, 0.9100121468640953, 0.45582319495915397
0.1155426223895926, 2.308233190750023, 0.8934096378097783, 0.4689181030956636
0.1715736619879037, 2.3992416812624544, 0.8332484755472217, 0.39433849510234403
0.11565673855985394, 2.5092305869500033, 0.8933146642836487, 0.46816338189965306
0.21933127924226864, 2.2681157439453994, 0.7841729301620417, 0.29917453356696916
0.12855186579938377, 2.228449781960199, 0.8796572103126187, 0.42674832921546246
0.23119936094944654, 2.2064159766160962, 0.7437613333704484, 0.2696993429779503
0.19023165582563048, 2.2984624164814305, 0.8131998035145621, 0.2937719101232428
0.12655483281981056, 2.209434132345814, 0.8835283972508299, 0.40478095486150145
0.11017916238731028, 2.3102228330053123, 0.9006675172350052, 0.42207525492947284
0.15491270112975009, 2.254591224054271, 0.8442643592569106, 0.31712610843794775
0.2443797786146297, 2.217608086678939, 0.7625757736559083, 0.2691095357682706
0.24626269542394158, 2.267239522637399, 0.729133854232988, 0.268011239012145
0.18167294305603104, 2.061901439376227, 0.7878134191156225, 0.278889468287406
0.14977747346799042, 2.1675850120286455, 0.8595501030578286, 0.3569515570430373
0.2454638822321123, 2.174121596504942, 0.7509066134632248, 0.27775902747021963
0.18053178135341777, 2.279508982185739, 0.8147767173372168, 0.30372968981464
0.10510099281068128, 2.46826218851323, 0.8593169517841643, 0.4163202147202808
0.10201985621362547, 2.2698448182383477, 0.8614733331818122, 0.45630477183419577
0.19045988816615314, 2.115306748186741, 0.8073246964325942, 0.29395964914133554
0.2931073833162159, 2.056544708730178, 0.7178933983714713, 0.23388361447979153
0.3193541024763209, 2.0180011699355576, 0.6870456483418942, 0.21876155648786486
0.2934497318269999, 2.142491081153287, 0.6948490970178711, 0.27556786984322856
0.29875613374415155, 2.0148618359224555, 0.6386380703532508, 0.20242490300288882
0.18948990071893188, 2.021982479851145, 0.8249846708053621, 0.3148509457763023
0.369451101221043, 1.9533224310196657, 0.6439628573338609, 0.19959173489661308
0.48202670318384117, 1.7278539177443113, 0.5045106378814774, 0.14504515361569878
0.3636311765377154, 1.7821219480603603, 0.6389367429276741, 0.20262316968609773
0.29521853246605045, 1.9932584395545212, 0.7086475548868495, 0.24457585823591557
0.3651717448362433, 1.9328766745321422, 0.6423184744752894, 0.20400145774711592
0.40613944996005935, 1.9630754617173882, 0.5812121823165792, 0.17866318223369718
0.3052607554490471, 2.02686029163844, 0.6718336745762821, 0.20376528439844266
0.29036859522994407, 2.0342419249519264, 0.6445261709700362, 0.225128570155909
0.2846627867168778, 2.0840130153276952, 0.7107353044977547, 0.2547403080051426
0.2795846171402488, 2.1163770065083973, 0.6817239558241881, 0.2615804568552541
0.17476891475522083, 2.2070266372956437, 0.8399398931832197, 0.34513322201475943
0.12102019856213625, 2.205638886559136, 0.889058279665418, 0.4102935776162776
0.15428506219331278, 2.1385023616212666, 0.8453448856866618, 0.2917964518606088
0.29904142416980484, 2.1009661074671233, 0.6669035185631776, 0.24955786033453226
0.3214652516261554, 2.2238637506825785, 0.6562294486573806, 0.20902939923760006
0.26532009585758304, 2.1734927615917505, 0.7399325933283192, 0.23482832060426367
0.28414926395070184, 1.8728432141896538, 0.6886248666462111, 0.2517237225069033
0.4199475065616798, 1.747580552038558, 0.5493431981446167, 0.18761800089830755
0.32266347141389934, 1.9042383901002022, 0.63726273734648, 0.1952223115355693
0.2636654113887938, 1.9793108073758792, 0.6622307821933628, 0.21592992146680418
0.270740613944996, 1.924994098787151, 0.7044628741145176, 0.2205406026365714
0.23308227775875842, 2.0440469682182636, 0.7407315348277387, 0.3171609451951044
0.21345429647381034, 2.142358982167151, 0.7933871816973999, 0.2967028415267447
0.2411274677621819, 2.204227963287537, 0.7425513047861415, 0.2467422975830143
0.28346456692913385, 2.0677723216504442, 0.7227714675974577, 0.22081157413267943
0.44374072806116627, 1.9658123921629747, 0.5241292355612576, 0.16028567242521552
0.36876640419947504, 1.9255485923665987, 0.5957996382741918, 0.19103167011187125
0.27713111947963026, 1.9910599953927202, 0.7320635329836399, 0.25467209174819083
0.2565902088325916, 2.007368180562845, 0.7318274487077272, 0.25421866696062734
0.3967819239986306, 2.055998519860513, 0.5808309958585872, 0.1544225571359542
0.2690288713910761, 2.0681348307946497, 0.7026930337296128, 0.2605392391370961
0.28129635969416866, 2.044225400908685, 0.6921935748695945, 0.23003324862374336
0.1641561109209175, 2.104722411933452, 0.8005585444932541, 0.3114480790877263
0.3137624101335159, 1.9954256461891806, 0.6587298388332391, 0.18927015650423915
0.2738217505420518, 2.1259589423385643, 0.7029240626609676, 0.25129132720423397
0.17585301837270342, 2.0168567523215715, 0.8335784772841143, 0.3210642771013362
0.22258359009471643, 2.0540233054662234, 0.7812781327970076, 0.31295540384663184
0.22931644414013466, 2.0392200321955563, 0.7799219195344337, 0.26250446817126377
0.23838867967591007, 2.1199545198334118, 0.7542173659092412, 0.31577759955399987
0.2961885199132717, 2.1735938224062776, 0.7156041938421663, 0.21613731416765664
0.25830195138651146, 2.153138806249104, 0.7468886195689038, 0.2142716827106196
0.27850051352276617, 2.198483753895414, 0.7054327927911944, 0.25132293888116647
0.2337099166951957, 2.165834072571319, 0.7352573779407614, 0.24506375575063727
0.2423256875499258, 2.2291649347786544, 0.7293243115814487, 0.2761312599978065
0.19793449731827, 2.220480032616332, 0.8096169319675739, 0.30901546554222925
0.2503708775533493, 2.2522679389332523, 0.7337278358860213, 0.26177094058947253
0.2389592605272167, 2.0939010282323522, 0.7361695635014998, 0.2460700841021991
0.2113431473239758, 2.042034811537845, 0.7755439316165886, 0.24754701905912976
0.10487276047015862, 2.301884122380761, 0.9061287977600251, 0.4046328039172851
0.12238959260527217, 2.3391263731386, 0.8850382425977127, 0.40254887226971564
0.09916695195709233, 2.3356093485633167, 0.9109831918289851, 0.4641582309839102
0.15451329453383544, 2.305174850919646, 0.8513573401037813, 0.3784736494617442
0.3102248088554148, 2.150991981655009, 0.6745147356257519, 0.22973173817955594
0.28289398607782723, 2.2012704025116956, 0.724360231510069, 0.22465306096308213
0.37492867739358665, 2.021846347447333, 0.6280251991828869, 0.206133720682451
0.40887823804633117, 1.9388265978639752, 0.5973092268972651, 0.22654086492465839
0.42850621933127925, 1.7979722087797911, 0.5678555308540792, 0.19190037013702296
0.4475636197649207, 1.6672154633806786, 0.5587284299713043, 0.18310541399779448
0.45075887253223784, 1.5831319010534557, 0.5037466387318987, 0.16128128063965477
0.5636197649206892, 1.373031172615289, 0.40534719323348506, 0.12174973724494356
0.6525733196393929, 1.2137510365135156, 0.33784167492935524, 0.10174937761949947
0.6351706036745407, 1.0775428760635666, 0.3656785326907675, 0.11954068731995283
0.609893871961657, 1.17960495104911, 0.38432753133597425, 0.12476235943666585
0.6721442428392104, 1.0164634673617603, 0.30804142594882383, 0.09759852496165025
0.5846741983339039, 1.3830816213070878, 0.3838040725944849, 0.12471877986937675
0.682528814332991, 1.233183962155338, 0.30864052034303596, 0.10117138807514468
0.5766290083304805, 1.4188386184122688, 0.39741141399517005, 0.12713569631049987
0.557058085130663, 1.4012815543841204, 0.41271029606863563, 0.14186634220376895
0.6207349081364829, 1.3562842383309068, 0.3647718227694001, 0.11492288178735664
0.540796530868424, 1.3704497948787153, 0.4761195947680578, 0.14902290238205926
0.5343489672486591, 1.24660582184914, 0.4621263420320849, 0.15287790891644454
0.6689489900718932, 1.0592239271842168, 0.32265543621425435, 0.1060601508960402
0.6114914983453156, 1.0487324915776157, 0.4069891663399034, 0.1230737960126534
0.7074061394499601, 1.0952263714459325, 0.2821847636669962, 0.09609187235296944
0.6656396211343147, 1.335966774614165, 0.3367191002415461, 0.12173867295025739
0.651032751340865, 1.2749384882917596, 0.3263469407830473, 0.10742313465528965
0.6858952413557001, 1.4356938096641827, 0.29057077394714637, 0.09998942656694405
0.5409677051238161, 1.2867324234711366, 0.43282401881706556, 0.13459948364864144
0.5453041195937465, 1.2212505916642173, 0.4575880880566323, 0.14300294652536047
0.6640419947506562, 1.055599032361224, 0.3297565881079002, 0.10170405188955108
0.6832705694396896, 1.0294698433620866, 0.3073575663959367, 0.09882315255457458
0.6777359351820152, 1.0361497715425032, 0.30758744509152136, 0.09262683788169572
0.6938263151888623, 1.0541700775746028, 0.293367670347607, 0.09670687301624462
0.6233595800524935, 1.1702520896404434, 0.3769174689389653, 0.11705262036105918
0.6821294077370763, 1.1030288658756433, 0.30188198899453533, 0.10108574664795751
0.6781353417779299, 1.0503570007821998, 0.31986458286539393, 0.10027523493122285
0.7083761268971813, 1.122730008313186, 0.27761335630568695, 0.09467700370339394
0.6201643272851763, 1.4341768156267336, 0.38090575098577356, 0.11792248624983105
0.5334360378865686, 1.3581591387559164, 0.4719489678775114, 0.14520861952002953
0.5744608010955152, 1.4690392566274102, 0.4213085683627268, 0.12470520517030774
0.6116056145155768, 1.4236031275174124, 0.3713759508100056, 0.1176709154304446
0.58347597854616, 1.1755398685248846, 0.40989248899588243, 0.13006150435000777
0.6065274449389478, 1.3328684987297317, 0.3633246534746824, 0.11243649612565611
0.6152573319639393, 1.3387955151320619, 0.38334850063874965, 0.1338194696049408
0.4430560310395983, 1.4983210705036198, 0.5277111412019716, 0.18736305692878294
0.5697820381148009, 1.2474010151717525, 0.43663971134411117, 0.12824548371622846
0.540625356613032, 1.265364216270103, 0.47759717275288177, 0.1391535913771813
0.5147780440488418, 1.3713326310881548, 0.48842396221687423, 0.16857070561075946
0.6257560196279813, 1.1896679808922273, 0.36024266029261515, 0.11792788266999575
0.599908707063791, 1.085112296285442, 0.41025107678891864, 0.13398533154796893
0.6150861577085474, 1.1749268073997146, 0.3784366162102592, 0.11233317995117524
0.5978546159990871, 1.1631043668201657, 0.3921464055121334, 0.12823138199775047
0.630035376012781, 1.1397039142952625, 0.3553768698022427, 0.10844063938793348
0.5983681387652631, 1.1371648926438807, 0.42146666417720674, 0.11853591795309613
0.6573661987903686, 1.028044400446548, 0.32240100362785973, 0.10296102930473075
0.6586785347483738, 1.0488480054722908, 0.3355521636716639, 0.11090064144266396
0.6873787515690973, 1.0723046261392526, 0.3153665257640899, 0.10431819694427004
0.6847540796530869, 1.1159899836973854, 0.3049507714522226, 0.09441286313321783
0.573833162159078, 1.154953879677163, 0.39210177983439415, 0.12753018920609707
0.6933127924226863, 1.0337710997767167, 0.2820909099208154, 0.08958988305066988
0.7044391190231656, 0.9502198146125823, 0.2812929652942174, 0.09427166282837982
0.6961086385940888, 1.1239161130708741, 0.2942189189327821, 0.09449286472758872
0.5209403172429533, 1.2636656596794134, 0.4816445308242884, 0.1590520260502916
0.604302179618852, 1.1641548822476524, 0.4152710643652223, 0.1270029447799728
0.6247289740956293, 1.062010561508953, 0.3914140382310705, 0.11795756502413486
0.6434440260184868, 1.0265066268852037, 0.3351195079880961, 0.10618498710129329
0.6106926851534863, 1.070614296508906, 0.3979471944490222, 0.1251254082613037
0.6850393700787402, 1.164486665641297, 0.2942412322367239, 0.09697254320959253
0.7051808741298642, 1.340575257913307, 0.2767693018646076, 0.09264181272658362
0.5748602076914299, 1.3218498594797896, 0.4073405844744738, 0.12139731634798233
0.6121761953668835, 1.2156739202479474, 0.405974592659932, 0.11396036374354866
0.6041880634485907, 1.2937318006107201, 0.40516526107952294, 0.1317563871963284
0.6470957434668493, 1.3672548034624274, 0.34680895517862426, 0.10716038051963386
0.6368823462284606, 1.2902325503523866, 0.38585803187697176, 0.11798784711313672
0.5845600821636426, 1.1252913739594725, 0.4346659570844253, 0.1168741355025527
0.6418463996348283, 1.0889440083390132, 0.3656961861469018, 0.10815945885746417
0.5954011183384685, 1.1930246040757273, 0.42362335760546344, 0.15113108633541572
0.6028186694054547, 1.2177325632900569, 0.3955388318430394, 0.11921678156084474
0.4904142416980486, 1.343759363180261, 0.5079694712931152, 0.20038838733238196
0.6450987104872761, 1.1636486789750464, 0.3528648281836412, 0.11213242184117861
0.6238731028186694, 1.2582594726430654, 0.3720143990444806, 0.10989665015506668
0.5443341321465252, 1.3583998683583691, 0.4291793349742385, 0.12456028920946836
0.5504964053406368, 1.2560687195137696, 0.44189344790596125, 0.13355143030541422
0.6206778500513522, 1.082754720773998, 0.3643096212949236, 0.12278120333599318
0.6656966792194454, 1.086335995089691, 0.3275585829786189, 0.103140744823241
0.6509756932557343, 1.153779951558597, 0.3329256386250739, 0.10465733958997572
0.6857811251854388, 1.1904931704716828, 0.29944858787472395, 0.09546138198908016
0.6618737875156909, 1.345246969376486, 0.3342020860370908, 0.10736984943057364
0.5705237932214995, 1.2030462550049732, 0.4493723160398291, 0.13359667614564874
0.5854159534406025, 1.2478837330945616, 0.413204804443554, 0.1409064896087325
0.5750884400319525, 1.2455187256846623, 0.44445005374442165, 0.13760756217525788
0.6254136711171973, 1.3713838278526287, 0.3875140718321283, 0.1163298499138483
0.5677850051352277, 1.250157078216878, 0.45419363155578796, 0.12600664449282223
0.5655026817300012, 1.2933837849492489, 0.4527162968138908, 0.13611377044756118
0.5669291338582677, 1.1863347738062997, 0.4381207066863934, 0.13136864705858395
0.5979116740842177, 1.001522756775438, 0.4122100772209885, 0.12858554023587762
0.6289512723952985, 1.1696629616906216, 0.38679023926059963, 0.11338315366254996
0.5844459659933813, 1.1762090044549498, 0.42394492796909167, 0.1338434420449968
0.552322264064818, 1.2989399753171709, 0.41467987399393447, 0.1373960033088664
0.0925482140819354, 2.307120002473746, 0.9153062627584135, 0.38990248823481205
0.0968846285518658, 2.3761598223504254, 0.8963010410265623, 0.47812885474651085
0.1838982083761269, 2.225134134496658, 0.8041059811286185, 0.3206597731042592
0.29402031267830653, 2.2230972919537026, 0.690899128131418, 0.23002033996598797
0.3382403286545704, 1.9962496308891058, 0.652813804624699, 0.2136055091983883
0.3653999771767659, 2.002141911033543, 0.6157000150021761, 0.20770305801431715
0.5010841036174826, 1.6250672254723717, 0.4813550047102397, 0.14908166356722272
0.5464452812963597, 1.5697442449184635, 0.46627067964647634, 0.14208917235759547
0.6286659819696451, 1.3739068573650046, 0.35966268193020284, 0.12676244904292508
0.6418463996348283, 1.3544446886551649, 0.34764666385242804, 0.11097442758705342
0.6435581421887482, 1.2468583524753436, 0.3387031267456308, 0.11652680694476726
0.6399634828255164, 1.2115671404669386, 0.35078742365154725, 0.12629826736526711
0.6662102019856213, 1.0405744587203132, 0.31507410686127113, 0.10170744057439289
0.6744265662444369, 1.0053334371408384, 0.31688246118517543, 0.10468725138118451
0.6899463653999772, 0.9451295970088337, 0.29159038836172907, 0.09892284648737418
0.5609950930046788, 1.1335866253091418, 0.4221992815645146, 0.16871176703257912
0.6283236334588611, 1.1336143915110508, 0.3489368312728416, 0.12268819003777214
0.7255506105215109, 1.2287655764929062, 0.267169112975407, 0.09405841985818872
0.6868081707177907, 1.284504251973985, 0.3047600259605924, 0.10156848648491042
0.5903800068469702, 1.1753785573069355, 0.41388286001405655, 0.1298606084167889
0.5846171402487732, 1.1187115509917913, 0.4057158621840263, 0.1384202083448153
0.7366198790368595, 0.9284351010004771, 0.248244950910297, 0.0908058807099043
0.7703982654342121, 0.8270303534840586, 0.21883140251573915, 0.08019727146472341
0.7050096998744723, 0.9367671198458496, 0.28655551186903067, 0.09338428269312456
0.6771653543307087, 1.072858693660569, 0.31649454508062064, 0.10557153292835168
0.7468903343603789, 0.9134568179994023, 0.2404535620679028, 0.08577765388682224
0.698276845829054, 0.8902702668808637, 0.29748465479892433, 0.09775972224723324
0.7194453954125299, 0.8779696622438509, 0.26109888925796715, 0.09219835377529359
0.6929133858267716, 0.845323297839931, 0.2971415502024262, 0.09491425624392617
0.8158165011982198, 0.7420150947582874, 0.17690482657685253, 0.06991606044036634
0.7490014835102135, 0.7906518695882592, 0.24242899283037603, 0.08408095472191415
0.6695195709231998, 0.8580432702635985, 0.31426900467562846, 0.11573996263176142
0.6577656053862833, 0.8992686670478236, 0.3226172227038227, 0.10604891481335031
0.7255506105215109, 0.8292834373888401, 0.26287810931820454, 0.09815219265550093
0.733995207120849, 0.8689442510385771, 0.2536865683367368, 0.08271734409453911
0.6992468332762752, 0.9794492598291021, 0.290456548999251, 0.09456608607667437
0.6733424626269542, 1.0078878474869126, 0.305243940142782, 0.11571090000946269
0.7474609152116855, 0.8826854870069364, 0.24164103691433464, 0.08117048231645657
0.5960287572749059, 1.1236818010752894, 0.39459209988108324, 0.1463010027163292
0.6636425881547415, 0.9294583720024231, 0.32887746225376985, 0.10274632170066808
0.6490357183612918, 1.0787364582581211, 0.34501800871172056, 0.10706418737740969
0.703697363916467, 1.3787930477710262, 0.298259952334597, 0.09629228183123892
0.5811936551409335, 1.300728234404518, 0.3900556940566093, 0.12055032130133427
0.4713568412644072, 1.276057571721964, 0.491009709703998, 0.16576912832439084
0.6756818441173115, 1.313674591916154, 0.32014105649903535, 0.09958734004966342
0.5851306630149492, 1.3627149198685935, 0.4273008229397441, 0.13112526429778942
0.5256190802236677, 1.2889731326510845, 0.48353104524464124, 0.14240456577726898
0.6315188862261782, 1.3316547200602373, 0.343981128395828, 0.11776902083043216
0.6321465251626155, 1.186178833352935, 0.3707617629444473, 0.1123938494734595
0.609038000684697, 1.4192233387124493, 0.39669406186724765, 0.13164836892150014
0.6269542394157253, 1.3949336169820445, 0.3573813636223438, 0.12300066657350026
0.4384343261440146, 1.4277436062880646, 0.5384883655992191, 0.1838305656605698
0.6501198219787744, 1.260788393793448, 0.31750120001855764, 0.10370735842835371
0.759386055003994, 1.0565272503618874, 0.2302231370066596, 0.08355955492634563
0.6926280954011184, 1.0821843231323238, 0.29341462328555074, 0.0994017199084202
0.6631861234736962, 0.9486120669238169, 0.327539051252586, 0.10683791314674593
0.7490014835102135, 0.9027400099041399, 0.24383718047440342, 0.08260735543255078
0.6991897751911446, 1.1079326268966974, 0.28260034771261827, 0.09420184966101922
0.4987447221271254, 1.5009196367721422, 0.48601412722174564, 0.16077901329800223
0.6141732283464567, 1.2533805568672867, 0.4042726915391325, 0.129578274429406
0.6441857811251854, 1.3099079874332373, 0.3356325978968364, 0.11295427099528696
0.6853817185895241, 1.205431439210349, 0.2971137520612424, 0.09583963540783
0.6241583932443228, 1.198590939058284, 0.36423393249757136, 0.1315541278281966
0.5717790710943741, 1.3605820356568394, 0.4028869688047053, 0.13707349701681065
0.6122903115371449, 1.2306159268084773, 0.3870408519533841, 0.12703876066925746
0.6810453041195937, 1.0593148759734912, 0.3332971156305106, 0.11312076014971942
0.687093461143444, 0.9394880024558753, 0.2993147231753726, 0.09629761432777934
0.7314846513750999, 0.9788650790558692, 0.2559183938211528, 0.09098193206475226
0.6832705694396896, 1.0746820013769056, 0.3101631502947337, 0.09827628917760803
0.6615884970900376, 1.075604746289297, 0.3200602176906023, 0.10041337084146826
0.6490927764464225, 1.0872081543033993, 0.3673594621018869, 0.11528844762400745
0.6488074860207691, 1.1396973477465016, 0.3495222142633587, 0.11134203185730604
0.5928335045075888, 1.1021535967914642, 0.4185594665343551, 0.15134366643844194
0.6894899007189319, 1.0304913405593836, 0.3065803737979949, 0.0986610526505289
0.6995321237019285, 0.9816944088323889, 0.30048130279595575, 0.10043522228291593
0.6675795960287573, 0.848095745234044, 0.3244700358887576, 0.10462967668968644
0.7737646924569211, 0.7958548053241199, 0.21967799824678688, 0.07872781081498346
0.6923998630605956, 0.9693100738483559, 0.2863573874037134, 0.0955590147060542
0.7365057628665982, 0.8590246002143797, 0.2724304268191078, 0.09063892134273611
0.7478603218076001, 0.899575248041797, 0.25387488215923265, 0.0867771945278625
0.7385598539313021, 0.9096638769957996, 0.25729168640060424, 0.0933863422507362
0.704210886682643, 0.8750417168746049, 0.2833196067400469, 0.09369583575311642
0.733652858610065, 0.8676029785159896, 0.2566395187435108, 0.08826816263612185
0.7437521396781924, 0.8432541401678673, 0.250796501627142, 0.0872653876654203
0.7444368366997604, 0.7957084480374218, 0.2471400820248057, 0.0901235208830446
0.7209859637110578, 0.8710464559929918, 0.272826609704987, 0.09093018438031134
0.744665069040283, 0.844232608639975, 0.24490176247218726, 0.08971705006890669
0.7569325573433756, 0.8042855065761908, 0.23048184296423824, 0.08467719445233014
0.7608695652173914, 0.8255393967968963, 0.23654141704235937, 0.08339519537691144
0.7583019513865115, 0.7635817557133748, 0.22364700825877168, 0.08090841515720185
0.7509985164897865, 0.7397377879200366, 0.24030868620834997, 0.08625548937728984
0.686922286888052, 0.8121755262208705, 0.2908967106867768, 0.09252631121843054
0.8111947963026361, 0.7604099454122919, 0.17898188787072342, 0.07095969954589137
0.7378180988246035, 1.0747184165244668, 0.24576619712003395, 0.0909093419229052
0.7270911788200388, 1.1059459473044582, 0.2675108556806879, 0.09399959876983151
0.590094716421317, 1.112044708375842, 0.42542818928338977, 0.14652649920220254
0.6157708547301153, 1.280745670884681, 0.37035715460899554, 0.12992254169690165
0.6927992696565103, 1.0626676768118914, 0.30380622623057535, 0.10642622101335443
0.6803035490128951, 1.0459872725213837, 0.32030247362283876, 0.10228052290441007
0.7161360264749514, 1.024161457175413, 0.2691351860451101, 0.0950796163481921
0.6836129179504736, 1.129978110882622, 0.3192855849549671, 0.1009558818703081
0.0738902202442086, 2.302661740601668, 0.9289417254269734, 0.32501791156799553
0.10607098025790254, 2.290061136073178, 0.9229609359840315, 0.4429862789814353
0.20135798242610978, 2.345460262150848, 0.8079580576289855, 0.35731802773564364
0.10401688919319868, 2.2827244537559315, 0.858597107817698, 0.3665422159276265
0.23353874243980371, 2.153952477036254, 0.7701057392538678, 0.2813135697798727
0.14481342006162273, 2.3170513661229064, 0.8601815076102363, 0.4190902246017401
0.4109893871961657, 1.7826090471311666, 0.5870061498490379, 0.1924699664168408
0.3896496633572977, 1.676668642747488, 0.6261493408696083, 0.22170605661489395
0.5215679561793907, 1.580292684529506, 0.48701717005196904, 0.14108994085820412
0.4902430674426566, 1.5669461799806539, 0.49734652553585323, 0.158885290822176
0.5444482483167865, 1.5279153922363788, 0.47487674807893027, 0.14553750540485852
0.4938377268058884, 1.5151400771372519, 0.5045037208839526, 0.16846825331416665
0.592605272167066, 1.4167982619109116, 0.4182838287045078, 0.13001636683150278
0.6169120164327285, 1.3917830279703813, 0.393915059639345, 0.11787487681804468
0.5941458404655939, 1.308709489283028, 0.41628993412858917, 0.12752519981544425
0.6377952755905512, 1.2382141423340354, 0.3500933184922327, 0.12043302762310196
0.6804176651831565, 1.3850702767936414, 0.31933547387773775, 0.10447129611346934
0.6307771311194796, 1.2548210204300592, 0.3619824109523213, 0.11224405687930515
0.6755106698619194, 1.3289754296136775, 0.30494207508203763, 0.09920668932213858
0.6425310966563962, 1.233040594990349, 0.33772004992516436, 0.10534504548812472
0.5866141732283464, 1.2346861079083544, 0.39262059541292194, 0.1289178199257456
0.6978774392331394, 1.1387935614311762, 0.28891195484690063, 0.09741815507199478
0.6527444938947848, 1.1439223000287677, 0.3302821073152474, 0.11564927974242216
0.7212141960515805, 1.0171004237002819, 0.2763398802985567, 0.09196663711841956
0.6626155426223896, 1.2185211126885702, 0.33952859902564, 0.10845168664348874
0.6644414013465708, 1.2425320100242874, 0.3149086886003632, 0.10223964003470513
0.7195595115827913, 1.308061815681801, 0.2619880137788208, 0.09484529329965044
0.6125756019627981, 1.1625295420712183, 0.37869385785533083, 0.11863314204001411
0.5224808855414812, 1.5872788167728975, 0.4243475406148826, 0.14588967909564554
0.4386055003994066, 1.647137922350571, 0.5232984799979676, 0.18880146191983413
0.4797443797786146, 1.4649800099572756, 0.4865649712600675, 0.16185619599738918
0.6599908707063791, 1.27700336945597, 0.3229718984847843, 0.10685388328744506
0.6083533036631291, 1.1948329071515051, 0.37361252054506017, 0.11921481759108807
0.6150861577085474, 1.175603655221445, 0.35555903397547095, 0.11452067673099614
0.6520597968732169, 1.0426935709865823, 0.33351333403749817, 0.10929479991627764
0.6658678534748373, 1.0744941220024153, 0.32327608193016105, 0.10075018165946817
0.6624443683669976, 1.0976448833056471, 0.3232070870872174, 0.10122747545337982
0.6902887139107612, 0.9757210268514362, 0.3050182532020355, 0.10456460215943428
0.6856670090151774, 1.0911221102068824, 0.30869555154200323, 0.09914830095442005
0.7006162273194112, 1.0002931366700853, 0.28730388272643054, 0.09521547946188542
0.7176195366883488, 0.8691249960706336, 0.2655923000265492, 0.08793652307137391
0.717391304347826, 0.9063685185425931, 0.26650987525648007, 0.08998664669435771
0.6163414355814218, 1.0482176995489623, 0.3618687392592051, 0.11802369265343794
0.7324546388223211, 0.8925359629491659, 0.2560600296472237, 0.09208098138395221
0.6195937464338697, 0.9895809208229227, 0.37249460486934055, 0.12300970492764865
0.7879150975693255, 0.8771871755136198, 0.19516353109029197, 0.07472167644289245
0.7705123816044733, 1.0119126315164768, 0.21134069560083762, 0.07957939010455131
0.6565103275134087, 1.1147039579186118, 0.34033741772334625, 0.10739109482043568
0.6723154170946023, 1.005217592903506, 0.3202521851982285, 0.10798791817835171
0.6937121990186009, 1.0066012814589984, 0.2969695921306362, 0.09820418271776583
0.7183612917950474, 1.0072697704434939, 0.2684836986750096, 0.0879360365550646
0.6550838753851421, 1.3064970529563729, 0.3262042349905698, 0.11438315742546054
0.6450416524021454, 1.1603290081053077, 0.3482567985383468, 0.11173252830171433
0.5835330366312906, 1.1055108490894745, 0.40372861276457933, 0.13006229017718837
0.6947963026360835, 0.9132626695005991, 0.288065966465126, 0.1008223846001208
0.7503708775533493, 0.8038033469550675, 0.23750507830532167, 0.08317115072191213
0.7247517973296816, 0.8256379935799462, 0.2682310870307422, 0.09004312150743547
0.7428962684012325, 0.9224089107779176, 0.2503736166269345, 0.08749455360505559
0.7159077941344288, 0.9129886945983148, 0.2833010042668008, 0.09294494516744252
0.7258359009471642, 1.0024977703504907, 0.28064807756498855, 0.09188777655088956
0.681672943056031, 1.1947264255681402, 0.3159380142582957, 0.10568889866589658
0.5657879721556545, 1.3647419880881342, 0.3986632489458114, 0.13525617795864334
0.6997032979573206, 1.1026643342308213, 0.2922515933229655, 0.09682745856284762
0.6355700102704553, 1.3449269849205485, 0.35933641472648503, 0.10874261908231662
0.43900490699532124, 1.6106626170656664, 0.5476215282234702, 0.17966725054905694
0.5520369736391647, 1.4537118356681287, 0.40576052495267556, 0.13184893466270564
0.49960059340408536, 1.4641324325394416, 0.4647503869515701, 0.1651913735116639
0.59380349195481, 1.3898038203029563, 0.4070393769921982, 0.13940453779207165
0.5913499942941914, 1.2342725021790781, 0.40013498399031694, 0.12636686561465854
0.5412529955494694, 1.2388982381839588, 0.43693473563200147, 0.14177669549736702
0.6641561109209175, 1.3257449065647235, 0.3291349706730898, 0.10548641876268489
0.620050211114915, 1.3316553443088714, 0.38250814613002604, 0.1147583868209258
0.5456464681045304, 1.2507141948844775, 0.42912274230758835, 0.13718825698813897
0.6425881547415269, 1.5265557353156187, 0.3549109848808157, 0.10979635700818362
0.557229259386055, 1.3400794979026298, 0.4568957224853863, 0.14293945238487657
0.4448248316786489, 1.4261948381328806, 0.5330477514989899, 0.17738665820230615
0.5332648636311765, 1.4436919630614506, 0.4699901880803214, 0.13598735580229648
0.6314618281410476, 1.3842309896775635, 0.35155476320472623, 0.10804593674700172
0.5226520597968732, 1.4546732623752878, 0.46777071329957715, 0.15334897394190924
0.5685267602419263, 1.2838551547804693, 0.4476932023247856, 0.13028893649893666
0.4762067785005135, 1.4652538067991434, 0.5165023109894056, 0.15750180807051525
0.6672372475179733, 1.0802846725681092, 0.3305800537134339, 0.10452280122661564
0.6227319411160561, 1.2946686881662273, 0.3706861811423664, 0.12084079427547027
0.6467533949560653, 1.244197986514128, 0.34514114203325186, 0.10885395096030338
0.5860435923770398, 1.6226673802120914, 0.39981273525932437, 0.12561412764144556
0.47032979573205524, 1.585831808253849, 0.5347717891414272, 0.1539318758273692
0.5470158621476663, 1.4132186258004489, 0.45029615804062095, 0.13598026478350012
0.5482140819354102, 1.4948422653781461, 0.4207880530591465, 0.1273536426885186
0.6591920575145498, 1.5600778280933685, 0.3098758730512087, 0.10563981931763737
0.5414241698048613, 1.451877786556322, 0.4542850193382199, 0.14917987069383257
0.4994294191486934, 1.383824562867945, 0.49405102636567577, 0.16054684951336873
0.5989387196165696, 1.327132505480454, 0.36416060542758, 0.12040844469779778
0.5831906881205067, 1.2870845893882772, 0.3832099784064805, 0.11928119799654023
0.5745749172657766, 1.2493275699482977, 0.4046825361977768, 0.12138199927749864
0.6634714138993495, 1.1334593534069146, 0.32121931940286186, 0.10105477558802442
0.5533493095971699, 1.2957555411491277, 0.43320124745807675, 0.13760676702629568
0.6414469930389136, 1.2974553249370804, 0.3291738504332971, 0.10973764903328714
0.624957206436152, 1.3960483323323132, 0.3505971460074152, 0.11467838286431885
0.6311765377153943, 1.2146147863768721, 0.37616320618532467, 0.11529211155280389
0.6027045532351935, 1.208729764275507, 0.4169636339927612, 0.12406159759041581
0.6712313134771197, 1.0823741947825432, 0.34030598708557364, 0.10908576340330492
0.10390277302293735, 2.3018125221770904, 0.8910223410531786, 0.3255487364495483
0.16478374985735478, 2.3631359411268136, 0.8417927802825883, 0.31499367574315845
0.1626155426223896, 2.3777667918828853, 0.8104304389177703, 0.3541986000100198
0.0968846285518658, 2.289446657438277, 0.8963010410265623, 0.4794451051314354
0.16358553006961085, 2.2879096095208014, 0.8056480827180477, 0.32729228136978994
0.08872532237818098, 2.2989357990257058, 0.9241624199518684, 0.490745480248342
0.10076457834075088, 2.3086697968135588, 0.9102511817391454, 0.45538005831022627
0.1155426223895926, 2.3181820794911085, 0.8934096378097783, 0.4649225095914407
0.0968846285518658, 2.3972344924962017, 0.8963010410265623, 0.47785953085467187
0.09985164897866028, 2.3692827159229592, 0.8634601953089563, 0.4606557208533086
0.1155426223895926, 2.29755334791957, 0.8934096378097783, 0.469229819945005
0.10076457834075088, 2.3429304315702946, 0.9102511817391454, 0.45596388413955685
0.09762638365856442, 2.455604639803453, 0.8955098448904923, 0.4760988021709173
0.125128380691544, 2.3366165725890733, 0.8783170903841034, 0.3815876481199299
0.1155426223895926, 2.398616207036392, 0.8934096378097783, 0.46727833327176355
0.1663243181558827, 2.370773301581113, 0.8267811677336153, 0.35590745606294943
0.1817300011411617, 2.283650770927964, 0.8339460034121943, 0.33601638406489076
0.09694168663699647, 2.3558287427167732, 0.8962460355260121, 0.4801155973998753
0.19645098710487277, 2.2952505667351377, 0.8210612612337976, 0.2961536603123149
0.0968846285518658, 2.403626721811039, 0.8963010410265623, 0.478564796348501
0.0968846285518658, 2.3349212135991646, 0.8963010410265623, 0.48042352090511564
0.0968846285518658, 2.352706212023683, 0.8963010410265623, 0.4795364318911904
0.10795389706721442, 2.308750717713111, 0.88770561490543, 0.46631747547772107
0.19479630263608352, 2.3091937434954906, 0.8021181861910819, 0.2971490789219084
0.1155426223895926, 2.3781307561068616, 0.8934096378097783, 0.47092257349609074
0.11719730685838184, 2.4498901891882503, 0.8920670149945995, 0.45489840073608084
0.0999657651489216, 2.3457834647831737, 0.8634059756320952, 0.4604918091960337
0.13825174027159648, 2.2817328039075937, 0.8635027264502789, 0.42357927670818374
0.12564190345771997, 2.303567614659291, 0.8847844129763404, 0.43837295748044164
0.16672372475179734, 2.4350267199978606, 0.8169908016891662, 0.34652972705950646
0.10007988131918293, 2.3130349405794317, 0.8632279632517263, 0.45864890137424086
0.11599908707063791, 2.357061651727591, 0.8929530786806499, 0.45741586244174803
0.09985164897866028, 2.3116624859129473, 0.8634601953089563, 0.4604234022643867
0.10139221727718818, 2.2965111235539473, 0.9097329606581849, 0.4552026799974009
0.10076457834075088, 2.3352859881007753, 0.9102511817391454, 0.45650787712360547
0.09985164897866028, 2.3242852751160954, 0.8634601953089563, 0.45992350038000146
0.09916695195709233, 2.402301947996794, 0.9109831918289851, 0.4632225778343694
0.09916695195709233, 2.3873151401794352, 0.9109831918289851, 0.46628697554576526
0.11520027387880863, 2.366506721825683, 0.8880246496885174, 0.42609838578278975
0.10087869451101221, 2.5074687957913313, 0.8627292624518077, 0.4563002460547448
0.12986420175738903, 2.394255196389768, 0.8794683360662291, 0.423542527817054
0.1768230058199247, 2.443557550390738, 0.8376645321027355, 0.3655644628281257
0.12661189090494124, 2.2659780834889176, 0.8812439009462574, 0.45912511374748244
0.17551066986191943, 2.247136196282905, 0.8294673976395842, 0.34981817519287833
0.19211457263494236, 2.265262722608557, 0.8114608713986331, 0.290452741090277
0.17043250028529042, 2.2635379511105014, 0.8310343920184112, 0.3084966636309849
0.22840351477804405, 2.248212441446628, 0.7504187816577208, 0.3065322225657352
0.16016204496177108, 2.4600127725198253, 0.8360127570778986, 0.28795298038552936
0.32043820609380347, 2.0964898398637253, 0.6957440176636133, 0.20919880773346083
0.2252082620107269, 2.2566131458534957, 0.7519845161981249, 0.2821183813204392
0.10047928791509757, 2.293016795452009, 0.9096863520432142, 0.40965728131313717
0.2060938034919548, 2.3614096316956066, 0.7958273374700341, 0.3028708014957605
0.20095857583019514, 2.4380572816423123, 0.8009325655482186, 0.34677117117685075
0.19063106242154512, 2.2695259001107297, 0.818098588667668, 0.29746159986282217
0.1104644528129636, 2.429628571622736, 0.8538882480772386, 0.44005670326235824
0.2754193769257104, 2.263668808438633, 0.6957592375646589, 0.24969567987196106
0.1089238845144357, 2.288692650233966, 0.9005027019322556, 0.44845625255337573
0.16655255049640533, 2.367468365166784, 0.8496700780188058, 0.3259591814494212
0.2544220015976264, 2.26172929952559, 0.7524291408547297, 0.2564623122963251
0.09694168663699647, 2.2965283415081648, 0.8962609769239981, 0.4771735210199858
0.11559968047472327, 2.3655868315212425, 0.8933546323092281, 0.46794096918815015
0.1439575487846628, 2.303247869633709, 0.8124680480783492, 0.3909291850454156
0.15108980942599567, 2.3152275026545164, 0.8416089653245477, 0.3633868250772433
0.0999657651489216, 2.5452323914540083, 0.8634171450809465, 0.40481384251868435
0.17277188177564762, 2.3178832623412533, 0.8173245600365163, 0.3520178615580751
0.2172201300924341, 2.2567158206186924, 0.7863373065988426, 0.27523816240597804
0.26178249457948194, 2.2471484957078163, 0.7483990134384993, 0.25202452658193863
0.13032066643843432, 2.2477354670576237, 0.8676784964148332, 0.3440678006035223
0.17528243752139677, 2.2109001285951186, 0.795543012076951, 0.32102145074707766
0.18891931986762525, 2.2561911719174303, 0.780640461643776, 0.28274686309810904
0.15514093347027275, 2.258995401244396, 0.8459856624670494, 0.3667710712051806
0.09916695195709233, 2.276644398112364, 0.9109831918289851, 0.4655071089323786
0.10281866940545475, 2.2663090812361406, 0.9084941961182231, 0.405030585430322
0.09985164897866028, 2.3311777737305803, 0.8634601953089563, 0.45828413318505806
0.1004222298299669, 2.293822708663692, 0.862971863156321, 0.456437093097146
0.27656053862832364, 2.289390918810754, 0.7074740367462815, 0.22689722945912136
0.12701129750085588, 2.3507219550205014, 0.8797889248359326, 0.4241358213387418
0.12238959260527217, 2.2844975710554536, 0.8872120766547879, 0.45722706940342167
0.09928106812735364, 2.312067730213482, 0.9109063669966592, 0.4640378135040707
0.15559739815131804, 2.2843742653562584, 0.8604029241296068, 0.33292075898111195
0.16227319411160562, 2.3193431973566168, 0.8138607739792142, 0.3241651464717609
0.09916695195709233, 2.331454334133335, 0.9109831918289851, 0.46189596859015225
0.09985164897866028, 2.298266456223209, 0.8634601953089563, 0.44286447306394405
0.0968846285518658, 2.30573537353646, 0.8963010410265623, 0.4801898621648203
0.11890904941230172, 2.288196628678407, 0.8875466721263153, 0.4484894447776984
0.1155426223895926, 2.3151031792619574, 0.8934096378097783, 0.46830567040741666
0.124957206436152, 2.391281328645591, 0.8789352032533421, 0.4395157452889947
0.14618281410475864, 2.3223226018709964, 0.8482621556511639, 0.3840886152700731
0.0968846285518658, 2.384973043919589, 0.8963010410265623, 0.47875476828697683
0.0968846285518658, 2.3678294385144745, 0.8963010410265623, 0.47848362094213404
0.1155426223895926, 2.310470146674701, 0.8934096378097783, 0.46996304448476683
0.09716991897751912, 2.3376997149889838, 0.8960761982813777, 0.48322983153105414
0.10498687664041995, 2.2934354962816146, 0.9064108112465828, 0.44957613284339054
0.20871847540796531, 2.244253824076315, 0.8162919607434775, 0.29424185330687835
0.14275932899691887, 2.2847727938804616, 0.8403850674182978, 0.3088904177304659
0.1155426223895926, 2.2982017231847305, 0.8934096378097783, 0.46759226580429764
0.13956407622960174, 2.287615077899333, 0.860666097264375, 0.32955327367653653
0.09916695195709233, 2.293779391268678, 0.9109831918289851, 0.46705606980932873
0.10025105557457492, 2.29390527765922, 0.8631797353747144, 0.4335840627745718
0.19182928220928905, 2.3074713074887545, 0.7358300869735764, 0.28550565068985245
0.09985164897866028, 2.460440191547307, 0.8634601953089563, 0.45810536756172227
0.0999657651489216, 2.3070525981976426, 0.9109830625006903, 0.44871936026537
0.16501198219787744, 2.2895492422489574, 0.819957883619891, 0.30365034242715866
0.09985164897866028, 2.320573600918194, 0.8634601953089563, 0.45899268114979364
0.09922401004222298, 2.3112909771679715, 0.8982556016316717, 0.4697222667815607
0.2204724409448819, 2.424713145233678, 0.7908368175509565, 0.29631403704730014
0.09762638365856442, 2.339566555385596, 0.9137254018216142, 0.48119759787880023
0.09985164897866028, 2.3479197326961287, 0.8634601953089563, 0.45890005875439777
0.0968846285518658, 2.389168938647173, 0.8963010410265623, 0.4774477531378932
0.09916695195709233, 2.3109953627525965, 0.9109831918289851, 0.46321113372282696
0.1161702613260299, 2.3486813390539294, 0.8929704397173236, 0.46797411588968724
0.1534862490014835, 2.309723260644009, 0.8421373797688292, 0.40530869150572196
0.09922401004222298, 2.432409074607674, 0.8982556016316717, 0.46829753867123664
0.09916695195709233, 2.5256720737930465, 0.9109831918289851, 0.4627094919815118
0.0968846285518658, 2.311571858931279, 0.8963010410265623, 0.4792367360333895
0.11850964281638708, 2.4017990956387534, 0.8908229058083604, 0.43239407447373956
0.08895355471870364, 2.5627101012918483, 0.9228279027938888, 0.49001838829265754
0.0968846285518658, 2.308113938948886, 0.8963010410265623, 0.4778340346873626
0.09985164897866028, 2.33748773187586, 0.8634601953089563, 0.46270480599451347
0.10652744493894785, 2.3405755800593053, 0.8558063981667939, 0.45252367512477815
0.09985164897866028, 2.3402892299320386, 0.8634601953089563, 0.45979262082828787
0.1177108296245578, 2.3033021712267794, 0.8720230947721864, 0.42974871519278823
0.09985164897866028, 2.303568931824674, 0.8634601953089563, 0.4598856128918239
0.09916695195709233, 2.3046006579710907, 0.9109831918289851, 0.4642900295068092
0.09985164897866028, 2.304977154318198, 0.8634601953089563, 0.45962127493438837
0.09985164897866028, 2.3880383247288752, 0.8634601953089563, 0.46021126155351805
0.09985164897866028, 2.39276498152107, 0.8634601953089563, 0.4589337296804666
0.09985164897866028, 2.6560412852898536, 0.8634601953089563, 0.45854164244609985
0.10755449047129978, 2.3271023761011294, 0.8992404880481318, 0.44690231352037774
0.1155426223895926, 2.2994913659954976, 0.8934096378097783, 0.4699196759401165
0.16284377496291225, 2.3117151551223243, 0.8409485321523669, 0.3094707964846871
0.09762638365856442, 2.43368574529019, 0.9137254018216142, 0.47936680924970626
0.1155426223895926, 2.3388419651854573, 0.8934096378097783, 0.4708345070628794
0.09985164897866028, 2.3551934789362448, 0.8634601953089563, 0.4606572947038399
0.09985164897866028, 2.4260475772449883, 0.8634601953089563, 0.45915916334868634
0.12564190345771997, 2.33488961630157, 0.88178037112393, 0.458124816800926
0.10241926280954011, 2.652253328216657, 0.8916552393999255, 0.4692989399419838
0.09985164897866028, 2.505931632902121, 0.8634601953089563, 0.4597103189169199
0.09985164897866028, 2.341545571941335, 0.8634601953089563, 0.45841644251902897
0.1388223211229031, 2.4670922879648716, 0.8603429910452555, 0.39628528112983646
0.1015063334474495, 2.2914752691939966, 0.8925858957439398, 0.4154712587209963
0.11120620791966222, 2.3382305167560147, 0.8854695143665962, 0.45890633735840236
0.09089352961314619, 2.3458740121967563, 0.921401876581269, 0.4853648217674001
0.17596713454296473, 2.355453504909871, 0.8065428933908608, 0.2697956000730535
0.16124614857925368, 2.2992052364999624, 0.8232006645128372, 0.34937136674187863
0.12461485792536803, 2.3744549248692763, 0.8367866736695562, 0.4309528648881995
0.1192513979230857, 2.2851453586676533, 0.8762873831285172, 0.4011274341919005
0.10002282323405226, 2.2940711704451893, 0.8633593925357398, 0.4570214158906308
0.0968846285518658, 2.550331473030838, 0.8963010410265623, 0.4791373014308974
0.09705580280725778, 2.2603571111856904, 0.8961198816316039, 0.4595630544033161
0.09699874472212712, 2.2941464570291537, 0.8962526617329, 0.4824837884453123
0.11149149834531553, 2.374118208871589, 0.8942000856759713, 0.44320141928271267
0.151375099851649, 2.3118369892880644, 0.8542641296190241, 0.39794444273982993
0.18794933242040396, 2.273501800052872, 0.8129973227871312, 0.33037664444355774
0.09985164897866028, 2.354204727799928, 0.8634601953089563, 0.4607150045724255
0.13933584388907908, 2.2947778566969483, 0.8656562697597556, 0.418736099761021
0.0968846285518658, 2.305338947172784, 0.8963010410265623, 0.47918514753267233
0.11645555175168322, 2.5609038687318235, 0.8900293421643118, 0.4614079122716609
0.09985164897866028, 2.299122546240985, 0.8634601953089563, 0.46087457664754916
0.10082163642588154, 2.290280290911299, 0.9085398409960278, 0.4610089809583042
0.17145954581764236, 2.300637383691173, 0.8342979146260169, 0.3668864253222032
0.09916695195709233, 2.3271132522041253, 0.9109831918289851, 0.4638515225816082
0.09985164897866028, 2.29837475079564, 0.8634601953089563, 0.4521962208703424
0.1631861234736962, 2.348743453011398, 0.8405574805075656, 0.31971820364915315
0.0968846285518658, 2.351290098413898, 0.8963010410265623, 0.4552439888701905
0.09985164897866028, 2.301671604539901, 0.8634601953089563, 0.4587123775946204
0.0968846285518658, 2.448201810906878, 0.8963010410265623, 0.47854613642998156
0.0968846285518658, 2.3242413937589776, 0.8963010410265623, 0.4815159828847064
0.0968846285518658, 2.3226822730709427, 0.8963010410265623, 0.4794227519527451
0.09922401004222298, 2.3343826494613604, 0.8982556016316717, 0.47188820177910684
0.12364487047814675, 2.314191649013984, 0.8713605640936601, 0.3534614910687715
0.09916695195709233, 2.352527620748041, 0.9109831918289851, 0.46409320286010597
0.1155426223895926, 2.3261166352952545, 0.8934096378097783, 0.4709314450616415
0.09985164897866028, 2.3639698629100123, 0.8634601953089563, 0.4578384414962126
0.13106242154513295, 2.522273364145163, 0.8320075735243326, 0.4286364539964104
0.19582334816843547, 2.4159077976809153, 0.8041845819754674, 0.3011361544415977
0.09916695195709233, 2.324483544726112, 0.9109831918289851, 0.4658496574560809
0.09985164897866028, 2.357537050715432, 0.8634601953089563, 0.459094642938528
0.09985164897866028, 2.35583813222701, 0.8634601953089563, 0.4604591188470346
0.09985164897866028, 2.4087337188819737, 0.8634601953089563, 0.46028841207249566
0.10099281068127354, 2.333382787081962, 0.8626444207556899, 0.43684041769686915
0.0968846285518658, 2.32414104373137, 0.8963010410265623, 0.4805830559559436
0.09985164897866028, 2.3185254759703082, 0.8634601953089563, 0.45869886845329066
0.1155426223895926, 2.2911897389757896, 0.8934096378097783, 0.4699457994344233
0.0968846285518658, 2.312478606612201, 0.8963010410265623, 0.47877617601677597
0.09351820152915669, 2.3312357777087067, 0.9190874515729462, 0.4878862580482429
0.10880976834417437, 2.2990358513565785, 0.8561611213417238, 0.4291180351968554
0.09985164897866028, 2.3087058328376924, 0.8634601953089563, 0.46001033960740934
0.09985164897866028, 2.3630759870367997, 0.8634601953089563, 0.4597594070958479
0.1155426223895926, 2.6274646822684953, 0.8934096378097783, 0.46590491403716994
0.1155426223895926, 2.3859807896543335, 0.8934096378097783, 0.4685604908724342
0.1155426223895926, 2.3328286410330312, 0.8934096378097783, 0.4672924381873313
0.09916695195709233, 2.3514538754356327, 0.9109831918289851, 0.462686029198267
0.09985164897866028, 2.3097154280713035, 0.8634601953089563, 0.45801199387334857
0.09985164897866028, 2.312699884798624, 0.8634601953089563, 0.4582585233159007
0.0968846285518658, 2.340686140757751, 0.8963010410265623, 0.4803278609879162
0.0968846285518658, 2.3647803830512784, 0.8963010410265623, 0.48050633250108704
0.0968846285518658, 2.364196660120602, 0.8963010410265623, 0.47996789890545155
0.09985164897866028, 2.310376560886633, 0.8634601953089563, 0.459860214759116
0.0968846285518658, 2.315973971017376, 0.8963010410265623, 0.4804896644336193
0.1157137966449846, 2.3024861346392496, 0.8922173238279826, 0.4644068658593482
0.09916695195709233, 2.3840741550461226, 0.9109831918289851, 0.4650841615855989
0.10692685153486249, 2.301195100563704, 0.8928955050025977, 0.3192059926523273
0.1155426223895926, 2.2978560789717286, 0.8934096378097783, 0.4676586022314032
0.23553577541937692, 2.2533817661076556, 0.7879310162562693, 0.316065977826908
0.09928106812735364, 2.250686239260293, 0.910916672699966, 0.462877634443365
0.1789341549697592, 2.12907160441244, 0.8528424094301907, 0.3782066681887841
0.30001141161702616, 2.114025194830891, 0.7227310867966714, 0.25076711607128577
0.33025219673627754, 1.9719534471170224, 0.6439138185886536, 0.21954025884893177
0.22412415839324432, 1.9594664073359078, 0.7494060360687225, 0.28692427603050014
0.5098710487276047, 1.915306726826199, 0.489999868943404, 0.14917755134246516
0.44528129635969416, 1.7710736979160029, 0.5564875595377353, 0.2067046673435387
0.4720985963711058, 1.6821919205450486, 0.5365187254998584, 0.1601504879845405
0.44670774848796074, 1.5541442958530731, 0.5541434590934173, 0.16012514319993706
0.4314732397580737, 1.581697365397875, 0.5424605888665738, 0.15399951180232457
0.48978660276161134, 1.5885898216285215, 0.4946965298244527, 0.1792786253840236
0.5651603332192172, 1.4024100689621095, 0.4440070727277063, 0.14419927112065006
0.5146068697934497, 1.365670291342808, 0.5086081527840091, 0.14885977504871067
0.48214081935410247, 1.3097105568718463, 0.520615429432476, 0.194442088015261
0.4498459431701472, 1.7740041143706737, 0.532497346166767, 0.18554210763338377
0.5374871619308456, 1.7106247464298834, 0.48264474764854676, 0.15815715798417862
0.49549241127467764, 1.6933603048338188, 0.5134680248826501, 0.142605798532823
0.27792993267145955, 1.856730356793772, 0.6908803027514321, 0.2679301888603248
0.3835444482483168, 1.627612442012847, 0.5982404752845109, 0.2091915865090576
0.39392901974209743, 1.651488091046307, 0.6018595876923933, 0.19147589479636404
0.3833732739929248, 1.6186174691781108, 0.6071746834327327, 0.18029187959417137
0.5648750427935638, 1.315374698569401, 0.4321525789754058, 0.1327431000513253
0.4311879493324204, 1.568483048951559, 0.5613074200768903, 0.21904584336536456
0.2961885199132717, 1.8079854400513258, 0.6977955961777103, 0.23928984943253914
0.43603788656852677, 1.7343232055158222, 0.5489319570715792, 0.2003662194053993
0.49081364829396323, 1.6157234531619922, 0.5165550601027492, 0.16859577513977683
0.42222982996690633, 1.7160040236024108, 0.6019739490714245, 0.19159055651715062
0.5294990300125528, 1.6501248533440334, 0.48096659254745894, 0.1404152538272519
0.4455095287002168, 1.7974504279339407, 0.5437543764248409, 0.19912701854173626
0.37464338696793337, 1.6205060902991877, 0.6175663503953304, 0.23116464059086092
0.47175624786032183, 1.4709295578284798, 0.5167296334887791, 0.16250389557786607
0.43894784891019056, 1.4699780844516723, 0.5448863814630489, 0.19159015656674921
0.4646810453041196, 1.4351779799030535, 0.5239521424253784, 0.16466416149787705
0.5413100536346, 1.6707678289564725, 0.47043518914506655, 0.12536594358743108
0.5163756704325003, 1.5327566011738563, 0.4938831629560156, 0.13809142618399214
0.5240214538400091, 1.831502183297447, 0.47680810789765776, 0.14906033059139104
0.3994065959146411, 1.8036006178388473, 0.5881829541739967, 0.18440873401756896
0.46616455551751684, 1.802878766289506, 0.5461442883075536, 0.18005586252403788
0.406367682300582, 1.9906483404130053, 0.6063390021319343, 0.19362376878024132
0.3347027273764692, 2.003237391115391, 0.6512769024110897, 0.2276859019567802
0.3125071322606413, 1.87497421018639, 0.7145453397532028, 0.2543189297291652
0.4372361063562707, 1.82946807992223, 0.5363667935201678, 0.154811418128018
0.43729316444140137, 1.6455596135445658, 0.5801456428078338, 0.16850929754421623
0.509985164897866, 1.6217578288070365, 0.49735721251158865, 0.1440721500746246
0.47295446764806576, 1.740172300646325, 0.47897043786489035, 0.14959260764459922
0.3122788999201187, 1.856250534057073, 0.6512029236189885, 0.2213203255276551
0.4196051580508958, 1.6886972584919504, 0.5687229786573902, 0.1660508963225383
0.3586671231313477, 1.831646433305648, 0.5783961732806193, 0.18580194789966423
0.24495035946593632, 1.9090282058730785, 0.7380759245246935, 0.2883687837616407
0.47244094488188976, 1.4053407544726095, 0.518814848491823, 0.16885438550923546
0.5868994636539998, 1.4478708968360607, 0.3886708930605695, 0.12285800262362172
0.5225950017117426, 1.6536284439315891, 0.4376487937083422, 0.1339128129090099
0.4192057514549812, 1.537957909186994, 0.5759714933290584, 0.1952756939563144
0.4899577770170033, 1.3274940090190395, 0.5125590715333362, 0.15277829590188852
0.4791167408421773, 1.5531087664828431, 0.5317971950716311, 0.1976001891787621
0.4449960059340409, 1.5660704513717347, 0.5406063449695573, 0.17213202338501182
0.44031724295332647, 1.7604067074943728, 0.5483431543561539, 0.19976255925356579
0.4303320780554605, 1.6534068622872613, 0.5990462746388209, 0.18132462231133398
0.39798014378637453, 1.6399644605239805, 0.5894738007989695, 0.21277140905267838
0.4788885085016547, 1.5361434987649571, 0.5467828280316802, 0.15613504639330025
0.5487276047015862, 1.3636298634491935, 0.4640221869235495, 0.12857403551924418
0.5449617710829625, 1.2947560049806857, 0.4438921646649857, 0.13241470699502744
0.3647723382403287, 2.0001399640921083, 0.6214521354507646, 0.20443550492815182
0.38873673399520714, 1.6925537648381102, 0.5709704126901118, 0.18745674571699647
0.39158963825174026, 1.7144771987827594, 0.6056870224582849, 0.1906974768045304
0.5447905968275705, 1.622967935579084, 0.46462804306556554, 0.13809578880784532
0.4811137738217505, 1.5671758502466717, 0.5293103552964725, 0.14583925702167327
0.48847426680360606, 1.4766059216572298, 0.5108689966236094, 0.15232009664015647
0.515405682985279, 1.767560420271116, 0.4733220515818993, 0.16104479069709132
0.3921602191030469, 1.8072872932651307, 0.6186057225968608, 0.19338456064674472
0.3850850165468447, 1.7879634437857053, 0.6192491402159384, 0.23263455531491817
0.4469930389136141, 1.5882774743760686, 0.5670753840669603, 0.1678539234861852
0.5287572749058541, 1.3686344946653728, 0.4868614445857039, 0.14259759527328034
0.5269314161816729, 1.299523564306593, 0.4839262854234352, 0.1469072145212283
0.4348967248659135, 1.3032515400041391, 0.5479695541412719, 0.2058596377870018
0.5285861006504622, 1.3169293492899818, 0.48589248468468255, 0.1582575855941296
0.5166609608581536, 1.397384780727673, 0.4937579223245539, 0.15102636765371583
0.4896154285062193, 1.3689167447805637, 0.5108158153621201, 0.16490858456954338
0.5110692685153486, 1.3288089489842962, 0.5011926837666947, 0.1636536750318556
0.5667579596028758, 1.3043307031614384, 0.4061904035279158, 0.1203610011535634
0.49543535318954696, 1.4981909652224525, 0.4714730149026454, 0.16262471809077275
0.4526988474266804, 1.6150502749709905, 0.5336000231915914, 0.1957885791082458
0.42924797443797785, 1.9122850802626823, 0.5483423654194556, 0.17436415586320783
0.36636996462398724, 1.9470586792921811, 0.6349835502815789, 0.2163088407121903
0.47523679105329225, 1.7226372629380262, 0.5319970301228599, 0.17045231013753834
0.45629350678991215, 1.708755513889311, 0.5282891177728269, 0.19542197640503675
0.5235649891589639, 1.532259927098608, 0.4728266202339286, 0.15260079286251893
0.5224808855414812, 1.5347819468426294, 0.49492325793548136, 0.14297021630726828
0.4867625242496862, 1.396234707236222, 0.5209050307693367, 0.17149880690853136
0.6169690745178592, 1.2096876598155746, 0.3580384528408797, 0.10395993917617294
0.5221955951158279, 1.6768935885070788, 0.4572838844228008, 0.16359067697296212
0.3669976035604245, 1.7200272468862559, 0.6113074411193878, 0.24889599058560352
0.5585415953440602, 1.5871855601027283, 0.4556708404299378, 0.13380076204771232
0.4234851078397809, 1.5954236686688832, 0.576126137614899, 0.18545455591984952
0.5330936893757845, 1.3770061057725413, 0.47965282020064953, 0.13264548215050667
0.49469359808284835, 1.3100490440019041, 0.5079864914664977, 0.16414014307842828
0.6534862490014836, 1.1708306595810634, 0.3519504813239103, 0.09955370764252129
0.6068127353646011, 1.271527659207069, 0.4112160355811661, 0.12574413917512878
0.05272167066073263, 2.307723350997223, 0.9360369164115367, 0.37930956686318756
0.18766404199475065, 2.296126577430537, 0.8286304481494112, 0.29666986313036164
0.0968846285518658, 2.317475427690739, 0.8963010410265623, 0.4842002551748603
0.15902088325915784, 2.3357148538927612, 0.8403092452488307, 0.31664368097596424
0.09916695195709233, 2.3287428904515646, 0.9109831918289851, 0.4621833277670625
0.1155426223895926, 2.332949925595381, 0.8934096378097783, 0.46637877185052545
0.09985164897866028, 2.511386896443533, 0.8634601953089563, 0.4577037411211855
0.14681045304119594, 2.6825714541137264, 0.8647474916220317, 0.41625497735044154
0.09939518429761497, 2.4044439688428656, 0.8969755355961044, 0.46777206554685585
0.09985164897866028, 2.5043212433499615, 0.8634601953089563, 0.458262429466699
0.16621020198562136, 2.390888491014796, 0.828241666773933, 0.38375461132916283
0.13471413899349538, 2.289805931763658, 0.8609204450919827, 0.33773663609241633
0.2851192513979231, 2.1619834204888924, 0.7180659631564347, 0.2458133383139279
0.27108296245578, 2.233920102901387, 0.7376376425315683, 0.2466958512550315
0.21408193541024764, 2.4088423846145615, 0.7778646207473864, 0.3566288690038691
0.3172429533264864, 1.9536679188240396, 0.676997822580465, 0.22600809961617432
0.3096542280041082, 1.9845782055469676, 0.666581015490215, 0.22433310223434658
0.36368823462284605, 1.8970709148163967, 0.6259000761225253, 0.18205308956281377
0.4128723040054776, 1.7887724077759044, 0.5807674020887084, 0.16360933738739164
0.4231427593289969, 1.5709689835663134, 0.5528031433671619, 0.17258255569047048
0.3272281182243524, 1.6720009733114316, 0.6750709584602432, 0.23325244461606204
0.3967248659134999, 1.5624950776327478, 0.5845702461048815, 0.2224066304585201
0.43284263380120963, 1.7491899212786395, 0.5479248870506469, 0.1596766596220525
0.3833732739929248, 1.7190490452398193, 0.6207789052294465, 0.21435202406986997
0.47112860892388453, 1.708248408233468, 0.5231697769118651, 0.14686313276715285
0.3562706835558599, 1.7721511939100298, 0.6325605130606907, 0.2164428588717234
0.45937464338696793, 1.490246884359027, 0.5185456653763224, 0.17027589440667942
0.5011411617026132, 1.8250032331891002, 0.4891699492581241, 0.15596794853077073
0.4484765491270113, 1.6879268357787218, 0.5439037227242255, 0.14568438928938077
0.49098482254935527, 1.5621285286813746, 0.4995408633771749, 0.14515268986251864
0.5108980942599566, 1.461133544809515, 0.45304897858767873, 0.13957751388454992
0.47649206892616686, 1.4837496320954144, 0.5013064327487459, 0.16495014312271178
0.48008672828939863, 1.7286558168045696, 0.5095832838201446, 0.16627490026981864
0.3847997261211914, 1.8978653920644986, 0.6047838094045755, 0.21476904884112882
0.25282437521396783, 2.025699552792631, 0.7386008130067133, 0.23964875774059669
0.34223439461371674, 2.065270782802579, 0.6661749609106271, 0.21246717800408632
0.3453155312107726, 2.125345519902322, 0.62565279069205, 0.17627527548320787
0.21482369051694625, 2.0960883665959558, 0.7757120644258388, 0.2810230432349711
0.3453155312107726, 1.9436776444722321, 0.641380504260145, 0.19702266787594644
0.3990071893187265, 1.8906749644590188, 0.5934008839846645, 0.18747611767384728
0.4526417893415497, 1.7420357405615632, 0.5045887705045216, 0.16347662578538663
0.4957777017003309, 1.6273462288944631, 0.4683972361343862, 0.13854483761609734
0.5131233595800525, 1.6592570267542033, 0.45502947461185367, 0.14840169487986563
0.41304347826086957, 1.6494842993502992, 0.567340509193691, 0.19747235375782538
0.4825972840351478, 1.7301411488264864, 0.49119640050317487, 0.14320795994323454
0.47529384913842293, 1.5944002966392152, 0.5247795044897746, 0.1738197339644107
0.3966678078283693, 1.8218726977343758, 0.5726491904540951, 0.19701581893390135
0.3534748373844574, 1.98593712901193, 0.652239440047501, 0.2159760196697168
0.38257446080109553, 2.0101139294588304, 0.6018811647562736, 0.19696609291497016
0.36152002738788086, 1.7974843260980178, 0.608966234058652, 0.19287669751285982
0.4265662444368367, 1.724724728155392, 0.5400668302447702, 0.19223532693457035
0.45577998402373615, 1.597790636043155, 0.5299521579867589, 0.14965923879219564
0.5471870364030583, 1.557353896344074, 0.45483151067669725, 0.12650770567361472
0.4365514093347027, 1.577447392363588, 0.5552122820672488, 0.17703804800888137
0.5341207349081365, 1.720687122305792, 0.4340978310682955, 0.1287308405950502
0.4213169006048157, 1.8567327019641298, 0.5704812394605151, 0.17198929497397344
0.4127011297500856, 1.7135964717601622, 0.5766058829851575, 0.1775577441218484
0.5043934725550611, 1.465247958890042, 0.46894388395558706, 0.15255296953391773
0.5011411617026132, 1.4785031831289663, 0.45289588379131007, 0.13906624562803685
0.5757731370535205, 1.568964805543715, 0.386412597160003, 0.11898921707010296
0.2539084788314504, 1.9440418520223246, 0.7546171771702997, 0.2867667841321448
0.3403514778044049, 1.893345133655354, 0.665224485943557, 0.2016879681254435
0.3069154399178364, 1.8563307651806324, 0.6888090092176012, 0.2278205585502102
0.17351363688234622, 2.086073786567828, 0.8005077517370232, 0.3108544213499621
0.3529613146182814, 2.0894565603429154, 0.6113003653700182, 0.20878679486524965
0.2970443911902317, 2.075967548461615, 0.6913465947714585, 0.26208443058070613
0.1543991783635741, 2.144308987837002, 0.8576351367724973, 0.39978545993441567
0.24500741755106697, 2.1478797482747702, 0.7237761678495628, 0.2506200303449036
0.10435923770398266, 2.2234656368435948, 0.8601252624994541, 0.4175598817730935
0.276161132032409, 2.1598837268851763, 0.721338138745562, 0.23215034931660536
0.16341435581421887, 2.1678811799074627, 0.838650645446596, 0.38341797977062275
0.18538171858952412, 2.1677626636043796, 0.829479101888263, 0.33701719324630103
0.3033207805546046, 2.1699851833561925, 0.7086959424626206, 0.20098284926603804
0.24774620563733882, 2.328027377444343, 0.7575805475797084, 0.26901214450453376
0.2627524820267032, 2.1604686841720673, 0.7117315912688805, 0.26076624480486654
0.2955608809768344, 2.0505151706961864, 0.6742989934930199, 0.22705169698382174
0.30714367225835904, 2.0534484119607366, 0.6849055282799867, 0.24646101430063705
0.17745064475636196, 2.057062460732599, 0.8302849481483197, 0.3346092121713651
0.1680360607098026, 1.948823979955741, 0.7998356732531994, 0.28325619705797506
0.3822891703754422, 1.6718684451215196, 0.6037622732077954, 0.18134961646754613
0.43221499486477233, 1.5983215998422469, 0.561390957938636, 0.1887955482966551
0.46753394956065275, 1.751229437705141, 0.5228175988949835, 0.15249866760578354
0.38822321122903114, 1.943657541742992, 0.6040135089228885, 0.19084974965312324
0.2028985507246377, 2.088899138738858, 0.8115931107910804, 0.2987134552734757
0.29190916352847196, 2.106197956903985, 0.6902963798487358, 0.21981912781166585
0.23119936094944654, 2.052258723160046, 0.7660772574640167, 0.28485342411397263
0.3131347711970786, 2.1215028513869534, 0.6803635345802952, 0.21274930285619814
0.2323405226520598, 2.1578684141548017, 0.7888293282235013, 0.2788190984841142
0.20341207349081364, 2.2626948859659515, 0.8011979115501391, 0.2912339816994802
0.32945338354444825, 2.1245805209362927, 0.6664813113076598, 0.20127405722842986
0.22172771881775646, 2.1168532528813864, 0.7843551950153277, 0.2791823112856321
0.1970215679561794, 2.1637910217927576, 0.8052873255122294, 0.33089805407603917
0.19045988816615314, 2.1791781721411128, 0.8126328714257688, 0.343962668557135
0.20312678306516033, 2.2686972620891788, 0.7936324928506433, 0.3300106060038839
0.19913271710601393, 2.2731948558508526, 0.8028880025825976, 0.3430583625353
0.3291680931187949, 2.107455988514169, 0.6569418085851614, 0.21325742354648575
0.4008330480429077, 1.7192912590832903, 0.5805537154725073, 0.1630837553897887
0.5507246376811594, 1.9503889281932287, 0.44039155191808294, 0.13308860178203494
0.2508844003195253, 2.0614396238400485, 0.7350666137425409, 0.32036301945776696
0.213682528814333, 2.0357573253915526, 0.7620061545783638, 0.30835087165090597
0.32791281524592036, 1.9268901709904618, 0.6620889979843041, 0.20792877481100283
