acuracia,loss,frr,fpr
0.05921315594130075, 2.3126561163440122
0.11323017187232341, 3.210331965871536, 0.9155307774155523, 0.5063879383617127
0.11751270484782733, 2.271112272225217, 0.9110545260698688, 0.48917515983153587
0.11597099297664593, 2.5022506358683, 0.9193243388124118, 0.46565713985966567
0.3229600867926683, 1.896744745907149, 0.7071454013724376, 0.24399348453225272
0.44858105407411636, 1.6898904362767773, 0.5911425979311765, 0.18865646553328838
0.6462627762233769, 1.0131911432527634, 0.38657695542509973, 0.11505592502726006
0.6204533774910067, 1.196449633495865, 0.4249036340813978, 0.14360988144329845
0.5079655113344372, 1.452807067705152, 0.5251829186390927, 0.17715598352914289
0.5764289385028265, 1.2691901232988485, 0.4504457997000314, 0.14542195520466014
0.7657739964597727, 0.7218047020847751, 0.2623609553966756, 0.09258680258532585
0.6931993376348998, 0.8074080796987507, 0.3222547647605184, 0.10456808313232932
0.6955404556615086, 0.8871303117484752, 0.34301213689258964, 0.11244025517985477
0.7247187803346086, 0.8374621391676105, 0.2956888540518391, 0.10594960866369149
0.77736538571347, 0.6519609370568226, 0.24363307280227794, 0.0829081234322362
0.7747387654884943, 0.5978663797226106, 0.24332665981151821, 0.08899607712942634
0.7742248615314338, 0.65575309177056, 0.24410915356155585, 0.08706421545568435
0.7428767201507451, 0.6940476563666135, 0.2848379688506079, 0.09462906240375668
0.7803346085764861, 0.6169922708951577, 0.24873419047997233, 0.09115010092596833
0.7818763204476674, 0.5989386289585987, 0.24342201155381224, 0.09017624319755889
0.7594929480957003, 0.7111316930787772, 0.26538388798233287, 0.09576806104995149
0.7136412950379718, 0.8182901937065693, 0.31295974010542804, 0.10409885759943278
0.8139096671044367, 0.49805320708206374, 0.18922611431297576, 0.08147598071721705
0.7939816136584251, 0.6255024210565047, 0.22526556116046373, 0.08981415368412644
0.8101410380859932, 0.6138582934967567, 0.2071374461523377, 0.08104828455564582
0.8019756752126992, 0.6352038567364988, 0.21323147738673634, 0.08036983136007056
0.8452578084851253, 0.4439254410891471, 0.16303555011632007, 0.06891217739957359
0.8575344030149032, 0.4260909987892097, 0.15819258575428558, 0.06744816567285969
0.8586193113686975, 0.3934172173948543, 0.15674230945207826, 0.06518089996192683
0.8493690401416091, 0.40669101305498306, 0.16913160080139814, 0.07062163105561696
0.8127105578712956, 0.5270807573749107, 0.19512368529372542, 0.077269569781457
0.8589619140067378, 0.378879083440515, 0.15268960234400308, 0.06502453358337987
0.8342374236281619, 0.476583542509303, 0.17370055648480684, 0.07159977296238434
0.812025352595215, 0.5948037150187673, 0.2034620543062772, 0.08207476411265174
0.864158054017016, 0.36709421487505534, 0.1405792549204614, 0.06060083041222024
0.8121966539142351, 0.5176396914170427, 0.2026958929051826, 0.07843750056170183
0.8688973905099069, 0.3850678837093986, 0.1476628106263881, 0.0659663454080856
0.8964198024324788, 0.32502325753210354, 0.12077274570370328, 0.057609142022290984
0.8992177239764746, 0.305243028454708, 0.10692676836697526, 0.0553662773270632
0.8137954662250899, 0.480529288875576, 0.21478314922386785, 0.08287619559672191
0.7622908696396963, 0.7213812899330403, 0.26873437395147776, 0.098482542546782
0.8647290584137498, 0.3811987435126794, 0.1389337186160695, 0.06417602219583156
0.864158054017016, 0.35764398214419946, 0.14294302565092823, 0.060914498279214226
0.85039684805573, 0.4458320905128975, 0.15832718936898538, 0.06745267141559282
0.8966482041911723, 0.29541630124314916, 0.10849427358465706, 0.05540893319877988
0.8503397476160567, 0.4392164573338933, 0.15681067375905622, 0.0683322709706327
0.8670130760006852, 0.36932263274944443, 0.13575348206343035, 0.05626609016668723
0.9343344943756067, 0.2070238056131695, 0.0681915220586529, 0.04508750721622409
0.8744361331582253, 0.32846283449591207, 0.13451944665560828, 0.061060387035424275
0.9346199965739737, 0.20906839746289696, 0.06585712269933312, 0.04358378120614541
0.8027179809284531, 0.5298342563595424, 0.20163052028029374, 0.09278498607000919
0.8843716096613944, 0.326347746363019, 0.11995310059507763, 0.0622090817383742
0.9137212356535145, 0.24637982537585545, 0.09329770209870422, 0.04777534822276043
0.8862559241706162, 0.3053403770158336, 0.1229768066148966, 0.057857996856857066
0.8525666647633187, 0.39985899017847615, 0.15971756590433625, 0.064063681628098
0.8405184719922344, 0.4624085189572185, 0.17319763042807637, 0.06784508788639519
0.8195626106321019, 0.5044884784211788, 0.19176371698422048, 0.07344912956297245
0.8619311368697539, 0.3828566149047541, 0.14280503836298392, 0.058420346592415934
0.859133215325758, 0.4753893109688077, 0.1438300052863323, 0.06689852924690837
0.9093245017986639, 0.2604982906437133, 0.09690773198006247, 0.052284350726184856
0.8711814080968423, 0.3514646992770162, 0.13321956695275156, 0.06062843966364018
0.9356478044880946, 0.19664396864165945, 0.06967753681876086, 0.04446370507112242
0.897047907268886, 0.2750717849527018, 0.10659947419392027, 0.053423468368776206
0.9467823902244047, 0.16912622258074939, 0.05633322862763115, 0.04043896015250515
0.8845429109804146, 0.31723027948480104, 0.11988082964736481, 0.059425710943197325
0.8885970421972249, 0.3002122643272701, 0.11569773814457414, 0.05485407831603444
0.8983041169417004, 0.2933283190487323, 0.10975054012761135, 0.05793862167791997
0.9058413749785873, 0.25212904931108626, 0.0973081865374889, 0.04987024649567918
0.8811168846000115, 0.3133944864759492, 0.1279188962815626, 0.0564452361012149
0.8666704733626449, 0.37719081634021395, 0.13975429008969095, 0.064322753958194
0.904756466624793, 0.2736819206603383, 0.10557576132288679, 0.054154200515855185
0.9176040655513047, 0.24242814963665407, 0.08613218909852159, 0.047337108326429136
0.8966482041911723, 0.294802211430672, 0.10380568470323517, 0.049102976134423576
0.8862559241706162, 0.3395442024749385, 0.12106616362102306, 0.053477313386446006
0.9242848169930908, 0.2154862605517432, 0.08365480534127163, 0.04814007495852451
0.8949351910009707, 0.2880704476060947, 0.11833107738568452, 0.053007084847714006
0.8555929880660081, 0.39868174481707946, 0.16333683713525005, 0.07112006975451372
0.9297093587620625, 0.20399439858127938, 0.07499011276563508, 0.04370532915984313
0.9094387026780106, 0.24756571170755767, 0.09527196385460347, 0.04956978733701623
0.8887683435162451, 0.2989974185527197, 0.11286668788024684, 0.0534139658269573
0.9185176725860789, 0.22458515228550455, 0.08150187481654808, 0.04760027191863942
0.9272540398561069, 0.22060584096578287, 0.07105622099556776, 0.04289332076371333
0.8854565180151888, 0.3124600396571332, 0.12611442814825136, 0.06097412209416219
0.9038999600296922, 0.25564330490360193, 0.10246137787629363, 0.051420274525800606
0.9226289042425627, 0.2262057147244796, 0.08923272291515247, 0.049283906522333096
0.9409581453777194, 0.17198395016319895, 0.05758036298765582, 0.040205081689365346
0.9560897618911666, 0.1436025980834675, 0.04859736939790726, 0.03730198116931179
0.9499229144064409, 0.1816929274158532, 0.05348450255544094, 0.041049650602511346
0.8725518186490036, 0.34008174901431903, 0.13224911240858542, 0.06302086724976158
0.8799177753668703, 0.33930383233270967, 0.1304049821160322, 0.06086382100452057
0.9335921886598527, 0.20118427234876504, 0.0694307498049228, 0.04590159547960019
0.9394735339462114, 0.19069139482386394, 0.060025404774671734, 0.04128379570308512
0.925198424027865, 0.22702635246034092, 0.07481826213288212, 0.04614974279032579
0.9405013418603323, 0.18593434481904675, 0.06436718456055562, 0.04419212609269662
0.9407868440586993, 0.18131257772142106, 0.06186870079521158, 0.03941707501036584
0.914235139610575, 0.22322580755222216, 0.07971580096731132, 0.05019719022240786
0.9439844686804089, 0.17093200504868294, 0.06080858784356583, 0.042800082077840695
0.933192485582139, 0.20958866272631022, 0.06636898074317904, 0.04351233648307754
0.9258836293039456, 0.21090495833079184, 0.07450619561518461, 0.04379966051107241
0.9479243990178724, 0.16180358290409758, 0.055863395840902816, 0.03914808598816651
0.9587163821161423, 0.13486754437125537, 0.03904378507424253, 0.03369337950071301
0.13704105521612517, 2.295665624160344, 0.8927374616437108, 0.31988855944283473
0.11323017187232341, 2.8924075863314798, 0.9155307774155523, 0.5039332119563112
0.11340147319134357, 2.8623665780490994, 0.9153810407044137, 0.5057354983447117
0.37337977502426767, 2.01227669968962, 0.6687098501460257, 0.2560396043722955
0.30982698566778966, 2.2510669803509455, 0.7368843318038107, 0.2692498662360648
0.3513390053103409, 2.1940586048409223, 0.657444462730614, 0.2336794238963722
0.5300062810483641, 1.5841164739383111, 0.5027282137255586, 0.14247810688546025
0.6266202249757323, 1.2847051968669243, 0.4142585039943555, 0.12189799151120845
0.5979558042596927, 1.1676221905092818, 0.44328452080517305, 0.1295788426473374
0.6029235425112773, 1.1406116487456965, 0.43098701448618926, 0.13010173650210508
0.6216524867241477, 1.0896114906236933, 0.4032353602065392, 0.1316384835374756
0.6032661451493176, 1.1394220186592174, 0.4277253418487924, 0.14309135560715683
0.6777822189230857, 0.9598717226315058, 0.36540092670706364, 0.1275213045204397
0.7537258036886884, 0.6739119619115747, 0.292549632666431, 0.09214207736038359
0.7128989893222177, 0.8216598389369739, 0.30895157994955436, 0.10877741458273792
0.8100839376463199, 0.5630789071969526, 0.21378549068654318, 0.08000202618431082
0.8205333181065494, 0.5056558203661606, 0.19676941449130333, 0.07561998053706281
0.7618911665619825, 0.6728548258378658, 0.2538433284511118, 0.0975694202148015
0.8219608290983841, 0.4898946411404308, 0.2095687488079695, 0.07811715845204124
0.8204762176668761, 0.5433510576723629, 0.2139749870426885, 0.07947496352221252
0.7836464340775424, 0.6388370588597332, 0.24478208165758433, 0.09064789694313279
0.824473248444013, 0.5091420841295724, 0.1884906850452557, 0.0757184616611714
0.8027750813681266, 0.6011469841556691, 0.21477410659957819, 0.08305912269284704
0.7717695426254783, 0.6895244808368227, 0.2509586069006962, 0.09009135277309252
0.8372637469308514, 0.47938375588138354, 0.19748442303300154, 0.07491499389429469
0.8235025409695654, 0.4722714178737008, 0.20410232779377588, 0.07776251096746481
0.8242448466853195, 0.4981324024763819, 0.19595339210751547, 0.07743243667350833
0.8129389596299892, 0.5030102713309769, 0.21556010253114247, 0.08064152676809268
0.8405755724319077, 0.46648683306831856, 0.19439095002659287, 0.07670478126007452
0.8334951179124079, 0.45971786252086405, 0.19282439551287223, 0.07514982514192406
0.8253297550391138, 0.5035928882120138, 0.20559421265343633, 0.07594001858817954
0.8121395534745618, 0.5479151747105745, 0.21454969381332603, 0.07642501342934314
0.8134528635870496, 0.5610130564143431, 0.20405885414612002, 0.07698072977375596
0.8555358876263347, 0.43094110357333, 0.16033676017065338, 0.06910265712734816
0.8372637469308514, 0.4766804236184659, 0.18280947046745213, 0.07133633113997255
0.8305258950493919, 0.46702771705958124, 0.19892563788877837, 0.07166589882671344
0.7695426254782162, 0.6571726550314521, 0.2701357939176298, 0.09144789242844799
0.7468737509278821, 0.7439372374958269, 0.280807215447075, 0.10650155451268399
0.7508136812653458, 0.7242903516086108, 0.2786328084233444, 0.09617617699059383
0.808770627533832, 0.5440108542599484, 0.21622099197025302, 0.08224016889326322
0.8042025923599612, 0.5777144503221843, 0.2256656929164837, 0.08169482125650183
0.7738251584537201, 0.6917406797867074, 0.2545987391745181, 0.10613084671034381
0.8555929880660081, 0.39609601583732607, 0.15780026911121944, 0.06891567302492758
0.8462856163992463, 0.40979697188567227, 0.1731634907957997, 0.06630369999514203
0.885342317135842, 0.3410404595594691, 0.13507118067376647, 0.05675441833437207
0.8290412836178839, 0.4661440331729642, 0.19959157799012114, 0.07277291054302865
0.9064123793753212, 0.3044493477056416, 0.10994913926663079, 0.05497564091842089
0.8251013532804202, 0.46545680026918357, 0.19318209775398587, 0.07351761621693273
0.8760349454690801, 0.367966068632886, 0.14733639686039893, 0.06251605111679759
0.8275566721863759, 0.49731178800024267, 0.19549163594236302, 0.0733088350741873
0.8743790327185519, 0.3703115705560322, 0.1320608340743134, 0.0601677739330736
0.8577057043339233, 0.39700927313744033, 0.147594820877415, 0.06427347854742617
0.8319534060412265, 0.4561294079593937, 0.181408133090363, 0.06732949248156612
0.8577057043339233, 0.3884287097768763, 0.15929881481432856, 0.06393519852677793
0.9040712613487124, 0.27160021827469394, 0.09953990930926576, 0.05725036142704957
0.8815736881173986, 0.3453421007517115, 0.14416159565432082, 0.06504710838384636
0.7860446525438246, 0.5575596125887698, 0.24611500471058279, 0.09026550824659899
0.8209901216239365, 0.4648134881982824, 0.20773771879726877, 0.07812079929487964
0.8077428196197111, 0.5899223544123058, 0.22282489449645426, 0.08080732853342855
0.8802603780049106, 0.3208610140902062, 0.13321987035446312, 0.05807397233208319
0.856906298178496, 0.3908735170766536, 0.15357032222734907, 0.06351228956985544
0.8479986295894478, 0.4223264139901468, 0.16032290928571802, 0.06708735420194094
0.8462285159595729, 0.4231732896677866, 0.1596254699780775, 0.06360279308177497
0.8442300005710044, 0.4273061717217537, 0.16588621562269798, 0.06426423108958196
0.8635299491806087, 0.3981839130841878, 0.1435063249985696, 0.059395447848952745
0.8482270313481414, 0.4622657577099342, 0.1648324425701719, 0.06419182278514307
0.9009878376063496, 0.29969916460790724, 0.11074251290979804, 0.05668069102786603
0.9298235596414093, 0.21383165718223152, 0.07618022040928901, 0.04314081309218471
0.8799177753668703, 0.32586165866529776, 0.12581232901924833, 0.05504015501076863
0.9362188088848284, 0.19885317338082548, 0.07198330025948009, 0.04467827896630194
0.9333637869011592, 0.2092150375345283, 0.0712387969386177, 0.04429792421671868
0.9012733398047165, 0.29406757351862206, 0.11573520687023969, 0.05509774002864997
0.9242277165534175, 0.22101242636057059, 0.07897556055915728, 0.04440685485740394
0.8239593444869525, 0.4892729968768357, 0.1798136555526155, 0.07978344162453584
0.9145206418089419, 0.255884615015102, 0.0904250857523017, 0.051840249512404415
0.9184605721464055, 0.23258854455725864, 0.08618748422155938, 0.047168021093738625
0.9147490435676354, 0.25265979865201793, 0.0937062830713865, 0.0496810702780471
0.9349054987723405, 0.2098666330995169, 0.06896422409966112, 0.04502767694822085
0.9183463712670588, 0.22783687213744488, 0.0833556368455565, 0.05069873610871632
0.9241135156740707, 0.23092591133808252, 0.08732965051820009, 0.049532041781578835
0.906983383772055, 0.2622035302711772, 0.1062150697126655, 0.054539032673989615
0.875578141951693, 0.3494807354524375, 0.1374657435597301, 0.06350844566347986
0.9011591389253697, 0.26715417667989, 0.0985614480814833, 0.046613873159922485
0.8859704219722492, 0.3114535989173315, 0.11374645006637865, 0.053144452138872846
0.9492948095700336, 0.1607150576792931, 0.05095629779057484, 0.03734405749854749
0.9138354365328613, 0.2328829279037027, 0.08343049257086088, 0.04999929866679403
0.9366756124022155, 0.18916140101121787, 0.07386682286909003, 0.044789161086188564
0.9270827385370868, 0.21236908431839263, 0.07742536680022159, 0.04376193167471152
0.9251413235881917, 0.2195568737910117, 0.09234135750814557, 0.049903264302421084
0.8929937760520756, 0.29126095695311727, 0.10951864850796908, 0.0530988862384103
0.8963627019928053, 0.27535161098803623, 0.10927096709944176, 0.04994086031267309
0.8855707188945355, 0.30927975229754057, 0.11996490340701343, 0.052367114271102695
0.8824301947124993, 0.32367522890248335, 0.12093717256812747, 0.05438771292674378
0.8808884828413179, 0.3286763837090398, 0.12082786256764906, 0.05047912736261217
0.9016159424427568, 0.2768162601997473, 0.09769049555471405, 0.055041703160456715
0.9058413749785873, 0.2591682793273613, 0.09487608796120624, 0.047269784434660775
0.9264546337006795, 0.23351178541630635, 0.07813407281675384, 0.04782997740381683
0.9238280134757038, 0.21691970125068263, 0.08227001952298156, 0.04502393984798588
0.8912807628618741, 0.29834688653972474, 0.1255650531393705, 0.05678365079220779
0.8629018443442015, 0.38758410023813794, 0.155084141149026, 0.06522496938170827
0.8917375663792612, 0.28560901092084956, 0.11177233385776289, 0.05257398944107044
0.10911894021583966, 2.3051299548520765, 0.9029301707154237, 0.34072244900449483
0.18746074344772454, 2.6694576626895925, 0.8632463276752161, 0.3383947878427719
0.1519442699708788, 2.871321936989422, 0.8680636385312734, 0.4646729997082881
0.2914406440929595, 2.6580564933986683, 0.7070832200072086, 0.22081420909631463
0.5919031576543139, 1.5532549579667112, 0.4444180349257932, 0.13087263437124394
0.5733455147604637, 1.5996421297272632, 0.4670847483670189, 0.1508964686610955
0.6318163649860103, 1.513211413742157, 0.42375606020494366, 0.12148508551743795
0.643750356877748, 1.2724680008277045, 0.4074174893302196, 0.12348832473839269
0.5956717866727573, 1.2724468325359437, 0.4404419712318473, 0.12307584101548796
0.6360988979615143, 1.2230711565886694, 0.4085932939230031, 0.11566546769965909
0.5826528864272255, 1.4891288012537252, 0.45819048331790224, 0.13697188154681905
0.6933135385142466, 1.075194803250019, 0.3444308816178524, 0.10818700860537955
0.6738422885856221, 1.1731973867019867, 0.37195408746059744, 0.11200812084096001
0.7126134871238509, 0.9647755561765435, 0.3296780049023836, 0.10337651049739277
0.6428367498429738, 1.064470002484971, 0.3920349439053114, 0.12933310260514572
0.7254039856106892, 0.8950350726309313, 0.31821859227819993, 0.10128620970116972
0.6800662365100212, 0.8921211637180202, 0.35018814213188876, 0.11239349422492913
0.770399132073317, 0.6802576862002879, 0.23741286062464828, 0.08858119940548245
0.7562382230343173, 0.7109847109585362, 0.26775386386853756, 0.09306959512392875
0.7682293153657284, 0.7438615402763562, 0.2706112634211554, 0.09126064626640885
0.7791925997830184, 0.5926607119114845, 0.24324430570592975, 0.09265353950589693
0.7926112031062639, 0.596377407035833, 0.23618866907876876, 0.09130845542742923
0.7461885456518015, 0.655647352577621, 0.27779505894419165, 0.10631365850644818
0.7566379261120311, 0.7020601059856333, 0.26789683040510376, 0.09257013387486551
0.716039513504254, 0.9454016185270214, 0.31662853065336355, 0.10647548132792307
0.772626049220579, 0.6838073390944275, 0.24771834897015593, 0.08348484694131074
0.7637754810712043, 0.698582763896147, 0.2735910062525747, 0.0900371508502527
0.7683435162450751, 0.7469935507254482, 0.25299790517980625, 0.09526502707044658
0.8057443042311426, 0.5454812971260938, 0.20291755378121681, 0.07288100569070598
0.8027179809284531, 0.549999989386117, 0.21201189737482898, 0.07877314312419519
0.8020327756523725, 0.5527104887636625, 0.21937273173952723, 0.07894331422159782
0.7863872551818649, 0.6156027858273113, 0.23510607220523622, 0.08384418902077938
0.8192200079940616, 0.5494856127453406, 0.1948388468224356, 0.07338963546374117
0.8385199566036659, 0.5338825517971021, 0.16859171535980869, 0.06794322059595954
0.8084851253354651, 0.6791629393807433, 0.20710951579794207, 0.0805111429040365
0.8208188203049164, 0.6045339865440755, 0.19625093595076812, 0.07458209645401487
0.8239593444869525, 0.5127915453172845, 0.18411753775536224, 0.0702832030853002
0.8042596927996346, 0.7178661157248803, 0.20552884465883603, 0.08462277360822028
0.7992348541083766, 0.6347471018251302, 0.21866248399750646, 0.07726899493119396
0.8241306458059727, 0.6483774790731349, 0.19546401811761735, 0.07500610741567097
0.7982070461942556, 0.7454105854921056, 0.223164722090556, 0.08350215768068095
0.8067150117055901, 0.7884678866691691, 0.2176696607136714, 0.08056855843709683
0.8389767601210529, 0.46110724277588505, 0.16924834462284957, 0.06593474284536177
0.840918175069948, 0.5501579680097792, 0.1669717686983405, 0.06776163383686191
0.8319534060412265, 0.5616178855272383, 0.1831493489434172, 0.07041584517268697
0.8307542968080854, 0.5744289227928197, 0.19023749412142568, 0.0707630665608545
0.8318963056015531, 0.47802892596075625, 0.18035353591141062, 0.06899922467599721
0.8325815108776338, 0.4521706327200711, 0.18521236860132367, 0.0676282177411067
0.8586193113686975, 0.3866807897470936, 0.14894289822888135, 0.06358642891739362
0.8330954148346942, 0.49561787978124466, 0.1783408765548584, 0.07067699914915525
0.8140809684234569, 0.5250764664292269, 0.21132759664902645, 0.07381165924506838
0.8373779478101981, 0.45779110267003625, 0.1779370534053214, 0.06993457082501692
0.8344087249471821, 0.4643052491746487, 0.17791144139499246, 0.07117836679926712
0.8217895277793639, 0.5284277178243385, 0.20416409958353907, 0.07722318280481007
0.8445726032090447, 0.451105918365049, 0.16778409135761216, 0.06139056239210982
0.8243019471249928, 0.5405283511058988, 0.19262418096173922, 0.07045336004499773
0.8257294581168275, 0.6164186255372959, 0.19090519847539084, 0.07811838190000721
0.8323531091189402, 0.5696303550214339, 0.1829860626081554, 0.07278663848943191
0.7982070461942556, 0.5805295605915917, 0.23261341591389784, 0.08393606136610263
0.8249871524010735, 0.48642640921558133, 0.19582319880134466, 0.07718134579207432
0.8591903157654314, 0.40376635137926536, 0.15019602870603538, 0.05783052987273562
0.8372066464911779, 0.47025396256626206, 0.1787339033161145, 0.07172777829275247
0.8485696339861817, 0.4838624541310252, 0.16201158021269269, 0.06412196302075492
0.8548506823502541, 0.46092105218718743, 0.1479644718627045, 0.06136153357552215
0.8578770056529436, 0.4791882633462017, 0.14833833338339156, 0.05917759354637215
0.8517672586078913, 0.4806279830333914, 0.15823230976986785, 0.060432099251484
0.8451436076057786, 0.48692399989544466, 0.1585924625533992, 0.059278174181713536
0.8577628047735968, 0.4853097290430206, 0.14819978603516795, 0.05911041371288396
0.8640438531376692, 0.5445601796635737, 0.13706819639088427, 0.05920507584538127
0.794838120253526, 0.6448878188000812, 0.219585208372027, 0.08197911820396848
0.7814766173699538, 0.7245760191319073, 0.24254937031672824, 0.08520687737381127
0.7910694912350825, 0.7689809178624957, 0.247637970587611, 0.08310134619834704
0.7859875521041512, 0.6705017972039763, 0.24563074924318434, 0.08103213930631735
0.7926112031062639, 0.6864108766767822, 0.23604338035327466, 0.08074217823857993
0.8569633986181694, 0.38082599570273384, 0.1598364546602432, 0.06372779866510231
0.7986067492719694, 0.565738686835147, 0.2348350617326726, 0.0875948917230823
0.7285445097927254, 0.8049969393648136, 0.30187367221413836, 0.12925606830857136
0.8158510820533318, 0.5750906574529471, 0.2122275925900657, 0.07418728443333102
0.8341803231884886, 0.44364306233953693, 0.18117384689023755, 0.07431567700920422
0.8456575115628391, 0.4332301489419635, 0.16718922485466778, 0.06746689686652872
0.8157939816136585, 0.4968404521652107, 0.21409775493664568, 0.08020690963353064
0.7919259978301832, 0.61958698102058, 0.23199047283109078, 0.07965435537917855
0.8368069434134643, 0.5285782473408859, 0.17949058489917105, 0.06762686526639693
0.8443442014503512, 0.4815624695122911, 0.16683209785707234, 0.06583652386238302
0.8594758179637983, 0.4814887400263093, 0.14532539311538908, 0.06108723446352214
0.8486838348655285, 0.5537627481242352, 0.16205568983737698, 0.06621435617568279
0.858847713127391, 0.4764621735982387, 0.1434813685987913, 0.05773032717769453
0.8245874493233598, 0.5978239609877951, 0.1879468683802154, 0.0733345516365722
0.8493690401416091, 0.49947265677424224, 0.15253551395733372, 0.06078237464234357
0.8570204990578427, 0.47804504477470594, 0.15029659905302054, 0.058602687171911395
0.837663450008565, 0.5800821774986136, 0.16634075786581443, 0.07301111878909075
0.8080854222577514, 0.5825518695312694, 0.19600381093336708, 0.07564242976266541
0.8647290584137498, 0.4251825109262502, 0.14176379086153268, 0.05848559045433075
0.8463427168389197, 0.46846057492024634, 0.16166148506955388, 0.061640665103153816
0.8311539998857991, 0.4930516352424415, 0.1813758823604716, 0.07499531442764013
0.8614743333523668, 0.45089106850123545, 0.14267135683724147, 0.057367289795018706
0.8554787871866614, 0.5265705412422408, 0.15436914822555572, 0.06447839804075263
0.8522240621252783, 0.42487700598737493, 0.1576981486312426, 0.06457959752124469
0.8242448466853195, 0.5024341678398149, 0.19681578191466248, 0.07299696181382659
0.8293838862559242, 0.5517894943755646, 0.1846747711418536, 0.07424185787427659
0.8599897219208588, 0.5154051441506516, 0.1410177088624475, 0.06275315398507693
0.05921315594130075, 2.3126561163440122
0.10055387426483184, 2.539701335408227, 0.9328544373258773, 0.5011946995447684
0.28538799748758065, 2.3981922327577028, 0.7293865927985592, 0.30863704070517733
0.1659909781305316, 2.305054973475033, 0.877450206996025, 0.44390127552549963
0.351053503111974, 2.171308966815448, 0.6859466302360065, 0.2766145917017269
0.47307714269399875, 1.528441670878106, 0.5711564168053899, 0.17987708090284887
0.5439387883286702, 1.4121305574333007, 0.49882576480945107, 0.15552386611404767
0.5578712956089762, 1.1440818953268115, 0.4978420662177607, 0.1645194274778787
0.6127448181350996, 1.072612396754039, 0.4359846176756172, 0.13839812306185348
0.6990235824815851, 0.8730212693799674, 0.34182628219256905, 0.11226348520334861
0.6964540626962827, 0.8192509537064867, 0.3499389956040593, 0.11393846424919188
0.72626049220579, 0.825810024341431, 0.2883639201332869, 0.09974605975577457
0.7223776623079998, 0.8494440834757072, 0.28998272867083436, 0.09237930258555078
0.7282590075943585, 0.8948028498152775, 0.3157165323962951, 0.10787532569143639
0.7806201107748529, 0.6481784963158702, 0.2571428302048361, 0.08667446760926462
0.7024496088619883, 0.9325702798463258, 0.3475963299807938, 0.12007856240213115
0.7973505395991549, 0.6490312468867617, 0.21898831861890564, 0.07839663493450302
0.7953520242105864, 0.6793442690804131, 0.22883590080122884, 0.08408203125303439
0.7713698395477645, 0.723171597328443, 0.23689035644362735, 0.08493149668772232
0.8296122880146177, 0.4516002193557366, 0.18159852516375696, 0.07507422150423114
0.7684006166847485, 0.6045331302449805, 0.2613816064398992, 0.09561142470445097
0.7502997773082852, 0.8106393248086561, 0.27528761985954037, 0.10158976208575682
0.8351510306629361, 0.45777052213129327, 0.18042529716407954, 0.07742015423149841
0.8442871010106778, 0.43347530116106336, 0.17321930399483076, 0.07423056540514124
0.8057443042311426, 0.5610874581510545, 0.21469072356342467, 0.08065113975959165
0.7882715696910866, 0.5571944188109866, 0.2361195834288859, 0.09184234308088218
0.8005481642208645, 0.6647821850526089, 0.20759905895600028, 0.09095391295528905
0.8201336150288357, 0.5432164734502254, 0.19676460436518878, 0.07977607749864793
0.7869582595785988, 0.7398824778304416, 0.2382350645499701, 0.09249878854562767
0.8348655284645692, 0.45390479288256147, 0.19354194842473374, 0.07458795896923404
0.82121852338263, 0.5956684154324136, 0.1945971753011803, 0.0793306094806481
0.87957517272883, 0.3512569101628666, 0.12799829630594886, 0.060859496038936436
0.9144635413692686, 0.27508350961215144, 0.09433937441968819, 0.053460576414538864
0.906241078056301, 0.2906675357945901, 0.10767808079325283, 0.057051206397447325
0.8357220350596699, 0.4255225559062182, 0.17634072921641702, 0.07715357142174337
0.8907097584651402, 0.3057912546084622, 0.11590076275456182, 0.05742168948629907
0.8776908582196082, 0.33414414453314606, 0.12549805121931185, 0.060881340136799765
0.8702107006223948, 0.35637888117144406, 0.14574519780991543, 0.062366693934793306
0.8596471192828185, 0.4028602379689055, 0.1549274742280532, 0.0700856513543052
0.9031005538742648, 0.3026312907339736, 0.10161297443850412, 0.055811794033236925
0.8654713641295038, 0.3682179421734858, 0.14408232070834465, 0.06296772571555208
0.8484554331068349, 0.4645903279612445, 0.15917928725697614, 0.0731642808688225
0.8486838348655285, 0.3950046162010891, 0.15408790853464654, 0.06326802509138883
0.8453720093644721, 0.49797964264646205, 0.159782889223126, 0.07037343306871333
0.8408610746302747, 0.5006252923808594, 0.17403931467861983, 0.0691318284848533
0.850682350254097, 0.41539083921089975, 0.1600690346250701, 0.06432893751775626
0.9347912978929938, 0.21075730154457298, 0.06797667478185225, 0.044969427408005115
0.82121852338263, 0.4825350094922806, 0.1789963092114094, 0.0810801307621978
0.9278250442528407, 0.22819837042544522, 0.08440855709760066, 0.04877413533666393
0.8931079769314224, 0.2939149359656104, 0.11393001171882924, 0.05737416785655103
0.8956203962770514, 0.2797437362101902, 0.09943807974876055, 0.05747408052280276
0.920002284017587, 0.23064785721626468, 0.08824386649417065, 0.049546757816283885
0.9135499343344944, 0.24367845080117226, 0.08771834002124046, 0.04882854671199297
0.9045851653057728, 0.26124059842381187, 0.10033344497480681, 0.051487748597171513
0.8979044138639868, 0.27765860184232494, 0.10199505733909117, 0.05104712623356792
0.8891680465939588, 0.2973404828908139, 0.11103128483062398, 0.05060726230375643
0.8829440986695598, 0.3227693896856984, 0.12062002631828235, 0.053638639746894444
0.8924227716553418, 0.2896938554656957, 0.11167304669812148, 0.05251201183600553
0.9287957517272883, 0.20499936005997246, 0.07900565915903406, 0.04557881753810224
0.8293838862559242, 0.4865552706680042, 0.18618490907345062, 0.08123795918650797
0.8566778964198024, 0.42309260704639995, 0.15102099530750365, 0.06582857421218341
0.9020727459601439, 0.2843893896342071, 0.11068944560823427, 0.057040101047813506
0.9106378119111517, 0.2577881304745425, 0.0932742953493522, 0.050041101111124184
0.9084108947638897, 0.2565201033523881, 0.09881479838555926, 0.050416099511635906
0.9213155941300748, 0.24072238397528353, 0.08825150329026618, 0.048358083280918486
0.9337063895391995, 0.19817360010133783, 0.07894397690330993, 0.048641305380176234
0.915719751042083, 0.2545565793521717, 0.09480950188171526, 0.05162119229509301
0.9313081710729173, 0.20273425376365167, 0.07903364874636698, 0.04428371588379069
0.9136641352138412, 0.24428857824723438, 0.10178581153961225, 0.05475462150392626
0.9387312282304574, 0.18157397233451553, 0.07244608894530033, 0.04467446688398556
0.8328099126363273, 0.4553481882850841, 0.18202513963709338, 0.07683712782711592
0.8660423685262376, 0.37931424321829427, 0.14476529783529432, 0.062309199560744113
0.9005881345286358, 0.29672395693768605, 0.11343440090588469, 0.05792015290284277
0.9196025809398732, 0.24432240435341904, 0.10090750383932189, 0.05023617462252689
0.9148632444469822, 0.2506151233432206, 0.1011279265694432, 0.05384240978911433
0.8959058984754182, 0.29359198641662193, 0.11868766969628404, 0.06032860391839971
0.9176040655513047, 0.22436903593557297, 0.08663668487374938, 0.045452771149449636
0.9432421629646548, 0.178546665436187, 0.06220471323815217, 0.041674866913412975
0.93793182207503, 0.19096622219246753, 0.0667434178307021, 0.04422303222047087
0.9523782333123965, 0.14703562280910978, 0.0512800060343774, 0.039101622122569374
0.9282247473305545, 0.20774821092746895, 0.07481498957755689, 0.04617573243267423
0.9335921886598527, 0.1933314430706356, 0.07125647934909764, 0.04458663687608256
0.935419402729401, 0.18123241071211804, 0.06646704237178859, 0.04026811707068107
0.9387883286701307, 0.1764040501027956, 0.06864029712462205, 0.041151967989960576
0.8889967452749387, 0.312777201063298, 0.12663754571205968, 0.06043684563443043
0.879289670530463, 0.3274551446104731, 0.132153054623549, 0.056024977872574835
0.8783189630560155, 0.33463825205838665, 0.13594640456747248, 0.057712494733289564
0.9506652201221949, 0.15581835046174505, 0.05706753966110771, 0.037588122330675613
0.9474675955004853, 0.1569168481584313, 0.06008535454198684, 0.03904896857525648
0.8905955575857935, 0.31070485922014657, 0.12634174352698932, 0.05848030256424131
0.8836293039456404, 0.3267081570697958, 0.13243283225171165, 0.0570284076713642
0.8899674527493862, 0.32714856601068587, 0.13229750942448704, 0.06456761858600471
0.9023011477188374, 0.2821030937825471, 0.11719445612023899, 0.04998482809761772
0.8768343516245075, 0.3614801197483724, 0.1506840714762795, 0.06257289837142005
0.9217152972077886, 0.23654799314324146, 0.10111554616222404, 0.04908245816108649
0.9385599269114372, 0.18303889340104226, 0.06911986344776351, 0.04290840129220883
0.9227431051219095, 0.21983545281712932, 0.08913670027374405, 0.04444841591629538
0.930965568434877, 0.1985029960910166, 0.07783300539969985, 0.04318816407706794
0.9160052532404499, 0.2369335048577583, 0.08671409242272753, 0.04787388523705728
0.9570033689259407, 0.13671190112798917, 0.0474433857973663, 0.035294415469415745
0.9520356306743561, 0.14663461913216252, 0.0512765097057404, 0.03632578284597871
0.14343630445954433, 2.3002583834075754, 0.858508745863398, 0.2882484720833936
0.20510477930680066, 2.6661501140302604, 0.844168232909757, 0.372972102722051
0.28424598869411294, 2.514155986075847, 0.7936277433446054, 0.3324457817859034
0.17912407925541027, 2.745715166999252, 0.8727759243391409, 0.43111007555999065
0.31685033974761606, 2.3495726958491545, 0.6967388508801683, 0.25260192572533696
0.3170216410666362, 2.3228977295138105, 0.720697287035544, 0.2802410235998186
0.5241820362016788, 1.636203281976415, 0.5274630476897032, 0.17435234575072495
0.5810540741163707, 1.691632025444455, 0.47298226879334077, 0.1441191076336195
0.531776394678239, 1.8399018356159107, 0.516097659118706, 0.17865290566272976
0.5170444812425056, 1.6082537218502693, 0.5274241354234381, 0.16292458755389516
0.599326214811854, 1.136529737958724, 0.45198006646067446, 0.1307167841420184
0.6219379889225147, 1.0728976737605962, 0.43042727000318143, 0.12788599674924556
0.6487180951293325, 1.0502234847851315, 0.4008919036166904, 0.1280338714407722
0.7032490150174157, 1.0702741881773186, 0.3441795350423433, 0.10991652827188483
0.6978815736881174, 0.880471923274472, 0.3485806114761954, 0.10880019395011052
0.7288871124307658, 0.90678240613982, 0.31421671501286563, 0.10916202486771052
0.6978815736881174, 0.8983221957881755, 0.34825568461831485, 0.10711778742700818
0.7386512876149146, 0.7898210793937698, 0.3058915988047516, 0.09324696892259658
0.7124992862445041, 1.0083151035855489, 0.3380496627731446, 0.11329528449581323
0.6824644549763034, 1.1017218153518933, 0.36486680910230357, 0.11605823883992711
0.7475589562039627, 0.7097799537963918, 0.29362611988636117, 0.0911023495921595
0.7937532118997316, 0.7397791328661941, 0.22111084845390908, 0.08809056898535876
0.7482441614800434, 0.826267148222573, 0.2692706816153272, 0.1024167969190287
0.7637183806315309, 0.7336481750218317, 0.25681074489478667, 0.09085988246042916
0.7260320904470965, 0.9525115444961935, 0.30024311385610913, 0.10510238779457094
0.8016330725746589, 0.5853636707958751, 0.21361001425626364, 0.07665369499423387
0.7654313938217324, 0.6824478747050999, 0.2645772517647433, 0.09318783061263289
0.847427625192714, 0.4270186891745349, 0.17683745570009385, 0.06950035159330302
0.8089990292925255, 0.5049980597748608, 0.2099051735260389, 0.07930570242016913
0.7975789413578485, 0.532441970223462, 0.23234050006597814, 0.0868052873249341
0.7656026951407526, 0.6976757555487871, 0.27090142157412184, 0.09368617867239289
0.851881459487238, 0.457953826433142, 0.17815311692790198, 0.06548265319086484
0.7702849311939702, 0.7124105093080714, 0.26632270336108493, 0.0973570702438037
0.8040312910409411, 0.5358006895284689, 0.237098321142306, 0.08343374409709609
0.7526408953348941, 0.7527045417134087, 0.2878735767333826, 0.09131803111922411
0.8245303488836864, 0.5841158380172989, 0.1875543919793198, 0.07461294759996995
0.8551361845486211, 0.3878970210329871, 0.1619553915112359, 0.06990240942074454
0.8230457374521783, 0.4888452900731814, 0.20193961277158443, 0.08233502879492448
0.8093987323702393, 0.5414512651071146, 0.220223865023005, 0.08152258451108986
0.7775937874721636, 0.630863018031377, 0.24394856450058222, 0.08866991319556314
0.783874835836236, 0.5740949596014054, 0.2241756801717058, 0.08935413686466445
0.8528521669616856, 0.4172712441720183, 0.15740045121463048, 0.06755995173492721
0.8303545937303717, 0.4784251850761632, 0.19316589043743193, 0.07295237110537517
0.8530805687203792, 0.401179619128177, 0.15587129098383948, 0.06664973055041587
0.8474847256323874, 0.4212284634390123, 0.1649253790217484, 0.06679992833831092
0.8454291098041455, 0.45716793017834895, 0.16536238020845034, 0.0681377089014401
0.8104265402843602, 0.64056535645773, 0.20563498823038678, 0.08275272212430732
0.805801404670816, 0.5429942778573306, 0.21032413995708357, 0.08442927992579273
0.8083709244561184, 0.5543603019382877, 0.20793037418256252, 0.08226625402212852
0.8424598869411295, 0.44462850839621915, 0.16894854826828828, 0.06517220728383116
0.9081824930051962, 0.2803203749396773, 0.10234091790449143, 0.0544119762595217
0.8809455832809913, 0.3212936200733939, 0.12553826901784929, 0.06415812568431563
0.8368640438531376, 0.5282866082261157, 0.17209979665498173, 0.08013944761681079
0.8059156055501627, 0.5371677671996127, 0.22370401176902274, 0.08181648195509324
0.8351510306629361, 0.43504047505549026, 0.1637565337846694, 0.07758912468596284
0.828184777022783, 0.4648289710548855, 0.19644952904783336, 0.07617337722358258
0.9037286587106721, 0.32122984367857443, 0.10353620373382054, 0.05512977357132813
0.8578199052132701, 0.8536391197505155, 0.14213040671350197, 0.07368866530252212
0.6892594072974362, 0.8722288067802154, 0.34677430023864536, 0.13131632073380797
0.7936390110203848, 0.6648814809847212, 0.2432664184694909, 0.0868416635269247
0.8088277279735054, 0.5935913976705186, 0.2285040907011505, 0.08590008436629394
0.7732541540569863, 0.6364595239351187, 0.25111976927268564, 0.11396735996145792
0.8574773025752298, 0.4662861858486018, 0.15264406667450328, 0.06500770327371082
0.8279563752640895, 0.5019978491776165, 0.18682868381636078, 0.07692159653724848
0.825501056358134, 0.6209725519206671, 0.18511189098019035, 0.07563367630596966
0.7769656826357563, 0.8011365252308684, 0.24328656082222974, 0.09700896335684626
0.7597784502940672, 0.7948549084595048, 0.2738869972207785, 0.10906945761296673
0.7550962142408496, 0.8575750021162186, 0.28557548454057086, 0.10632313133951783
0.7855307485867641, 0.7338103778702282, 0.24741986370967342, 0.09351079542587498
0.8153371780962714, 0.487848526909572, 0.21685333153964345, 0.08923365920082987
0.896020099354765, 0.32191802763355065, 0.11630485161370835, 0.05826437925159855
0.8883686404385314, 0.33684993002706054, 0.11818227127276401, 0.05963697595203972
0.8852281162564952, 0.32035589443926743, 0.11926023009401882, 0.06353271717480904
0.8735225261234512, 0.36286670871400223, 0.1456247517822412, 0.06457661242733778
0.8565636955404556, 0.3935600816156429, 0.15133055494589726, 0.06824058920058912
0.8096842345686062, 0.525114834561161, 0.2031057305337157, 0.07986058965716787
0.8290412836178839, 0.5059051671250704, 0.1810096912580832, 0.07559980418395447
0.8228173356934848, 0.5483748990250801, 0.19074749827578563, 0.0754485132848335
0.8081996231370981, 0.5929094705804007, 0.20677884013070325, 0.08172414862059277
0.8642151544566893, 0.3672269605381365, 0.14536711650496914, 0.06154366678608481
0.8886541426368983, 0.32129009168861256, 0.12385444157147424, 0.059218011582677796
0.9327927825044253, 0.2188417546396487, 0.07227654512190264, 0.044762440123496124
0.8397761662764803, 0.40453695959401936, 0.17088350437565109, 0.06946473777135333
0.8794038714098098, 0.35206839423109365, 0.12564180149316814, 0.060859662678313484
0.8862559241706162, 0.32363500902470704, 0.1219324972967335, 0.058112697968993224
0.8917946668189345, 0.3114518157434344, 0.1157536179632761, 0.05074362234128958
0.8495403414606293, 0.472884671481073, 0.1564873889838694, 0.06979633631654948
0.8356078341803231, 0.4497265863075676, 0.16873041747704678, 0.06536592258261982
0.8381202535259521, 0.4569271916463763, 0.16589948245315025, 0.0642057567234994
0.8121966539142351, 0.5370528747054605, 0.19634670532649065, 0.08213926482453032
0.8735796265631245, 0.3589558762710969, 0.13140516630013613, 0.06312041025649509
0.8448581054074117, 0.42241980473913404, 0.16792992581921265, 0.06803583397325003
0.87232341689031, 0.35456061714025655, 0.1387717890690084, 0.06168903997353583
0.8559355907040485, 0.38300555383348384, 0.15341557120144494, 0.06480853413850934
0.8405184719922344, 0.5052606639410419, 0.17124396890180163, 0.07181631553804395
0.9068691828927082, 0.2770560952637398, 0.09830084645344846, 0.051767521840525806
0.8735225261234512, 0.3569146292564916, 0.1416335435679952, 0.06605972484754194
0.8265859647119282, 0.47240123121873784, 0.18925707626199773, 0.0768353444919055
0.8599326214811854, 0.36985137788164474, 0.15417910091840006, 0.06354072531963112
0.8895677496716725, 0.3222318944857279, 0.11745256376139442, 0.05573327677319355
0.8432592930965569, 0.44577597997144247, 0.1665633960273674, 0.06806845199611201
0.05847085022554674, 2.3071441189835578, 0.9312019164240175, 0.24707710681121597
0.11323017187232341, 2.4891591064152476, 0.9155307774155523, 0.505536715946205
0.2579797864443556, 2.5859296477168385, 0.7774104292704884, 0.25997657582411743
0.1686746987951807, 2.8396517253205227, 0.8500828721315854, 0.4044975770401959
0.39170901615942444, 2.1791888723989166, 0.6344708633410122, 0.19775807044007307
0.4495517615485639, 1.5900121226252464, 0.5785254351099016, 0.206957321253257
0.5551304745046537, 1.3588011483625935, 0.48289598546683743, 0.13719805710979882
0.529549477530977, 1.5882472295567949, 0.5179964654596386, 0.176113517382588
0.6217095871638212, 1.0830135801138587, 0.4364272720301346, 0.13064855910134765
0.6436361559984012, 1.0531550999545496, 0.39907234908486056, 0.12535584331574073
0.6957688574202021, 1.0000973927487922, 0.3363705376580526, 0.11216620153155182
0.5868212185233826, 1.3353604753482302, 0.4577390122773177, 0.15508245516577965
0.7645177867869583, 0.6863160887617703, 0.26128623477374785, 0.0904056743931858
0.6456346713869697, 1.1028180902587479, 0.39620804144937527, 0.12257792877446626
0.7459601438931079, 0.7089547127546857, 0.26719159156240907, 0.08876203249244723
0.7552675155598698, 0.7237735230671681, 0.2701865691549164, 0.09299366777879407
0.816022383372352, 0.5441612886793625, 0.19207316732582846, 0.07442617522563522
0.720778849997145, 0.7991975520282643, 0.3134784616403798, 0.10489559274406889
0.7307714269399874, 0.7576301048807526, 0.3016916611604011, 0.10249170204857784
0.8016901730143322, 0.6569954831410966, 0.21148554696314817, 0.08335503817009683
0.7678296122880146, 0.7074016622126845, 0.26388720539337734, 0.09100030750222347
0.7343116541997373, 0.862141072061225, 0.2968854952567313, 0.09873411788488441
0.7913549934334494, 0.7287680939738065, 0.22910670623002885, 0.08312829204477061
0.7094158625021413, 1.007243621428001, 0.3222494088579184, 0.12013898246081064
0.7473305544452692, 0.8918057828193985, 0.2797480123701044, 0.09783428852427455
0.8163649860103923, 0.5413072279356296, 0.19728951995584504, 0.07324062894216625
0.8137383657854166, 0.5365486227536477, 0.20463041907591162, 0.07806622589033638
0.7429909210300919, 0.748916971401838, 0.2882124142456819, 0.10404411148364967
0.8674698795180723, 0.3793099032973572, 0.13833433931709804, 0.061464482995595565
0.813509964026723, 0.5156228105917796, 0.20129080099791827, 0.07744491761171772
0.8633586478615886, 0.40527982455097566, 0.14102639530272623, 0.06385366134649847
0.8481128304687946, 0.41281690677972027, 0.1563024629590234, 0.06939743232992815
0.8176782961228801, 0.5225899606049099, 0.1894749701847523, 0.07696861899143226
0.8393193627590932, 0.4538143113372255, 0.1735310464568294, 0.06758625620996302
0.8434876948552504, 0.45647462014677936, 0.16925028011791782, 0.0734660237120487
0.8176782961228801, 0.5255173269537979, 0.20086746106566933, 0.08516526809997214
0.8620453377491006, 0.41334667489218324, 0.1656366721116088, 0.06940568235859974
0.864158054017016, 0.3962739848910131, 0.13908903510763818, 0.06609331926838286
0.8646719579740764, 0.3979458990064803, 0.14184578569494455, 0.06212003766212323
0.8694112944669674, 0.34783337797520963, 0.12535967461893943, 0.06448881707876239
0.8747216353565922, 0.36554754268393336, 0.12265257103294293, 0.06193669757614447
0.8501113458573631, 0.41816224728771095, 0.1620279132143737, 0.06961411263184941
0.8253868554787872, 0.47965743138646577, 0.1900322727210921, 0.07011011186124434
0.8971050077085594, 0.3169057925996024, 0.10782913133475383, 0.052157314919874256
0.8939073830868498, 0.3206435523226948, 0.10156468248783286, 0.05193741672276516
0.8755210415120196, 0.3403186501506117, 0.12818468849345482, 0.059116067270528753
0.8418317821047222, 0.4383006874869289, 0.16975369935729184, 0.07109747097367634
0.8158510820533318, 0.5200086787668394, 0.1984618315951242, 0.08252350175362219
0.8703249015017416, 0.3881944190702098, 0.1422899543256965, 0.06183269860435726
0.8699822988637013, 0.35728166706613185, 0.1349830162064847, 0.061545719279542346
0.879289670530463, 0.34781145980557227, 0.13709749217020178, 0.060908394741231775
0.9094387026780106, 0.2763558389621758, 0.10372114090108747, 0.05594647520651515
0.8717524124935762, 0.3348183022642009, 0.13035365202056307, 0.06742464481342311
0.9136070347741677, 0.26114003102550415, 0.09374375719094734, 0.049971200774751805
0.9273682407354537, 0.22357002968999365, 0.07833379524879441, 0.048169998363041144
0.8814594872380518, 0.34616571316139877, 0.13128416710795995, 0.059561055094650116
0.8808313824016445, 0.3488510591612325, 0.13163970272231207, 0.05992271702967548
0.8847142122994347, 0.33749521963305257, 0.14397587898679695, 0.06241407483344173
0.8827727973505396, 0.3579211351668475, 0.14273331354324023, 0.05839173150529758
0.8774053560212414, 0.3644772315952126, 0.13069837903557832, 0.060621215251689814
0.8775195569005881, 0.33665934778057527, 0.126888746135155, 0.05897586164965994
0.8704391023810883, 0.3556991480687006, 0.1413295253740382, 0.06153133553890969
0.8661565694055844, 0.3720848320560465, 0.14680828663919374, 0.06326969823925171
0.9074401872894421, 0.5869327639071921, 0.09643998469889505, 0.0520535423688471
0.842231485182436, 0.5220425007975977, 0.16652584492436956, 0.07286289516914662
0.8099126363272997, 0.5630935576864775, 0.2073841117041706, 0.08295730792026149
0.8021469765317193, 0.49938367898344366, 0.1940887694444089, 0.07723623221815354
0.8397190658368069, 0.4275307506405155, 0.1786919086414667, 0.07784148215737029
0.8843716096613944, 0.3734814124121509, 0.12522295404947295, 0.060282129103297395
0.7163821161422943, 0.7591981703607967, 0.31702407966480445, 0.12434497707931212
0.8775766573402615, 0.3542928179635707, 0.13834791434116459, 0.05799892064461729
0.8671843773197053, 0.3746364311892004, 0.14073843304941167, 0.061142597482030256
0.8620453377491006, 0.37754423578208307, 0.1450896346045801, 0.061542451471511946
0.8666133729229715, 0.3853562570461845, 0.15262211610873247, 0.06502005110034995
0.8141951693028037, 0.4885726612486803, 0.20211133181716506, 0.08251464969753083
0.9009878376063496, 0.28073142001087337, 0.10645999706075986, 0.05423444709777519
0.920002284017587, 0.26022928368417936, 0.08489509588895654, 0.04851823296235451
0.8961914006737852, 0.29907710157597883, 0.11006475371656049, 0.05334642602218511
0.8777479586592817, 0.35274287160774853, 0.1385272467939988, 0.06831797361692975
0.8630160452235482, 0.39231337523149246, 0.14862300860929772, 0.06821041069478707
0.9116085193855993, 0.27134966621151374, 0.0896681732101868, 0.05143426407862412
0.9293096556843488, 0.22209841951532222, 0.07812699092758522, 0.04601838196525159
0.8180779992005939, 0.4794829879664003, 0.19964211565014187, 0.08908456434580424
0.9089247987209501, 0.26646916518707364, 0.09329869803265337, 0.04994575071158821
0.9227431051219095, 0.24053870580329573, 0.07951099931683549, 0.04561915191766646
0.929480957003369, 0.22914772046450826, 0.0712980297432924, 0.0443867253852906
0.8864272254896363, 0.30665516588335273, 0.12246826579736927, 0.05667526440626778
0.8573060012562097, 0.404301490407865, 0.15602599190117186, 0.06373427857365736
0.8645577570947296, 0.3982052978090283, 0.14431131984141016, 0.060885267356902945
0.9079540912465026, 0.2587895115314387, 0.09996305033130987, 0.052434513545027504
0.906983383772055, 0.2776771059392434, 0.09800898535056926, 0.05086974152834595
0.9286815508479416, 0.22797710525939327, 0.07691819323432496, 0.047228370031035014
0.9234854108376634, 0.2224422465112833, 0.07852594669642253, 0.04782755164504681
0.9245703191914578, 0.23361560049860947, 0.0834161579511791, 0.049115590550445364
0.8863701250499629, 0.3042836684874268, 0.1183699869084999, 0.058199463258826814
0.8969908068292126, 0.2736906868650416, 0.10922202934295976, 0.057777223654920176
0.9038999600296922, 0.31343557879328515, 0.10685809255987551, 0.05243498109575602
0.8623308399474676, 0.4014370900543885, 0.1416404688156613, 0.06274449726925063
0.8791754696511163, 0.3493614195732378, 0.12000890958713098, 0.05635521352824272
0.892308570775995, 0.33292729799162524, 0.11056877101105439, 0.05800670062438892
0.8686689887512133, 0.33142852544158524, 0.12934941724461976, 0.06577444939626133
0.12465025980700051, 2.3016837345555228, 0.8730674299613476, 0.24387681020104748
0.11323017187232341, 2.6983954836794974, 0.9155307774155523, 0.5057850922680063
0.11323017187232341, 3.9513538699659447, 0.9155307774155523, 0.5058754493255171
0.15200137041055217, 2.8179425509415843, 0.8783876350458293, 0.4178551212201619
0.31222520413407184, 2.267249069438733, 0.6995175546225121, 0.2881009507932966
0.5622109290241535, 1.5298539802765172, 0.444305001987205, 0.14140565852806786
0.6303317535545023, 1.007730246283876, 0.40592729921781323, 0.12477853988226996
0.6941700451093473, 0.8824151333037304, 0.34875469470706194, 0.11962759210631642
0.6263918232170388, 1.1921929731841132, 0.41543844847940176, 0.14303792905400553
0.7007365956717867, 0.9575642228404865, 0.32834685940490604, 0.10195413919380829
0.8000342602638041, 0.6259844814470963, 0.22045415625892634, 0.07965448468651944
0.6636784103237595, 0.8747138404038787, 0.3914986194660142, 0.14126015494233451
0.7494432707131845, 0.7709111352505122, 0.28063008958983043, 0.09560153689656609
0.7751955690058814, 0.6394713406060129, 0.24471146148183742, 0.0918960068609776
0.7457317421344144, 0.7098767929019919, 0.28024855511420765, 0.10512313738958759
0.8365785416547707, 0.5104903983980811, 0.1847508011141249, 0.07381677802912
0.7604065551304745, 0.6458932060786841, 0.28258885426523933, 0.09641920549239007
0.8362930394564038, 0.5141169589350228, 0.18883554007929498, 0.07273436583114931
0.7914691943127962, 0.6228878505753771, 0.22860738095974378, 0.08803100966457733
0.7600639524924342, 0.7707264123722188, 0.2743719360675296, 0.09586599732419515
0.799006452349683, 0.6366679899128803, 0.21217977785929654, 0.08301548781580463
0.7276309027579513, 0.8918718073076701, 0.29803676519723193, 0.1145934083656083
0.8205333181065494, 0.5422271015489867, 0.19569474141981033, 0.07800231941962155
0.8017472734540056, 0.6458771712753564, 0.2154729174267935, 0.0824137841855104
0.8625021412664877, 0.487066289255723, 0.14951595951689628, 0.06531879902283726
0.7249471820933021, 0.6956367735850258, 0.2886551443495584, 0.09658397698877032
0.8412607777079883, 0.5062235356795107, 0.1868479117836725, 0.07197429876974797
0.7410495060811968, 0.7227911153806946, 0.2908784551807563, 0.10364958973493223
0.8136241649060698, 0.5258121128366041, 0.21426319117554868, 0.0793608741384164
0.792325700907897, 0.6380382477968333, 0.24168522595426262, 0.08512437616400169
0.7861017529834979, 0.7285896739101614, 0.24461102253961328, 0.08708964020756343
0.8066008108262434, 0.5286336144949484, 0.216009775075489, 0.08305063228360983
0.720322046479758, 0.7812580570962274, 0.3154790288387868, 0.12298456797231448
0.8630160452235482, 0.3743905037021353, 0.14161536299187444, 0.06077204998940834
0.881059784160338, 0.36336459615697897, 0.13679252414197948, 0.061575821050664906
0.8078570204990578, 0.5161668747644593, 0.2139217930661845, 0.07746575362853482
0.7900416833209616, 0.6703249588622302, 0.22825031638729232, 0.08374153790720137
0.8415462799063553, 0.43477048903496174, 0.17019892634688064, 0.06850557593322115
0.8715811111745561, 0.3701860447433257, 0.1520334311349171, 0.06368179951158418
0.7996916576257637, 0.5680157965692639, 0.22737621563201638, 0.08573139522099625
0.8661565694055844, 0.3824869528016729, 0.15973294532669216, 0.06543756954746367
0.9031576543139382, 0.2902505719200768, 0.1050209497805918, 0.054180757690827294
0.8674698795180723, 0.3708022592209151, 0.1480856213632145, 0.06618094801886398
0.894820990121624, 0.3236288369219539, 0.11699905914874376, 0.05520040410709184
0.8599326214811854, 0.3909312611948086, 0.15048953938953955, 0.06603297319131832
0.8469708216753269, 0.4268408720838033, 0.16499453343936318, 0.06554987317207911
0.8475989265117342, 0.42495898503321333, 0.16149954630853242, 0.0717066889618447
0.8575915034545766, 0.4058614397458944, 0.1483001545118395, 0.06461897956212499
0.8562781933420888, 0.42846442677119095, 0.15147536964903233, 0.0676439895629883
0.9215439958887683, 0.25143558661714294, 0.08808547745197545, 0.047597867067928123
0.8510249528921373, 0.40087522507364354, 0.16651400871255925, 0.07111339985192217
0.7869011591389253, 0.5936783675435598, 0.247287794920042, 0.09099616773312943
0.8567920972991492, 0.39400581271504603, 0.14678481595978268, 0.06269420079010554
0.9054416719008737, 0.2796149675760917, 0.09661749752776352, 0.055245933023685266
0.9286815508479416, 0.22271697800782778, 0.07205505195578273, 0.044792628958016285
0.8760920459087534, 0.34330651132268497, 0.13207021970150096, 0.06019591834334611
0.8670701764403586, 0.3687603367465376, 0.1410683052438837, 0.06541435139798943
0.9232570090789699, 0.23867820025662406, 0.09035273694654636, 0.04784075462680479
0.8768914520641808, 0.3296204483286426, 0.13052818960742965, 0.05897284414297021
0.8631873465425683, 0.3763057918372549, 0.14707100976027151, 0.06602632062865485
0.8619882373094273, 0.4054255091045566, 0.1425769273664129, 0.0637883495005154
0.8556500885056815, 0.4528048740195379, 0.14851913532033365, 0.06732481667408503
0.834979729343916, 0.4698204753532442, 0.17943613607756553, 0.07006247524799959
0.8396619653971336, 0.5064227334152827, 0.16867826726524845, 0.06898100365986397
0.8231599383315251, 0.5126467711000627, 0.19127084225552887, 0.06847095450141055
0.8235596414092389, 0.5199434392993966, 0.18450283664581982, 0.07113387135346123
0.8095700336892594, 0.5878372919788659, 0.2110883751393003, 0.07767068291683975
0.7709701364700509, 0.5635821362843032, 0.2369197998657678, 0.10270257301860304
0.8725518186490036, 0.3531410810442579, 0.1331434852671776, 0.06021299037566733
0.8674698795180723, 0.3827411496354303, 0.14150059181622285, 0.06297272468069856
0.8682692856734997, 0.37363535379316426, 0.14163935489510188, 0.05849423307092814
0.8139667675441101, 0.49659341100995086, 0.20067094988064926, 0.08093294743353793
0.8369782447324844, 0.42867528495133184, 0.17505089589378492, 0.07659034132242315
0.900302632330269, 0.2929260382590403, 0.11378388254121764, 0.05568343881404227
0.7913549934334494, 0.59972219421664, 0.2138113290274105, 0.1036442240155387
0.8734654256837777, 0.3885475359624624, 0.12158629534509, 0.060699507211257386
0.8294409866955975, 0.45981801022742874, 0.17714239992883454, 0.0752438230364759
0.8389196596813795, 0.4577437856847318, 0.16725879728332552, 0.07285246981171954
0.9176611659909781, 0.2727250983149639, 0.09226977629643952, 0.04768866863843192
0.8895106492319991, 0.31880870834398445, 0.12247113589641577, 0.05990448269558481
0.9038428595900189, 0.3114185926260089, 0.11128327495335832, 0.05458068361626678
0.8556500885056815, 0.38404456725166203, 0.1595931744880132, 0.06784965540188354
0.8381773539656255, 0.5001167504990227, 0.17106487118256244, 0.07404903645152515
0.8357791354993434, 0.44798464380319103, 0.16815447543837508, 0.06864041819570614
0.8621595386284474, 0.38699206897071525, 0.1440965945978879, 0.06066497451108201
0.8417746816650489, 0.45241344996885624, 0.17932396820510924, 0.07076103130979693
0.8742077313995318, 0.3536677947012731, 0.1329548533044976, 0.06109372421305922
0.8260720607548678, 0.4884452219900994, 0.18724352901057956, 0.07459452413865447
0.8877976360417975, 0.3048665927048901, 0.11407061308910274, 0.054666461963458236
0.9297093587620625, 0.22334952665060773, 0.079499552790741, 0.044910645381066164
0.914235139610575, 0.26990581289670706, 0.10495449721140211, 0.056643846566998494
0.9327927825044253, 0.20911875369556335, 0.07501670477800053, 0.045549632407576694
0.8621024381887741, 0.37987964527658286, 0.14781723864813953, 0.06260211113677762
0.9410152458173928, 0.19918001140505048, 0.06564116099326035, 0.04186119873403326
0.9098384057557243, 0.25303444077772386, 0.09543629314449911, 0.04906542672896176
0.889339347912979, 0.3010396210435745, 0.11340719965853406, 0.05821983987422098
0.9089247987209501, 0.26740067313103816, 0.1057107455575647, 0.05230821071369987
0.9050419688231599, 0.2698217358205512, 0.10247687101212992, 0.04832136492931431
0.8997316279335351, 0.26574322449581617, 0.0987541077313606, 0.05670084503338061
0.8482841317878148, 0.40844872183190467, 0.16209513585250745, 0.0783848409060323
0.8843145092217211, 0.31613446165364606, 0.12047445691018077, 0.05684952096431682
0.11037514988865414, 2.3037892234854307, 0.9212765640366809, 0.2666663755167577
0.1030662936104608, 2.6172098414361398, 0.8974914272281072, 0.4744400619159398
0.13795466225089933, 2.6508663287382577, 0.8951794334142859, 0.4337386371075319
0.15285787700565295, 2.8610218008125567, 0.8669739505257497, 0.475042238396255
0.41866042368526235, 1.6464858663294497, 0.6039435269098908, 0.22199847160856223
0.5147033632158967, 1.4052827499659257, 0.5226092643602668, 0.15365173679782834
0.4409295951578827, 1.8808228637137603, 0.5974753473113312, 0.21091513408408044
0.5456518015188717, 1.4604810293450545, 0.4733697111233768, 0.1454565015773344
0.6158282418774624, 1.2899027216811751, 0.4012918352050627, 0.11597845775825366
0.5530177582367384, 1.4498010516970792, 0.45221619672021396, 0.1365461534795616
0.5863644150059956, 1.0352570871358657, 0.4268960746447757, 0.1550795930765375
0.6782961228801462, 0.909604316892826, 0.34029608127643285, 0.11978053622731077
0.5797407640038829, 1.313547872917938, 0.45697162920664997, 0.14411758365906663
0.6500885056814938, 1.007654223724, 0.36324782836938513, 0.12227283479434013
0.6861759835550734, 0.9450801922267437, 0.3251754297122345, 0.10932252211662746
0.6642494147204934, 0.9819786291241185, 0.36066595879486485, 0.13756440435909625
0.5202421058642152, 1.5854274493350053, 0.4965697920292437, 0.19663144124351978
0.6062353680123337, 1.209728226421961, 0.41660936869656945, 0.1427244390617853
0.6644778164791869, 1.010274233540771, 0.3537792007399857, 0.11369453173043488
0.7588077428196197, 0.711543771647799, 0.2545715589009077, 0.0949254748817812
0.6593387769085822, 1.0371758230376997, 0.35544320822967074, 0.13396501683072773
0.8031176840061669, 0.5724867999134451, 0.19746352930860775, 0.07812557037286298
0.818249300519614, 0.5253036100361033, 0.18656656817837516, 0.07204717941763931
0.8177924970022269, 0.5113422519446464, 0.2015118216397792, 0.08614460820297352
0.8447439045280649, 0.42662287434073104, 0.16176178900139282, 0.07216106290558526
0.7498429737908981, 0.7419589259662664, 0.2697722178175382, 0.10868974604963902
0.7577799349054988, 0.6911262586648398, 0.22593194387666163, 0.09909278168037326
0.8562210929024153, 0.4087948781242646, 0.14822771323510914, 0.06704167850077443
0.8839148061440073, 0.35651439835039256, 0.12242094916727829, 0.0601948208288171
0.8585051104893507, 0.4072058703429537, 0.14370827351916832, 0.06617354590129088
0.8440015988123108, 0.41876256652902066, 0.1621020212187068, 0.07521175344044803
0.8295551875749443, 0.45918725271816846, 0.17381655354792, 0.07642246354941327
0.8195626106321019, 0.5169595860476862, 0.18749702920135808, 0.07161262510510807
0.779877805059099, 0.6399434190435267, 0.23366719579501902, 0.08446019477045065
0.7641180837092446, 0.67914142529305, 0.2484841329162512, 0.09158904537739539
0.7806201107748529, 0.61746693095057, 0.22720729430170655, 0.08062587930533485
0.8108262433620739, 0.5710502259943069, 0.1999726097887805, 0.07718000864591575
0.8676411808370924, 0.3846504891685636, 0.14019948224686268, 0.06572902239112913
0.844915205847085, 0.4237803384559544, 0.1620412161974284, 0.07224864956878084
0.8278992748244162, 0.5599887184427329, 0.17809693201298604, 0.07671425287687547
0.8969337063895392, 0.32079642426861454, 0.10640124085581347, 0.057044185116581776
0.896305601553132, 0.3226613124627719, 0.0988118604710342, 0.05690403177857694
0.8742648318392051, 0.3334612888959666, 0.13195798580757317, 0.05935454133104576
0.924456118312111, 0.23619103141060202, 0.08015525674674404, 0.04887674264492819
0.8629018443442015, 0.3749168275074021, 0.14877550647254792, 0.06384771015612674
0.8417746816650489, 0.45694457528503324, 0.1709476743207588, 0.07610899811546644
0.8772340547022212, 0.3619804118271362, 0.1199013047784673, 0.0577841484042753
0.8856849197738823, 0.3349210448876128, 0.11411836553629957, 0.058056497765993406
0.8760920459087534, 0.32179523796820925, 0.12734558717743888, 0.06555839497151814
0.9035002569519786, 0.28350322663740674, 0.0979538410110244, 0.05087401495015291
0.8969908068292126, 0.3059148665162752, 0.1074494153723448, 0.05401313173316383
0.8545651801518872, 0.38613851867871307, 0.15598051849856026, 0.06917203415723953
0.9140067378518815, 0.2654216638651662, 0.10093924791289524, 0.05380544680698746
0.9150345457660024, 0.2599794611408307, 0.09433924406197702, 0.04943056940493899
0.8844858105407412, 0.3580084506592798, 0.12846759256139087, 0.05852162327082027
0.8810026837206647, 0.33489677934970635, 0.13625228987023072, 0.05796259510094769
0.869639696225661, 0.3912972152462194, 0.1509478381981382, 0.0670134077270624
0.9296522583223891, 0.22851813120426412, 0.07190678323143711, 0.04637903931209677
0.918232170387712, 0.24444335267435702, 0.08699839029214039, 0.04817062160220102
0.8808884828413179, 0.3433085956154261, 0.12702070488719197, 0.06300745073706733
0.9203448866556273, 0.23663704543712724, 0.08122519128870115, 0.05155893781088371
0.9265117341403529, 0.22786015590092165, 0.07759854815639028, 0.047892717051200455
0.8869982298863701, 0.3189950009439843, 0.11825437230738411, 0.05785826211026965
0.8989322217781077, 0.2755037129223006, 0.10446181891853544, 0.051357208424024955
0.8864272254896363, 0.3016708173510672, 0.1182207545959974, 0.05422979580692482
0.9006452349683093, 0.27721913987715063, 0.09776752321607797, 0.05209254185479208
0.9297664592017358, 0.2121604164279895, 0.07707785620789345, 0.047390710420127075
0.8885399417575516, 0.3052293484511831, 0.11356004387225975, 0.057024219518152994
0.9085250956432365, 0.27205724967101524, 0.096800838443638, 0.05082975428619644
0.9242277165534175, 0.21776260906363126, 0.07118288973841082, 0.04745095873902708
0.9428995603266145, 0.17662927347629517, 0.05894702324221413, 0.04080767902930816
0.9125221264203734, 0.27250911311481985, 0.09373011824196824, 0.04859644656124289
0.9290241534859819, 0.21103353729317775, 0.07798083669173768, 0.04540850397987647
0.9311368697538971, 0.21834254838590136, 0.07225751187836303, 0.04400157013628322
0.9278250442528407, 0.22265383874782946, 0.06997587591514884, 0.0451673785941644
0.9504368183635014, 0.1585278161177875, 0.04902360174318032, 0.0382187786161415
0.9272540398561069, 0.22635971865819268, 0.07368018199828817, 0.044141816346781736
0.9301661622794496, 0.21116610792187857, 0.06739499870716216, 0.04513549249558965
0.9301661622794496, 0.20127544075120085, 0.06928469763738229, 0.04294964741366369
0.9285102495289214, 0.21769331311636597, 0.0751418346227525, 0.044941754761473565
0.8763775481071204, 0.34451864337897015, 0.13452027927246976, 0.06158050480161807
0.95260663507109, 0.1545890779005783, 0.04806528697069031, 0.03652868654511462
0.8911665619825273, 0.3215936680695075, 0.12169477327836352, 0.06556158327991123
0.9372466167989494, 0.1920286019940433, 0.06676803152190508, 0.0432707252407432
0.905784274538914, 0.27535056800012714, 0.09626397216470624, 0.05423195687940569
0.9296522583223891, 0.20088270791259807, 0.07240745071322861, 0.04253064176500584
0.9150916462056757, 0.2417135277208218, 0.08301716484009497, 0.047623095204074595
0.909952606635071, 0.27603471823341214, 0.09364595576819733, 0.04954873881739807
0.9234283103979901, 0.22816234048283499, 0.07776969623529766, 0.046131184764885515
0.9313652715125906, 0.20530200399429063, 0.06991459175915143, 0.044764982233268816
0.9461542853879975, 0.16266183460679612, 0.04966725318513312, 0.03759701711894429
0.8975618112259465, 0.2915361336405504, 0.10184912512018071, 0.05456503770608754
0.9130360303774339, 0.24863665010874206, 0.09279255602363475, 0.047945829003407894
0.8962485011134586, 0.29747501444411717, 0.11107030648716831, 0.059502247045598554
0.9635128190487067, 0.12298471603582596, 0.036854731872919114, 0.03470044373172414
0.9323359789870382, 0.19785431691274685, 0.06599841343686992, 0.04332487380418117
0.88682692856735, 0.3182390725392283, 0.11629313028679511, 0.05832568983575203
0.929937760520756, 0.2123598425195655, 0.0685046172705493, 0.044819577445089444
0.9394735339462114, 0.1852012625203026, 0.06222039893892755, 0.041025319506054474
0.9171472620339176, 0.2316832536028554, 0.08421118147331232, 0.04862394711220077
0.8680979843544795, 0.36598134337503846, 0.13741258042752127, 0.06723791624240513
0.07114714783303831, 2.305091355506271, 0.9410829196064002, 0.2949921831579191
0.13641295037971793, 2.4746622240591694, 0.8561305277953399, 0.3983291606120947
0.27356820647518987, 2.531116845289467, 0.761681031828422, 0.25492714630510516
0.40575572431907725, 1.76136022817399, 0.6658681799208918, 0.21427268596575372
0.5175012847598927, 1.547238473118216, 0.5182236503235684, 0.15765429714716817
0.2829326785816251, 2.271165581836827, 0.7334324729379232, 0.3268087973647251
0.5039684805573003, 1.5168185524494844, 0.5695226530468248, 0.1782647700017743
0.5106492319990864, 1.6556499805660785, 0.5184742218866565, 0.1725116546046335
0.6466624793010907, 0.9168843280169099, 0.41180454053528653, 0.1359620636646481
0.627305430251813, 0.9422867053974847, 0.43577501728890133, 0.14393410883776972
0.6008679266830355, 1.0210045335285307, 0.45680231955865375, 0.1571023058221698
0.7269456974818707, 0.8037119101367524, 0.32488696634770114, 0.1012611435832445
0.6693884542910981, 0.8961190187031869, 0.36229878687202394, 0.11518496168404019
0.6403814309370183, 0.9691652581746606, 0.38899602426625945, 0.13327588136427307
0.7941529149774453, 0.6152612205161316, 0.24565512952187826, 0.09176929003009787
0.8106549420430538, 0.5212929298568274, 0.20307262553234323, 0.08042409350060879
0.7231199680237538, 0.8779359517267448, 0.30491787702396767, 0.11170669006741894
0.7376234797007937, 0.7935176272218205, 0.28604304055006236, 0.10356360582390733
0.8030034831268201, 0.5254807385986077, 0.22557541016360327, 0.0842569633486527
0.761662764803289, 0.696914526377516, 0.25941401311629325, 0.09758040121029311
0.8436589961742705, 0.45202697603890196, 0.1792602188940034, 0.07236982594836924
0.7741677610917604, 0.657794494031508, 0.25663707958909104, 0.0861858966488518
0.8165362873294124, 0.5531073473376368, 0.19975854315636937, 0.07801839252239877
0.764631987666305, 0.7442925062429343, 0.26278983484974217, 0.09327109214189169
0.8319534060412265, 0.48914003890846475, 0.17863437444348443, 0.07635015353285918
0.8135670644663964, 0.4856027187149907, 0.21719510065909972, 0.08648247514073658
0.8519956603665848, 0.4038265809125457, 0.16261243027756692, 0.07018879333327759
0.8692970935876206, 0.3959121705470654, 0.13929879122304753, 0.06420197793421888
0.7401358990464226, 0.6931026659938336, 0.2991638296190296, 0.11543845928336688
0.7954091246502598, 0.5323243725926889, 0.22257592828193992, 0.09272844243823085
0.8491406383829155, 0.4319742199484044, 0.17448232803810013, 0.0691649039854509
0.8796322731685033, 0.34535577592184635, 0.13416806505614678, 0.05802914558740321
0.8197910123907954, 0.49489233338964445, 0.20421744227778987, 0.07944033054323638
0.9051561697025067, 0.2882360973733519, 0.10184934260164709, 0.05656381129484282
0.8929366756124022, 0.32986794976170736, 0.11003022221023669, 0.058999584711988094
0.8838006052646605, 0.3357290778045183, 0.127531807593624, 0.06039281154881087
0.9035573573916519, 0.2961540179516873, 0.10793579322485061, 0.05582919230859532
0.8985896191400674, 0.3016191434784209, 0.10932874543235664, 0.05911803890071586
0.8714669102952093, 0.34353631205636587, 0.13530965594440397, 0.06208459151988213
0.866841774681665, 0.35872374226866083, 0.14838462919686252, 0.06171609765428225
0.8767772511848341, 0.33681341506622164, 0.14033125565679344, 0.06342396871554737
0.8782618626163421, 0.3341068221979439, 0.1280350944022398, 0.05767864435788193
0.874093530520185, 0.35016205193814665, 0.13178912478138274, 0.058316604667419045
0.9237709130360304, 0.2246610496652467, 0.08220413986972729, 0.0475383679181322
0.882829897790213, 0.322248887875021, 0.12990103145359458, 0.05546172279888409
0.9120082224633129, 0.2608226215847113, 0.09452729164564418, 0.05246473075388635
0.8981899160623537, 0.27666437769221663, 0.10616276682925653, 0.05268998600077061
0.9154913492833895, 0.24571050336514824, 0.08834932778276888, 0.05164964697464058
0.8790041683320962, 0.34109447574111224, 0.13304098519872962, 0.06068950907366271
0.9116085193855993, 0.25253978703378754, 0.08765329202916994, 0.050977892688512175
0.9053274710215269, 0.27139577118687763, 0.09343654133154768, 0.054101111065447245
0.8955632958373779, 0.30116247705373517, 0.11231052135385597, 0.05455677834109
0.8906526580254668, 0.2916316730063805, 0.11889192217836268, 0.055447903223829295
0.8750642379946325, 0.33910500156734114, 0.13384916192257398, 0.058272701284168484
0.8720379146919431, 0.36599701789418126, 0.13746635231405807, 0.057484431927367484
0.9161194541197967, 0.2473534488843801, 0.08633910970014382, 0.04593054058380638
0.8660423685262376, 0.38285539444566224, 0.15024291414703697, 0.0677073470477485
0.8919088676982813, 0.31756085363391545, 0.11723186656665728, 0.05345622904559535
0.9013875406840632, 0.2734338924555951, 0.11037179126811067, 0.05237734909928363
0.915434248843716, 0.25297891742605894, 0.09269110126056833, 0.048026024461200724
0.8562210929024153, 0.42615047055661903, 0.15816757388822497, 0.06777788436189489
0.9225718038028893, 0.2276771855366579, 0.08538966279162322, 0.04677329947239428
0.8891109461542854, 0.32782727676907053, 0.12955487709557115, 0.05949474762833611
0.8615314337920402, 0.36540131776355006, 0.1523052033529399, 0.06190203696758318
0.9225718038028893, 0.22693028105080199, 0.08084683861769257, 0.04425087529498432
0.9384457260320904, 0.19740079452176373, 0.06676968080871569, 0.043974513170721555
0.9098955061953977, 0.26308961804124986, 0.1079092138480434, 0.05509580372464879
0.9457545823102838, 0.16832898109622627, 0.05649011449741474, 0.039970327325245705
0.9108662136698452, 0.27302981154763073, 0.10442944900328256, 0.052341786198410775
0.9073830868497688, 0.2764347789423049, 0.11116450139019793, 0.05601594748764491
0.8868840290070233, 0.3061161110648315, 0.1283360165469509, 0.05428339530064574
0.8784331639353623, 0.32809805418102234, 0.129616791564051, 0.057222479157785736
0.8704962028207617, 0.3565331419438618, 0.14042849365429377, 0.05864813201911955
0.9369040141609091, 0.18991071319152164, 0.06895028382369023, 0.042423547974566995
0.888311539998858, 0.29901634385521747, 0.12414610860192361, 0.05743584542404092
0.885342317135842, 0.30265806793127464, 0.12259876525840317, 0.053609224108362365
0.8703820019414149, 0.3546477336612974, 0.13591397672964683, 0.05746591616950106
0.8883686404385314, 0.31236547013118104, 0.11295905656447844, 0.053754949658517744
0.8987609204590875, 0.2818035134175633, 0.10719779685946247, 0.04981840478360582
0.9196596813795466, 0.23679696475726894, 0.08859350102473623, 0.04892917066734652
0.9001884314509222, 0.25903639237920084, 0.10325721988289763, 0.049930394168266994
0.9315936732712842, 0.20491977241876824, 0.07327168677419191, 0.04151003472534479
0.8787186661337292, 0.3418627909507115, 0.13158016059081723, 0.0680998704194536
0.9464968880260378, 0.16780852246619898, 0.05680849779676048, 0.03770191421089411
0.9158910523611031, 0.23030269293968184, 0.08778775190694992, 0.04441449349921448
0.9380460229543768, 0.1932870195655092, 0.07249684430341503, 0.04301459309756686
0.9480385998972192, 0.16508041794987313, 0.05973661560444609, 0.039255190666639614
0.9184605721464055, 0.2362924673729619, 0.0986158026375593, 0.049752330567781895
0.8861988237309427, 0.3213873352033329, 0.13360904799504478, 0.06053412633031376
0.9341631930565866, 0.20364907961021167, 0.07830626557065327, 0.04417690988554457
0.9161194541197967, 0.2222940273650167, 0.08846113927334048, 0.04541231749825541
0.9062981784959744, 0.24942043405250902, 0.09728479812749358, 0.04860136100252452
0.8869982298863701, 0.3153943165510057, 0.12647059623024917, 0.05867615961195424
0.8684976874321932, 0.39057382475870916, 0.1384127330123731, 0.06137167060064281
0.8877405356021242, 0.31567488504480723, 0.11631268729710202, 0.05105728483888958
0.9121224233426597, 0.23569332986912547, 0.09290083323063472, 0.04447293938489232
0.8903100553874265, 0.2967369384040873, 0.11650052396388734, 0.05381074962983281
0.9458116827499572, 0.1689956003021575, 0.06123571599529276, 0.039453345997453856
0.9518072289156626, 0.14486429080764113, 0.0463125972820539, 0.0376302785621475
0.9546622508993319, 0.14052104235047227, 0.046950186548878205, 0.03511664360289953
0.9446696739564895, 0.15958203609737434, 0.05814386970173416, 0.038486122928505916
0.05921315594130075, 2.3126561163440122
0.10055387426483184, 2.566265117344072, 0.9328544373258773, 0.5011946995447684
0.3477416776109176, 2.985900281454177, 0.6673974110950153, 0.20626811534020448
0.24416148004339633, 2.311138220246689, 0.7296569000198171, 0.35192481667780345
0.3451721578256153, 2.1646461367210614, 0.6659161654025171, 0.21295474835234776
0.39096671044367043, 2.0146964243837866, 0.6189870494423684, 0.2133005221854715
0.2980642950950722, 2.0412349388931217, 0.7121041020266414, 0.2857923078621534
0.5435390852509564, 1.469647194879201, 0.5090006153877595, 0.14666167238968755
0.5658082567235768, 1.2516338363943296, 0.4644069915527697, 0.13177129941872187
0.5947581796379832, 1.4371769309843243, 0.43942948639315416, 0.1475156235748948
0.7014218009478673, 0.8549281510094288, 0.3388628026305488, 0.10921739860467686
0.6152001370410553, 1.2142112270330072, 0.4325544827027267, 0.13432468249885818
0.5932735682064751, 1.3454410665193022, 0.44587891429989457, 0.14744334460799954
0.7220350596699595, 0.888596384887588, 0.3189147453280088, 0.10244057880207666
0.6821218523382631, 0.9938225714525554, 0.3580272467435353, 0.1217965124031521
0.6103465996688174, 1.185800443757209, 0.4341791580861358, 0.13388462913611024
0.6056643636155998, 1.0825135335504876, 0.4246457482245804, 0.13742904718635165
0.5560440815394279, 1.129830074799049, 0.4542430140664012, 0.15935310623174415
0.7718266430651516, 0.8055395237596921, 0.27124122014543756, 0.09037009742498249
0.6444355621538286, 0.9901681656556283, 0.3798297195792795, 0.1273711531105896
0.6141152286872609, 1.12238829027664, 0.40272687046548744, 0.13803885446661504
0.6572831610803404, 0.9074723149324291, 0.368752942584199, 0.11223262788044473
0.68983041169417, 0.8957881496637081, 0.34024872542289647, 0.11175782548561305
0.7874150630959859, 0.5896427835169732, 0.23436133483656627, 0.08619962003331288
0.8400616684748473, 0.4786367543539035, 0.18280651663516687, 0.07248538504385973
0.7226631645063667, 0.7421511893227012, 0.2975529274228009, 0.10783378642268968
0.764631987666305, 0.6294829727301182, 0.2711998064097285, 0.09113352921419494
0.7849597441900302, 0.5856305352295543, 0.2568213449143512, 0.0841588878232034
0.7464740478501685, 0.7011877875195448, 0.2818019073490105, 0.10159031446320123
0.84668531947696, 0.4269961970844715, 0.15367550433140975, 0.07105683337058549
0.8156797807343117, 0.5532183996096746, 0.20299198098474397, 0.07896054447667313
0.7367098726660195, 0.81619245736162, 0.2911196318406011, 0.1036472989233685
0.8210472220636099, 0.5099661343432057, 0.18717360269866015, 0.07054966281325273
0.7944955176154856, 0.5879819765555516, 0.21745837733056425, 0.07816359092784729
0.7414492091589105, 0.7419901681681288, 0.2753387548936637, 0.0889815560693699
0.869810997544681, 0.387785514901183, 0.13957887350136902, 0.0645767662376566
0.8143664706218238, 0.5326893341354026, 0.19869869128599024, 0.08231427399863141
0.8011762690572718, 0.5938467893221695, 0.22119801003165535, 0.08311900309844306
0.8059156055501627, 0.6191521001073433, 0.20604924318702672, 0.0792014122855893
0.8310397990064523, 0.5384390390010791, 0.1775255518732129, 0.07290295765246424
0.7928396048649574, 0.6702526206603346, 0.22513026286311236, 0.0857148489959015
0.8112259464397876, 0.6031700243589416, 0.21336819898700518, 0.07662926693974279
0.8063153086278765, 0.6956632717780581, 0.2212815143902916, 0.07797151764707523
0.8004339633415177, 0.5784657766427052, 0.23282992509670766, 0.09336064798525702
0.8726660195283503, 0.39231775386198814, 0.15479916380492487, 0.06384699536024499
0.8933934791297893, 0.3214938167853443, 0.12055480052345292, 0.05708384066543969
0.8715811111745561, 0.3572497429123206, 0.1365718289152371, 0.06567895740493297
0.8817449894364187, 0.3237667884028866, 0.13148690377660313, 0.05822435487522213
0.8517101581682179, 0.412102526666474, 0.156914781037395, 0.06675600941933445
0.8793467709701365, 0.34795524593217325, 0.13243357746054576, 0.059704476707823445
0.8621595386284474, 0.46083060438049517, 0.15075265287575362, 0.06939528157792238
0.8550790841089476, 0.4344818221395789, 0.15862914074747328, 0.06765114539258202
0.8712385085365157, 0.4011651493047861, 0.13439748746676244, 0.063951866211812
0.8282418774624565, 0.49886348946106823, 0.18281657811442387, 0.07736461220197444
0.7823331239650545, 0.5814955915466218, 0.24244093420934962, 0.08810632100244865
0.721806657911266, 0.7453066003121025, 0.2949833047486204, 0.10965547911557633
0.8786615656940558, 0.3723049086147078, 0.14359581088292195, 0.059948405002184506
0.8870553303260436, 0.3627212433317175, 0.13705967306875666, 0.06150971669471359
0.827727973505396, 0.5145872482340537, 0.20195576381326089, 0.08690882940054517
0.8552503854279678, 0.41823266878916665, 0.1628331389483354, 0.0670812676200892
0.8967624050705191, 0.3055965524161079, 0.11834822232268169, 0.05470260629045508
0.8433734939759037, 0.40292553813826887, 0.16824196775256592, 0.06929970567831033
0.8409752755096215, 0.4649254593047408, 0.16971350543655256, 0.06845794844034497
0.7890138754068406, 0.5906667685367687, 0.22107923982745273, 0.07903234640847819
0.8936789813281563, 0.29461837317692996, 0.11077229899203635, 0.056094907210138475
0.8469137212356536, 0.42655164511603544, 0.16774688839354604, 0.06837066522346161
0.9014446411237367, 0.29408368746929564, 0.10333032817637168, 0.05394060308181445
0.8978473134243133, 0.2853596773217263, 0.10333888068218777, 0.05358516808842532
0.9007023354079826, 0.29783427205203916, 0.1147448028549411, 0.05276310187791316
0.864614857534403, 0.351933985141443, 0.14387226495388938, 0.060911535348985614
0.893793182207503, 0.31627154406908686, 0.1212717647468332, 0.059037328310421314
0.9261691315023126, 0.2272620181455642, 0.07801360692849574, 0.04752595387236645
0.9034431565123051, 0.2711371279118305, 0.10345472050541069, 0.04983053014093801
0.8575915034545766, 0.3712103219950401, 0.15407406781030325, 0.05898636678438842
0.8555358876263347, 0.392818219019559, 0.15654744296238077, 0.06441398781457901
0.8468566207959801, 0.4527042611504976, 0.16736541988457787, 0.06711680881156523
0.9020156455204705, 0.274724318152866, 0.10773354749926076, 0.05417285589014505
0.8724376177696568, 0.33437800298083764, 0.13597541675196698, 0.06242491971643443
0.882373094272826, 0.3203889468104973, 0.1295506438416136, 0.05646773156139055
0.8997887283732084, 0.3039605346028743, 0.10977825282088186, 0.05749142485197505
0.8816878889967453, 0.315644199337855, 0.12573819897518843, 0.05659290812634763
0.911265916747559, 0.25928443121972816, 0.10311599896749647, 0.052004119861520544
0.8706104037001084, 0.3442782522992442, 0.13678665866477263, 0.06811981963775776
0.9150916462056757, 0.2608207710520369, 0.0911502487668427, 0.053179388985438246
0.8979044138639868, 0.27569805152975907, 0.10674061975782728, 0.055545419952900806
0.9205161879746474, 0.24051113102860058, 0.08751670704317603, 0.04940442014416271
0.8642151544566893, 0.37425596729623856, 0.14862271426451218, 0.06592355138074395
0.8533089704790727, 0.41724213513663727, 0.1645754886652864, 0.06743222664510617
0.9373608176782962, 0.19376389909159564, 0.06783070449337267, 0.043826058720439987
0.9170901615942443, 0.24655486506395988, 0.08574341765075413, 0.04616535659122127
0.8938502826471764, 0.2818437964763319, 0.10956298307634871, 0.05483173517613329
0.9391880317478445, 0.1891058950654101, 0.0660297892160826, 0.042646517302663306
0.9354765031690744, 0.19266789471226853, 0.07056248439966298, 0.041339737146682695
0.933192485582139, 0.2092580153063375, 0.07637193124879625, 0.04484998722386876
0.9243990178724376, 0.22915890454740762, 0.08048510184831802, 0.04689385569597632
0.9215439958887683, 0.23488245909173255, 0.09280189339460329, 0.05094465145753736
0.8324102095586136, 0.4748881924839569, 0.1964052330117553, 0.08720219308689828
0.9003597327699423, 0.2958501798930474, 0.12652817634924646, 0.05463385113706779
0.8979615143036601, 0.2686333944393921, 0.11047937989370267, 0.053477068310509475
0.8296122880146177, 0.46160869441393765, 0.18764892254420895, 0.0867401840485524
0.8655284645691772, 0.3726016837503681, 0.1467364521677309, 0.06626938823269665
