acuracia,loss,frr,fpr
0.06069083642592064, 2.312827775221772
0.10082786183271482, 2.4302902868601923, 0.9123138294877465, 0.4605181915820065
0.10391093348558378, 2.305054321358485, 0.8930032346507396, 0.4529207235923966
0.11218955181273195, 2.2860784871898785, 0.8998711504616675, 0.4525107532026656
0.10082786183271482, 2.2947637410698842, 0.9123138294877465, 0.4625442979878354
0.15598058806737083, 2.300405402595984, 0.8169053418870839, 0.3892208753118822
0.1015129888666857, 2.327405811377059, 0.9116964332107568, 0.4542035440135991
0.12189551812731944, 2.5475944462416003, 0.8869361364266434, 0.4187220559873227
0.10391093348558378, 2.2980356017011183, 0.8930032346507396, 0.449474717761092
0.10391093348558378, 2.5715181815192047, 0.8930032346507396, 0.4538227640132373
0.10082786183271482, 2.3010956715965762, 0.9123138294877465, 0.4585328289050639
0.09152155295461033, 2.937358696709828, 0.918345239081866, 0.4697739275325956
0.18732514987153867, 2.250152766251952, 0.8091141421173565, 0.3486727589945447
0.09666000570939196, 2.2405401236188096, 0.8927203266065658, 0.4565774521758462
0.12109620325435341, 2.6160764397705005, 0.8835058978135606, 0.43822362744138205
0.17139594633171568, 2.2103171885983453, 0.8331604250835678, 0.34119766316694533
0.1088210105623751, 2.2151864818937264, 0.9038354883324896, 0.45739283178795587
0.1482729089351984, 2.299133811601393, 0.8594522503725861, 0.4032008654839004
0.13342848986582928, 2.2429320993880832, 0.8741364724352335, 0.4180022134321364
0.11093348558378532, 2.2599763930677654, 0.8719274625790596, 0.3263299811648506
0.0965458178703968, 2.2831224821514313, 0.892985046302565, 0.46292834697757757
0.14193548387096774, 2.2993177559727638, 0.8585012747612234, 0.33718424872877506
0.10391093348558378, 2.7260960482441625, 0.8930032346507396, 0.45347599565302205
0.19143591207536398, 2.524789398886495, 0.7787156274161684, 0.3132524295588714
0.25663716814159293, 2.1438223573979807, 0.7490496718659924, 0.23517673574102643
0.16968312874678848, 2.155075760477106, 0.8223712672055077, 0.3826164334108725
0.2672566371681416, 2.2373361898462263, 0.7577291963220494, 0.21719516589104954
0.21347416500142735, 2.2061358709387053, 0.7917526116586308, 0.27684154887462564
0.15158435626605765, 2.2430159044851075, 0.8677714392479239, 0.38576378003221523
0.10082786183271482, 2.2572346568141635, 0.9123138294877465, 0.4613348725673484
0.1454753068798173, 2.270648047960114, 0.8632743340651545, 0.4063912941725828
0.15392520696545817, 2.307215225257569, 0.8675475351142004, 0.3790911061487173
0.10082786183271482, 2.2962630349569513, 0.9123138294877465, 0.4595846711684235
0.0965458178703968, 2.5493400470141236, 0.892985046302565, 0.4576243148727047
0.10391093348558378, 2.284368556933576, 0.8930032346507396, 0.4467716774605586
0.09152155295461033, 2.3053322623737738, 0.918345239081866, 0.47333124584683645
0.10082786183271482, 2.3772164214450293, 0.9123138294877465, 0.45941040995379917
0.15261204681701399, 2.314386135055581, 0.8584018252219338, 0.33050787043545166
0.17208107336568657, 2.280195195369301, 0.8305586644750693, 0.376198633127384
0.13913788181558664, 2.2768604183687065, 0.8433112057278965, 0.3404217837187332
0.11218955181273195, 2.2945589117414436, 0.8998711504616675, 0.4496234568376337
0.09152155295461033, 2.485200617710182, 0.918345239081866, 0.4720311565446976
0.10134170710819297, 2.3575106637531644, 0.8648718936808178, 0.4550098078944777
0.09717385098487011, 2.6122934370765067, 0.915068829813037, 0.45906420675960796
0.09157864687410791, 2.3013752636826452, 0.9182882914736655, 0.4741023670197815
0.09152155295461033, 2.3182438113639736, 0.918345239081866, 0.47201165541886236
0.09152155295461033, 2.342542554513407, 0.918345239081866, 0.47009813523307525
0.09152155295461033, 2.393092746153376, 0.918345239081866, 0.4744284653711192
0.10391093348558378, 2.3081304089260075, 0.8930032346507396, 0.4510080984556139
0.125435341136169, 2.4003659795360366, 0.8847096142434966, 0.4215579839284967
0.0965458178703968, 2.4927474081737464, 0.892985046302565, 0.45615607067894687
0.11304596060519555, 2.8738551265540684, 0.8936731782346816, 0.4400644483654833
0.0967741935483871, 2.372104939303669, 0.8928556326146836, 0.39434159690505177
0.13411361689980017, 2.25179711754173, 0.8680675873607081, 0.4346483742122903
0.2969454753068798, 2.2315131908752153, 0.6916024023104912, 0.20634999377417357
0.19651727091064802, 2.3189702371920715, 0.7836205034713115, 0.3166251766577951
0.19012275192691977, 2.0365077884442937, 0.8101309082417508, 0.37608990445759427
0.4328860976306023, 2.0772951065932483, 0.5824635036586756, 0.1755264797379558
0.3963459891521553, 1.7980101348739197, 0.6114814349520421, 0.16957987300494667
0.36460176991150445, 1.905843658969891, 0.6399636529450327, 0.19812041873333602
0.4644590351127605, 1.5530797728531163, 0.5366215567338997, 0.1457410970710564
0.4484727376534399, 1.6284466994819455, 0.5386646208955321, 0.1524603765054489
0.5153868113045961, 1.2667017017401034, 0.49153221940591313, 0.1480618099691376
0.6179274907222381, 1.2764901048586499, 0.39139086139138, 0.11402806389692777
0.3590636597202398, 1.6781428756830932, 0.6312187881916631, 0.24342327185232557
0.3014558949471881, 2.005739264171055, 0.6807959418766711, 0.28290873000320044
0.12646303168712533, 2.2234689234394094, 0.8843892311905599, 0.43365457563883386
0.20565229803025978, 2.2168867128493615, 0.7892162851723757, 0.3530011341315785
0.10248358549814444, 2.2728503368597117, 0.9104632825679879, 0.4487723409874308
0.16283185840707964, 2.255189217249734, 0.8457486259523392, 0.40926716140754904
0.11647159577504995, 2.259655160200177, 0.8955242291319403, 0.4322330988671525
0.09186411647159577, 2.394619770237898, 0.9178041283058631, 0.4747343977386631
0.2291178989437625, 2.342131378781343, 0.7812174761888634, 0.2690143472968142
0.1969740222666286, 2.1515310934329763, 0.8231077445551724, 0.3121568794484382
0.1540964887239509, 2.5130963229602177, 0.859710006008835, 0.43217702347958353
0.40565229803025976, 1.8538828764783972, 0.6144560854662716, 0.18334017933350188
0.43442763345703683, 2.0993408985012705, 0.5677847502988865, 0.1680657278781706
0.1771624322009706, 2.2089731408431468, 0.844195426419091, 0.31051829445816387
0.10459606051955467, 2.4074509239727657, 0.9087701184105714, 0.41738282179483593
0.2790750785041393, 2.204745099041212, 0.7228152554054719, 0.2429360592911193
0.2726234656009135, 2.0603261991395225, 0.7124760723772614, 0.2752069457949949
0.1454753068798173, 2.216503377393624, 0.8532784289021615, 0.3718529652602936
0.16540108478447046, 2.4964956954483166, 0.8481447567538988, 0.386886895218607
0.12966029117898945, 2.381230559336809, 0.877607732410811, 0.40070298691729267
0.2407079646017699, 2.0776501127082962, 0.7553890702025182, 0.30488672709409437
0.19811590065658008, 2.1048079679055176, 0.7885218363884734, 0.32139544729948955
0.19531829860119898, 2.032805736684949, 0.8062292441840537, 0.31665113880360096
0.4623465600913503, 2.1058825199582936, 0.5675747165793061, 0.1655032872219577
0.2585783614045104, 2.1214096127119944, 0.7505723661010262, 0.32762689804932366
0.28609763060234084, 2.0107054817924968, 0.7172656114999632, 0.27750056011493746
0.4187268055952041, 2.0562665298806575, 0.5904930422498482, 0.16588786466035263
0.23853839566086213, 2.215955897878995, 0.7667707517402791, 0.3166521362651523
0.1300028546959749, 2.2741130686337154, 0.8727931166379435, 0.3943622309133967
0.10859263488438481, 2.272224800987581, 0.8964932913235504, 0.4239563728318019
0.09152155295461033, 2.2825786750247876, 0.918345239081866, 0.46964853720436206
0.0965458178703968, 2.28598753076739, 0.892985046302565, 0.4610138583102922
0.10391093348558378, 2.6806601813273057, 0.8930032346507396, 0.45060502390308727
0.18418498429917213, 2.5791733093408733, 0.7834555909178166, 0.29175049391395746
0.21301741364544677, 2.1785043891756457, 0.7712655299182711, 0.3020098896979076
0.1101341707108193, 2.263255965379589, 0.9019549750458828, 0.4246568506298316
0.13222951755638024, 2.2220481234212075, 0.8695258672793444, 0.38755696509241266
0.10351127604910076, 2.3058826696726378, 0.9052773693289671, 0.3284401656684198
0.16979731658578362, 2.3167439485358536, 0.8511168358408128, 0.31254662460599214
0.13908078789608908, 2.473748209682016, 0.8668741147060931, 0.44255413407256833
0.33114473308592635, 2.084713672859955, 0.691172826464522, 0.20934788487556588
0.39646017699115044, 1.9311292272991634, 0.5946767305678484, 0.1684183712756445
0.3993719668855267, 1.9450079760090677, 0.6288734611112671, 0.17688489442165606
0.4127319440479589, 1.716223951583968, 0.6135964712158437, 0.15920947675936595
0.4985441050528119, 1.3446012795669093, 0.5314853009713019, 0.15275797880714165
0.5614045104196403, 1.7160825369904595, 0.4731458004210508, 0.14157773712177782
0.3656865543819583, 1.8132960865970105, 0.6720781839737926, 0.22432066651274946
0.41804167856123325, 1.8980893429749452, 0.6143824560727118, 0.18305915788357047
0.5627176705680845, 1.3162826603935203, 0.46966488845629933, 0.1437445810471592
0.503339994290608, 1.3094274199433473, 0.5178804601732339, 0.1593189856179485
0.4908364259206395, 1.3766998507369597, 0.540851685714357, 0.15854131018044348
0.4411647159577505, 1.5827601479711513, 0.5928001494634823, 0.1722712926205386
0.3608335712246646, 1.8056192347603868, 0.6629132495382144, 0.20238584527321146
0.36522980302597774, 1.8123378201089788, 0.6561065487843907, 0.18813327541842664
0.46149015129888665, 1.7067146511238505, 0.5695993938835257, 0.15562937479896605
0.4413930916357408, 1.7816997150948752, 0.5745995039448024, 0.16326536175282919
0.3788181558664002, 1.979247061348016, 0.6596273198725238, 0.2058778714069541
0.3756208963745361, 1.8611126737869572, 0.642548892385109, 0.1883293940606992
0.3503853839566086, 1.9904141520410819, 0.6725073656478731, 0.22524521652453916
0.5592349414787325, 1.5591115224882088, 0.44241485765839555, 0.14302180880683776
0.3619183556951185, 1.6680049355935955, 0.6305825633138796, 0.24201901348459948
0.574022266628604, 1.4326372068676307, 0.4236629378943686, 0.14637452377201873
0.41159006565800743, 1.726349279150907, 0.5873774573318558, 0.17455694470035432
0.4155866400228376, 1.653879878291599, 0.5826099248463404, 0.22468862717757906
0.4795889237796175, 1.502114842014928, 0.5535128851441485, 0.16254178393825972
0.4501855552383671, 1.6131919286845242, 0.5776668802268172, 0.15968994689455834
0.5054524693120183, 1.4025361151992, 0.5116986926159524, 0.15684855856054666
0.4902083928061661, 1.4423910344120028, 0.5281802190245026, 0.17488588129626942
0.506023408506994, 1.648975218764857, 0.4861926333009885, 0.16407887315997066
0.45343990864972883, 1.531853312548317, 0.5247927610206342, 0.2232039051139943
0.579788752497859, 1.3187940793057151, 0.4446353533259331, 0.14974033236182555
0.5395946331715672, 1.420886290388178, 0.47072641761677103, 0.15350089299951425
0.435341136168998, 1.7693411903247949, 0.5929053206306957, 0.17746241089482856
0.3864116471595775, 1.6336808176949948, 0.6345407553221184, 0.21898480545547744
0.3514701684270625, 1.8615704893419276, 0.6791330860466291, 0.24765942694871965
0.3036825578075935, 1.8820381735993086, 0.7230785823960169, 0.24403754273885978
0.2910077076791322, 1.8127482342849348, 0.7349564026869274, 0.24830246325204505
0.3236654296317442, 1.9429348115870144, 0.6979747397853611, 0.23835480712775783
0.3868113045960605, 1.4624399080094086, 0.6288146661320008, 0.2436043347583771
0.4691407365115615, 1.4333288208660468, 0.5504178884975037, 0.17393205195392641
0.46959748786754213, 1.3711935452536246, 0.5553131415143736, 0.16277834146039896
0.4959177847559235, 1.8299688867865171, 0.5000084038256867, 0.14904065724753005
0.4284327719097916, 1.641932099548844, 0.5533021644626395, 0.17976591499196815
0.3190408221524408, 1.8451819754552066, 0.7048891848957404, 0.23624027044294532
0.48352840422495, 1.8470722920275946, 0.5309836219363806, 0.1672789981421401
0.3595204110762204, 1.7462079443345913, 0.6648271328091947, 0.19354786334556873
0.5510705109905795, 1.3144113152989516, 0.45179784313401317, 0.15234879969083664
0.6453896660005709, 1.454624837689695, 0.3547627514434395, 0.1178754438940078
0.23916642877533542, 1.8104909135415286, 0.7754438514271812, 0.34889108245863065
0.2874678846702826, 1.8829074193775874, 0.7195522049716148, 0.2590675930285755
0.12914644590351126, 2.0796950620002757, 0.8862936973691582, 0.42706126356558183
0.24150727947473594, 2.103557797782325, 0.7851145956592706, 0.2863559649631947
0.24904367684841563, 2.062627278005876, 0.7768826915052358, 0.281506869042493
0.27559234941478733, 2.269319547961652, 0.750666704112861, 0.23398618061409845
0.2705680844990009, 2.0617390132583346, 0.7399011084917899, 0.34162371606869124
0.27941764202112473, 1.8869836274195222, 0.7377625482933461, 0.261925118983953
0.41650014273479874, 1.974088696177061, 0.6104374244017551, 0.17601926352097536
0.2853554096488724, 2.0402714559360127, 0.7404730507157093, 0.2570391288624795
0.37933200114187837, 1.8130355011521835, 0.6397940539609577, 0.1908139472444205
0.399600342563517, 1.529807399462163, 0.6081325772493389, 0.1769482472257619
0.40108478447045387, 1.5613325131839593, 0.6205602596886945, 0.20118723139090192
0.34564658863831, 1.8216117073527889, 0.6493399160699157, 0.2802328318016226
0.5314872966029118, 1.7264771067207962, 0.49249485936136284, 0.15224995957422977
0.3045389666000571, 1.90002144893986, 0.715099147365675, 0.2477546774473811
0.36071938338566945, 1.7211397654391547, 0.658866386700858, 0.21224110256409406
0.3552383671139024, 1.7539284799619126, 0.637732057422771, 0.21114388987993235
0.5164145018555524, 1.7314401870722638, 0.4625421493744695, 0.1668119470340761
0.30545246931201825, 1.9413328005472592, 0.7034782945553648, 0.262649052373758
0.3732800456751356, 1.6909914974617748, 0.6205242803240683, 0.2590513297707958
0.2075363973736797, 2.034613318930617, 0.8031748817327452, 0.3618998615205107
0.3610048529831573, 1.9780697894715733, 0.6402617646653445, 0.19153613424080293
0.31361689980017127, 1.9848065043904595, 0.6978671386781145, 0.23032485721520782
0.2906080502426492, 1.8652631759473401, 0.7311008634258602, 0.2590159950194275
0.41364544675992004, 1.7338226893783262, 0.5773575926785832, 0.18157358468416201
0.3096774193548387, 1.7466190168721791, 0.7011040692996706, 0.2350359359628602
0.5884099343419926, 1.5231546091754335, 0.41699681664066784, 0.1307862977277085
0.4887810448187268, 1.739504338828557, 0.49589764039305334, 0.14902114051303533
0.3819012275192692, 1.8533948896477777, 0.6135081898289354, 0.22005901577249457
0.262517841849843, 1.9866056460909527, 0.7614695189860523, 0.3124332289025093
0.3575792178133029, 1.9819860570607035, 0.6645264069125603, 0.20028880092637205
0.27679132172423637, 1.9534460333307029, 0.7476562698494463, 0.276140823386796
0.5003711104767342, 1.7447679807688554, 0.473317559188447, 0.14083375825434402
0.3745361119040822, 1.6495868659660948, 0.6410656148424075, 0.20238137966069925
0.4051384527547816, 1.901761535083162, 0.5871570666817025, 0.22210465243412902
0.40873536968312874, 1.8205112608711684, 0.593112393400419, 0.22607359606616634
0.5033970882101056, 1.6921249912358882, 0.5138393880823836, 0.1558951527501847
0.38635455324007995, 1.54254461237185, 0.6175598809586019, 0.21741013497668904
0.50094204967171, 1.3847420261156684, 0.5116783090873411, 0.15422469554814372
0.6499000856408792, 1.2922532495314347, 0.3570626729899868, 0.11811697498908039
0.5086497288038824, 1.5373517994570316, 0.49268657231499846, 0.17370299062870737
0.3109334855837853, 1.9050189654826437, 0.6983326507067298, 0.21028394243439866
0.2991150442477876, 2.1239206122630603, 0.7182932950197217, 0.2843308016352676
0.13314302026834143, 2.107400455149521, 0.8798943377983462, 0.4240738878847015
0.34033685412503567, 1.807111663179264, 0.644767467539254, 0.21804370067406734
0.24424778761061947, 2.192615677316785, 0.773071547793184, 0.2899115374364312
0.46994005138452755, 1.5008035465007232, 0.5260616081791297, 0.1710747365902561
0.32126748501284613, 1.7487900541130217, 0.7073663282450809, 0.23936985435618205
0.3380530973451327, 1.8049049963927375, 0.6889709033712965, 0.22177650859569983
0.10933485583785327, 2.3032371252970867, 0.8983179230518766, 0.251334687094088
0.26086211818441335, 2.2613742354322492, 0.7570368674253489, 0.23477673087154885
0.1743077362260919, 2.189855538692741, 0.7940985241076093, 0.392448512349216
0.3513559805880674, 1.854550224905044, 0.6436534785990122, 0.22029640323563943
0.23431344561804168, 1.9512450647497055, 0.7904515656296991, 0.28602393232862017
0.4191264630316871, 1.5926159232472, 0.5695262325142292, 0.17529202205229075
0.40074222095346845, 1.5984163520304162, 0.6143132156900305, 0.21499054501616383
0.454753068798173, 1.8464148304171812, 0.565633096705448, 0.20130223214389348
0.5484441906936911, 1.6227944001210883, 0.46317495696135424, 0.15101676822909166
0.33885241221809875, 1.7318361697011835, 0.6886994183455541, 0.23053834565662917
0.5542677704824436, 1.2428386614505067, 0.4690007680407623, 0.14225115586782114
0.5934912931772767, 1.3495726432539619, 0.41349812633088623, 0.1265257130662932
0.6371110476734227, 1.3277765875726368, 0.37221195151641256, 0.13401161902564507
0.4640022837567799, 1.3409206801623983, 0.523383877376269, 0.18706120450155014
0.47941764202112475, 1.6897238917667934, 0.5184560707793425, 0.16180347866717137
0.5683699685983443, 1.3929345441313767, 0.43210729192949177, 0.1333859364000673
0.49877248073080216, 1.5583375621311604, 0.48709047085154744, 0.1771806292525285
0.515786468741079, 1.646672279889877, 0.4706670587187629, 0.16988665445904422
0.4876962603482729, 1.4642291828134963, 0.5235292750859231, 0.16487082893285698
0.6646874107907508, 1.0473991616722382, 0.3251175472829889, 0.11005483328075147
0.7074507564944333, 1.035372994807178, 0.30193033266115715, 0.10635372472147686
0.7781330288324293, 0.7592898896573919, 0.2079850870709178, 0.07496770087462705
0.7053953753925207, 0.9051789570400928, 0.31089512119434864, 0.11482850842825239
0.78447045389666, 0.7973937748982128, 0.2161006174449937, 0.0761740960956094
0.7566086211818441, 0.7661620013809293, 0.24576022777494977, 0.08491630326151015
0.6452754781615758, 0.9619654600044578, 0.3656670046343225, 0.12892384921680902
0.7036825578075935, 0.9113890042559882, 0.29444518206788295, 0.09672679377991725
0.7376534399086497, 1.0342778198784703, 0.25372433946554496, 0.0925868604455155
0.612846131886954, 1.1292179198978698, 0.3933478526611761, 0.1342799338643097
0.7696260348272909, 1.132917004873029, 0.21609900452254358, 0.07829365821940969
0.6089637453611191, 1.3029051718798972, 0.3899227636298712, 0.12355489013940646
0.5896089066514416, 1.2113948414674869, 0.42443241241292673, 0.1532012049774834
0.6373965172709106, 1.1035093180582145, 0.3541435220538343, 0.11435316256905445
0.6875249785897802, 1.2182518713616521, 0.31519849634857733, 0.1032899336635974
0.6022266628604054, 1.2498621250845996, 0.40110318497125846, 0.1429626281447705
0.6407079646017699, 1.2932569272448224, 0.36756074952460766, 0.12620075820765547
0.5190979160719383, 1.2169296093334003, 0.5079628244459176, 0.1579357091292875
0.6604053668284328, 1.1488932713768396, 0.35182234847968463, 0.12361132540799154
0.5454753068798173, 1.2894780019364662, 0.479885997202968, 0.15755970141221767
0.4961461604339138, 1.484632630995468, 0.5307990849537487, 0.16809969051335805
0.5162432200970597, 1.2424854499747582, 0.48281045454791255, 0.18676913781691978
0.5851555809306309, 1.2198487006304368, 0.42313103187402545, 0.14336886066123672
0.6313445618041679, 1.0284380828571973, 0.35951556819603503, 0.1395066687704665
0.6429346274621752, 0.9683791320640174, 0.36080800896260473, 0.12349975717402466
0.6762203825292606, 0.9684582904958526, 0.3369305788581073, 0.12008958985510657
0.6174136454467599, 1.1959833371521846, 0.4078025805766902, 0.13603873992629853
0.5967456465886383, 1.397169286980821, 0.4198915909710016, 0.14303733633365068
0.6755352554952897, 1.088131546978436, 0.33055438152750943, 0.10675019621702457
0.6183842420782186, 1.0104485778979768, 0.3720936268943933, 0.12889702538562642
0.6240365401084784, 1.069847003878856, 0.3762806487369581, 0.11241882017878954
0.7972023979446189, 0.7820161845670099, 0.19836107987675802, 0.0717987266819658
0.7594062232372253, 0.7526428709881258, 0.2464546625535516, 0.08701085469027395
0.6459606051955467, 0.8834771915883424, 0.36148265742058727, 0.12803204376232621
0.8213531258920925, 0.6150770609056225, 0.18184681269221548, 0.07279917169430256
0.7643163003140165, 0.8690553060477286, 0.2256563503494433, 0.08607037231322814
0.7579788752497859, 0.8875289580650476, 0.24976480127281087, 0.08538662068369814
0.6968312874678847, 1.1818302250439325, 0.3149284816565055, 0.11496735971250464
0.5168141592920354, 1.2563587546382602, 0.4863363133543901, 0.1684567545022037
0.6299172138167285, 1.1893801192504965, 0.37163308057043737, 0.1361931865079703
0.635740793605481, 0.9364371680652724, 0.385118189652892, 0.1202288089971278
0.644304881530117, 0.9185231594666051, 0.3712408873183809, 0.12459139170129893
0.6505281187553525, 0.8784441490482423, 0.35983880463139145, 0.13083773745582036
0.8250642306594348, 0.5976120467508031, 0.1617323411951752, 0.06493420954618208
0.6870111333143021, 1.1033919621442951, 0.2952107749020434, 0.1212722828203745
0.7024264915786469, 0.9167016936173116, 0.3064971819580058, 0.1025491127894332
0.7884670282614902, 0.9217831592431519, 0.20987967016590084, 0.07721230779037067
0.6530402512132458, 1.018098941095686, 0.348227387576719, 0.11477058149031794
0.5964030830716529, 1.0935406753972552, 0.4030829504789759, 0.12929340135088604
0.7472452183842421, 0.900736537326022, 0.25487828369993487, 0.08519133421952636
0.6459035112760491, 0.9377091298018596, 0.3609403676339523, 0.11068077194996044
0.6317442192406508, 0.9832619819538617, 0.3816001805598684, 0.12410131988618725
0.7482158150157008, 0.8664649115186774, 0.2640819945561609, 0.09330014030688877
0.6334570368255781, 1.0245964335605753, 0.37982644576881597, 0.12563193155169092
0.713388524122181, 0.8150783853295391, 0.2672791879296655, 0.09458571678058149
0.7466171852697687, 0.7677038077493668, 0.2500098948876751, 0.08604251464131144
0.8083928061661433, 0.5866207156059166, 0.17649984680529865, 0.06986579069475653
0.7994290608050243, 0.7590020086181324, 0.19287360303748338, 0.07064438137921203
0.7016271767056809, 1.1226273602191088, 0.29719351820561873, 0.09756424934712252
0.5154439052240937, 1.3975245224078519, 0.5029948689807324, 0.1734346451277618
0.7473023123037397, 1.133422256475716, 0.23950955568659316, 0.09099854084617734
0.6895803596916928, 1.1062329437472023, 0.30003049533515125, 0.09910191675114155
0.6989437624892949, 0.9224096640234092, 0.3015577672554618, 0.10927596447324646
0.6587496431630031, 0.9265180027724385, 0.3503527108101364, 0.1228694009380992
0.7046531544390522, 0.9201077614329456, 0.3021416375866795, 0.10738957722522362
0.6376248929489009, 1.022756900733415, 0.3635587974167519, 0.11727511256773679
0.7298315729374821, 1.1095844328760796, 0.27751281396075067, 0.09134217257873778
0.6564658863831002, 1.0391778399082565, 0.3323415874791432, 0.10858106612769969
0.5061375963459892, 1.4451713819138636, 0.4954888687963369, 0.18168289241374339
0.44407650585212677, 1.4573057537023728, 0.5785497761435103, 0.19953817562858286
0.5417071081929774, 1.3242975212754844, 0.490580131825761, 0.15543046093836635
0.8347701969740222, 0.8243336047082842, 0.1609873901549567, 0.0658161926589364
0.6637168141592921, 1.119378928265468, 0.33673666272652586, 0.10887964762274789
0.7221809877248073, 0.99560154120462, 0.27796237800633733, 0.09690603366997776
0.8605766485869255, 0.7034721923238578, 0.1458167543834192, 0.06304198775738305
0.772023979446189, 0.7208251332821095, 0.2351718988589119, 0.08942901850516408
0.7748215815015701, 0.6981773227328807, 0.21776716377071495, 0.08963908095452282
0.795318298601199, 0.7147926970899462, 0.19188483144383103, 0.07091816890841855
0.8451612903225807, 0.6174045954849289, 0.14928690934462216, 0.06497450938182377
0.6389380530973451, 0.9821884200697945, 0.3584288699962106, 0.14017272693493965
0.7335426777048244, 0.8123084180142125, 0.27669437482430714, 0.09261173696167016
0.8067370825007136, 0.6153882481698547, 0.20584847043936966, 0.07737210346850212
0.11218955181273195, 2.3100855995034477, 0.8998711504616675, 0.44895663077435133
0.18110191264630318, 2.297854677459495, 0.824972868450403, 0.2973588662888747
0.14558949471881244, 2.54043701699622, 0.8674672708882827, 0.4305397739898771
0.09962888952326578, 2.357124177068089, 0.9145053685436, 0.4822068010162802
0.1232657721952612, 2.4991062729283127, 0.8915500351718351, 0.4459624480449856
0.23711104767342278, 2.434307790965548, 0.7806524034484829, 0.321142504929533
0.21490151298886667, 2.25801888445497, 0.8111164624195762, 0.3251011162631646
0.2579503282900371, 1.9451390150288939, 0.7690543670293686, 0.2721682934271277
0.23528404224950042, 1.8861913183706678, 0.7855895569819424, 0.28429974075250064
0.4394518983728233, 1.6360369701964699, 0.5812077079288713, 0.1798019211969476
0.3437624892948901, 2.0280771770444623, 0.692956430082474, 0.20507924044954065
0.3272052526405938, 2.0009566641512375, 0.6947422165952195, 0.23839598707099494
0.4929489009420497, 1.4897690149092722, 0.5264782541708285, 0.1566583799051123
0.4760491007707679, 1.4213519051756105, 0.5444918456510317, 0.1716777674173559
0.6006851270339709, 1.657174946374972, 0.42012921659669267, 0.12924694793437852
0.5755638024550386, 1.3561698950021022, 0.4121534056674595, 0.1299521436012413
0.6055952041107622, 1.6886751800341637, 0.39936119067951714, 0.1408381263283638
0.5212674850128461, 1.5298074861917705, 0.4857436105196277, 0.15465837327170256
0.4227804738795318, 1.7886441628183598, 0.5814041662333748, 0.20231764817974907
0.5056237510705109, 1.5353530784708889, 0.5042920047457305, 0.1577482838621236
0.6097059663145875, 1.765531300470688, 0.3996917339705893, 0.1227720585071447
0.39543248644019413, 1.5238947662053501, 0.6176705263937381, 0.20301062536689335
0.5598629745932058, 1.6116163242911394, 0.44329248529546594, 0.15141202961464711
0.5955466742791893, 1.6437449794886898, 0.4106770507041103, 0.1278042731339837
0.37938909506137597, 1.7005733362711433, 0.6450022320190645, 0.23194297912616949
0.4521838424207822, 1.5635842503578348, 0.5732521481342947, 0.19381958374808758
0.4066228946617185, 1.5591249045238746, 0.6135741802213226, 0.18908592524498335
0.24293462746217528, 1.7313982392017615, 0.7681375818201001, 0.36005180783273544
0.4848986582928918, 1.3330991723691945, 0.5320906278235031, 0.16532483174664805
0.5197830431059092, 1.4463202719352533, 0.49307121326180037, 0.16048476706459275
0.4133599771624322, 1.6687515304092335, 0.6130585153192478, 0.19834287764511466
0.4713103054524693, 1.5562163204169515, 0.5587500890411072, 0.1678577648801947
0.6843277190979161, 1.1656997455126077, 0.33761844456115253, 0.10276262539964069
0.5562089637453611, 1.1909155816505492, 0.4637166853409667, 0.14191301503996076
0.5868113045960606, 1.0835320548762977, 0.42629162060345854, 0.1335277515575881
0.6129032258064516, 1.1922240908226558, 0.39004362310502283, 0.12152444523471877
0.416328860976306, 1.4176717047857414, 0.6065009352070659, 0.20700717657147383
0.5297744790179846, 1.1861171235399794, 0.4684236794042064, 0.17174462142643343
0.6716528689694548, 1.0325378446541715, 0.34185457903154187, 0.11876306048967303
0.6484727376534399, 1.7950182460765312, 0.3551038672630312, 0.1313080790852216
0.49494718812446475, 1.6271874449166643, 0.5112959065476278, 0.14812869188706324
0.3560376819868684, 1.582900734356802, 0.663142588188806, 0.21325774480949694
0.3077933200114188, 1.8106387029851534, 0.7224389449911163, 0.25742941479407444
0.3521552954610334, 1.8028122641990567, 0.6753969769431842, 0.2562974926694489
0.5799600342563517, 1.3682810354804502, 0.43513044173304116, 0.14457487079900894
0.3972023979446189, 1.5442694771368095, 0.6042794833267876, 0.25869278685723723
0.6686839851555809, 1.1323027377379746, 0.3691284793619142, 0.12051407459994926
0.6492149586069084, 1.1926408341994055, 0.36183712433998677, 0.12329882104961887
0.7642021124750215, 1.161863959056801, 0.2333052311241431, 0.08282398723785227
0.615129888666857, 1.1761103105160498, 0.39640533406921463, 0.1291320542144831
0.5855552383671139, 1.4679064312220778, 0.42178646229068334, 0.14777420529874657
0.39017984584641735, 1.5378433658979362, 0.6237725515828008, 0.21764900209652643
0.5346845560947759, 1.3650332711813553, 0.48227618329501204, 0.15199095608467528
0.535598058806737, 1.2920741134138405, 0.48050808615275964, 0.14685657913338307
0.39303454182129605, 1.5807535053048174, 0.6274720240930972, 0.18945408242352366
0.5042534970025693, 1.344280841042238, 0.5242007178115313, 0.16917886143822364
0.3687125321153297, 1.6437906024049698, 0.6372972706940174, 0.26414712866263423
0.4972309449043677, 1.675103274761116, 0.5324030957109758, 0.1758945938977225
0.35226948330002855, 1.9299309100554802, 0.6355971756442436, 0.24455607715032138
0.27011133314302027, 2.1705922467671837, 0.7473627212794625, 0.29990245147416333
0.42318013131601484, 1.798260573605078, 0.5554047152766494, 0.1700512440185139
0.38732514987153865, 1.7525013222409902, 0.6324274694653911, 0.22610051777019535
0.2806737082500714, 2.0476498266441157, 0.7469439241614325, 0.24526877897252958
0.24761632886097631, 1.932003704643304, 0.7544072420473299, 0.2859686321233634
0.1999429060805024, 1.940974515274937, 0.808931325953768, 0.35034229468637845
0.42386525834998573, 1.6981800374620954, 0.5832520794228905, 0.19723512429490403
0.5715672280902084, 1.6233812168602122, 0.429428941046346, 0.13183180986752488
0.1743077362260919, 1.9738783865597056, 0.8457092099675393, 0.3613129808293968
0.5155009991435912, 2.254344608509435, 0.4593803529720345, 0.15720943916855798
0.2055952041107622, 2.1872022085519234, 0.8175874315783398, 0.2933965299982976
0.24236368826719953, 2.23313161614892, 0.772642789997426, 0.2716482101743636
0.32623465600913504, 1.8805236433936023, 0.6783038597200405, 0.19532549663438278
0.39063659720239796, 1.929806672829136, 0.6402169420124432, 0.17998064510684464
0.41478732514987154, 1.8911515221539954, 0.5877359908951688, 0.18059220430182188
0.34581787039680273, 2.080036888388338, 0.6652992479196908, 0.26451433456027224
0.3889808735369683, 1.8402051421291243, 0.6031837799911511, 0.18708760305518193
0.4071938338566943, 1.7500163344801953, 0.6186195194701775, 0.18010772187714075
0.3566657151013417, 1.9628170895909978, 0.6590761941182814, 0.2194662287628839
0.13731087639166428, 2.116975178168632, 0.8622946520539244, 0.4053901724455423
0.4416214673137311, 1.8752319609815993, 0.5604317094692076, 0.171758225788241
0.38070225520982015, 1.7121914491597632, 0.6275934517527597, 0.21261844808988065
0.5677990294033686, 1.482177870979045, 0.4297210690408921, 0.12416362482541606
0.4311161861261776, 1.5546831013711901, 0.5740045548786745, 0.1821307428788433
0.46303168712532117, 1.7941361938515221, 0.527504970666606, 0.15259040097904186
0.36283185840707965, 1.590354924221703, 0.6444454019116291, 0.22791034114695424
0.43180131316014847, 1.5832495099879522, 0.5721405303288624, 0.19396682494692846
0.36208963745361117, 1.626166801838629, 0.6253383775875623, 0.21043880737178214
0.36488723950899227, 1.9592689123760794, 0.6474778937465359, 0.19555317957670504
0.2605766485869255, 2.0352926425718763, 0.7491480788105168, 0.34674112489418457
0.31264630316871256, 1.756662727178181, 0.6933990471665146, 0.24242946682571542
0.27188124464744506, 2.018688878086067, 0.7612845329108553, 0.24939278200896542
0.3038538395660862, 2.083981340938114, 0.7209777554589217, 0.21793940519774932
0.11538681130459606, 2.343850581805229, 0.8981780991494309, 0.45021476986009584
0.3351984013702541, 1.9782969736828315, 0.6846187494300968, 0.22436361873262806
0.42603482729089354, 1.8501061876943852, 0.5826733297192823, 0.17278519223392158
0.4573222951755638, 1.840044245470125, 0.5737821210916552, 0.16941606032726275
0.29643163003140166, 2.1883404556884107, 0.7298737011271208, 0.24213396603414203
0.28912360833571227, 1.9458293797565789, 0.7359470089219067, 0.2711741573479679
0.48153011704253496, 1.9336423178111148, 0.5490817182269638, 0.1572300349219335
0.2951184698829575, 1.9744861492064556, 0.7328845844941154, 0.25501340159849045
0.31538681130459606, 1.9680174774555965, 0.6589012653662591, 0.25360781741835103
0.09060805024264916, 2.306639599698018, 0.9195665500228138, 0.3632655837824273
0.3579788752497859, 2.2891536392962766, 0.6522699877173617, 0.17156940323603517
0.211647159577505, 2.327088779927389, 0.8034871522726548, 0.28415758069192165
0.32806166143305737, 2.126384733501176, 0.6947159718485736, 0.19856425757542312
0.3675706537253782, 2.0845757019305413, 0.6558559509025972, 0.1832437230135379
0.2719954324864402, 2.011823465769338, 0.7594015442401051, 0.2709908274844161
0.28198686839851556, 2.231006208601557, 0.745702140126337, 0.24709261087469284
0.36174707393662575, 1.8136261099548023, 0.6513044447407474, 0.20319337235853013
0.4821010562375107, 1.4090060101920387, 0.5241000576086469, 0.14575539459212034
0.43973736797031115, 1.592732706632813, 0.5712994772951822, 0.17575094201722724
0.3966314587496432, 1.7077774609256957, 0.6201208028959774, 0.17811298787881247
0.5420496717099629, 1.2849437098923562, 0.4714870421564787, 0.12791645659271128
0.5563802455038538, 1.1442569708706327, 0.44377275796854676, 0.132712534004059
0.7004282043962318, 1.2871428008560042, 0.3166752500333002, 0.10184184985984282
0.6175278332857551, 1.2238281676641982, 0.3896168515067853, 0.13528830696569857
0.6407650585212675, 1.0431345240306826, 0.36693692186430216, 0.11187307841502066
0.6488723950899229, 1.0727105188746586, 0.363229005056141, 0.12303135515459648
0.7506137596345989, 0.7281689488186756, 0.2494799077222972, 0.08809149942076801
0.7946331715672281, 0.6896550954165069, 0.20681163560968932, 0.07582836294082249
0.6928918070225522, 0.83278552301445, 0.3272960261907229, 0.10937464212569865
0.5756208963745361, 1.168179992909027, 0.43602471894626305, 0.15455274036437255
0.7218955181273194, 0.9583965927022136, 0.2641202275077127, 0.09004398051779001
0.8194690265486726, 0.7531021102863041, 0.18421852469819128, 0.0754876853913801
0.7342848986582929, 1.238753410107811, 0.27685074338672727, 0.09268273758978111
0.5905795032829003, 1.1720225487305307, 0.43238381159863265, 0.1212146497573755
0.5292606337425064, 1.4624650530940357, 0.4719587156898517, 0.14831850076288236
0.6269483300028547, 1.1223825859744447, 0.3812453780350896, 0.12693548604488988
0.5821866971167571, 1.4760083689847538, 0.42946804176120806, 0.1379513061520079
0.5950328290037111, 1.196796887604264, 0.41560684360047395, 0.12691527331197552
0.6227804738795318, 1.036765027316747, 0.383116645622147, 0.12068113428469587
0.5945760776477306, 1.2059474643744164, 0.42342462255419544, 0.13556997349455135
0.6618327148158721, 1.0226582253154537, 0.3472336012438731, 0.11280528759042918
0.7094490436768485, 1.429077464081783, 0.27659324385958384, 0.104197445996278
0.507222380816443, 1.2919563992905543, 0.49411797843939287, 0.1817648938205004
0.5476448758207251, 1.3853853364540207, 0.4631592481805348, 0.1416644985987741
0.7087639166428775, 1.0370791292772477, 0.27497446799422215, 0.09745492353590948
0.31784184984299174, 1.8574434016045591, 0.6960014029485472, 0.26791811509681007
0.35740793605481014, 1.9139572675725647, 0.6710153522440434, 0.21204505492607062
0.21044818726805595, 1.9113953842151652, 0.804293574043714, 0.3820990435975599
0.4993434199257779, 1.4610080679901456, 0.5130284103518001, 0.15529312029256087
0.5666571510134171, 1.4753088892305914, 0.4492785525931458, 0.1338621057380021
0.4538966600057094, 1.4874747746405246, 0.5633015353556049, 0.1872842480432595
0.643105909220668, 1.5364455128206105, 0.37571441503678654, 0.11749073456595738
0.35780759349129315, 1.7987262519604472, 0.6717332550686285, 0.2071633865348826
0.4090779332001142, 1.7468105082712002, 0.62480525156716, 0.17282785081816748
0.44573222951755637, 1.550948375933959, 0.5821945363820316, 0.1728670189292584
0.5415358264344847, 1.2971992323273709, 0.4792768697530202, 0.14140645417128556
0.6238652583499857, 0.9925745182388039, 0.38703059094460085, 0.12465472044926998
0.6215815015700827, 1.0408302086389372, 0.4059756989051614, 0.1257435446555349
0.6643448472737653, 1.0110820829969078, 0.33359957611819874, 0.10791259075931077
0.7345703682557808, 0.7839134284453464, 0.26020644738403587, 0.09111746932794192
0.8333999429060805, 0.5775252979707112, 0.16310124361709105, 0.06576896895714676
0.7837282329431916, 0.6689485752043165, 0.21532205084714087, 0.07913703189067858
0.7954324864401942, 0.5985179897524308, 0.21040245955984632, 0.08216630503962875
0.765458178703968, 0.6832220675479042, 0.23814633347446712, 0.08338093113828683
0.8477876106194691, 1.186764523899967, 0.14642090305021085, 0.0632468223765491
0.6049100770767913, 1.5740118062703772, 0.40265514722906, 0.12688911280409626
0.4646303168712532, 1.5253236915651405, 0.5533926549224172, 0.2021428047887135
0.6214673137310877, 1.1607773543354905, 0.3971317862991889, 0.11237447595276866
0.5743648301455895, 1.3017344049239479, 0.4348690008074129, 0.1401901510218707
0.563459891521553, 1.5217328772795327, 0.43929586341741267, 0.15670138115335805
0.4219811590065658, 1.601500306427564, 0.5937638247585879, 0.2027590064280691
0.6165572366542963, 1.4224518174584715, 0.37137052703349205, 0.1255335902005289
0.5007136739937197, 1.6458548487976827, 0.517560911452797, 0.16629182405332116
0.47810448187268056, 1.7594402075630577, 0.5154256418418448, 0.15517401516379076
0.39132172423636885, 1.7308266479187, 0.6281767725408998, 0.19754772087442407
0.36003425635169856, 1.8023941408676902, 0.6616850361994192, 0.2597595606113478
0.5048244361975449, 1.2759792145246456, 0.5036505783095483, 0.15792584458903025
0.605766485869255, 1.0616949994122338, 0.39550281960693695, 0.11950294044829882
0.6809591778475592, 0.8948847777698037, 0.3244144826476015, 0.10326849098679398
0.6681701398801028, 1.1083381947230992, 0.35345978182781995, 0.10515370756065064
0.5976591493005995, 1.1092488477538816, 0.40776870705361673, 0.12221966879724122
0.574707393662575, 1.2182601325727027, 0.4259418014365216, 0.1281990143948256
0.6439623180131316, 1.1276291160269734, 0.35868141275845666, 0.10893626513626638
0.4863260062803311, 1.5474897224410342, 0.5294546860662409, 0.19587385985560538
0.5710533828147303, 1.8144687912513826, 0.42866018670657446, 0.13577099261218678
0.48569797316585783, 1.8101416880765235, 0.5154783209923418, 0.15564487262589713
0.4051955466742792, 1.8625778307650656, 0.5880394957210788, 0.17204962717218603
0.4330002854695975, 1.9150722786252443, 0.5648065442104163, 0.18670396368824543
0.38412789037967454, 1.9376812220912916, 0.6338203678144846, 0.1804713339893629
0.28153011704253494, 2.024471889078498, 0.73215814418358, 0.2762651271083649
0.4219240650870682, 1.8110684325482007, 0.5582871534273208, 0.17578067134181663
0.5706537253782472, 1.5625913330785826, 0.4287069497956602, 0.1469007214445469
0.411647159577505, 1.745233493408679, 0.5861739993698297, 0.21704051993737306
0.5453611190408222, 1.7981606127839411, 0.4601275201950151, 0.13250000313689306
0.48958035969169283, 1.453095161857824, 0.5106831494712353, 0.15268893580390122
0.45983442763345705, 1.5725951052827283, 0.5506861888922197, 0.1810361012431467
0.6042249500428204, 1.0915035537964883, 0.4132995062038763, 0.12293792859023547
0.5594633171567228, 1.1066670562945415, 0.4501428702284813, 0.15417647431810255
0.5045960605195546, 1.5059929433010482, 0.5161120087223703, 0.15430451904545403
0.5806451612903226, 1.1080891180950474, 0.4362224637345989, 0.12837200590527553
0.6298030259777334, 1.2543647650273024, 0.3808265905592264, 0.12280359731046604
0.46565800742220953, 1.3226698319490147, 0.5437152600261058, 0.21415036030849918
0.4810162717670568, 1.5266923754343875, 0.5278394467105142, 0.1872574100007033
0.37830431059092207, 1.8234400592017477, 0.6476484744742372, 0.22899222439407857
0.48615472452183844, 1.450071783653013, 0.5398467136626375, 0.16010871768847942
0.6564087924636026, 0.9458280016975746, 0.3422805606976759, 0.10793950289133154
0.6322009705966315, 1.2070640804510337, 0.3851530953072479, 0.1127287526086602
0.6476163288609763, 1.6698879216760694, 0.3676153218287941, 0.11406423232002452
0.5089351984013702, 1.628560911894457, 0.49323295230076153, 0.1435094977503605
0.4571510134170711, 1.4966759932617988, 0.562141738907063, 0.17169740735453273
0.1743077362260919, 2.298157893484945, 0.822069801526842, 0.2201774183595993
0.20742220953468454, 2.2323672515543533, 0.817980326593531, 0.36459257182508625
0.17898943762489294, 2.3338336356871134, 0.8452132804777472, 0.2994914489934759
0.1375392520696546, 2.199806045567074, 0.866244457010113, 0.38809852171034065
0.11321724236368827, 2.264788094623205, 0.8976845908998794, 0.4495004551901701
0.1178989437624893, 2.0329020680817678, 0.8748349120314162, 0.4256045385072486
0.246988295746503, 2.038689485118282, 0.7366293074410434, 0.2890731688416116
0.15763631173280046, 2.0414957335224635, 0.8570540652680785, 0.4345443522248864
0.3129317727662004, 1.8343625863960324, 0.7067490907091613, 0.24021148195046674
0.38064516129032255, 1.7901328888954926, 0.6233519178472017, 0.21883808603344482
0.479646017699115, 1.7584674322976066, 0.5356830927502907, 0.17694793646509702
0.2422495004282044, 1.9992838866228109, 0.7677227424850323, 0.2997286656620485
0.19942906080502426, 1.8803033051203566, 0.8087084109646663, 0.38186229262005134
0.2873536968312875, 1.9220219651971446, 0.72832157754622, 0.2563708158281039
0.34176420211247505, 1.8654208821056573, 0.6682803402379968, 0.20955924882270344
0.38389951470168426, 1.6091602920567074, 0.617054760845444, 0.22328255169608696
0.5423922352269483, 1.4421317577634305, 0.4450600113837666, 0.15500762405722107
0.5550670853554096, 1.3549943147737096, 0.45756083908803796, 0.13985123268609811
0.5781901227519269, 1.306863283464441, 0.44147406987576643, 0.13468137775229183
0.45549528975164144, 1.482605210667231, 0.5672898606332478, 0.18834902602290668
0.5727662003996574, 1.13667267845423, 0.44589389832980136, 0.1368396680967857
0.5240650870682272, 1.2880390063425897, 0.49601299748611566, 0.15890486461549663
0.5592920353982301, 1.1182079636426168, 0.4667331864136218, 0.14583588168650494
0.6742791892663431, 0.8896098678754528, 0.3326845247070951, 0.10954018829049514
0.537482158150157, 1.2043936226152197, 0.4529375189116374, 0.18445508963604945
0.6939194975735085, 0.9714945573501168, 0.3013200438972825, 0.10258050433833996
0.636540108478447, 1.0912316326533698, 0.3688216121070055, 0.12618998939335804
0.5395946331715672, 1.2921387838285343, 0.4914234956280195, 0.14787477020283074
0.41307450756494435, 1.7504681452117645, 0.6066301347129522, 0.22048800353013376
0.33268626891236086, 1.9302198665740318, 0.6882724393851598, 0.23691415316148706
0.34210676562946046, 1.8949996641898474, 0.688963729707737, 0.2629170583997833
0.37796174707393665, 1.8543098176066752, 0.6532539384411054, 0.19631902090991254
0.36134741650014274, 1.8862651985031245, 0.6561431787155719, 0.2131642796949284
0.3454182129603197, 1.6966388568005628, 0.6564552140285207, 0.26452628020212965
0.47136739937196687, 1.6717036702174852, 0.5327252851478541, 0.15428632222963956
0.46611475877819014, 1.4492445532233587, 0.547992648476942, 0.1517893013909094
0.5315443905224093, 1.393367381215674, 0.4862879453284467, 0.14697351834430897
0.4901512988866686, 1.4899264699215553, 0.5368455950896587, 0.16708415009818375
0.5038538395660862, 1.541645247363726, 0.5302841505363027, 0.16481125714359438
0.5154439052240937, 1.5284299291753272, 0.5158210337356317, 0.15122710162805733
0.6220382529260634, 1.5920283589606758, 0.36496858652615616, 0.12066929125525547
0.36454467599200685, 1.7497165568413273, 0.6396529359765785, 0.2616887805957754
0.3657436483014559, 1.83385100843496, 0.667526482263167, 0.20800870320724632
0.35717956037681986, 1.712860482252226, 0.6664265377122542, 0.21845745797174718
0.5660291178989437, 1.5665067636554935, 0.45733156758672244, 0.1475765073454755
0.35295461033399944, 1.8235619254803745, 0.6690696546265227, 0.21799894008815376
0.26628604053668287, 1.7598460942923666, 0.7427169754670062, 0.348093860292605
0.4012560662289466, 1.7312629716790406, 0.6289013492676433, 0.16715893784256394
0.5014558949471881, 1.510963973014177, 0.5279608530707816, 0.14520982603551466
0.48546959748786755, 1.5183845871632486, 0.5438473999790172, 0.1629421153919503
0.4462460747930345, 1.4605054083387408, 0.5723048908672669, 0.18669110767909358
0.6277476448758207, 1.0896721089291226, 0.3931760430244867, 0.1187385907857427
0.5556380245503854, 1.4216537070553403, 0.46343216120053493, 0.1351214100517852
0.6553811019126463, 1.1615958560135853, 0.35941360582520804, 0.10365682902153969
0.4224379103625464, 1.6195407846860126, 0.5771304954594664, 0.24030573467935076
0.4602911789894376, 1.5992856232023498, 0.5542416043211861, 0.18608756990955008
0.4965458178703968, 1.466573202344577, 0.5305013236574176, 0.17389097192805902
0.6500142734798744, 1.0989785501098006, 0.3547743953504709, 0.11574401786131387
0.6433342848986583, 1.334063499960054, 0.3666532294753907, 0.12053819431549122
0.580588067370825, 1.1977252137544425, 0.4272237312760974, 0.13817602956823344
0.6562946046246074, 1.1096762749354498, 0.3521980954799888, 0.11496460861275608
0.5731087639166429, 1.296445450641889, 0.455294217217047, 0.12537469315537808
0.44647445047102485, 1.77514538948719, 0.5629650472853274, 0.22426592455721553
0.3481016271767057, 1.8779738805037447, 0.6573877235052289, 0.2573090924739162
0.3028832429346275, 1.8861602110985498, 0.7173259252529143, 0.26387630272380364
0.6091921210391094, 1.1660545972323983, 0.4047432520922092, 0.13838266830112475
0.5533542677704825, 1.1242301147942657, 0.4555046151730486, 0.13932692633782104
0.6922066799885812, 0.9302458598261182, 0.2967247657840311, 0.09322999621446557
0.7090493862403654, 0.8512825411399058, 0.29813889096186175, 0.09603851363570177
0.7768198686839851, 0.9454664231869551, 0.22204845676476123, 0.08164802600989321
0.6115329717385098, 1.4378754158088762, 0.42195323062693124, 0.13250439729777036
0.49431915500999146, 1.3696053246430182, 0.5265356635203268, 0.15795953863640394
0.5938909506137596, 1.263985498709795, 0.43473039231018556, 0.14412569465714517
0.6560662289466171, 1.3331256428412837, 0.34291597952992225, 0.11142057395684793
0.7174421924065087, 1.3918490545224913, 0.27394394259755256, 0.0928682484292864
0.4844419069369112, 1.2265839731271289, 0.5059876611984688, 0.2020849992943162
0.49449043676848414, 1.6921794274790505, 0.5027281548268479, 0.16306454273275833
0.33753925206965457, 1.7291416939789317, 0.6893669836310996, 0.25085847202722633
0.44299172138167286, 1.8595916446331329, 0.5361080149707261, 0.21032427095529488
0.24259206394518984, 2.114026448129757, 0.7598037002458928, 0.3262472640921054
0.1913788181558664, 2.1231595731822894, 0.7961355907269227, 0.306904940668719
0.3655152726234656, 2.0010553691239483, 0.658304152131825, 0.20229290738963662
0.3579788752497859, 1.9873827801477626, 0.617378086150522, 0.19431727927096046
0.27941764202112473, 1.9202882668647363, 0.7228768452041581, 0.25411884096384646
0.25486725663716814, 1.8374577750648868, 0.7642160598025703, 0.2797530507754941
0.23928061661433056, 1.9359780865535035, 0.7808089742143666, 0.28095658081768987
0.28866685697973166, 1.8003769043102422, 0.6830792728972364, 0.2696799502333767
0.23482729089351984, 1.8828343189072343, 0.7688719535097409, 0.3246624972227283
0.2222095346845561, 2.017122758527228, 0.7837052042555349, 0.3236600258250306
0.294775906365972, 2.0960344861855753, 0.7100649340606094, 0.28560947505993434
0.1913788181558664, 2.103800493558747, 0.8340604051589482, 0.31591238208045597
0.23950899229232087, 1.9808744452321594, 0.7809294947630423, 0.28297594486109895
0.4420211247502141, 1.8443563056849699, 0.5690712549029344, 0.17842201535432725
0.270282614901513, 1.92309838001758, 0.7294843617915499, 0.3091880578038002
0.4387667713388524, 1.7726438484479794, 0.5862988027941902, 0.17440872001828242
0.46502997430773624, 1.6874001920444435, 0.5307824612024529, 0.1911550467636341
0.3926919783043106, 1.8707745989288496, 0.6351242948047348, 0.18877814644020902
0.2902083928061661, 1.9007939819026396, 0.7111832021659075, 0.30184834388807136
0.5579788752497858, 1.570604205305087, 0.473535879053898, 0.13846376261916002
0.5345132743362832, 1.3216670539254567, 0.4797960621724511, 0.14496709096547428
0.5636311732800456, 1.1949156040243343, 0.4446289614932245, 0.1374257030166171
0.11196117613474164, 2.301664945761408, 0.8825499997460579, 0.24345826896464912
0.09962888952326578, 2.5495201865979475, 0.9145053685436, 0.48063384954479665
0.20662289466171851, 2.4646041598076347, 0.8175684280264705, 0.2993769321578457
0.26611475877819013, 2.2227758900679557, 0.7527368661967182, 0.24926750716898938
0.28021695689409076, 2.283756316490014, 0.74813754177752, 0.232181949483105
0.25075649443334286, 2.184890072474582, 0.7765473055636724, 0.276923215094731
0.41929774479017984, 1.911048813428397, 0.5820074625267414, 0.19516283342728682
0.3974307736226092, 1.881524277298307, 0.6259632558529675, 0.19545742066875327
0.2592634884384813, 1.9272923997494618, 0.7681998761739603, 0.27163456594054336
0.3834427633457037, 1.833847261145562, 0.650092967428307, 0.22054584086509318
0.4631458749643163, 1.6519934250747446, 0.5670458858585892, 0.15232054556935248
0.5692263773908078, 1.3229696931726347, 0.45845755969330615, 0.13860627881725726
0.5629460462460748, 1.2469486437255133, 0.4679526528309369, 0.13489354792824
0.6774193548387096, 0.9790992879608921, 0.35069262491396647, 0.10683069717254227
0.4932914644590351, 1.402778650024364, 0.5356252025581791, 0.16016950574875816
0.3257208107336569, 1.7008115416692047, 0.6887772721398495, 0.28605456117694655
0.49940051384527545, 1.4980264920014978, 0.5260127366779932, 0.1452563365622752
0.5649443334284898, 1.1380602810082012, 0.4377623876820994, 0.1480460515993492
0.5808164430488153, 1.2284935554033802, 0.42557612560710156, 0.13814709778179415
0.593034541821296, 1.1887481478246287, 0.43354041008693694, 0.13172540323144707
0.4909506137596346, 1.530144563280716, 0.5407541350467368, 0.15997199860553252
0.5489580359691693, 1.4152393543078767, 0.4672859579872314, 0.13505074349652602
0.4746788467028262, 1.6311437708546086, 0.5549987023198379, 0.17080382524804183
0.428375677990294, 1.6505922848952692, 0.5979696793384208, 0.16498261006105175
0.43345703682557807, 1.5040213093497636, 0.5989081656739615, 0.1775883380744248
0.5004852983157294, 1.3872930177919196, 0.5147696285254373, 0.16060557736371436
0.5307450756494433, 1.460055339928528, 0.4936972735783941, 0.14945261127981585
0.5961747073936626, 1.2439524995184883, 0.41866994496786686, 0.11916236584674444
0.5793890950613759, 1.13399741503296, 0.45396890452537714, 0.13492006600368345
0.5756208963745361, 1.1368071659361503, 0.4386423912598422, 0.13822800532471158
0.5688838138738225, 1.0977315303983601, 0.4358165037763893, 0.14356649089928533
0.5977162432200971, 1.1481662133268857, 0.4157243165339423, 0.12547489360569014
0.6374536111904082, 1.0811403062755027, 0.37969677887844844, 0.11214602919505001
0.603083071652869, 1.4853399721581766, 0.4095391483292725, 0.1499178128868394
0.2996288895232658, 1.7071258143394497, 0.7158331101891214, 0.31234140686176576
0.43939480445332574, 1.8181819802415462, 0.5950986743480142, 0.19653273028590518
0.3447330859263488, 1.9600898017789377, 0.6857625696906817, 0.20486921446881784
0.4549814444761633, 1.7363855715669838, 0.5589529075318541, 0.1872488713685989
0.4195832143876677, 1.6242159201950472, 0.6009153958615644, 0.16979189679110035
0.470682272337996, 1.556925113234151, 0.5566439546372037, 0.1521852166629047
0.27873251498715385, 1.7469146147919081, 0.7094840795464064, 0.30243563082922187
0.38886668569797317, 1.5005957209396934, 0.6050613085405008, 0.24379756777732267
0.49209249214958606, 1.4484439583189515, 0.5229324531744283, 0.14648084783569448
0.5427347987439338, 1.3516467240051204, 0.47100429193272364, 0.16567344462234837
0.5644304881530117, 1.4226380151098044, 0.46766578830879146, 0.15176097482018805
0.5136739937196688, 1.4395949420726812, 0.4993379980407612, 0.15844221350647686
0.4995717956037682, 1.3437692592476151, 0.49836656372808263, 0.17001701644561762
0.5735084213531259, 1.4151839706532565, 0.43974702653473097, 0.15810278492806906
0.6021124750214102, 1.362467307705313, 0.42194796991226724, 0.12194918895355604
0.5940051384527548, 1.1832275534838292, 0.41419032649355064, 0.129629582948318
0.6414501855552384, 0.9983651365190447, 0.370062745610081, 0.11772487007382122
0.596517270910648, 1.0826018785419755, 0.41614915830919574, 0.13179384357348328
0.6594918641164716, 0.9549679741687177, 0.3532691194016547, 0.11406206280895181
0.5972594918641164, 1.10553631764998, 0.41518050286976615, 0.12986524617642436
0.5861261775620896, 0.9869946863886172, 0.4131412566857825, 0.15022965327607257
0.7022552098201541, 0.8990437104394103, 0.3138065635753154, 0.09946477449484034
0.6693120182700543, 0.9180673466462567, 0.3482253208945408, 0.11948418475841613
0.8138167285184128, 0.6504505769107433, 0.19352601489155696, 0.07151081527960418
0.6828432771909791, 0.8700366637774387, 0.33974626062760915, 0.11009561201481097
0.6979731658578361, 1.0288632504878097, 0.31941404087873704, 0.10218881459496998
0.655152726234656, 1.1002977227270518, 0.3528259248011373, 0.11508175749230225
0.7659720239794462, 0.860249770289144, 0.2353058644053641, 0.08109341351456457
0.7151013417071082, 1.4221361269125283, 0.30414853835860306, 0.10741836127400954
0.5204681701398801, 1.3345727407537527, 0.476904545685485, 0.1759449740691268
0.6645732229517557, 1.1483768187758925, 0.35088939938469244, 0.11136203414273316
0.6941478732514987, 0.945293203673038, 0.31900066107375374, 0.10039127735179573
0.6523551241792749, 1.132815822058836, 0.3631123004139478, 0.12131530521202241
0.5808735369683129, 1.2682821002834836, 0.427430902462258, 0.1356022428965517
0.6342563516985441, 1.1208192616475674, 0.38087147315456915, 0.11345150771130452
0.5848130174136454, 1.2566196879718157, 0.4386056221088471, 0.1349767256452357
0.41838424207821867, 1.6841160461064104, 0.6229172316843671, 0.19973999288589
0.5131601484441907, 1.4733530956627539, 0.5252643020220357, 0.14927459795660242
0.5574079360548102, 1.3167935960669024, 0.48238179492724437, 0.12869162567364242
0.4444190693691122, 1.4333751773276127, 0.5850271332859587, 0.17004477740710927
0.571224664573223, 1.311238331045044, 0.447481419979053, 0.129943066393785
0.4093063088781045, 1.69549330141105, 0.6137479784502389, 0.21207166506305236
0.5977733371395947, 1.106052823929643, 0.43360178692641804, 0.12318395969951297
0.5317727662003997, 1.3949350866451626, 0.5022506105398368, 0.14600977984578628
0.6049671709962889, 1.728187638043064, 0.40584981505094825, 0.12422848160517581
0.37019697402226664, 1.7813810040703713, 0.6436956466443655, 0.23777847742609692
0.5132172423636883, 1.5326085775027165, 0.4879556400993744, 0.15903970721027977
0.5352554952897517, 1.4456745449956607, 0.46065894065705315, 0.16318642990269652
0.680331144733086, 1.5995515165348038, 0.32934722469048244, 0.10143937720750382
0.3383385669426206, 1.893133107556842, 0.6943821529966698, 0.21650172590124872
0.3777333713959463, 1.6636662519798258, 0.6509521648710491, 0.22052841605986767
0.6852412218098772, 1.2571627859512193, 0.33310993485117785, 0.10011039641697692
0.5608335712246646, 1.2672932480518524, 0.4463259487723767, 0.13906302130206466
0.6558378532686269, 1.0745048080729718, 0.36227752317180395, 0.1310069354757572
0.5785897801884099, 1.2378466970574131, 0.4583987407264772, 0.14137499574129336
0.6243220097059663, 1.104502445343449, 0.4009012159722662, 0.11892931078063691
0.5815586640022837, 1.1227395495788526, 0.4495940657566607, 0.13150519461188143
0.5545532400799315, 1.276370955039695, 0.46687539791062066, 0.13790973652745606
0.6401370254067942, 1.0815516897466841, 0.3788638492926359, 0.11305438082279062
0.7114473308592635, 0.7794070227207234, 0.28952539028595436, 0.10895913830521933
0.7045389666000571, 0.8200121012429382, 0.3053350491781844, 0.09618180872776919
0.8246645732229517, 0.7246067853023963, 0.18366974679606896, 0.06979743619345256
0.7469597487867542, 0.9522260615647332, 0.25020982683419357, 0.09766923804697998
0.8210105623751071, 0.7585861434638416, 0.1738453702417962, 0.07312838272390669
0.8055381101912646, 0.6934528558017048, 0.1968686246692813, 0.07241833298650698
0.7325149871538681, 1.243028507683912, 0.2578272215497591, 0.08774557260475149
0.5804738795318298, 1.2589743100025894, 0.4280704211653896, 0.13841846164927968
0.12161004852983158, 2.305946978126088, 0.8900339992946398, 0.2762480653264655
0.30916357407936057, 2.356953124641998, 0.6996060817050842, 0.25807756368218937
0.2566942620610905, 2.4417425307586402, 0.7656811455317843, 0.2815132759190092
0.34033685412503567, 2.192636596581407, 0.6726807508868907, 0.25215712944210966
0.3622609192121039, 1.9144470476505249, 0.6571415769827357, 0.2262423260346517
0.340165572366543, 1.8635432982390314, 0.6810994099325934, 0.2837455481851313
0.3624892948900942, 1.6842266885444093, 0.6657663180901302, 0.1866370484221324
0.44516129032258067, 1.4897878933345934, 0.5778965331761596, 0.1817718401675144
0.4653154439052241, 1.6470611325922164, 0.5734681246983593, 0.15454437635424564
0.5054524693120183, 1.4060919669988243, 0.5255688062712575, 0.15235311911053198
0.666400228375678, 0.9185716393189688, 0.34855312981531156, 0.10497182075648348
0.6720525264059378, 1.0971374885204892, 0.35223684543825257, 0.1135578562183089
0.6166143305737939, 1.2228465784469775, 0.4197922001547436, 0.11873007548211409
0.6409363402797602, 1.1828058993938886, 0.37713263050457485, 0.1119685665114755
0.5480445332572081, 1.3607903583102352, 0.4883892391620271, 0.1508241119566247
0.5375392520696546, 1.3485458773670624, 0.4969641623962273, 0.13530782817945705
0.44424778761061945, 1.7603647931353164, 0.5885256070287375, 0.18209748629759734
0.5749357693405652, 1.2548993124694372, 0.4485709978888036, 0.14286678432456745
0.6026263202968883, 1.1385911822676353, 0.4056542324173752, 0.14048490562584473
0.5869825863545532, 1.1169306479239172, 0.41776924397018494, 0.140650305579308
0.7631173280045676, 0.8365815654056704, 0.23519312154690025, 0.08163738992790971
0.7563231515843563, 0.7661010111591458, 0.26184766298481044, 0.09105803394398496
0.6687981729945761, 0.9628048447279784, 0.33326015234030426, 0.10814083634602274
0.7630031401655724, 0.7901187769977188, 0.2389025310459057, 0.08515215994521425
0.6863260062803311, 0.8546063600305299, 0.32909781572792973, 0.11523603826720923
0.743648301455895, 0.7556127911254386, 0.26307630834949475, 0.08629008352717613
0.8021124750214103, 0.7281817279088219, 0.19572974788259306, 0.07761861054491062
0.6650870682272338, 0.9279129586507953, 0.3432492488967437, 0.10899006550489035
0.7141307450756494, 0.7772381498680011, 0.2867803777537302, 0.0934737282725935
0.8508135883528404, 0.5976658603092994, 0.14911684736357014, 0.06417632424095986
0.711104767342278, 0.9174291501681515, 0.3047888384491194, 0.11861266352619373
0.6731373108763916, 0.9138691171250818, 0.33487530189033393, 0.1114185372050602
0.6510419640308307, 1.3360783466706097, 0.3673409199729813, 0.11394965934242114
0.6047387953182985, 1.165971380210998, 0.4008083837347848, 0.12604405139428637
0.5519269197830431, 1.3015337776327827, 0.46977297942791924, 0.13457712475947975
0.5609477590636597, 1.238682539072797, 0.4557070506262774, 0.13687273088161483
0.6941478732514987, 0.944921182804267, 0.31493095594521464, 0.10148254114536386
0.6960890665144163, 0.8707173389198948, 0.320426044191946, 0.10368260744462947
0.6070225520982016, 1.5224259269873892, 0.40811805765593084, 0.13638166446549027
0.46365972023979446, 1.5856564373441535, 0.5625467645644207, 0.16966957006586622
0.5368541250356837, 1.409208748713157, 0.48434049727172584, 0.15937832765014964
0.6499571795603768, 1.3231847524268607, 0.37416053336153976, 0.10308946073346219
0.5184127890379675, 1.3338277234295726, 0.49844033812388744, 0.15559930796399254
0.7419925777904653, 1.1326341971801819, 0.2584848174872787, 0.09024938581343853
0.33885241221809875, 1.6322089642643622, 0.6763483103464039, 0.2983988227112309
0.5455894947188125, 1.4343949067583688, 0.490889490166858, 0.15041814797975261
0.5576363117328005, 1.2794073064993645, 0.480133538075156, 0.1463654509341474
0.6154724521838424, 1.028939328457317, 0.4000056714884191, 0.131040614056974
0.7504995717956038, 0.8226587691756144, 0.26159516425081025, 0.08945248785283379
0.7582643448472738, 0.7447112631744511, 0.2555081814954927, 0.08330145333707072
0.7571795603768199, 0.8177637672412831, 0.25195841685403, 0.08846516714012884
0.8345418212960319, 0.6206152625803075, 0.1624593794394018, 0.06612684996726768
0.6618327148158721, 1.037239361768139, 0.3690212192270893, 0.11923295953472113
0.677248073080217, 0.9778745042573307, 0.3467868945652899, 0.11868339131567682
0.6483585498144447, 0.9037287412089533, 0.37218116454666, 0.11546489731631367
0.7982871824150728, 0.6362541861043056, 0.198709649148306, 0.0743384422096032
0.6756494433342849, 0.8661095980599485, 0.33470197914254507, 0.11268596268492466
0.7780188409934342, 1.066770246816369, 0.24698592483190382, 0.092196761270791
0.7885241221809878, 0.9749827438172632, 0.22847981238357046, 0.08840589833767828
0.7419925777904653, 0.8667196009755815, 0.25332989468101624, 0.089217278137374
0.7322866114758778, 0.7963839437535004, 0.2724884983080806, 0.0898183508692363
0.6903225806451613, 0.8467783377678385, 0.3129046881704791, 0.10426055833488523
0.8343134456180417, 0.6159621434159154, 0.1568033863361835, 0.06148850930196368
0.6582928918070226, 0.8866366184992402, 0.33890917536372844, 0.13068389119639962
0.7844133599771624, 0.6296160082788748, 0.2146361071090642, 0.07645585167382402
0.7993719668855267, 0.5532290054962694, 0.20542500340704645, 0.08278415583230797
0.7729374821581502, 0.6580693338572013, 0.23265377387897015, 0.08407410610789322
0.8296317442192407, 0.5261195727709873, 0.1761035340951255, 0.06893493000511229
0.825578075934913, 0.5622854800951087, 0.17341104681758993, 0.06842877814492479
0.7830431059092207, 1.0515870446107947, 0.2199787830364587, 0.08926275087782667
0.6513845275478162, 1.0366246596361581, 0.36498142008290635, 0.11575778936432515
0.6612617756208964, 1.2260807199339305, 0.348480714502431, 0.13168484153936544
0.5959463317156722, 1.0939596766221533, 0.41781261458474306, 0.13254239576007767
0.6562375107051099, 1.0028015964994457, 0.3622197579806633, 0.11681804054120512
0.6818155866400228, 1.212895338338952, 0.3278384716146401, 0.10110909893919495
0.7313160148444191, 0.921188420328691, 0.2731621492390646, 0.09648947996918561
0.7335426777048244, 0.8491961545984881, 0.2873030951636996, 0.10156532131802783
0.588752497858978, 1.1168086028872406, 0.43048535875528876, 0.13074105713129786
0.49842991721381674, 1.3620697059207325, 0.5303163546057215, 0.15899399641368794
0.5292606337425064, 1.4406856242108952, 0.47628470409771867, 0.1469304958905941
0.5796174707393662, 1.232201278483633, 0.42900776672533414, 0.1205014344496635
0.6258064516129033, 1.118962448334272, 0.38790544399423965, 0.11808928342159293
0.6339137881815586, 1.2278055065467022, 0.372508828923887, 0.12358100221737536
0.5760205538110191, 1.067072110400008, 0.42612727413147766, 0.13573988026600792
0.4933485583785327, 1.2863258065060823, 0.5198015716126334, 0.16421786782681974
0.635740793605481, 1.1020470711884076, 0.3478964111350241, 0.13882543804082997
0.6462460747930345, 1.0081218050108478, 0.3654708436219071, 0.11218462223599021
0.7121895518127319, 1.1593745416669958, 0.300766836161726, 0.10333155768271685
0.5456465886383101, 1.2394819519339784, 0.4754667499063885, 0.16177442144140927
0.7190408221524408, 0.952070999242495, 0.28798941317770976, 0.09204139379784052
0.7020839280616614, 0.8214464821446769, 0.3037687958632611, 0.09587160999238298
0.7151584356266057, 0.8653252242128235, 0.2755367129301386, 0.11246570512824097
0.7537539252069655, 1.3301331617476224, 0.23345548394037124, 0.08330240622733337
0.6482443619754497, 1.0639300323659067, 0.356805770218818, 0.12084467594904255
0.6161004852983157, 1.4507068349979553, 0.39470677874030724, 0.1290359704292739
0.5667142449329147, 1.3765371650027745, 0.4417312111642028, 0.15527003749631757
0.7075078504139309, 1.1047067580454832, 0.30900360606530286, 0.1066945267274935
0.5383956608621182, 1.495592230726847, 0.4726243995351833, 0.15471577594246871
0.38635455324007995, 1.548040759886737, 0.6259286798396471, 0.25790375504347773
0.5342848986582929, 1.3781762352355236, 0.4682303758266933, 0.17727224317186585
0.603083071652869, 1.2627463517956756, 0.4099443103600639, 0.14494694725354723
0.10482443619754496, 2.3009671931058517, 0.9064488293243647, 0.27733356038686996
0.0965458178703968, 2.3496191085218667, 0.892985046302565, 0.4608478430746616
0.09962888952326578, 2.255597133068844, 0.9145053685436, 0.48108908283535046
0.20719383385669427, 2.220075401387281, 0.818730844021632, 0.34806929040572426
0.10082786183271482, 2.3436353704502606, 0.9123138294877465, 0.4572351129751374
0.26149015129888664, 2.2308331382502633, 0.7657184054076197, 0.2275326310590117
0.24881530117042536, 2.2090457833973707, 0.7735324964709095, 0.31424873828630184
0.21261775620896375, 2.193526299810396, 0.8030595758581661, 0.3735805499893847
0.28021695689409076, 2.174338077300962, 0.7417744024655846, 0.2915881953320672
0.15489580359691693, 2.1775670136923524, 0.861845859007734, 0.3979046534397809
0.15615186982586354, 2.080312622052889, 0.85778159881181, 0.4310100380923836
0.3077933200114188, 2.0570507844856323, 0.720017044478005, 0.2506570174427718
0.2767342278047388, 1.9653201418606308, 0.7486423311062168, 0.2527845528537235
0.43688267199543246, 1.7935384519655568, 0.5985221185458812, 0.17364576468613716
0.5206394518983728, 1.6920823543906518, 0.5084938735640144, 0.1517347361658447
0.32161004852983155, 1.8288288360063327, 0.6999682506428593, 0.2107733420552949
0.40913502711961175, 1.958151870096475, 0.6098679064910137, 0.19970376831157086
0.3804738795318299, 1.8716360721185212, 0.6299257647458177, 0.18565260672005182
0.5282900371110477, 1.8058834681400666, 0.47633090343194073, 0.14257371398578714
0.23996574364830145, 2.097918491318605, 0.7664430027969578, 0.3095362724493704
0.24641735655152727, 1.9927569746835008, 0.7793937438649285, 0.30132033439567507
0.19731658578361405, 2.0169385144583267, 0.8220514448277173, 0.3397784896112595
0.3067085355409649, 2.0652022791664293, 0.7044459637439674, 0.23704291179276155
0.3907507850413931, 1.726365942355057, 0.6247227225846699, 0.20140212324652307
0.4618327148158721, 1.6250532061995233, 0.5640109005543961, 0.17319863398750945
0.48158721096203255, 1.6888266518839659, 0.5525637704387767, 0.1479082737030885
0.5077933200114187, 1.4977797456092063, 0.5261031125474098, 0.14978124362779635
0.4430488153011704, 1.5806436466789573, 0.5842310047232442, 0.18813594463953182
0.53011704253497, 1.5856902797052665, 0.4987977428603278, 0.1313145837092237
0.4920353982300885, 1.5381939193990497, 0.533724704325292, 0.14568808768818994
0.37156722809020837, 1.6213092131258895, 0.6455377938258022, 0.24399109888988582
0.5023693976591493, 1.457332053667404, 0.5309788557159988, 0.1588663454565651
0.5787039680274051, 1.1653885770938193, 0.44710333618617587, 0.12237377263661464
0.6729660291178989, 1.1894548242394325, 0.3502549758850194, 0.11145322121130297
0.6029688838138738, 1.4067206332896596, 0.40319233050929093, 0.11792058414576914
0.5068798172994576, 1.4406674427609085, 0.49707917861928924, 0.14419261984404314
0.5479874393377105, 1.2011609458613661, 0.46361884760457645, 0.1329101710593687
0.46040536682843275, 1.827918458896945, 0.5316988379265956, 0.16853681471732623
0.31926919783043106, 2.0105181622021955, 0.7126353031111833, 0.23257013507035146
0.3720810733656866, 2.0284930725625814, 0.6294989591694753, 0.1857551709882568
0.259035112760491, 2.1305558648546388, 0.740860712674072, 0.2921231771053131
0.2437339423351413, 2.2291915295372817, 0.7598325332668361, 0.3299426599870487
0.439623180131316, 1.7293125459186833, 0.5858280481941855, 0.15132708028055067
0.5543819583214388, 1.365368340363715, 0.4564581542357657, 0.13609495868238994
0.47056808449900084, 1.6457887566229155, 0.5596352390468831, 0.15504187531756458
0.44887239508992294, 1.743277024610227, 0.5801185971827778, 0.17529310977882936
0.33479874393377107, 2.2142617451133915, 0.6778670172330511, 0.250250474270511
0.10413930916357408, 2.4260262720761148, 0.9107548714030884, 0.4604491752743948
0.13274336283185842, 2.199277233390035, 0.871527675592531, 0.4381280093735259
0.3027690550956323, 2.0810493835237684, 0.7085082581483454, 0.2138727067409305
0.3777904653154439, 1.9004128038985302, 0.6455033063471998, 0.19558430936137156
0.5409077933200114, 1.691983821603985, 0.4654552232430638, 0.1409020218402677
0.41627176705680846, 1.577433132650578, 0.5972057933115152, 0.22891885528053774
0.34804453325720813, 2.035869557120527, 0.6710482586265419, 0.23950519705875792
0.43180131316014847, 1.8130616085446973, 0.589191803277477, 0.19079719872083387
0.4168427062517842, 1.75803582365602, 0.6083858598087034, 0.19699215468286055
0.5832143876677134, 1.7222528219699451, 0.447930801196491, 0.11849993946282852
0.40844990008564086, 1.6947580789757428, 0.6063508131721661, 0.22433617847208537
0.33365686554381957, 1.8756726400582682, 0.6868077665610632, 0.23697854463319476
0.31504424778761064, 1.8462449000472516, 0.7005404936623356, 0.28276470420044114
0.5677990294033686, 1.4903033062194608, 0.45955280619100325, 0.12620972728114432
0.2825007136739937, 1.873898077807425, 0.7323991856553218, 0.31813573526302813
0.4336283185840708, 1.6575959398581102, 0.5965520343132423, 0.1822470960915523
0.4411647159577505, 1.859218751475568, 0.5712543790042532, 0.1892685476321886
0.2909506137596346, 1.968490356409376, 0.7246778254033673, 0.30173696800374566
0.2329431915500999, 2.0395707401043683, 0.7662410935479916, 0.255703464575785
0.5450185555238367, 2.0410477720190383, 0.4686184556133445, 0.13255952841152055
0.2086211818441336, 2.1973445230778577, 0.8166214233928255, 0.2954528397460358
0.24967170996288895, 2.2003325976680217, 0.7627759158287202, 0.2664969432386527
0.24967170996288895, 2.220349028748238, 0.771644482080269, 0.29111514848574005
0.20919212103910934, 2.3472429288988823, 0.8077601498804119, 0.38556391583930827
0.2532115329717385, 2.427335837640798, 0.7728157265558389, 0.2665393232638068
0.35740793605481014, 2.1189678971678267, 0.6746669459339503, 0.17949249387197733
0.33976591493006, 1.9332601238991782, 0.6757736721763868, 0.25789773421538686
0.32943191550099915, 1.9159384940833049, 0.6885111517908284, 0.2101774064055702
0.30305452469312016, 1.8535080790383591, 0.7121622951672324, 0.3069446412913117
0.5133314302026835, 1.4687264998776552, 0.5124449582381785, 0.1520372086652237
0.4803311447330859, 1.4545361712562197, 0.5522616710662678, 0.16758946083222176
0.35500999143591205, 1.713583955687691, 0.6723531278817811, 0.22427619424567968
0.45520982015415357, 1.6740588378913057, 0.5763110628805321, 0.17318376247379222
0.4645732229517556, 2.016614305588507, 0.5323062148372454, 0.18972131622244462
0.24293462746217528, 1.9900301756057064, 0.7783839028580521, 0.2657387978155842
0.29643163003140166, 2.1084081290655057, 0.7313187375737329, 0.294146428109604
0.3765343990864973, 2.0176267654197133, 0.6524107658614503, 0.20230873742548267
0.28267199543248644, 1.9729546994200577, 0.7447945959726512, 0.25778794139593203
0.33051669997145305, 2.0511665993066233, 0.704011039182296, 0.20995799613836924
0.30836425920639454, 1.962717296639545, 0.6920302895006722, 0.22667213148231186
0.21878389951470167, 2.1800056720831513, 0.7959114742344268, 0.36863248053694286
0.3169854410505281, 1.9606112577082802, 0.7007292065198527, 0.2856849572521212
0.23950899229232087, 1.874657229612529, 0.7766435314009001, 0.2954562737776485
0.45635169854410507, 1.8369664352075596, 0.5700738374778674, 0.1654045108928457
0.30265486725663715, 2.0524168489389747, 0.7301439306908427, 0.2878417268352309
0.2776477305167, 2.155917814071948, 0.7521529404373811, 0.2646476779787805
0.24858692549243505, 2.238151961548853, 0.7803947904917996, 0.27608729640213275
0.44042249500428204, 2.0815096740276173, 0.5879998785306634, 0.15455807390434673
0.18504139309163575, 2.1103708977771425, 0.8281383596679728, 0.3884835168763872
0.2867827576363117, 2.1533453523347013, 0.7369071590312168, 0.27190883848034497
0.4072509277761918, 1.9996713420135308, 0.6169956675694148, 0.16798150217810084
0.4342563516985441, 1.7977420254942011, 0.5933443070884243, 0.17314011278814884
0.35934912931772767, 1.886163844656951, 0.6639543429595999, 0.21962957872754565
0.4568655438195832, 1.8680657546043125, 0.547774535518321, 0.15685750044786853
0.10922066799885811, 2.3048309721335527, 0.8777271430503708, 0.25302992843785865
0.10984870111333143, 2.3209849343652422, 0.905555786258368, 0.4744344100533919
0.16882671995432486, 2.3223003392810995, 0.8501763528902562, 0.31535886216856707
0.4709106480159863, 1.961696723975558, 0.5383658949011131, 0.14674676300962256
0.4711961176134742, 1.8909682225473192, 0.5585829827140727, 0.14392884196349162
0.2264915786468741, 2.0513777601652543, 0.7993934585162318, 0.2937533842700743
0.3625463888095918, 1.9108837169679342, 0.6735836761988812, 0.22414219371151423
0.24693120182700543, 1.9229705057176834, 0.779653820829314, 0.2693150766460493
0.4747930345418213, 1.8466908631445917, 0.5309889741596494, 0.18505865477473854
0.2600628033114473, 1.9247919930278607, 0.761473488501356, 0.27833219591657143
0.48369968598344276, 1.6698698372933445, 0.532759858498798, 0.16256158616120833
0.43693976591493006, 1.570439827446423, 0.5897688029015627, 0.17270894609146706
0.46360262632029686, 1.432949173896484, 0.5613610554502497, 0.16958849074173685
0.6234656009135027, 1.4240161426843931, 0.39913879969154686, 0.11816994615364104
0.4282043962318013, 1.3933139448025686, 0.5647273627920656, 0.21830463706128814
0.6327719097916072, 1.7405089286984698, 0.3610967101007885, 0.13523840877494736
0.30528118755352557, 1.8610022424022334, 0.720033900090293, 0.25155338341596667
0.4398515558093063, 1.471190231315347, 0.5844205504629786, 0.18259403987862877
0.4294604624607479, 1.5364824149760814, 0.5885059450248287, 0.1657815970257041
0.6352840422495004, 1.1653965345589972, 0.38725850653335, 0.13842349765578194
0.7024835854981445, 1.116066237910625, 0.292637822565182, 0.09503172013043713
0.6497858978018841, 1.0508947008240743, 0.3478949745197132, 0.11510929468406969
0.7480445332572081, 0.825559475066796, 0.2435687609130353, 0.09066256409501436
0.709506137596346, 0.8382135693031721, 0.28711696262045727, 0.09797137834043254
0.7071081929774479, 0.890461965996369, 0.28455405276707835, 0.09813469782176505
0.8164430488153012, 0.6654584320147753, 0.1789408960871078, 0.07274716353555069
0.7936054810162718, 0.6490274522931039, 0.20986045383495916, 0.07724819864003232
0.7956608621181844, 0.8905020245204406, 0.19570137153265005, 0.07959510520976186
0.7654010847844704, 0.7645820065486305, 0.22188210838932898, 0.07748992573923555
0.7827576363117328, 0.7037558355562489, 0.2048080905253599, 0.0754330700200698
0.7071081929774479, 0.7733008966815496, 0.2788977982002413, 0.1131538913944665
0.8080502426491578, 0.6005544808792398, 0.19414949283593494, 0.07789788169653991
0.7897230944904368, 0.8523884768388015, 0.21116533273463872, 0.08180603206735594
0.6774764487582072, 0.9145891582950112, 0.3449852860036544, 0.12183367369261014
0.6352269483300028, 1.148391744614396, 0.38070957115106324, 0.1299143174356881
0.7659720239794462, 0.8302488787971222, 0.22147212065879623, 0.08299071835310573
0.6517270910648016, 0.9405378700311894, 0.36512565354292464, 0.13605082852585443
0.5640879246360263, 1.2907819918163022, 0.44897220064696164, 0.16343325061730868
0.5841278903796746, 1.1359891450531885, 0.43544624151519074, 0.133602142757425
0.579103625463888, 1.3265920926733015, 0.4371645720558351, 0.13661354689117744
0.5536968312874679, 1.3963783424920841, 0.45804517221614055, 0.1608727277969707
0.5421067656294605, 1.2922141643287308, 0.4615818325996811, 0.16373276544369766
0.6455609477590637, 1.086721095043763, 0.3610729965246872, 0.12304170250033797
0.6924921495860691, 0.8450478192230582, 0.3183100700750887, 0.10707792897940187
0.7082500713673994, 0.7760575003118012, 0.2963024390852582, 0.1030108882516986
0.6421924065087068, 0.9418566444397926, 0.37584757346898867, 0.12992920328866778
0.6337996003425636, 1.214380009224372, 0.388880932587407, 0.12640972127697553
0.4778190122751927, 1.4292081703722495, 0.5409430029932183, 0.17545001984064146
0.4493862403654011, 1.493106513412772, 0.5802874011002146, 0.15485173767660726
0.618212960319726, 1.1646313627621905, 0.40378541439643073, 0.12470216376892598
0.5686554381958322, 1.3185198027662914, 0.46333798919784674, 0.13968792111677278
0.5857265201256067, 1.1628939459256162, 0.41945815292511685, 0.13886359819914676
0.6294604624607479, 0.9919364078195306, 0.3752122347171668, 0.11929746115580075
0.5941764202112475, 1.1623835809190648, 0.4135065700839501, 0.1291595681736929
0.7591207536397374, 0.8419482900122728, 0.22513492855054434, 0.08700169039374087
0.7144733085926349, 0.820887745844422, 0.28472262419047, 0.09014182817567046
0.7506708535540965, 1.2280227740458207, 0.26850713242007707, 0.0843324914195385
0.5258920924921496, 1.2879038536217666, 0.4831090568956772, 0.14420574557688207
0.7598058806737082, 0.8202041252207541, 0.24384417063963423, 0.08505668929777088
0.5785326862689124, 1.1228208716629622, 0.4290505589542454, 0.1406355759168498
0.759691692834713, 0.7027929578604969, 0.2621251371514497, 0.09195978939621928
0.6294033685412503, 1.1206544348377179, 0.39388925007405234, 0.12977682280187378
0.6906651441621467, 0.8981225947230255, 0.333740562970051, 0.10849646693811443
0.6922066799885812, 0.8629375460572262, 0.3273170370888413, 0.10657666242773438
0.6962032543534113, 1.1890759798550041, 0.32522222318974825, 0.12299824224675385
0.7747644875820725, 0.9087176304347782, 0.2470831505011503, 0.08776820684312135
0.5912646303168713, 1.1358414612949754, 0.4448270882281734, 0.14538494506301508
0.7585498144447617, 1.3007558722105361, 0.25287036216902714, 0.08340660672870304
0.4330002854695975, 1.4039771679049726, 0.5908106707681723, 0.1820847817200314
0.4546959748786754, 1.4035208596099011, 0.5573103664159659, 0.16877395817544294
0.5982300884955752, 1.2250332207976495, 0.43805276642703417, 0.12056317349819501
0.5020839280616615, 1.4261059120978044, 0.5254332758026371, 0.14127935195681168
0.7545532400799315, 0.8271966255302114, 0.2497086195589417, 0.08608779983781006
0.7632315158435626, 0.7543163743392516, 0.2447669472317185, 0.08441314348008196
0.787953182986012, 0.6933595513920171, 0.22073444304764891, 0.0812686329416996
0.8125035683699686, 0.6103428288598742, 0.17718518808539557, 0.07398480375674146
0.7896660005709392, 0.6468332425377733, 0.2212494037742414, 0.07737041884935661
0.8410505281187554, 0.5461835524286355, 0.15078782287028408, 0.06396042066203086
0.7825292606337425, 0.7587722943292289, 0.2012723414308145, 0.08228510593706556
0.774307736226092, 0.70835063868026, 0.23074674513528376, 0.0800156852709086
0.6438481301741364, 1.1265020243838417, 0.37294102846472155, 0.10986293799753477
0.518070225520982, 1.3288717096738991, 0.4994508063105488, 0.14488725070275055
0.7579788752497859, 0.8025360029704428, 0.24797569416730642, 0.08564872033227787
0.5925206965458178, 1.1366844823175593, 0.41833770205221193, 0.13099983487360464
0.8355124179274908, 0.5530822704666059, 0.15494429972875462, 0.0646504312075177
0.7355980588067371, 0.9869831631660393, 0.26064862407885353, 0.08938901677327013
0.6005709391949757, 1.1260621330474032, 0.42028592974875717, 0.1338758467659895
0.8244361975449614, 0.6502388226774941, 0.17378261276387114, 0.06845522828737376
0.6534399086497288, 1.0772542841811197, 0.3709231908205773, 0.12176649896059073
0.6141021981159006, 1.0888564126809053, 0.39625910282384585, 0.12261011941486492
0.6297459320582358, 1.204195198757016, 0.3785177808364397, 0.1202838510828319
0.6236939765914931, 1.3329036967586934, 0.39199060074530123, 0.1205142601666058
0.7113331430202683, 1.0705776049789277, 0.2985964243715796, 0.1047453133165468
0.7946902654867256, 0.7975203426000206, 0.20579418544975256, 0.07649482467179136
0.7248073080216957, 1.1302489389088233, 0.255899220171591, 0.08918618355071083
0.7721952612046817, 1.287532618635898, 0.2150611368022414, 0.07203758847465455
0.6008564087924636, 1.1217572670475673, 0.3973170498346334, 0.12538426633547392
0.7373108763916643, 1.3939275894817067, 0.2577599417082614, 0.09392769115239778
0.7978875249785898, 1.0329596474736955, 0.19880990778310836, 0.08258314615409396
0.6509277761918356, 0.9959691425842317, 0.36212313692997833, 0.10687387065480736
0.6518412789037967, 0.947362408645466, 0.35781500360702845, 0.1174447560981194
