acuracia,loss,frr,fpr
0.09470881863560732, 2.30393771043038
0.12006655574043261, 2.310251069727436, 0.8703691138061014, 0.3414728543397381
0.09963394342762064, 2.4015294286692996, 0.9158021609020714, 0.4759553040392284
0.09970049916805325, 2.436775432688226, 0.9157139774805548, 0.470760870694448
0.09743760399334443, 2.6832177020745744, 0.9298936465597277, 0.4597603491694254
0.11747088186356074, 2.619975462126454, 0.9076307280881063, 0.3811563856871505
0.10788685524126455, 2.4004845250267755, 0.9181288977087768, 0.42171657537864543
0.09950083194675541, 2.639356853394659, 0.8820365691765703, 0.4704798268283674
0.12239600665557404, 2.4413524650535647, 0.8490041327042326, 0.37365477525680313
0.10549084858569052, 2.351937271053105, 0.8926597476588579, 0.44330994571516363
0.14029950083194676, 2.316342654434496, 0.8489968770185411, 0.3288454170021947
0.09743760399334443, 2.4347678447999495, 0.9298936465597277, 0.4652375073792413
0.09743760399334443, 2.3927639459651244, 0.9298936465597277, 0.4616960565483
0.10183028286189684, 2.32862353004354, 0.8971829627758184, 0.44916583422998674
0.10189683860232945, 2.4256852711298302, 0.8689776495401514, 0.46521220897752064
0.10202995008319468, 2.367826144048656, 0.893525580069951, 0.47049701773384695
0.09763727121464226, 3.044397051100326, 0.9297203828787701, 0.4617304088636069
0.12931780366056572, 2.460875171155184, 0.8771371854495376, 0.32077605792007735
0.09950083194675541, 3.0809599549123727, 0.8820365691765703, 0.46889811712312895
0.11114808652246257, 2.5741969955304698, 0.8915550505855718, 0.3820345929183874
0.1427620632279534, 2.5391936626529534, 0.8608746183273499, 0.32177671871462826
0.09963394342762064, 2.5793495294456674, 0.9158021609020714, 0.47230108038261337
0.10129783693843594, 2.51488411551109, 0.9409723699182323, 0.478309956328406
0.09950083194675541, 2.32309333475973, 0.8820365691765703, 0.4703728888630039
0.1221297836938436, 2.3043075148793504, 0.8636232307573534, 0.37174363945964134
0.10722129783693844, 2.4108677483953773, 0.875132725295165, 0.43698436990046813
0.09743760399334443, 2.908850299756658, 0.9298936465597277, 0.4594084399191732
0.15813643926788687, 2.5465525305489334, 0.804226184054982, 0.30223240790545813
0.10955074875207986, 2.440862809941297, 0.9334476090178365, 0.4286134493128008
0.09956738768718802, 2.353166682716217, 0.9078238120092538, 0.46863466975911794
0.09950083194675541, 2.5554045875853983, 0.8820365691765703, 0.4672547586682534
0.09743760399334443, 2.6171019773991056, 0.9298936465597277, 0.46424460773573184
0.12479201331114809, 2.4634410402580427, 0.8607051493700578, 0.34685105575139813
0.15653910149750416, 2.4536033580148477, 0.8243838929085311, 0.3039074502927839
0.14628951747088187, 2.556124073915593, 0.8375948763286363, 0.31588079941686387
0.12925124792013312, 2.363362157590774, 0.8471217124294422, 0.33256608115036185
0.13597337770382695, 2.3000862320092277, 0.8893479519983768, 0.2833534575933106
0.15986688851913478, 2.301841216301561, 0.817784946749487, 0.2759819118727977
0.11980033277870217, 2.3334731071443606, 0.8878572491728316, 0.3776723151075202
0.10389351081530782, 2.408076603741892, 0.8784686666994056, 0.4192336425793147
0.18309484193011646, 2.3240057721907603, 0.8037608007553363, 0.24870214470659385
0.15740432612312813, 2.324817224421636, 0.8294325349969704, 0.3012667332431294
0.12831946755407653, 2.2887321369977243, 0.8718763244525978, 0.34533009852312346
0.10049916805324459, 2.369310564748856, 0.8738773833168909, 0.4353321986262364
0.09757071547420965, 2.8913456184594284, 0.8889160486026735, 0.45688702511148205
0.10189683860232945, 2.351857366236593, 0.8689776495401514, 0.4621958446218466
0.09950083194675541, 2.3327788085191696, 0.8820365691765703, 0.4703397028580848
0.10202995008319468, 2.394160243691303, 0.893525580069951, 0.47390500650500517
0.15767054908485856, 2.363701745610864, 0.8283853435442755, 0.29758276645863346
0.09963394342762064, 2.3208883323923324, 0.9158021609020714, 0.4732057158346251
0.10788685524126455, 2.3152786099533866, 0.8647308536082943, 0.33697729328263787
0.09743760399334443, 2.737785612596648, 0.9298936465597277, 0.46467893902225466
0.14262895174708817, 3.034560121450567, 0.8748821476392195, 0.31105285999814375
0.13397670549084859, 2.396974380536008, 0.8852230473142598, 0.3420766798185476
0.15580698835274542, 2.7938748767332306, 0.8457693664150103, 0.2550134785989966
0.15980033277870218, 2.381375917666367, 0.8147978301810279, 0.2512159111443706
0.1361730449251248, 2.4329547063284824, 0.8415608988603708, 0.317141963915974
0.11966722129783694, 2.4085194344925207, 0.9213447462500007, 0.3901722071338719
0.16572379367720466, 2.325304862520659, 0.8203145366475919, 0.2587009145906542
0.09950083194675541, 2.312139051972134, 0.8820365691765703, 0.46964849028426686
0.10129783693843594, 2.3425003439971492, 0.9409723699182323, 0.48281469481302
0.1248585690515807, 2.3186489218919726, 0.8980478947025189, 0.31280626559764607
0.10782029950083195, 2.3438920042241076, 0.8910084939501492, 0.37065030314970254
0.09757071547420965, 2.309592300778419, 0.8889160486026735, 0.45846973519778916
0.09950083194675541, 2.433712693284236, 0.8820365691765703, 0.46687897209475154
0.11793677204658902, 2.5732090768560196, 0.8847159913921468, 0.3339635097090682
0.09956738768718802, 2.4534927876182087, 0.9078238120092538, 0.4656978738089009
0.09956738768718802, 2.3444445088143753, 0.9078238120092538, 0.46931271578376793
0.10209650582362728, 2.440217330824714, 0.9062791013941798, 0.4119727297256424
0.09950083194675541, 2.372031251785164, 0.8820365691765703, 0.46780407916787276
0.09956738768718802, 2.5860686185316317, 0.9078238120092538, 0.47467029279282014
0.10189683860232945, 2.558965314969842, 0.8689776495401514, 0.46004503848454326
0.09963394342762064, 2.431305166520612, 0.9158021609020714, 0.47527105260209795
0.10189683860232945, 2.7324025238452854, 0.8689776495401514, 0.4624414983616597
0.09950083194675541, 2.7040351083076337, 0.8820365691765703, 0.4709285763318699
0.13923460898502496, 2.613397047198354, 0.8554722349796308, 0.3229779995836381
0.09757071547420965, 2.429785807477853, 0.8889160486026735, 0.4562227811019988
0.15953410981697172, 2.310185281448872, 0.824163712270264, 0.2962051830663851
0.10202995008319468, 2.387799317689981, 0.893525580069951, 0.46874107331215414
0.1005657237936772, 2.3212270444482814, 0.8981747799044776, 0.46412471373459846
0.1005657237936772, 2.3368252385991584, 0.8981747799044776, 0.46517576627605595
0.10129783693843594, 2.4812254782802055, 0.9409723699182323, 0.4777179996190284
0.10589018302828619, 2.3101704699108487, 0.8642804903562579, 0.4505241429130062
0.09743760399334443, 2.661739192754774, 0.9298936465597277, 0.4615851233851519
0.09743760399334443, 2.6352744663178225, 0.9298936465597277, 0.4602467880416126
0.1211314475873544, 2.6191120611213012, 0.8535530751274877, 0.3748265648678127
0.12678868552412645, 2.489174836034981, 0.891746085689724, 0.2975132448758464
0.1021630615640599, 2.365335026818782, 0.8938796105710403, 0.4603884839509806
0.09757071547420965, 2.396630220286263, 0.8889160486026735, 0.4601036498028318
0.09963394342762064, 2.320545854600218, 0.9158021609020714, 0.4715458230197068
0.10202995008319468, 2.350574542131281, 0.893525580069951, 0.4681272941475274
0.15880199667221298, 2.412453617700523, 0.8240404861104829, 0.295804890735445
0.1243261231281198, 2.4361988077623873, 0.8651656916925116, 0.3634786434806293
0.11321131447587354, 2.3247275061694634, 0.859801722873532, 0.4073721480541839
0.09950083194675541, 2.4180457794091073, 0.8820365691765703, 0.47114518591616483
0.10189683860232945, 2.3058433472415967, 0.8689776495401514, 0.4648250215008593
0.1486189683860233, 2.466677149314055, 0.8223724017731757, 0.30028275044109093
0.10189683860232945, 2.394311454918936, 0.8689776495401514, 0.4621168026577884
0.13530782029950084, 2.408734510655014, 0.907369209332366, 0.3068191785594167
0.11920133111480866, 2.528315190380306, 0.8700297083824041, 0.31072964857857016
0.10189683860232945, 2.38586398960945, 0.8689776495401514, 0.4642342298109244
0.09896838602329451, 2.302754166899822, 0.8843170576328095, 0.4461816028065832
0.09743760399334443, 2.386501281336818, 0.9298936465597277, 0.46192861147842984
0.10202995008319468, 2.6375824824506156, 0.893525580069951, 0.4669678874647262
0.12831946755407653, 2.533195293469358, 0.8768734082610244, 0.3323947021502465
0.14076539101497504, 2.6960670132168914, 0.8653413414335219, 0.26044060242787953
0.09963394342762064, 2.7399373341400097, 0.9158021609020714, 0.4735437545209159
0.14262895174708817, 2.6794626894647786, 0.8648537960770531, 0.31297797986301307
0.10695507487520799, 2.46358513390165, 0.8662937682119317, 0.3971984278919549
0.09950083194675541, 2.5015077684881684, 0.8820365691765703, 0.46900613448104556
0.11361064891846921, 2.3712361966195004, 0.8867743802930591, 0.37183016000872343
0.11074875207986688, 2.5577943921842907, 0.8836412254179902, 0.44340716636393224
0.1556073211314476, 2.3682214672275865, 0.8440735082748918, 0.2907953978440106
0.09990016638935108, 2.56032499366116, 0.915580565472839, 0.4679650999805342
0.13131447587354408, 2.3348738280310606, 0.843299155712795, 0.3358372362009472
0.15753743760399336, 2.5646268616500194, 0.8364865336195862, 0.26326336222608254
0.15334442595673878, 2.5049207043528754, 0.8273617907991068, 0.282972712775819
0.13883527454242928, 2.589571645898549, 0.8710275683585299, 0.30840342367968504
0.16405990016638936, 2.270492476385564, 0.82661338021263, 0.2931355016727563
0.12259567387687188, 2.3634471993200394, 0.8846488189294744, 0.2839458845266275
0.16, 2.347249828844816, 0.8858655294038743, 0.2898484991824316
0.14888519134775374, 2.362176755153002, 0.8850576664542967, 0.2952898181433276
0.10136439267886856, 2.445216077774416, 0.8730734261466201, 0.4269309180615474
0.09743760399334443, 2.439885350328912, 0.9298936465597277, 0.4585901447334685
0.13990016638935107, 2.332599323442494, 0.8825632655426311, 0.2713214828610384
0.12099833610648919, 2.4705247879583703, 0.9223172778269279, 0.3668674043539198
0.09963394342762064, 3.0106607504017937, 0.9158021609020714, 0.4724755451113913
0.11866888519134776, 2.334441248097158, 0.8672236669301271, 0.3454761255464473
0.09750415973377703, 2.365582213711223, 0.9298330404991215, 0.45991429439040865
0.09990016638935108, 2.328623575965894, 0.9156121860261985, 0.4673896166941273
0.1460232945091514, 2.276528216289006, 0.8592674232909017, 0.3089472714075277
0.12945091514143095, 2.3117792920066593, 0.8497689965107332, 0.34523218303252323
0.1329783693843594, 2.400012056434809, 0.8613727906252472, 0.303453489353376
0.09963394342762064, 2.4415975418741414, 0.9158021609020714, 0.47171386705504065
0.09743760399334443, 2.375538785612325, 0.9298936465597277, 0.4637869929952115
0.09963394342762064, 2.66392597245694, 0.9158021609020714, 0.47538373245509397
0.10569051580698835, 2.3969444927082284, 0.8923543142269926, 0.39418771384316287
0.10901830282861896, 2.692359018484487, 0.8902398277765403, 0.3662488347227813
0.1097504159733777, 2.51612128379936, 0.8879395184410455, 0.3894545970430313
0.10202995008319468, 2.5740312749097827, 0.893525580069951, 0.4678911301835137
0.13437603993344427, 2.8294768701416877, 0.8762683379754638, 0.3127663415788807
0.09963394342762064, 2.4296850939161962, 0.9158021609020714, 0.47423059003909834
0.11886855241264559, 2.4079593198033615, 0.8820687699272306, 0.3594978873441373
0.13477537437603992, 2.2920293892163803, 0.9103977062249506, 0.29260048653610465
0.11387687188019967, 2.907123810832393, 0.9095340560825264, 0.3986849589261799
0.1325124792013311, 2.3341731493484956, 0.9067251123434165, 0.32706264882560526
0.10262895174708819, 2.3325592816252874, 0.9393417079711714, 0.46522720200913087
0.1119467554076539, 2.317384215527882, 0.8593724362629825, 0.3917656006150415
0.10236272878535774, 2.4625401103437046, 0.938900892719828, 0.4595711153511496
0.09963394342762064, 2.4182959979623804, 0.9158021609020714, 0.47353319310367264
0.1345091514143095, 2.400815689908883, 0.8899379755913037, 0.33466511628400064
0.10202995008319468, 2.518363199642613, 0.893525580069951, 0.46848161477085243
0.11054908485856905, 2.567367062378247, 0.9034947110396877, 0.43700735913134975
0.14136439267886855, 2.3805366987237915, 0.865916211537609, 0.25545387845350853
0.10202995008319468, 2.4721018264892693, 0.893525580069951, 0.46934126179902896
0.13983361064891847, 2.664901437747498, 0.8897423825310405, 0.28561436655452455
0.13071547420965057, 2.2623417116282587, 0.9081759650074698, 0.3173186007212957
0.15700499168053245, 2.4033917014095034, 0.8472660308724662, 0.25387428992844135
0.15680532445923462, 2.397566868937551, 0.8577507459480135, 0.28823325439193853
0.12552412645590683, 2.3568813980756307, 0.8708845244188502, 0.33558607794626377
0.16306156405990016, 2.3672776399793323, 0.7999673594394358, 0.2969922948006233
0.1325124792013311, 2.40179813336612, 0.859175420771598, 0.31909460409794477
0.1692512479201331, 2.4039748274347748, 0.8206969032283026, 0.22908308423351179
0.16745424292845257, 2.386973260603411, 0.8489498918705923, 0.27855161756133656
0.17144758735440932, 2.3811026849127845, 0.8104228491102936, 0.24483224709890783
0.1286522462562396, 2.885761256122748, 0.8520051741292002, 0.27718341066023205
0.14795341098169718, 2.366653210533637, 0.867205726535308, 0.3019518704508773
0.1562728785357737, 2.2413870443797945, 0.8274457711736837, 0.26645150771385856
0.16512479201331115, 2.4774632456139996, 0.8251735164838451, 0.28080951875211496
0.13743760399334443, 2.336563816863963, 0.8830502441868338, 0.3446511599875963
0.1740432612312812, 2.4880818899062627, 0.8096436918433585, 0.25395949402722223
0.15800332778702164, 2.360578864886241, 0.8745708971151864, 0.2901187778810115
0.18662229617304493, 2.314002167587471, 0.817998081206322, 0.22480172568389734
0.16871880199667222, 2.266189674220347, 0.8055893667452527, 0.23967444564880352
0.09950083194675541, 2.397598713154404, 0.8820365691765703, 0.46848218443964745
0.11281198003327787, 2.3235900983239173, 0.881176436003775, 0.42713545371173733
0.1831613976705491, 2.4341505031062045, 0.8011159915353673, 0.23310548424969033
0.09790349417637272, 2.3668743922904802, 0.888653552852422, 0.44953327350782446
0.10615640599001663, 2.478976772386897, 0.8671355826878747, 0.38785286343004277
0.15154742096505824, 2.4168087857178167, 0.8440712582124718, 0.2593883408914783
0.09963394342762064, 2.4841951930463413, 0.9158021609020714, 0.4769468556861405
0.10229617304492512, 2.584877830091213, 0.8937286144163112, 0.44698331529505636
0.10222961730449251, 2.38463633676932, 0.8716918490185861, 0.41607273085696905
0.1352412645590682, 2.4554114223121606, 0.8698359600020683, 0.317093047189194
0.1447587354409318, 2.3520182526885174, 0.87370839683382, 0.30949505724150483
0.14801996672212978, 2.3503185127102793, 0.8274886845591725, 0.29762724193631807
0.09950083194675541, 2.403674305869815, 0.8820365691765703, 0.4652835035266315
0.1459567387687188, 2.5158017802040114, 0.8396079460127238, 0.26469464736924725
0.10116472545757071, 2.663022884124527, 0.9055009411867586, 0.4430806381548941
0.13178036605657237, 2.3807861926511995, 0.8362730969036563, 0.38078419612231434
0.10522462562396007, 2.451459997632539, 0.8801889315184129, 0.41139449928037847
0.17324459234608985, 2.3637269125444917, 0.8250374595181454, 0.20783130225552368
0.1692512479201331, 2.3019793233300208, 0.8270352095036907, 0.25605717888215374
0.13683860232945091, 2.465803217197615, 0.8375726211472754, 0.3084631448732053
0.11607321131447587, 2.483244278054071, 0.8950055363689288, 0.4174492531521157
0.17450915141430948, 2.279850704507304, 0.8009911889550315, 0.23208506934922618
0.10848585690515807, 2.3669215885692347, 0.9345124157509608, 0.4243944868406538
0.1113477537437604, 2.4820438280914865, 0.9311646240815512, 0.402422367273264
0.09743760399334443, 2.511740661024452, 0.9298936465597277, 0.4608261534276536
0.12339434276206322, 2.402955964004339, 0.8836354177371126, 0.32782218462974366
0.16452579034941764, 2.2993038180029135, 0.8334855116238558, 0.24586645414154568
0.16386023294509153, 2.250706536147043, 0.873270267682127, 0.2725562593837212
0.08652246256239601, 2.3025024600195607, 0.918106243443347, 0.2141455143786408
0.11154742096505824, 2.3448348741166405, 0.9312669114320467, 0.413527134667176
0.162063227953411, 2.403751429630794, 0.8110886096689005, 0.26877308988643583
0.10076539101497504, 2.3539508797761406, 0.9256465240945052, 0.41367551969603855
0.16066555740432611, 2.5020101195127515, 0.8654855400914608, 0.2620309372495368
0.09743760399334443, 3.2737176869494746, 0.9298936465597277, 0.463140679146978
0.1406322795341098, 2.3733310146617415, 0.8958342291896616, 0.29845455926763653
0.09970049916805325, 2.6492189899359686, 0.9157005348858114, 0.47106093532982407
0.17171381031613978, 2.371945282726637, 0.8078593778353377, 0.24100234056878067
0.09976705490848586, 2.6024226964610984, 0.9156163598016362, 0.47210363171039144
0.10202995008319468, 2.3425183882689518, 0.893525580069951, 0.4669703234646002
0.09743760399334443, 2.403820323071345, 0.9298936465597277, 0.46451650895516833
0.10602329450915142, 2.3562745271466934, 0.864395629535969, 0.40637867226255714
0.12133111480865225, 2.3734043913474694, 0.8718701642200787, 0.3370960118713396
0.13317803660565725, 2.286097988122315, 0.8423400533422712, 0.35017487157529675
0.11440931780366057, 2.417878688234656, 0.8825777053150093, 0.3949971676673051
0.14462562396006656, 2.35973706785732, 0.8760039978984014, 0.31438092202685675
0.180432612312812, 2.3891062718183544, 0.7976660957488436, 0.2319283839923638
0.20252911813643926, 2.3168687234028007, 0.8085736168477823, 0.20778887684126693
0.14848585690515806, 2.338552698533666, 0.8344523616253846, 0.2899371722467667
0.16332778702163062, 2.336000458253997, 0.8162133745243685, 0.23609180222577836
0.1762396006655574, 2.4314627780533473, 0.8267364816699577, 0.2242184252846779
0.1609983361064892, 2.2619971128866796, 0.8121270268312148, 0.2529938619979751
0.11307820299500831, 2.410315888646042, 0.8999762858137677, 0.4365058782351953
0.12425956738768719, 2.834351643833662, 0.8680004679786401, 0.389174811011099
0.1383028286189684, 2.8079905236540936, 0.8680509536451235, 0.3158414979361332
0.1291181364392679, 2.346163525462349, 0.8637010335210149, 0.321550047047365
0.15860232945091515, 2.359804261321831, 0.8217913533099382, 0.30565665803219066
0.13397670549084859, 2.5569889760136406, 0.8578161285024782, 0.3395664344846595
0.16845257903494176, 2.5497202349423174, 0.8189935861748896, 0.25152254702118776
0.14662229617304492, 2.420010143587871, 0.83780769484251, 0.29645309592812225
0.10256239600665558, 2.5096017136708673, 0.9128931786298428, 0.4625269451703258
0.14768718801996672, 2.7105659987882844, 0.8377055176491566, 0.27147724934608913
0.19720465890183028, 2.2461677531672395, 0.7821950250807377, 0.22563977718131947
0.1552079866888519, 2.2939955422723552, 0.8109944705513036, 0.30183009162739116
0.14742096505823626, 2.35536830431213, 0.8207942085855156, 0.31781990200762994
0.09743760399334443, 3.2089105938258466, 0.9298936465597277, 0.4613078802855814
0.14189683860232946, 2.464347639337752, 0.8333589011452613, 0.30143079831365066
0.15068219633943428, 2.339171277306441, 0.8669525381419845, 0.2991762390137666
0.13277870216306156, 2.4000124814863413, 0.878550105653789, 0.31531370714651724
0.11374376039933444, 2.490881170433095, 0.8760492815495099, 0.32551936157872624
0.14961730449251248, 2.2914889906329443, 0.8532462767632161, 0.31095389076637
0.13231281198003328, 2.392104838675945, 0.8330354318973104, 0.3693928042382053
0.09743760399334443, 2.4981141013750023, 0.9298936465597277, 0.4653954961634193
0.16898502495840267, 2.3478352828113094, 0.8394886755777174, 0.22328107663256447
0.09743760399334443, 2.661288867369666, 0.9298936465597277, 0.45888456972941055
0.13770382695507488, 2.2977921122600153, 0.9050882925064145, 0.29819027213578664
0.16672212978369386, 2.420241751091651, 0.8179915476982142, 0.2559445542770566
0.16259567387687188, 2.2920264919426994, 0.8070130391599781, 0.2685722210973584
0.15420965058236272, 2.393931352881941, 0.8181684369232739, 0.2840185063930535
0.1270549084858569, 2.2720430543617085, 0.8468439839715967, 0.372539857554054
0.1621963394342762, 2.3935395270457085, 0.8220482757792045, 0.2968275477893635
0.12193011647254576, 2.499627197300535, 0.864991388511317, 0.31165543070530916
0.11327787021630616, 2.465382903102234, 0.915486289522422, 0.41299996423785024
0.11201331114808652, 2.4225141260270866, 0.9111323102775724, 0.4138831640658075
0.1562063227953411, 2.4659338676354254, 0.8560969803266619, 0.2462017946197664
0.14023294509151416, 2.3515290224691, 0.838704488386015, 0.31118671486845334
0.1739767054908486, 2.312256421836561, 0.8452909195401044, 0.24902073399818042
0.13690515806988351, 2.5989638427093302, 0.8955366960172986, 0.35037290007933447
0.14555740432612313, 2.393478755474884, 0.8381268672047649, 0.30397998685956795
0.15234608985024958, 2.272125857634076, 0.8335872557993517, 0.30129540964113366
0.14349417637271214, 2.393582030207464, 0.8194107255758932, 0.34310845720473887
0.15980033277870218, 2.383292836476483, 0.8131653702837007, 0.24443493754849635
0.1215973377703827, 3.0006106911899644, 0.8544713735620696, 0.3498805468851177
0.1539434276206323, 2.5131455810216816, 0.868173415566689, 0.3110847259739941
0.1470881863560732, 2.3687005259947056, 0.8416128617099228, 0.27595663027201384
0.10901830282861896, 2.3730060403081223, 0.9165016586235146, 0.4028786391544916
0.1643261231281198, 2.567729205831315, 0.8241687005359067, 0.25601578002267356
0.12459234608985024, 2.4586544311859844, 0.885494958857231, 0.38520808340938206
0.1556073211314476, 2.426522472202282, 0.811050561737578, 0.2969819628666549
0.17657237936772047, 2.324945397507926, 0.8197784264503122, 0.25589479332587844
0.18801996672212978, 2.3397622320616307, 0.8243791836249987, 0.23815033519986115
0.1420299500831947, 2.2277817722406246, 0.865760883929159, 0.34586290190266095
0.17217970049916806, 2.347524166781573, 0.8180961813076546, 0.2715466886658261
0.14043261231281198, 2.451720016224809, 0.8693312549153432, 0.3282416073487597
0.1746422628951747, 2.425261803712702, 0.8099812119484618, 0.26565126865505445
0.14455906821963393, 2.536301226036719, 0.8378861043153302, 0.2690004534424338
0.16878535773710482, 2.3169217908560933, 0.8073382688448879, 0.253295655858925
0.1464226289517471, 2.2736174033763206, 0.8584888364855718, 0.32804461952832564
0.1962063227953411, 2.3095579681380616, 0.7788225598805121, 0.22360908458423825
0.16126455906821963, 2.272764621971054, 0.8299119985030837, 0.25641595209569085
0.13743760399334443, 2.4758259190814864, 0.8761926801514998, 0.26979780736390235
0.14828618968386023, 2.319412423981208, 0.8296042954101106, 0.28549932122603217
0.16785357737104825, 2.3556215018400932, 0.7949322329210862, 0.2427665081817539
0.1005657237936772, 2.325692311356746, 0.8981747799044776, 0.4676169001949772
0.10049916805324459, 2.4318639027536806, 0.8738773833168909, 0.4358237540686222
0.1400332778702163, 2.3837368448482774, 0.8494280579259533, 0.3403419130975424
0.10189683860232945, 2.409658034010457, 0.8689776495401514, 0.4635803438078267
0.10202995008319468, 2.5732674562911226, 0.893525580069951, 0.4685790926745336
0.13970049916805324, 2.434572036928821, 0.8474871112381677, 0.329857068660696
0.13597337770382695, 2.429081318802921, 0.8423848277836381, 0.30772369987836545
0.16019966722129783, 2.3150217438775567, 0.826277003833271, 0.2386114326913153
0.1372379367720466, 2.457274049633553, 0.8388572280836073, 0.3116764086768477
0.16073211314475874, 2.4537144354694895, 0.8022076665808783, 0.30165021599002007
0.1540099833610649, 2.278856972957808, 0.8158322340946194, 0.29826101731316795
0.1750415973377704, 2.315803657776107, 0.8414405502510085, 0.24119153386605852
0.18136439267886856, 2.444308589643329, 0.7870484799106756, 0.2345997642517844
0.1237936772046589, 2.487863917231758, 0.8768878784847003, 0.36070958919065055
0.15314475873544092, 2.305845498848279, 0.8391412398056582, 0.2669702786944919
0.17683860232945092, 2.272787422713345, 0.7898680977600779, 0.2599954438168642
0.17038269550748752, 2.3041550796400885, 0.811624670527295, 0.24029080602376102
0.10169717138103161, 2.3031238636518276, 0.8938741127796416, 0.46278824331378243
0.09757071547420965, 2.305628497065006, 0.8889160486026735, 0.4587614551268558
0.09757071547420965, 2.313968405620429, 0.8889160486026735, 0.4567365798155213
0.10202995008319468, 2.3964071886868723, 0.893525580069951, 0.4706537911373095
0.1113477537437604, 2.3159334934888385, 0.8742835388803516, 0.3495929386580637
0.10242928452579035, 2.4587545741933354, 0.8984275231768548, 0.38889449889364175
0.12073211314475873, 2.5759141255932523, 0.8721922626349924, 0.3706528723828565
0.1259234608985025, 2.3329016402239806, 0.8499154141120208, 0.3181828772919714
0.10049916805324459, 2.3419360770004958, 0.8738773833168909, 0.4353474322898117
0.09757071547420965, 2.5675218425217565, 0.8889160486026735, 0.45788679722700404
0.09743760399334443, 3.1042603474964516, 0.9298936465597277, 0.4639888930286294
0.10202995008319468, 2.576454268255567, 0.893525580069951, 0.46690027966506353
0.10209650582362728, 2.6455405509253707, 0.8939411945480654, 0.4596195923301518
0.10435940099833611, 2.6998648490445585, 0.8704569738648397, 0.4115991535509059
0.09950083194675541, 2.3348529413416856, 0.8820365691765703, 0.4682437214073232
0.10409317803660566, 2.3123452930799537, 0.9206243773953858, 0.3849349203352773
0.09757071547420965, 2.480064802447492, 0.8889160486026735, 0.45446941713341577
0.09950083194675541, 2.494021998578419, 0.8820365691765703, 0.46690599565730456
0.10049916805324459, 2.3382741826703266, 0.8738773833168909, 0.43591088749560897
0.10049916805324459, 2.3219253004727864, 0.8738773833168909, 0.4356530108525583
0.10049916805324459, 2.3176889368936346, 0.8738773833168909, 0.43753288740955476
0.10202995008319468, 2.321888950858854, 0.893525580069951, 0.466410780815868
0.09956738768718802, 2.4215748657204346, 0.9078238120092538, 0.47225365438690103
0.09963394342762064, 2.325025697436785, 0.9158021609020714, 0.47069269736286523
0.10189683860232945, 2.433285250393999, 0.8689776495401514, 0.4623578206473181
0.1005657237936772, 2.5877657018048987, 0.8981747799044776, 0.4634322268910649
0.09950083194675541, 2.37274139623277, 0.8820365691765703, 0.4675842717081401
0.09757071547420965, 2.4408260271116817, 0.8889160486026735, 0.45604963453439584
0.09950083194675541, 2.5920432115830914, 0.8820365691765703, 0.46772265082616094
0.10049916805324459, 2.7109797203203603, 0.8738773833168909, 0.4355069960797692
0.09757071547420965, 2.5632495058158073, 0.8889160486026735, 0.45467555267409643
0.09950083194675541, 2.3863610469878416, 0.8820365691765703, 0.4661796080116721
0.09757071547420965, 2.5133250394081714, 0.8889160486026735, 0.45788644577554477
0.09757071547420965, 2.4318505807010187, 0.8889160486026735, 0.456251248327886
0.10735440931780366, 2.648509822970817, 0.8857796300437806, 0.39092402132900983
0.09963394342762064, 2.717577210833348, 0.9158021609020714, 0.4743476819750132
0.09743760399334443, 2.4304333840432064, 0.9298936465597277, 0.46102252398183285
0.10402662229617304, 2.3338544057331942, 0.8921781786870302, 0.43300376089192466
0.10202995008319468, 2.3105095963390814, 0.893525580069951, 0.467556844740929
0.10202995008319468, 2.4711939669607483, 0.893525580069951, 0.46457539825898525
0.1420299500831947, 2.6228790631905174, 0.8318512574259487, 0.3017357271285601
0.09963394342762064, 2.4511576821284367, 0.9158021609020714, 0.4709647993591674
0.09743760399334443, 2.4971530322346234, 0.9298936465597277, 0.46119188993537275
0.10202995008319468, 2.689626621485947, 0.893525580069951, 0.4649477030852199
0.10202995008319468, 2.5334739944264415, 0.893525580069951, 0.46928335964910173
0.10202995008319468, 2.400047304435895, 0.893525580069951, 0.4713091343014601
0.09743760399334443, 2.697036177132173, 0.9298936465597277, 0.45967987008065797
0.10202995008319468, 2.6409964153016863, 0.893525580069951, 0.47061433199300196
0.09743760399334443, 2.4971038640477694, 0.9298936465597277, 0.4643543545660516
0.09950083194675541, 2.4751159921224026, 0.8820365691765703, 0.4673050298547116
0.09950083194675541, 2.4375469253781237, 0.8820365691765703, 0.4669367301932107
0.09763727121464226, 2.4806664272473378, 0.9296689251453777, 0.4595374760125703
0.09743760399334443, 2.8219759504489614, 0.9298936465597277, 0.46000537592172497
0.09757071547420965, 2.6121427174693532, 0.8889160486026735, 0.45882947014692976
0.09963394342762064, 2.3935758822134847, 0.9158021609020714, 0.47297656958596196
0.0881198003327787, 2.3021907557266923, 0.8981348609122733, 0.29784070724011336
0.10069883527454243, 2.420631148652507, 0.8736722209352579, 0.4305149279569396
0.10169717138103161, 2.514536605714363, 0.8726110317887831, 0.42244547843755337
0.14515806988352745, 2.54221380505903, 0.8563636391731905, 0.3160061570728209
0.10202995008319468, 2.346032904190152, 0.893525580069951, 0.4673003125543623
0.09963394342762064, 2.3090068120845344, 0.9158021609020714, 0.4726453139221974
0.1005657237936772, 2.543212346927497, 0.8981747799044776, 0.46550697377641087
0.10049916805324459, 2.505773104248745, 0.8738773833168909, 0.43541210114433593
0.10049916805324459, 2.5090333629566897, 0.8738773833168909, 0.4357284459916054
0.10049916805324459, 2.3807774141346556, 0.8738773833168909, 0.4355799496477824
0.10202995008319468, 2.5724639613219784, 0.893525580069951, 0.4678305817810299
0.10049916805324459, 2.6778971853272093, 0.8738773833168909, 0.4356151697320981
0.10189683860232945, 2.3741947793167166, 0.8689776495401514, 0.46440871071783313
0.10189683860232945, 2.374298075161837, 0.8689776495401514, 0.46204930430819924
0.09757071547420965, 2.445077269819136, 0.8889160486026735, 0.45867929577252653
0.09963394342762064, 2.323346267651004, 0.9158021609020714, 0.4711869924592882
0.09757071547420965, 2.3105522106253167, 0.8889160486026735, 0.4570854647630725
0.09950083194675541, 2.4870463316611167, 0.8820365691765703, 0.4672799369344211
0.09950083194675541, 2.543360381888074, 0.8820365691765703, 0.46629981100313234
0.1070216306156406, 2.41297378303604, 0.9017035308805653, 0.3910844937225848
0.10202995008319468, 2.51420868545126, 0.893525580069951, 0.46693420005364855
0.1314475873544093, 2.5222354093605586, 0.8548525830471074, 0.3195662596232999
0.10202995008319468, 2.3433478049628946, 0.893525580069951, 0.46735062791935766
0.09950083194675541, 2.455219528782189, 0.8820365691765703, 0.47199564778643754
0.10202995008319468, 2.440083670751029, 0.893525580069951, 0.46458864327453764
0.09743760399334443, 2.599369378026432, 0.9298936465597277, 0.46580623346042066
0.10202995008319468, 2.477775766012474, 0.893525580069951, 0.47156041084227074
0.13364392678868553, 2.4174645866054467, 0.8869994530787193, 0.3336583823726263
0.10049916805324459, 2.6207366196050024, 0.8738773833168909, 0.43429561708573866
0.09950083194675541, 2.527691762816291, 0.8820365691765703, 0.46436561866043485
0.09743760399334443, 2.4372415487540144, 0.9298936465597277, 0.4643940808029204
0.10322795341098169, 2.3277186833284857, 0.8929435900338493, 0.44834953348521295
0.09743760399334443, 2.6194746329740757, 0.9298936465597277, 0.4628091008042225
0.09950083194675541, 2.6722937544015006, 0.8820365691765703, 0.4683703233059359
0.10049916805324459, 2.526221018139019, 0.8738773833168909, 0.43322914464986284
0.1005657237936772, 2.3623596090405634, 0.8981747799044776, 0.4675482276056155
0.12299500831946755, 2.5704177522024576, 0.8751369332305453, 0.32851549701561084
0.09963394342762064, 2.524566890046918, 0.9158021609020714, 0.4762143298004309
0.10202995008319468, 2.665631914765585, 0.893525580069951, 0.47176366082351334
0.10049916805324459, 2.676322339307052, 0.8738773833168909, 0.4364076599847871
0.10189683860232945, 2.4715204947324043, 0.8689776495401514, 0.4658707304708417
0.1254575707154742, 2.4432070078270605, 0.8630713810436222, 0.33016920406284117
0.10189683860232945, 2.422456627257057, 0.8689776495401514, 0.46045606800469124
0.13324459234608985, 2.7492911658866235, 0.8769392997230675, 0.31443387457084165
0.10202995008319468, 2.6389309428019847, 0.893525580069951, 0.46726789986993084
0.1519467554076539, 2.54988490217339, 0.8437434885768977, 0.3043051242735591
0.10129783693843594, 2.3016085496956418, 0.9409723699182323, 0.47630039779801325
0.1097504159733777, 2.3269943603937717, 0.8932475661507114, 0.31814122518459736
0.12039933444259568, 2.312724521544928, 0.8821738271784684, 0.36438492915901044
0.11327787021630616, 2.625811179775168, 0.8593053548453268, 0.38830558035248663
0.15048252911813645, 2.3296791893709914, 0.8294926687242232, 0.3005673540178151
0.10202995008319468, 2.8326377499361404, 0.893525580069951, 0.46803783841113406
0.1643926788685524, 2.6621279847086368, 0.8513694863849488, 0.26610936279961817
0.11367720465890183, 2.3691029153528707, 0.8834663857760188, 0.39210010445860083
0.11873544093178037, 2.5713568026293534, 0.8782280977636711, 0.3687689606202142
0.09743760399334443, 2.5471613358419867, 0.9298936465597277, 0.46071911790615977
0.1464226289517471, 2.4803969364991403, 0.8865538722181552, 0.2788729659640169
0.13750415973377703, 2.2670655039741274, 0.8828965513421543, 0.34636979419512065
0.1080865224625624, 2.513867257311816, 0.8971504318710529, 0.40848295058058864
0.17311148086522463, 2.265732386203455, 0.8063815143109873, 0.2602128938463046
0.09963394342762064, 2.410301299595, 0.9158021609020714, 0.4764109952209701
0.09743760399334443, 2.4436444289910417, 0.9298936465597277, 0.45831267267200465
0.10895174708818636, 2.350624317115238, 0.9342520134562868, 0.4290235095192539
0.15494176372712146, 2.403959219475554, 0.8818760142844648, 0.2882266529067179
0.14655574043261232, 2.381425385665576, 0.8235009762962257, 0.30673850970562844
0.14762063227953412, 2.455294151782196, 0.8202112318067677, 0.3028431334781872
0.15780366056572379, 2.5015552522735467, 0.8057474928967914, 0.30388049651526194
0.15906821963394344, 2.537334171150766, 0.8393074153136894, 0.2502419828841704
0.11733777038269551, 2.419009463394343, 0.863106576056711, 0.3122665762781633
0.168585690515807, 2.3087746272983645, 0.8008191182255423, 0.2670596415514669
0.1005657237936772, 2.4124319774180205, 0.8981747799044776, 0.4662583450356896
0.10202995008319468, 2.459098292567369, 0.893525580069951, 0.4671079050920061
0.15846921797004992, 2.5608846445250233, 0.8098881915102425, 0.2774647763172454
0.10455906821963394, 2.7580513111485816, 0.8910602875098875, 0.44912153269762106
0.1701830282861897, 2.372601339805146, 0.8390705078441734, 0.24484868431373194
0.13071547420965057, 2.590664789517985, 0.8585791236304573, 0.3754587504079589
0.10628951747088186, 2.569610731740561, 0.9184531870613407, 0.42898409942933274
0.13371048252911813, 2.2425213322266564, 0.8742361960938411, 0.36454604365808685
0.15154742096505824, 2.2436664804404667, 0.8154525610097804, 0.30920411077702326
0.15234608985024958, 2.3345471440694494, 0.8330328279010121, 0.30337939561757316
0.12392678868552412, 2.2685511369911486, 0.9054875283056476, 0.3887817361596232
0.1826955074875208, 2.371110850261174, 0.8290226785757354, 0.2228205449326866
0.14023294509151416, 2.298161863027119, 0.8742657808375952, 0.3236279449785124
0.16139767054908485, 2.3288845758311165, 0.8454417449719435, 0.271070889403531
0.14196339434276206, 2.2745484338147866, 0.8340110185646299, 0.2403927429206418
0.13677204658901831, 2.313588678023581, 0.8527215454170326, 0.3434430358787243
0.14742096505823626, 2.4735198001179244, 0.8202934863940651, 0.3112994399172339
0.15174708818635607, 2.4082635289222347, 0.8185941075587873, 0.29851773876587157
0.14043261231281198, 2.276566567000454, 0.8261400865849636, 0.3065506624836903
0.1361730449251248, 2.3328352975845337, 0.9110031426095563, 0.3109572547418875
0.09996672212978369, 2.606894712337043, 0.8816379260691051, 0.45091133666558075
0.14396006655574042, 2.5222072522176084, 0.8406452161188712, 0.31180512613221034
0.16246256239600665, 2.291640504878293, 0.8411017850145305, 0.26063601884916854
0.13630615640599, 3.491527445486897, 0.8739396553536918, 0.32746243997804625
0.14302828618968386, 2.34916470844218, 0.8464752695326729, 0.3301934093913017
0.1631281198003328, 2.3250652830057255, 0.8120959253701524, 0.2391355943832419
0.14848585690515806, 2.278761839973748, 0.8348108910386969, 0.29379099993975405
0.17703826955074875, 2.257334822902267, 0.8133006130890799, 0.26227829870628133
0.17118136439267886, 2.3742696836189103, 0.8060128798232845, 0.2822372329903055
0.19327787021630616, 2.264491261666309, 0.8313058348347251, 0.21333255679334048
0.1723793677204659, 2.5210317047979194, 0.8675327502555329, 0.2631740071169383
0.1313810316139767, 2.373339871820713, 0.8599186951339709, 0.32039797303338674
0.15866888519134775, 2.4202484444175503, 0.8259907762421437, 0.27848043355836055
0.17610648918469218, 2.281736846858769, 0.8032669633773077, 0.26647288815522363
0.09743760399334443, 2.6846940947174036, 0.9298936465597277, 0.45854309807053995
0.13151414309484194, 2.29597723038145, 0.8860202065941386, 0.38345063203874746
0.17790349417637272, 2.3345621253091364, 0.8023460006935206, 0.22051930358787475
0.12632279534109817, 2.3221349828056805, 0.8525798312144957, 0.35387857181492144
0.12632279534109817, 2.6704112886866795, 0.8988911032700455, 0.3517501793960228
0.1189351081530782, 2.466299990592106, 0.854770761451834, 0.40002955382752986
0.1437603993344426, 2.2604306900322735, 0.8541645994101638, 0.3126485301214104
0.1589351081530782, 2.3367467418803947, 0.8275634001757107, 0.2855966521194749
0.15374376039933443, 2.6113119297218006, 0.8158987338383226, 0.2873171495670826
0.17916805324459234, 2.3735944013468635, 0.8148917898908304, 0.2522008333637824
0.1048252911813644, 2.272751686743611, 0.9377404827841715, 0.44395749632994774
0.1248585690515807, 2.2509583693772504, 0.9177342073214618, 0.34737307137541096
0.11966722129783694, 2.265198811945225, 0.8932532978515249, 0.3263571726960397
0.09963394342762064, 2.9110952841660347, 0.9158021609020714, 0.47132778157863875
0.14409317803660565, 2.507081548390095, 0.8543234445574406, 0.3213818626252219
0.13916805324459233, 2.400947193805866, 0.8406132602336397, 0.3160028681014832
0.1637271214642263, 2.270048956164901, 0.8193176166735626, 0.28952909545363475
0.12019966722129784, 2.3064635794888715, 0.8690861554110217, 0.3412604278506246
0.13843594009983362, 2.649554427854233, 0.8666894077477767, 0.31542070615751927
0.09750415973377703, 2.472076353439674, 0.9298094714755526, 0.46348349411426243
0.16086522462562397, 2.281688869360481, 0.8019294238917589, 0.2997934334749409
0.09843594009983361, 2.334379222135179, 0.8880240293421905, 0.45188712263064107
0.11993344425956738, 2.487235599571774, 0.8917583904398203, 0.3959665244087061
0.10256239600665558, 2.790806304605154, 0.8935924442756052, 0.46349550823664953
0.13537437603993344, 2.3132281874499583, 0.8767752251583166, 0.3340298584875914
0.09743760399334443, 2.8958257957583853, 0.9298936465597277, 0.46456060269902555
0.19041597337770383, 2.2819004999262322, 0.8186013869464968, 0.22366830224665765
0.21391014975041597, 2.2877068372018723, 0.7619612156634854, 0.1806410970984261
0.1437603993344426, 2.6812498262440307, 0.8259688400202125, 0.317573390731337
0.1799667221297837, 2.291688056206346, 0.8319341783980472, 0.23737826194760553
0.169783693843594, 2.4252734571368046, 0.8581026691842938, 0.2455643445974995
0.150216306156406, 2.3845557945857627, 0.8345715820314634, 0.3048087406655588
0.1767720465890183, 2.238169479449458, 0.788380867257052, 0.24651229664052562
0.13171381031613977, 2.3405544970396552, 0.8653577449767865, 0.3291042089336837
0.11534109816971713, 2.350242937670373, 0.9062968869262158, 0.40239616376625875
0.1621963394342762, 2.2786409418515476, 0.8850316471036882, 0.2571045549136255
0.10495840266222961, 2.3494057318454176, 0.8684860855360587, 0.39584479145373314
0.10242928452579035, 2.2988201861135575, 0.8936267997005259, 0.4536449042274305
0.11880199667221297, 2.3758293486117523, 0.8682261627345043, 0.34377579738669095
0.13131447587354408, 2.408304742822631, 0.8720338073303846, 0.3226744330352241
0.1729783693843594, 2.4426347479764714, 0.7996211469711962, 0.24027938238842295
0.12658901830282862, 2.3347627661747863, 0.8712783707525008, 0.3936245912894546
0.1578702163061564, 2.75436261815755, 0.8152152980168966, 0.2644159286736019
0.1021630615640599, 2.3031943095265928, 0.8789791850918554, 0.3228970775870923
0.10129783693843594, 2.3738094959322504, 0.9409723699182323, 0.4809604673243186
0.1420965058236273, 2.381176010645963, 0.8271965347683765, 0.3196444267695587
0.11780366056572379, 2.444733970938824, 0.9193496199885457, 0.34459118382326
0.09743760399334443, 2.5559205307778026, 0.9298936465597277, 0.46185394471594937
0.12692179700499168, 2.4622268175642423, 0.84015257111398, 0.3908494074589235
0.14282861896838603, 2.425753787662741, 0.8336629876949903, 0.30971086241400864
0.17058236272878535, 2.3680393310949923, 0.820452675844554, 0.2566021367006512
0.11467554076539102, 2.4553135607762266, 0.8780404114518725, 0.4386043601688263
0.19600665557404326, 2.198320644167616, 0.7940652876768471, 0.19578501575621907
0.1643926788685524, 2.635132195271192, 0.806455018712385, 0.2763884488968251
0.1719800332778702, 2.299984443881944, 0.824430856357361, 0.26678666345219937
0.14941763727121465, 2.6001122246645454, 0.8161685329790536, 0.299488172123733
0.09757071547420965, 2.5141828640606163, 0.8889160486026735, 0.45858798747043994
0.12825291181364393, 2.657525379015086, 0.8771999131388314, 0.32250495924986994
0.09757071547420965, 2.478595480522181, 0.8889160486026735, 0.45866534297141
0.17384359400998337, 2.385227656769078, 0.8732693240313464, 0.2625240776968835
0.16991680532445924, 2.2254276156703168, 0.7941612751517304, 0.28726966202698573
0.20625623960066555, 2.3018980234990303, 0.8175617294082775, 0.22319288122860906
0.10935108153078203, 2.2971715707985214, 0.8741650806990705, 0.3970730927655445
0.09950083194675541, 2.562818501602592, 0.8820365691765703, 0.4690518305369667
0.13477537437603992, 2.320782594371358, 0.9008344808206701, 0.3160492218565199
0.1518801996672213, 2.282899648623538, 0.837592933252594, 0.2755104315021235
0.13317803660565725, 2.2838550754870828, 0.8461028482505317, 0.3525145262471246
0.17251247920133111, 2.241467187503808, 0.8158524891728954, 0.23368250655014178
0.13876871880199668, 2.3253883919025617, 0.8447106960236993, 0.28902226759388067
0.1773710482529118, 2.335132106687384, 0.8153651561228085, 0.23876299162407738
0.12412645590682196, 2.4274941154248304, 0.8592815755580208, 0.3233175865971966
0.13950083194675542, 2.34575177446578, 0.8303733405544896, 0.2864688886951965
0.09963394342762064, 2.5418871872675, 0.9158021609020714, 0.470652650606666
0.12725457570715473, 2.350642047959834, 0.8656965466374023, 0.367770561676893
0.16226289517470882, 2.415733015818921, 0.814908337669902, 0.22381705481189174
0.17883527454242928, 2.2995947192631623, 0.8048275522270459, 0.22739134607330425
0.1464226289517471, 2.421493919867644, 0.8568990374493849, 0.32369686290516597
0.13883527454242928, 2.43535516003404, 0.8317343689422992, 0.32959058461620727
0.18402662229617303, 2.444357241608339, 0.7927510709547485, 0.24950482935542756
0.13950083194675542, 2.3275512910246254, 0.823637102763193, 0.35399038694775997
0.11753743760399335, 2.4277228425148123, 0.8644045771291922, 0.32797403601463226
0.10509151414309484, 2.5017369149488933, 0.8902241301089181, 0.4404424148930107
0.13264559068219633, 2.3456657752974857, 0.8783210996933282, 0.3274332051112417
0.1226622296173045, 2.335322830871417, 0.8706298163177234, 0.3868358265855019
0.13803660565723794, 2.354647641197814, 0.8900813754161871, 0.3467253953681512
0.1627287853577371, 2.235794825902993, 0.8494336925228995, 0.25097692293867285
0.13371048252911813, 2.6237515845195625, 0.8767500919632801, 0.3145385851426918
0.1021630615640599, 2.548967170060772, 0.8936491331432715, 0.4579706063388577
0.18608985024958402, 2.3407794069886805, 0.8104427471319812, 0.2340494276563086
0.14389351081530782, 2.4174705684601565, 0.8342229529784257, 0.3039188154557654
0.1329783693843594, 2.3068151663623118, 0.877690732889761, 0.31444325247159993
0.11547420965058236, 2.282036748821049, 0.9097739914189299, 0.39274401603645376
0.09990016638935108, 2.7705347505028355, 0.9265241853879742, 0.44377678319074326
0.10089850249584027, 2.3015704025087658, 0.884868015472845, 0.43013784022873003
0.1420299500831947, 2.7013183425865237, 0.8701371245426882, 0.31557781510024596
0.13950083194675542, 2.5704055246338866, 0.8494253052303355, 0.31809655043603124
0.14495840266222962, 2.260605376992567, 0.8573909920590097, 0.32537775477506853
0.16246256239600665, 2.325218284062657, 0.8008564354131542, 0.2999147298886676
0.17490848585690516, 2.238945798842165, 0.800266877007711, 0.2475759065549318
0.14123128119800332, 2.3365281537606593, 0.8577468693202974, 0.3004677813281037
0.162063227953411, 2.3489537601582025, 0.8097011332588067, 0.2795336271735086
0.18529118136439268, 2.3333917874544117, 0.8167913469746111, 0.24176384878005744
0.17657237936772047, 2.325514818082832, 0.8015226373929281, 0.23725619747720866
0.11174708818635608, 2.535625910620126, 0.8824690962555691, 0.4393475377977749
0.19108153078202994, 2.351058517755962, 0.8288786638623685, 0.25803757563270446
0.14455906821963393, 2.4671244628933224, 0.8719616154918091, 0.3646350360199168
0.09956738768718802, 2.5670390277793524, 0.8817761525099036, 0.46801224643205536
0.1286522462562396, 2.377716593290129, 0.8886503864104599, 0.36748475042144463
0.1400332778702163, 2.4238023135269344, 0.8660636070599423, 0.35383035459272444
0.09743760399334443, 2.6628965679381333, 0.9298936465597277, 0.45917965328182386
0.1497504159733777, 2.4043000234264302, 0.8444034950401917, 0.31115733129801876
0.15853577371048252, 2.6405942893385292, 0.8294757626214881, 0.3040227417660778
0.18409317803660566, 2.3981230374778963, 0.8037931343129217, 0.25941461130784865
0.15181364392678867, 2.275071319954566, 0.8353445736248858, 0.31942615948080466
0.15068219633943428, 2.302044113598727, 0.8506990065475402, 0.31723391466564177
0.15480865224625623, 2.3275616363836407, 0.8174574626973238, 0.2892170794889302
0.10455906821963394, 2.4349878482215614, 0.8917720605639438, 0.43344903119410105
0.16958402662229619, 2.271276929398345, 0.83145895000504, 0.26962763294312775
0.21178036605657238, 2.2209023867669004, 0.7678742316140585, 0.21172582886775493
0.18229617304492512, 2.3840536081136365, 0.7855184125729074, 0.2682861859744427
0.1810316139767055, 2.3329159526380643, 0.7974490065886142, 0.23832593784873948
0.12133111480865225, 2.570654384903424, 0.8995411133924647, 0.3960743435114196
0.19853577371048253, 2.2752401498867547, 0.7837363727693339, 0.20271470601773708
0.11627287853577371, 2.4300688798733043, 0.9087430239514424, 0.38474243506846706
0.16519134775374375, 2.2924628472050492, 0.8414586119067037, 0.29641419935385926
0.17970049916805325, 2.2900443026864785, 0.7962071208837449, 0.21743263425521922
0.13437603993344427, 2.505798736872173, 0.8713728686493061, 0.29251235911155393
0.09923460898502495, 2.418905077496305, 0.9273328632131501, 0.447610442898444
0.14149750415973378, 2.357608087328627, 0.8610444688838456, 0.31069105493361265
0.1896173044925125, 2.30728953101274, 0.7990745528627288, 0.21387342280990865
0.1957404326123128, 2.316952231640427, 0.7874791988926229, 0.21226415834419796
0.14143094841930118, 2.587033722198347, 0.8601426222462686, 0.3010551182289438
0.18016638935108154, 2.4732067936946467, 0.7937019860726601, 0.2598687530511424
0.1393677204658902, 2.5189265756162746, 0.8725908951322515, 0.3347716620878085
0.19141430948419302, 2.3187422557440454, 0.8139921518314481, 0.2535358107393673
0.20332778702163062, 2.3189979361615047, 0.8158487951530308, 0.23417442679910946
0.12006655574043261, 2.4756793416915044, 0.8666866131292861, 0.34611898873751745
0.21437603993344426, 2.3521015138832384, 0.7792451175277209, 0.2179781793311542
0.1291846921797005, 2.3717369982248138, 0.8913291616723742, 0.3664534752010314
0.17883527454242928, 2.3797923725575654, 0.7802378364418799, 0.2429689946268813
0.21118136439267887, 2.2181127477287252, 0.7509180651335111, 0.20079975555179397
0.1832279534109817, 2.2286182577637783, 0.809854922521702, 0.2200500613420119
0.18642262895174708, 2.372406387400508, 0.7833491490925687, 0.2209198742380544
0.1664559068219634, 2.342660106351094, 0.8029109762516717, 0.24816456393630923
0.09970049916805325, 2.3023484714654043, 0.9392835469885485, 0.3744951874301225
0.10049916805324459, 2.321016669090893, 0.8738773833168909, 0.43095889067108006
0.10189683860232945, 2.369036341617984, 0.8689776495401514, 0.46544598160655976
0.13444259567387687, 2.3604233560546266, 0.851143938836, 0.3219785239284621
0.10202995008319468, 2.503394466779395, 0.893525580069951, 0.4664879380270351
0.10209650582362728, 2.6778533272179907, 0.8929082961193336, 0.46338557068070063
0.1410981697171381, 2.33919233229315, 0.8493963706583769, 0.32600403527314936
0.10316139767054909, 2.468776899129896, 0.8920536745390955, 0.43030298173123677
0.10389351081530782, 2.6673379322812085, 0.9107530957289999, 0.4439105263628243
0.11780366056572379, 2.424960919862579, 0.8580882274610766, 0.3282019974905952
0.20645590682196338, 2.455627220537817, 0.7736113451959739, 0.18877329625858497
0.150216306156406, 2.3696879888175926, 0.8582499823979456, 0.2517531246262614
0.16965058236272879, 2.362864837987649, 0.8174307662070118, 0.2765610370799988
0.17424292845257902, 2.273660887688051, 0.7884466757760897, 0.2766340911561665
0.10222961730449251, 2.353851325063658, 0.8934507297705497, 0.4679258857444629
0.1572712146422629, 2.3995158370759047, 0.8414204404975332, 0.2606689247227986
0.14236272878535774, 2.260401471379196, 0.8648289384194537, 0.2638667933881657
0.14189683860232946, 2.404081623224966, 0.8807205025929072, 0.25946223569941096
0.10988352745424293, 2.4681070257224973, 0.8630225742570107, 0.37509739945788795
0.14901830282861897, 2.345448666809006, 0.8247318716358969, 0.2933029506584316
0.12998336106489183, 2.3255338074165257, 0.882060458948825, 0.27870537111206617
0.09743760399334443, 2.333763662328736, 0.9298936465597277, 0.4627730761877764
0.09743760399334443, 2.460011585294308, 0.9298936465597277, 0.4602247328021612
0.1280532445923461, 2.311429218246219, 0.8626523916207058, 0.35983841762506097
0.11846921797004992, 2.31697114182788, 0.8921953179496872, 0.40809050688609044
0.1037603993344426, 2.3414505481323267, 0.8680555701266512, 0.36287679304740833
0.10961730449251247, 2.337922311892327, 0.8847546206706506, 0.37475058392320004
0.10901830282861896, 2.522457202175096, 0.8867721077175348, 0.41213007441743693
0.10562396006655574, 2.371845833814878, 0.8896065499862064, 0.43186550513567734
0.13570715474209652, 2.351471843298977, 0.8374847269273066, 0.3058932372062099
0.10415973377703827, 2.5380421000907503, 0.8915900558758082, 0.4518782502180947
0.09743760399334443, 2.4835428266477666, 0.9298936465597277, 0.4618526605614734
0.09743760399334443, 2.3393141993667044, 0.9298936465597277, 0.465217939470231
0.10202995008319468, 2.513929222966986, 0.893525580069951, 0.46653201557932333
0.09743760399334443, 2.4383165257782387, 0.9298936465597277, 0.4642776689210474
0.09963394342762064, 2.5919697351661974, 0.9158021609020714, 0.473281020095886
0.09963394342762064, 2.475552808746522, 0.9158021609020714, 0.4747036843401865
0.10202995008319468, 2.883413199715924, 0.893525580069951, 0.46932026893041723
0.1151414309484193, 3.2981531656720673, 0.8813902504012253, 0.38179215261930566
0.12026622296173045, 2.3590406609374948, 0.8989540966814024, 0.3748886984918394
0.14302828618968386, 2.511586895417453, 0.8393944080839589, 0.2970198412791525
0.16392678868552413, 2.2831664519143384, 0.8192982939352159, 0.24546907185282285
0.17743760399334443, 2.3054426440938736, 0.7930998401321492, 0.24277010691841888
0.15660565723793676, 2.2965809282486926, 0.8086435010055874, 0.3026752292317809
0.15860232945091515, 2.2917812712378987, 0.8284290204902659, 0.247813034787222
0.10549084858569052, 2.528818762076278, 0.8924693619938953, 0.3959174214695865
0.10336106489184692, 2.3544944813009505, 0.8915884602249952, 0.43428311960850663
0.09963394342762064, 2.309622792729522, 0.9158021609020714, 0.4761395470589341
0.14256239600665557, 2.3982733188413343, 0.8579803027576332, 0.31590505433364297
0.10049916805324459, 2.450692898929615, 0.8738773833168909, 0.43494332075898956
0.10049916805324459, 2.5638012895092195, 0.8738773833168909, 0.4343116388263554
0.14389351081530782, 2.60233000975877, 0.8329694019343112, 0.32073991802172525
0.10202995008319468, 2.472557498889041, 0.893525580069951, 0.4675084298695718
0.12173044925124792, 2.8238004605028277, 0.8535329733454015, 0.34313376127597617
0.10249584026622297, 2.3938294527256945, 0.8709717849703474, 0.415153284776731
0.10941763727121465, 2.5093896753736424, 0.8636551037036219, 0.38015768690221546
0.16532445923460898, 2.481741984140456, 0.8071514543361208, 0.26396039215257594
0.10815307820299501, 2.447707131515922, 0.8650145942394302, 0.37452780653556916
0.13750415973377703, 2.4810964826656856, 0.9004271833310333, 0.3229419787542318
0.14076539101497504, 2.288283826364654, 0.8289640900169862, 0.32367315572750616
0.1237936772046589, 2.433789331599599, 0.91664996779505, 0.35348966539465226
0.10202995008319468, 2.519041441665116, 0.893525580069951, 0.4665156223759407
0.09743760399334443, 2.6256127643188503, 0.9298936465597277, 0.4664538530010445
0.1259900166389351, 2.3853487863397835, 0.8866225297921349, 0.3559191098186877
0.162063227953411, 2.500707048084494, 0.8167837752683023, 0.2560559790610625
0.13737104825291183, 2.2870159617041588, 0.8820563554267188, 0.3562065928111703
0.10083194675540766, 2.4525363602773123, 0.873654790036279, 0.43247213658433675
0.16, 2.456535893335517, 0.816670264137136, 0.2388535858210309
0.09757071547420965, 2.338931742904587, 0.8889160486026735, 0.4584545042441919
0.10129783693843594, 2.368758253868725, 0.9409723699182323, 0.4806272126545751
0.12692179700499168, 2.415572929715555, 0.9126914626246152, 0.338304403517111
0.12479201331114809, 2.3356254802726073, 0.8547099944429761, 0.3539432085598807
0.1287188019966722, 2.3111505255167577, 0.9112418837783818, 0.34125924004360964
0.1406322795341098, 2.3597521982177123, 0.893523556456307, 0.289526690919439
0.13264559068219633, 2.3634426437162124, 0.8740709718931619, 0.35481616204965405
0.15773710482529119, 2.318615192422851, 0.8528793574038501, 0.2804680473099912
0.18342762063227955, 2.3731894165743608, 0.7853376130850668, 0.22001836883955633
0.1617304492512479, 2.4161384815304925, 0.8647642788179908, 0.24793717452612793
0.15374376039933443, 2.3127802183465436, 0.8755051212192388, 0.2680256858279094
0.15613976705490848, 2.2868104163660186, 0.8233919715976736, 0.26076058026107046
0.1314475873544093, 2.356393564870076, 0.851774806589107, 0.32432118106316227
0.09963394342762064, 2.3622374106167556, 0.9158021609020714, 0.47329639861260275
0.10202995008319468, 2.437135154498794, 0.893525580069951, 0.46814248557240923
0.15054908485856905, 2.350118777049758, 0.8386833325357678, 0.30615713369632425
0.12579034941763728, 2.4130453833089693, 0.8967907685641493, 0.3115291351761881
0.11953410981697171, 2.8076282760267843, 0.92294346585708, 0.36851398089107346
0.14908485856905157, 2.748349243622651, 0.8212355074737979, 0.2814772556213677
0.11008319467554077, 2.4263990717680004, 0.8846265961932069, 0.44178369412810764
0.16838602329450916, 2.4208568536183996, 0.8638718744150368, 0.26522257851397246
0.17823627287853577, 2.3724668795812547, 0.8166194270094869, 0.2527112461795673
0.16399334442595673, 2.541236479790159, 0.8167770709359146, 0.2953636538857881
0.10202995008319468, 2.4677713377186143, 0.893525580069951, 0.46832659892402567
0.1739767054908486, 2.2975215997870473, 0.8113279046671755, 0.2341903077660531
0.16798668885191348, 2.330488620399437, 0.8598999211199195, 0.2546982340140963
0.14908485856905157, 2.316212752083574, 0.8290161870721532, 0.3153441590728171
0.19114808652246257, 2.2927531536406964, 0.7785552420958233, 0.21317126559443064
0.16505823627287852, 2.3086286215615552, 0.8160388940697025, 0.29103263497833054
0.1524792013311148, 2.3673938684217544, 0.8460200321565936, 0.29792317782884736
0.11680532445923461, 2.3027096531990168, 0.8790494842223258, 0.4194463513744441
0.12306156405990017, 2.4597152447105444, 0.8779244305105395, 0.3398552346052226
0.14635607321131447, 2.281258887760651, 0.8544295710467262, 0.3167601011582555
0.09643926788685524, 2.304673441920225, 0.9099009233653238, 0.34015678658412124
0.14349417637271214, 2.3028232183313606, 0.8333847524146377, 0.3234851361029608
0.10202995008319468, 2.41835723404083, 0.893525580069951, 0.46787003688283735
0.09743760399334443, 2.3099565414422365, 0.9298936465597277, 0.4657412173992706
0.09743760399334443, 2.4804201448062893, 0.9298936465597277, 0.46634601317795593
0.10049916805324459, 2.403433702162617, 0.8738773833168909, 0.43794321277027454
0.09950083194675541, 2.4660250479766415, 0.8820365691765703, 0.46921102058472786
0.10189683860232945, 2.5467234564858945, 0.8689776495401514, 0.4643582283490646
0.14562396006655573, 2.862051136767408, 0.8397324271128105, 0.3168164442078533
0.14009983361064893, 2.4302013382697463, 0.8564621483384897, 0.31197025956695507
0.11261231281198003, 2.6662569172489463, 0.9267507356019292, 0.4394906125560988
0.10202995008319468, 2.323748846300033, 0.893525580069951, 0.4668684075501834
0.11487520798668885, 2.337338166308284, 0.9282343073986681, 0.39009586947357633
0.10129783693843594, 2.5329050279734733, 0.9409723699182323, 0.4782721459670771
0.09950083194675541, 2.6425022950465986, 0.8820365691765703, 0.4700023024195158
0.09743760399334443, 2.459302879323975, 0.9298936465597277, 0.45898680948741727
0.09963394342762064, 2.5771282104168476, 0.9158021609020714, 0.47609140309981435
0.10049916805324459, 2.348553337757282, 0.8738773833168909, 0.43299684116712445
0.09950083194675541, 2.347630513345144, 0.8820365691765703, 0.4672947014465521
0.09950083194675541, 2.6256566653910176, 0.8820365691765703, 0.4655034965402192
0.10202995008319468, 2.891525594208284, 0.893525580069951, 0.4723551683399736
0.11121464226289518, 2.4592263520616857, 0.8837603711381661, 0.35837940536387247
0.10202995008319468, 2.3386887563921253, 0.893525580069951, 0.4653641799890745
0.14509151414309485, 2.392306652981509, 0.872375546350804, 0.29047392415397705
0.1556073211314476, 2.3151253821726847, 0.8306072699273014, 0.3008007344257723
0.10988352745424293, 2.306101984874579, 0.8601454657109653, 0.4285200738052095
0.09950083194675541, 2.4775805749591693, 0.8820365691765703, 0.46834422948014337
0.10136439267886856, 2.5236892033258016, 0.9409244771979259, 0.4790393103601242
0.12519134775374377, 2.408639254117766, 0.9151916155565468, 0.3492350830463046
0.11048252911813644, 2.5006976254966213, 0.9322525643287182, 0.41942060184426055
0.13284525790349416, 3.1413478562716834, 0.9024715005399035, 0.3209078985079444
0.135108153078203, 2.332982772789065, 0.8976215244926612, 0.31275262210352694
0.10069883527454243, 2.342782216524324, 0.898074396596457, 0.4623365087331918
0.09963394342762064, 2.5691410536694645, 0.9158021609020714, 0.4752642399774268
0.13098169717138103, 2.534245840301133, 0.8667866984977659, 0.3396304919346897
0.09743760399334443, 2.7464939730496654, 0.9298936465597277, 0.4642700611635078
0.13311148086522462, 2.393816828569041, 0.855559731089503, 0.3545071556650087
0.15341098169717138, 2.474843644917309, 0.826996001844593, 0.3079979869195201
0.13903494176372713, 2.5123307803863297, 0.8727106040636633, 0.32537196340550173
0.11600665557404326, 2.5636119430116726, 0.9091373364906071, 0.3892550836290395
0.10169717138103161, 2.426090334671706, 0.9405016532216021, 0.4764831832862663
0.12831946755407653, 2.3639901086931023, 0.8876591858038082, 0.3546427229011936
0.09743760399334443, 3.046972231793523, 0.9298936465597277, 0.4626799945280037
0.14622296173044924, 2.3563144085926937, 0.8369951812295039, 0.30807782202928036
0.10449251247920133, 2.354636498679734, 0.8822605843665495, 0.3299852619899629
0.16951747088186356, 2.386477653547849, 0.7966797212966968, 0.275734165563418
0.14455906821963393, 2.42714504549785, 0.8689580032596258, 0.2879619243130038
0.1740432612312812, 2.5397362801953283, 0.8388127056956484, 0.23979960439038542
0.13544093178036606, 2.295388484167775, 0.8529401651026585, 0.3480939154674003
0.10256239600665558, 2.3202718066693144, 0.8930585985488454, 0.46465344083417626
0.10848585690515807, 2.418903161872445, 0.915353120339886, 0.4230136149213167
0.09950083194675541, 2.6577905521932337, 0.8820365691765703, 0.4720899902841682
0.10655574043261232, 3.040037019191288, 0.8739804937762347, 0.409481641104574
0.12445923460898503, 2.3353830905841315, 0.9170010783504419, 0.3561304576690754
0.13550748752079866, 2.412677621524068, 0.899158240977974, 0.3159887041501058
0.19181364392678868, 2.4178672478083962, 0.8047640663157877, 0.2213765266847953
0.18509151414309485, 2.303497889117274, 0.8091832322248678, 0.23252714479159603
0.10076539101497504, 2.6057477009752628, 0.8733155202882344, 0.4299246255284601
0.16292845257903493, 2.519471416759015, 0.8119500048435334, 0.2320969230815848
0.15041597337770382, 2.3287378927237183, 0.8350944410100979, 0.3044612380916225
0.09950083194675541, 2.3259482445058333, 0.8820365691765703, 0.4734304485713995
0.09950083194675541, 2.3379676441821005, 0.8820365691765703, 0.47067148228173594
0.10202995008319468, 2.483119305675716, 0.893525580069951, 0.4742616818184657
0.10049916805324459, 3.022830022012136, 0.8738773833168909, 0.4366922789814996
0.1604658901830283, 2.3399296541658297, 0.8364162114351381, 0.26276335618255964
0.09963394342762064, 2.3391094996092123, 0.9158021609020714, 0.4757973028829577
0.10202995008319468, 2.56240733184751, 0.893525580069951, 0.46473072974563157
0.17537437603993344, 2.341566492015629, 0.8126020355448684, 0.23866681951457586
0.1053577371048253, 2.3259577471087263, 0.8908613824146897, 0.4515351086922379
0.13004991680532446, 2.3757512668682614, 0.8977985571412874, 0.3133812779446436
0.09963394342762064, 2.5968185348558346, 0.9158021609020714, 0.4724636139159112
0.1604658901830283, 2.316027616565914, 0.8213246736126856, 0.2975094584396188
0.12326123128119801, 2.322815623632485, 0.8656784816325468, 0.3291181922991152
0.10202995008319468, 2.458915365246092, 0.893525580069951, 0.4721887432479782
0.09956738768718802, 2.4151306510884036, 0.9078238120092538, 0.4668188826383094
0.09956738768718802, 2.3708266224916685, 0.8819696347722864, 0.4650128999657754
0.09950083194675541, 2.5307384552931826, 0.8820365691765703, 0.47075968162999315
0.1405657237936772, 2.4227711050680987, 0.8444829184382555, 0.32804207927819795
0.13990016638935107, 2.5617377350929376, 0.8556578429390117, 0.32618179945691295
0.14795341098169718, 2.383410304239308, 0.840271394631376, 0.26843044768726365
0.10129783693843594, 2.324279746660179, 0.9250400893477286, 0.4422960982508372
0.11627287853577371, 2.5018572535014987, 0.9025674179456965, 0.3173526395333491
0.11687188019966722, 2.4946959183973796, 0.9264392926391314, 0.3765099639290195
0.11767054908485856, 2.3761554078135436, 0.8923333499097429, 0.3719290475125296
0.15820299500831947, 2.4276758258711677, 0.8272687732452737, 0.298069703327183
0.11846921797004992, 2.4313567578495046, 0.9248415870046126, 0.3734272603420889
0.10455906821963394, 2.681747057957578, 0.8801042924717702, 0.40617339581100875
0.12685524126455908, 2.556600157286284, 0.8647539635638765, 0.336472726076981
0.10202995008319468, 2.799034244157312, 0.893525580069951, 0.4714351936467074
0.18282861896838604, 2.306748011219323, 0.8085812467797837, 0.2112776085816708
0.1600665557404326, 2.4121753620982367, 0.8132055120156046, 0.24390488919076994
0.10695507487520799, 2.331424027798378, 0.9184816209564023, 0.4302852585512162
0.138369384359401, 2.359028913185323, 0.8753380066057328, 0.2683337890305838
0.13437603993344427, 2.5551144496692397, 0.8772358325127372, 0.33287889385803543
0.13337770382695507, 2.321653795305782, 0.8798900595236495, 0.34101769492313017
0.09963394342762064, 2.3574650155684713, 0.9158021609020714, 0.4723087821501885
0.10202995008319468, 2.51083871021842, 0.893525580069951, 0.4688902030467244
0.1280532445923461, 2.7437694611406562, 0.8809014623361944, 0.31866827931892977
0.10748752079866888, 2.8326045138090103, 0.8976641638422677, 0.40314922442578377
0.15507487520798668, 2.336334993327517, 0.8239703425063055, 0.30617361947231686
0.11600665557404326, 2.3099300873101054, 0.8609860386589688, 0.3908332141413562
0.11713810316139767, 2.3008427309236192, 0.8704165857167675, 0.22205303294433054
0.09963394342762064, 2.3278212265563685, 0.9158021609020714, 0.4698007799839321
0.10202995008319468, 2.4052940167999903, 0.893525580069951, 0.46671767963411337
0.10389351081530782, 2.4147767657646524, 0.8920064714783955, 0.4429809827410372
0.10202995008319468, 2.7888966548740366, 0.893525580069951, 0.47144209328927317
0.12838602329450916, 2.540920975307458, 0.8602890336903957, 0.3357711145157673
0.09950083194675541, 2.7757284544509977, 0.8820365691765703, 0.471540755666316
0.18249584026622295, 2.3175879510428863, 0.7976210452051081, 0.23705589998432824
0.1566722129783694, 2.3020665594662684, 0.8219236454264351, 0.2791348789816724
0.15507487520798668, 2.3422907642278816, 0.8752620118403294, 0.28862299128145585
0.1443594009983361, 2.6142389016381515, 0.8805600813283049, 0.31187438538452705
0.17391014975041597, 2.2864127001865535, 0.838042814137239, 0.24656829729826044
0.16059900166389351, 2.3829926004425657, 0.8038431228098225, 0.2982365541551617
0.09743760399334443, 2.755077418654215, 0.9298936465597277, 0.4610196352077191
0.1584026622296173, 2.3984693771432126, 0.8506389001676106, 0.24613031604909044
0.09996672212978369, 2.3782989318438257, 0.88125636984817, 0.46061456606354945
0.10995008319467554, 2.290650600918914, 0.887698237641894, 0.3994953779849181
0.09757071547420965, 2.3748129938604827, 0.8889160486026735, 0.46254968692470144
0.1400332778702163, 2.3923004122066023, 0.8647199015982501, 0.34001697099130185
0.09950083194675541, 2.367896675079714, 0.8820365691765703, 0.46716496169455657
0.13204658901830282, 2.6722331541588225, 0.8501949656570872, 0.3210328823299721
0.09790349417637272, 2.5611121986154313, 0.9295554378167249, 0.4565978493175024
0.10988352745424293, 2.5259317268389037, 0.8853767421803656, 0.4071256924538437
0.13863560732113145, 2.4688252560667903, 0.8403510321768165, 0.2931278622618925
0.16718801996672214, 2.38842569895473, 0.8291801649618675, 0.26160608144742165
0.09963394342762064, 2.673132004960008, 0.9158021609020714, 0.47429344204450385
0.1671214642262895, 2.3364781231094716, 0.7938730513277094, 0.24548741935078258
0.15014975041597337, 2.5014998335052847, 0.8115311619805095, 0.3185144738665737
0.16153078202995008, 2.4405389019891546, 0.8200096846824482, 0.2972977895367078
0.10316139767054909, 2.598037386337255, 0.871152452137571, 0.3821708081390184
0.10349417637271215, 2.801977860062769, 0.9033710410520404, 0.34699300034372593
0.14009983361064893, 2.329052378746515, 0.8757289905644321, 0.31144603083566064
0.18615640599001665, 2.343398587929826, 0.8060855419076555, 0.20570766494094003
0.10815307820299501, 2.517297129317647, 0.900228743374596, 0.3193998559722564
0.16765391014975042, 2.321582942469148, 0.8122058046747396, 0.2529542759880422
0.1647920133111481, 2.304198495576068, 0.7983512971298126, 0.2672018390933809
0.14801996672212978, 2.4230312826708826, 0.8304516075945751, 0.30007172595425974
0.14049916805324458, 2.477036738800328, 0.8294562118421112, 0.3293587862740502
0.09763727121464226, 2.3466137804961242, 0.9296074139098298, 0.46087460664071644
0.18289517470881864, 2.3257198616906924, 0.8406931750745302, 0.23712432625391228
0.16612312811980035, 2.2880893202351653, 0.8227068262851164, 0.2247840179635174
0.1621963394342762, 2.3439232344873338, 0.8461693182679155, 0.260587679231382
0.10775374376039934, 2.5685459085808025, 0.8975030875572553, 0.42202152060948145
0.16332778702163062, 2.7100861266845473, 0.8782331238158725, 0.27265780717141386
0.14828618968386023, 2.311441650890471, 0.8599925335608816, 0.32112341437783043
0.10202995008319468, 2.4348887395819094, 0.893525580069951, 0.47046496073149846
0.09743760399334443, 2.3951807992509915, 0.9298936465597277, 0.4587553976282649
0.18329450915141432, 2.2329840115897865, 0.7757446820185544, 0.22923876901912027
0.16452579034941764, 2.2761781828812078, 0.8176445564330805, 0.2933483009518074
0.1842262895174709, 2.302671048073919, 0.8165525389188413, 0.22998344798251857
0.1804991680532446, 2.2653947392636646, 0.8131490938293063, 0.2324138457343383
0.1260565723793677, 2.4091585947709553, 0.8453845085649409, 0.3282814348038832
0.09990016638935108, 2.469692829186825, 0.9155486207471087, 0.4764441617852056
0.14449251247920133, 2.2572623785799633, 0.8759188549794863, 0.343968013084789
0.10202995008319468, 2.3431037133148624, 0.893525580069951, 0.4669340173092114
0.10662229617304493, 2.5282880443066804, 0.8881639653032375, 0.45608644584960584
0.10642262895174709, 2.572239214473477, 0.8742945492308427, 0.36964866493834897
0.153477537437604, 2.3173518521456473, 0.8130630934764159, 0.30926136048784714
0.10695507487520799, 2.362388627493441, 0.9346116091994331, 0.46032326471555046
0.09963394342762064, 2.402596474003276, 0.9158021609020714, 0.4703101999968887
0.10316139767054909, 2.5720837323042796, 0.8924495862918627, 0.46412105288236866
0.14116472545757072, 2.3747161110546346, 0.8542735259148341, 0.3136995993699516
0.126522462562396, 2.4762071952922966, 0.8474644376199968, 0.3615679484016093
0.16638935108153077, 2.298307810345426, 0.8169038751566506, 0.28734249855385596
0.1178702163061564, 2.2968609202999044, 0.8822657724893299, 0.35663245061356513
0.09743760399334443, 2.417045493157652, 0.9298936465597277, 0.4615009525899014
0.12665557404326122, 2.291307417842592, 0.9023847870814393, 0.3657491336469837
0.10049916805324459, 2.3182699249350094, 0.8738773833168909, 0.43509440279433054
0.10202995008319468, 2.707027162224203, 0.893525580069951, 0.46609326703400994
0.10875207986688852, 2.4052381978058777, 0.8769972830555157, 0.4082729958878166
0.1345757071547421, 2.3998825354504705, 0.8428127766823448, 0.3326723185309479
0.14801996672212978, 2.5670583891273537, 0.8522319674392794, 0.2962429485182531
0.14955074875207985, 2.365115253239027, 0.812520654742017, 0.3270473800328402
0.10129783693843594, 2.329984273973995, 0.9409723699182323, 0.4765158917100289
0.11680532445923461, 2.4390667641976114, 0.8651600085676384, 0.33536645180683633
0.1405657237936772, 2.4171972323098716, 0.8351108048100675, 0.311099691484841
0.11886855241264559, 2.361794520916042, 0.8670256449191421, 0.37006944828292737
0.10202995008319468, 2.4533641866994977, 0.893525580069951, 0.47149002480909796
0.13763727121464225, 2.3880132136686076, 0.8615904326300943, 0.3034025260804759
0.14615640599001664, 2.3452841231588915, 0.8387306845137882, 0.30900471475635843
0.15061564059900168, 2.3419499108477955, 0.8169720536273571, 0.30999580685611794
0.12425956738768719, 2.6804945608938793, 0.9012663560823749, 0.37280567956856697
0.1447587354409318, 2.363348127649152, 0.8842417368865992, 0.3041055156394283
0.1540099833610649, 2.391186472798346, 0.8303743973439282, 0.27892174405060405
0.1562063227953411, 2.4019941923622286, 0.8238100861867353, 0.27914014108978796
0.1416971713810316, 2.492239895715888, 0.8743919054531131, 0.3105134569725383
0.14582362728785359, 2.3681612141556827, 0.8352004198739975, 0.3068913764834614
0.10089850249584027, 2.6250299404702844, 0.9255009959981227, 0.4394783662203438
0.10256239600665558, 2.791264192173366, 0.9223967643028617, 0.4297637497494188
0.09757071547420965, 2.863078886659292, 0.8889160486026735, 0.4553372828291985
0.16026622296173046, 2.5632025648710535, 0.8190174731306393, 0.24630227127835924
0.15474209650582363, 2.4764135467430917, 0.8281653226277206, 0.24771606432877932
0.16399334442595673, 2.302929544155292, 0.8370154803513414, 0.2873532372959584
0.098369384359401, 2.454882272468034, 0.9290299556369627, 0.4533622751661994
0.09963394342762064, 2.3949747962602563, 0.9158021609020714, 0.47064234814867173
0.1037603993344426, 2.560571676526411, 0.891906168659897, 0.45466166508732175
0.15048252911813645, 2.3222197349694325, 0.8368922090715221, 0.30020770200662045
0.10202995008319468, 2.3801023808176227, 0.893525580069951, 0.4656275112071246
0.13916805324459233, 2.4532005490558517, 0.8661106369522957, 0.3167868546006518
0.1584026622296173, 2.3216880301350167, 0.8046574976109075, 0.30534824148658546
0.1508818635607321, 2.2987926225773307, 0.8365014458088251, 0.2990057956919889
0.09397670549084859, 2.3031521373025194, 0.9304269126847637, 0.3348240344634467
0.10202995008319468, 2.379389698906072, 0.893525580069951, 0.4646743929836326
0.1270549084858569, 2.4976397306470823, 0.8781114975184673, 0.32408445268194913
0.10202995008319468, 2.400547446339777, 0.893525580069951, 0.4686701717438744
0.12106489184692179, 2.6785938214859035, 0.8575309385809677, 0.3581497229787473
0.14449251247920133, 2.3974700079979794, 0.824218781012915, 0.325236110712734
0.14888519134775374, 2.3036697002258553, 0.8333402121556804, 0.30502006273621496
0.10189683860232945, 2.300520467528091, 0.8689776495401514, 0.46110923544835725
0.1421630615640599, 2.4582291244072048, 0.875783296008733, 0.31229877252312066
0.09743760399334443, 2.451055301104528, 0.9298936465597277, 0.461550806759375
0.1010981697171381, 2.3622755511866234, 0.8733905555852742, 0.42507205647665686
0.1005657237936772, 2.4884322755308994, 0.8981747799044776, 0.46482743871164994
0.10049916805324459, 2.69995667157673, 0.8738773833168909, 0.4374403835905731
0.17164725457570715, 2.498036796606321, 0.8055971871542336, 0.2459384051560581
0.1005657237936772, 2.7598014657231613, 0.8738167772562846, 0.4334841599506691
0.09963394342762064, 2.5007774803206053, 0.9158021609020714, 0.4701283659269534
0.09950083194675541, 2.342128337425321, 0.8820365691765703, 0.4704176005493654
0.10129783693843594, 2.4658004959966497, 0.9409723699182323, 0.4795190782316893
0.10202995008319468, 2.4511537696914547, 0.893525580069951, 0.46778129775903243
0.1021630615640599, 2.5412874028210632, 0.8933397789695157, 0.46771538944106816
0.12019966722129784, 2.4210883062016744, 0.9035235356178215, 0.38081609691146256
0.10242928452579035, 2.432766799672868, 0.893740781448409, 0.4555216126918205
0.09757071547420965, 2.7093762460207187, 0.8889160486026735, 0.45774318333525293
0.12292845257903494, 2.381755815298109, 0.8478853083733727, 0.3206072142785826
0.12139767054908486, 2.3025158018121705, 0.8711932706137163, 0.35918678484207384
0.09963394342762064, 2.331703106178817, 0.9158021609020714, 0.47150086651208967
0.09950083194675541, 2.34650423995667, 0.8820365691765703, 0.46735513760273817
0.13131447587354408, 2.6518545349108398, 0.8675458802608138, 0.3153814971249849
0.1399667221297837, 2.4823500757407824, 0.8618718265993245, 0.3217334863299686
0.10202995008319468, 2.3015598963897754, 0.893525580069951, 0.47254824459412503
0.10209650582362728, 2.35395840669432, 0.8929082961193336, 0.46830682549825353
0.10202995008319468, 2.58251734020706, 0.893525580069951, 0.4718033034085856
0.1324459234608985, 2.3888866933054613, 0.8984022911930302, 0.3120837772775878
0.10202995008319468, 2.6312090122759244, 0.893525580069951, 0.4715938740117266
0.10202995008319468, 2.7809816180410083, 0.893525580069951, 0.4692459668040279
0.12632279534109817, 2.4461921158646187, 0.8444885885864238, 0.34266663339261605
0.11061564059900167, 2.387080780757644, 0.869890534235047, 0.3406420687074141
0.14356073211314477, 2.5308628710653145, 0.8404146425923619, 0.31144308493106015
0.10249584026622297, 2.333377096157106, 0.9397785103783857, 0.47325896930401473
0.14662229617304492, 2.6229985945633367, 0.8207039626223583, 0.31023247005238924
0.1352412645590682, 2.5140102385919225, 0.8694772013835438, 0.3438197440336477
0.15780366056572379, 2.2738758413248172, 0.8366015908064465, 0.2495445998223598
0.09863560732113144, 2.3122850682612466, 0.9291781346076201, 0.4527687043210855
0.10049916805324459, 2.4885635552668135, 0.8738773833168909, 0.4369184468209936
0.13397670549084859, 2.535071901727635, 0.9034703734094951, 0.3180340979923086
0.1373044925124792, 2.294295816810278, 0.8495333140281206, 0.3049782009070134
0.10202995008319468, 2.356713773026046, 0.893525580069951, 0.46760124071919135
0.09963394342762064, 2.4290309566983366, 0.9158021609020714, 0.4716655275505642
0.14402662229617305, 2.546360889988612, 0.8329154104528903, 0.3204054424071483
0.10202995008319468, 2.3223336015485487, 0.893525580069951, 0.4705566002447544
0.1329118136439268, 2.3861779185975847, 0.883860035501841, 0.3272480182982187
0.09743760399334443, 2.3084499146259962, 0.9298936465597277, 0.4604602969137578
0.09757071547420965, 2.3740898352097752, 0.8889160486026735, 0.45566334797825264
0.09743760399334443, 2.4063185025213563, 0.9298936465597277, 0.4612049699753756
0.14828618968386023, 2.408745143838016, 0.8752746965656943, 0.27857681541650386
0.1416971713810316, 2.3021287866916116, 0.8295348836590535, 0.2679372625693906
0.10202995008319468, 2.521693730100419, 0.893525580069951, 0.4677124005214686
0.16352745424292844, 2.653082476725396, 0.8219185745439402, 0.28279186263472844
0.13484193011647255, 2.35437829306439, 0.8707877653965335, 0.3451423527478394
0.10202995008319468, 2.9407048031415, 0.893525580069951, 0.4691144369420954
0.15314475873544092, 2.4485525787213875, 0.8703653010716111, 0.27953257313663704
0.13011647254575706, 2.4225992246158112, 0.8820245684482619, 0.3384833094456182
0.14016638935108153, 2.4863365769902006, 0.8926489778308314, 0.2902395738241846
0.10083194675540766, 2.284287003185507, 0.9145304148290383, 0.4601287473118311
0.09757071547420965, 2.3603893495280412, 0.8889160486026735, 0.4567692625292444
0.09757071547420965, 2.296517578980292, 0.8889160486026735, 0.4632878180823452
0.1253910149750416, 2.5881184017003673, 0.8920751460472086, 0.3599201219399627
0.13151414309484194, 2.277244970905602, 0.8365404787738956, 0.3052248467586315
0.1032945091514143, 2.3964735587385055, 0.891944258420906, 0.43082313042533343
0.1108153078202995, 2.914159608038015, 0.8893561680092297, 0.3553935638794279
0.10821963394342762, 2.33284666546966, 0.8795591790045639, 0.35085807002353453
0.15334442595673878, 2.5175652165420837, 0.815825040351396, 0.29148045325535554
0.10475873544093178, 2.3924183368206817, 0.9212528733276819, 0.4190251244627002
0.10129783693843594, 2.5424532298121396, 0.9409723699182323, 0.47821989806914206
0.13810316139767054, 2.474544771364247, 0.8605948650023252, 0.30954683382775167
0.15660565723793676, 2.314054459398876, 0.8100057811805581, 0.28849826922205396
0.1314475873544093, 2.3354137518005245, 0.9083395423141606, 0.2976021816646363
0.10202995008319468, 2.421272991889725, 0.893525580069951, 0.46773556078767214
0.16153078202995008, 2.492464080777224, 0.835468923620624, 0.26880443275109134
0.14136439267886855, 2.285148047742352, 0.8791868028938428, 0.32127983537379023
0.12452579034941763, 2.3219871012422684, 0.893103861093764, 0.29138740098815846
0.171846921797005, 2.3089799719840634, 0.7924334026899249, 0.2607215316657971
0.1226622296173045, 2.3684298801104755, 0.8700431147946319, 0.3877835221379434
0.10442595673876871, 2.5983402159844777, 0.8910611909656517, 0.4483852182793975
0.10189683860232945, 2.4632716671281965, 0.8689776495401514, 0.46236654367001506
0.09757071547420965, 2.313208578255728, 0.8889160486026735, 0.458609520473832
0.09950083194675541, 2.3062065602459647, 0.8820365691765703, 0.4680387337368469
0.09950083194675541, 2.3989593739596855, 0.8820365691765703, 0.46902807226046694
0.1777703826955075, 2.5826262446766886, 0.8345038199060778, 0.2436090838852817
0.1270549084858569, 2.4845833096607355, 0.9131453253108587, 0.34759236285761863
0.14076539101497504, 2.4254679468189817, 0.8794591995949929, 0.32127369085952484
0.10928452579034942, 2.349858423961379, 0.9340279967870215, 0.4208663078371462
0.1464226289517471, 2.3003687510990263, 0.8396172125642075, 0.25808189571900164
0.10049916805324459, 2.539534279375822, 0.8738773833168909, 0.4370489146319869
0.12099833610648919, 2.3318505399675415, 0.8515510658070796, 0.33063266166515687
0.09950083194675541, 2.7148953431299243, 0.8820365691765703, 0.46724779611307243
0.11820299500831946, 2.2989443432511187, 0.8647735975216914, 0.32457460952249634
0.10129783693843594, 2.4790045012372506, 0.9409723699182323, 0.4778904303707404
0.10202995008319468, 2.614484579098998, 0.893525580069951, 0.469460778786312
0.13284525790349416, 2.4212996106695215, 0.9045499150919295, 0.33081474246851755
0.10742096505823627, 2.3409310359129694, 0.9330487565150549, 0.41872853510313135
