acuracia,loss,frr,fpr
0.09491773796043429, 2.3040617249803335
0.12009591687204423, 2.322695872503047, 0.9370663077294946, 0.4344176355298863
0.14947045893558916, 2.370349739239931, 0.8670587927198087, 0.3484261073593682
0.16112702324651967, 2.4880969087502502, 0.8577684879538253, 0.2986668726759407
0.15566509025511224, 2.5574474574358197, 0.8862198404832735, 0.32882498836095614
0.1795776993272497, 2.352594621913752, 0.8560924385284325, 0.27339428898312435
0.1151668553919936, 2.655380067065103, 0.8784618946871365, 0.4394699192595753
0.11137014587357623, 2.779127659966323, 0.8919654391445733, 0.442824883979607
0.10870578831679212, 2.4186814994836787, 0.8826799389072415, 0.4443879436313332
0.12202757610071271, 2.5709901507607644, 0.8847625316474549, 0.43688902158668486
0.1376806767468194, 2.5375752331041235, 0.8535044433787842, 0.3759727313572235
0.1683207886498368, 2.2712541644168094, 0.8469771843604956, 0.32868913648107545
0.10157863185239459, 3.07893635997891, 0.9016058341091657, 0.5332384598344151
0.1819756211283554, 2.197510504027016, 0.8746990541237203, 0.2820060543594764
0.17744621328182242, 2.642976815446597, 0.833652426070374, 0.2854523168955031
0.16352494504762538, 2.3173853020867177, 0.84609536802336, 0.32904163074188747
0.15333377739292614, 3.1209052029761626, 0.8435338552568771, 0.347746817868282
0.14427496169986012, 2.672467414006588, 0.8588332452962429, 0.3643291241939032
0.115100246453074, 2.7618129129775206, 0.8553123746399105, 0.37430466813206115
0.16712182774928394, 2.350405922571585, 0.8495027110446356, 0.31628051779787564
0.1899686937987078, 2.3028877935919003, 0.7893334272617676, 0.23910230545022593
0.09904749217344967, 2.971751245148994, 0.914077851202163, 0.5138085037786625
0.13548258176247252, 2.4150709398882397, 0.8820490531493436, 0.3648352281403508
0.10544195030973157, 2.2738550157000064, 0.8945729674586499, 0.4659728766173277
0.14693931925664425, 2.338458181308936, 0.8153323712260908, 0.33447110395159935
0.10157863185239459, 2.3064421644012625, 0.9016058341091657, 0.5330460129898777
0.10277759275294744, 2.5012967531569736, 0.9013240411878229, 0.4135859998527529
0.09891427429561048, 3.0881934736035914, 0.9141962503280728, 0.5158607326291709
0.12009591687204423, 2.756825360968835, 0.8835184093853131, 0.411634537289995
0.13195230799973356, 2.689370240836746, 0.8742113380711934, 0.3739565745165259
0.15819622993405716, 2.3081421998771083, 0.8409305729279415, 0.3347847099314535
0.11689868780390328, 3.116387862795271, 0.8978200392038221, 0.426020158595884
0.13361753147272365, 2.3932075171993756, 0.8388340094146673, 0.3408686071603463
0.1324851795110904, 2.992549442084841, 0.8515499243349863, 0.3832296624358905
0.1436088723106641, 2.688784255826131, 0.8280757189013446, 0.32889063465024765
0.17324985012988742, 2.5822141900383673, 0.8772414886781522, 0.28801149068056875
0.15413308465996137, 2.496940605491767, 0.8207241911343948, 0.30373604452322045
0.15939519083461, 2.5959035259159293, 0.898197868745122, 0.35115198192845326
0.15633117964430826, 2.2010406156069973, 0.8656031174811221, 0.33334297811425245
0.18876973289815493, 2.3250256275690777, 0.7693227199466092, 0.2719936510357195
0.10224472124159062, 2.946193863500215, 0.9005740021517257, 0.5345957397211312
0.12555784986345167, 3.161998623277237, 0.8716403007245248, 0.4425366759147359
0.1216945314061147, 3.095885612363859, 0.8852378930543271, 0.3259162580620777
0.17065210151202292, 2.2403643289587767, 0.8797199032328782, 0.3242071468303069
0.10577499500432958, 2.278780388870206, 0.9067185993760006, 0.4382138963161104
0.09904749217344967, 2.817988612285296, 0.8706596434256051, 0.46475709398774756
0.16758809032172117, 2.4386132486511465, 0.8469063651337319, 0.3255055271676292
0.17324985012988742, 2.522013337533701, 0.8724810259920769, 0.2902515606946065
0.10477586092053554, 2.3026103352369653, 0.8958138602094214, 0.4682018157093591
0.11203623526277226, 2.2879610161376984, 0.8832282473231899, 0.4278582595101253
0.10084593352427895, 2.3856167915397344, 0.9041746762090488, 0.5263522453054997
0.1351495370678745, 2.405912181216729, 0.8813711187819617, 0.36875192724770084
0.12922134150402984, 2.921486186431725, 0.9081013294447267, 0.2985330769806256
0.1264903750083261, 2.3104430845860024, 0.8642104852521545, 0.3884331458274125
0.10877239725571172, 2.3115836346815644, 0.8881105889893892, 0.4383309561622557
0.15666422433890628, 2.4908635928519187, 0.8134101295105541, 0.3223333187882333
0.13401718510624125, 3.4204324609250443, 0.9235819917190009, 0.385466297878723
0.1796443082661693, 2.5571267331519167, 0.832329000325774, 0.29495455244860136
0.16425764337574103, 2.447097590351092, 0.8299878994361721, 0.3229139669655664
0.1683207886498368, 2.433966089127137, 0.8850715611829101, 0.33380411810807553
0.17225071604609338, 2.6244299169273733, 0.8812611449509958, 0.3285153131358995
0.14127755944847797, 2.1981579845547, 0.8724908258946069, 0.3765256437792923
0.1989609005528542, 2.224152073237323, 0.7885061035699173, 0.26634938920498963
0.1659894757876507, 2.338365539028017, 0.8518257314794594, 0.3352660961929711
0.18457336974621993, 2.7680118003398455, 0.8175298574567554, 0.2543869173708675
0.1372144141743822, 3.31600212966277, 0.8597664180620888, 0.3770629575931428
0.1351495370678745, 2.7143481513617447, 0.8700688839852498, 0.382506564740548
0.16279224671950976, 2.282816136819505, 0.8416664503181319, 0.3372915398826523
0.1597948444681276, 2.6881277175442904, 0.8447257575422714, 0.35290844853652964
0.1195630453606874, 2.398685386725113, 0.8739194680729538, 0.425928546710027
0.10990474921734497, 2.4760796342843823, 0.8615019885952062, 0.3737925668838826
0.15832944781189637, 2.417229214674118, 0.8168101243895686, 0.315834942148122
0.15586491707187106, 2.2599021994296584, 0.9021544357213873, 0.36022397827081537
0.17218410710717377, 3.054140244343053, 0.8796874028870857, 0.3296870808646625
0.16718843668820355, 2.85990913779542, 0.8469808984226634, 0.3278646285016834
0.12449210684073803, 2.5598534386182448, 0.8822632009939223, 0.4131359776823462
0.16279224671950976, 2.467972782334219, 0.8528113763968829, 0.3244310608216022
0.1616598947578765, 2.765281615422106, 0.8189120241211814, 0.29199682162398016
0.18044361553320457, 2.165312176489031, 0.8399655400386455, 0.2466029161360095
0.18470658762405914, 2.3268078044468803, 0.7997673746795086, 0.29597667904153946
0.15246786118697128, 2.3002124569333944, 0.839295898018614, 0.35327162387450134
0.11370145873576235, 2.5294898111418593, 0.8762326469085366, 0.41152976542200453
0.1661893026044095, 2.3712795357522167, 0.8531336760936016, 0.33226656198415183
0.16119363218543928, 2.209456731197495, 0.8108105279628983, 0.32003113105051684
0.16718843668820355, 2.318794306063171, 0.833948576844883, 0.33098354222440496
0.12482515153533605, 2.6140245558169317, 0.8822568358670624, 0.407626175030979
0.10657430227136482, 2.9994778002451064, 0.897401528325515, 0.4488338285879022
0.13794711250249783, 3.056223849706962, 0.8580009455139308, 0.3765906118771645
0.17811230267101846, 2.65086473854395, 0.8301091874249625, 0.30911929269047556
0.1238926263904616, 2.5355090859140694, 0.8762816500182868, 0.38333600230517073
0.18017717977752615, 2.499695927708644, 0.8740831918339982, 0.31707838872156746
0.18470658762405914, 2.159142365011282, 0.8782636503907206, 0.29528308024330535
0.17837873842669685, 2.2079522855863227, 0.8281692684509754, 0.3134644798763987
0.16872044228335442, 2.3771061933724287, 0.8446111165273494, 0.3295961235530055
0.18910277759275296, 2.219173522187067, 0.8458865407530383, 0.29666052957385497
0.16205954839139414, 2.2939937808190782, 0.8499781656886582, 0.303848230662349
0.13128621861053755, 2.389176496379199, 0.824286201728019, 0.38425026130779855
0.10803969892759609, 2.2986121405086517, 0.8952917573291963, 0.44952518167244915
0.17378272164124425, 2.393662256061582, 0.8831491874672673, 0.3385901573447385
0.1724505428628522, 2.304510300500733, 0.8252373237134225, 0.31971521647837065
0.1880370345700393, 2.366946134109576, 0.7973490084886843, 0.29673867756627387
0.0730033970558849, 2.3041612966813547, 0.905797398214, 0.36491915297023564
0.1521348164923733, 2.3481945597195635, 0.8600760599381992, 0.27537812479504936
0.10111236927995737, 3.001689249302127, 0.8894438494953487, 0.5021358013840209
0.09904749217344967, 3.4709383131268576, 0.8706596434256051, 0.4652316926406724
0.10111236927995737, 2.7348280676056143, 0.8894438494953487, 0.5036477569876396
0.09918071005128888, 2.439897464298832, 0.8557496808175534, 0.5019851230841305
0.16272563778059015, 2.480363858212226, 0.842338810429664, 0.3120296311376466
0.10084593352427895, 2.7516412818518403, 0.8985425361310357, 0.5066857291644864
0.15166855391993606, 2.612798347627506, 0.8147113331276182, 0.3240730537691955
0.10157863185239459, 2.381835852894992, 0.9016058341091657, 0.5289181811389254
0.1414773862652368, 2.347005077446356, 0.8754167368378409, 0.3495924394528011
0.09904749217344967, 2.3266389324863104, 0.8706596434256051, 0.46902590486434886
0.0995137547458869, 2.3936306345528706, 0.9588163645115877, 0.4483077653038907
0.10084593352427895, 2.897996457330726, 0.8985425361310357, 0.5040037705643801
0.10111236927995737, 3.160814412967962, 0.8894438494953487, 0.5040550882657705
0.1330180510224472, 3.049477214078904, 0.8932401207340961, 0.35397958995844714
0.14467461533337775, 2.361819827555816, 0.861382281536381, 0.33462739091490523
0.10157863185239459, 2.8865938247469005, 0.9016058341091657, 0.5308864458578494
0.10157863185239459, 2.5668075211335726, 0.9016058341091657, 0.5299966977892586
0.09904749217344967, 2.290140214373236, 0.8706596434256051, 0.463810250839236
0.09904749217344967, 2.3076749099275222, 0.8706596434256051, 0.4665482036044767
0.10157863185239459, 2.9001098429426984, 0.9016058341091657, 0.534729535438569
0.145806967295011, 2.5056227655943726, 0.8730159092010507, 0.35533660426986813
0.10084593352427895, 2.337836519799829, 0.9041746762090488, 0.5268085735959513
0.10157863185239459, 2.7895172170181546, 0.9016058341091657, 0.5368623418024083
0.10084593352427895, 2.705123062002931, 0.9041746762090488, 0.5237302984459723
0.10597482182108839, 2.366320178668043, 0.8659813524320494, 0.4177263402620276
0.09904749217344967, 2.3603739517085884, 0.8706596434256051, 0.46167317161493193
0.10111236927995737, 2.965906514398407, 0.8894438494953487, 0.509358191158742
0.10584160394324918, 2.544453845552622, 0.8948874713656908, 0.4834781314596316
0.10111236927995737, 3.188049744787091, 0.8894438494953487, 0.5032255780813719
0.1375474588689802, 2.5763692210756517, 0.868663426792254, 0.3583718208380644
0.10157863185239459, 2.315985120399672, 0.9016058341091657, 0.5322446066052542
0.10084593352427895, 2.330844021737595, 0.8985425361310357, 0.5073212128151079
0.10084593352427895, 2.4443195086844254, 0.9041746762090488, 0.5268639580611282
0.10724039166056085, 2.465663576963017, 0.8865396478583781, 0.44461326446410876
0.16512355958169586, 2.4234436789637583, 0.8797436408580316, 0.2676794380359421
0.10084593352427895, 2.764887512083542, 0.8985425361310357, 0.5073034869683959
0.14221008459335244, 2.4439199077275497, 0.9122314856361433, 0.3529599203109277
0.12562445880237127, 2.4505541908473405, 0.8950557873819198, 0.3694917216196182
0.14740558182908145, 3.1474574449925785, 0.8532070486145233, 0.3294466068249964
0.10084593352427895, 2.4315415109044776, 0.8985425361310357, 0.5072272730903095
0.09904749217344967, 2.9178847469504077, 0.8706596434256051, 0.46491539103713564
0.12748950909212017, 2.280923269229036, 0.8935164403191653, 0.3372621093625183
0.12629054819156732, 2.425685547570643, 0.8295445905334983, 0.34220932565279694
0.10317724638646507, 2.683950641062658, 0.900402053637762, 0.5035694742620449
0.10650769333244521, 2.348124662802156, 0.892900918459558, 0.459817982336377
0.09904749217344967, 2.348260555548107, 0.8706596434256051, 0.4647376340081101
0.10111236927995737, 2.777801265176923, 0.8894438494953487, 0.5078254604715841
0.15233464330913207, 2.5926075138274225, 0.8952471892612938, 0.328664618981113
0.18916938653167256, 2.292714740556188, 0.8205857641852761, 0.19981415417773635
0.11296876040764671, 2.524637482679717, 0.876772923312716, 0.4149803316028248
0.14727236395124227, 2.4259127700605947, 0.8610616680810959, 0.29003471298128786
0.14061147005928196, 2.869075045240701, 0.8786435950056705, 0.35953656462916495
0.15946179977352962, 2.509003677351013, 0.8407768423802031, 0.3024317242354693
0.15826283887297676, 2.7084574468216984, 0.8548584898322394, 0.27303931816960414
0.1017118497302338, 2.285743601522431, 0.9032431045615557, 0.5110476067183024
0.13375074935056286, 2.806650840028379, 0.8558154899892416, 0.3567696927373028
0.10111236927995737, 3.391032114254756, 0.8894438494953487, 0.5037645132159252
0.1020448944248318, 2.943496697594401, 0.9037534307127293, 0.5011726062341035
0.0995803636848065, 3.193072043852081, 0.8688932727169139, 0.45582900234431206
0.11416772130819956, 2.5719909499870393, 0.8888945927430474, 0.4608833538701299
0.10497568773729435, 2.283440841901456, 0.9003518797233699, 0.508989697852846
0.14960367681342837, 2.2946259430959826, 0.82766205328443, 0.3336837704117662
0.1459401851728502, 2.711160926821865, 0.9082243721111871, 0.3451747788983912
0.10084593352427895, 3.9299972654709068, 0.9041746762090488, 0.5294000610174826
0.1041097715313395, 2.6798021128674234, 0.8992455545583727, 0.5201267794117144
0.1639912076200626, 2.6630677814559234, 0.8585516799183763, 0.2271848009764832
0.10930526876706854, 2.6356639901782417, 0.9070537652909378, 0.4430936018862691
0.13554919070139212, 2.319609268361323, 0.8997347481458304, 0.3390123328831457
0.10344368214214347, 2.278207123879072, 0.9032751846093335, 0.497434799171012
0.10111236927995737, 2.4950782360055817, 0.8894438494953487, 0.5040044944977711
0.10084593352427895, 2.3261757939468337, 0.9041746762090488, 0.5255815889342186
0.10084593352427895, 2.307947837964196, 0.8985425361310357, 0.5091553079391
0.09911410111236928, 2.762551993570345, 0.9140545977542238, 0.5014158468080376
0.11270232465196829, 2.5879338492736075, 0.8823592323350654, 0.34996522030513155
0.1504029840804636, 2.6468166863903217, 0.9025955336166789, 0.34060134589019087
0.14927063211883035, 2.9794765001752586, 0.9043703924972915, 0.3439433286084306
0.15320055951508693, 2.76802139601272, 0.8901775330715335, 0.32555528429980557
0.15479917404915738, 2.299996095677803, 0.8581347324908624, 0.2959346076276039
0.11216945314061147, 2.735935069127808, 0.9115171220096332, 0.4233289065490734
0.15373343102644374, 2.505289542328023, 0.8982112352734699, 0.3332347988509517
0.10084593352427895, 2.433679885885856, 0.8985425361310357, 0.5047002732364596
0.10084593352427895, 2.7812300133632086, 0.8985425361310357, 0.506277894942094
0.10084593352427895, 2.3838507510721185, 0.8985425361310357, 0.5093427895857332
0.10917205088922934, 2.69851732856705, 0.8873505744412933, 0.45803104378888004
0.11463398388063678, 2.7647826747470905, 0.8506142290261562, 0.3959114609162573
0.13215213481649238, 2.29862810273813, 0.8561017187865921, 0.3063018758216735
0.11796443082661694, 2.8659473677538445, 0.8751460743490581, 0.3725142393836782
0.10157863185239459, 2.4235649085859547, 0.9016058341091657, 0.5347951032095637
0.10111236927995737, 2.6811024502712795, 0.8894438494953487, 0.5063025405669561
0.10084593352427895, 2.309597012427029, 0.8985425361310357, 0.5087520056876605
0.10084593352427895, 2.5865345368146784, 0.8985425361310357, 0.504441794241993
0.13601545327382936, 2.4252898524351125, 0.8455205485795807, 0.32792255335812104
0.10111236927995737, 2.7981638582670847, 0.8894438494953487, 0.507157601724477
0.15200159861453408, 2.6715396596551186, 0.8283231747559066, 0.3135391600518632
0.1439419170052621, 2.6584481729273555, 0.8910655692387162, 0.3336165483030784
0.12855525211483382, 3.0840853596245004, 0.8843643685030951, 0.3798406985129528
0.12735629121428096, 2.4350298093080376, 0.9290936167081802, 0.3937247042435324
0.15326716845400654, 2.59148170629936, 0.8612199441372818, 0.3267909575057447
0.13561579964031173, 2.2712105584638485, 0.8693678213261962, 0.3492326918507442
0.07060547525477918, 2.3042666118991275, 0.9515966886953853, 0.29219780866370654
0.10044627989076134, 2.54600918503817, 0.9154883477018453, 0.503051089921438
0.12449210684073803, 2.6838847598935525, 0.9061238803745642, 0.33501763287473346
0.10317724638646507, 2.473869247113508, 0.9106792522747377, 0.4025104990501095
0.14673949243988543, 2.8872924241522266, 0.8581983348096976, 0.34328186226292795
0.10117897821887697, 2.7288835972184255, 0.8894040405781511, 0.4986702574967672
0.14660627456204622, 2.609361293020028, 0.812915637128793, 0.3216428656087964
0.15613135282754945, 2.433564126654325, 0.8998067311311614, 0.350805995803039
0.21388130287084528, 2.6989241362030945, 0.7782733735494736, 0.22162759619533468
0.16032771597948445, 2.7768028845303, 0.8304132638210794, 0.31880038677164796
0.20542196762805567, 2.924330570871203, 0.7912674531541926, 0.2628466963253037
0.15333377739292614, 2.7392905318450382, 0.8464856468182325, 0.346474575730827
0.1747818557250383, 2.30827526450316, 0.8155250420190084, 0.26263937026888695
0.23872643708785718, 2.4507278930868543, 0.738006916810343, 0.20022720542267378
0.1305535202824219, 2.9829609248704534, 0.8583528959044763, 0.39058393958343884
0.14187703989875441, 2.3431618393265508, 0.8593039447264015, 0.39035198538426946
0.13315126890028642, 2.5738042924434796, 0.8738104115068583, 0.4088721845223173
0.14480783321121696, 2.9214265198795877, 0.8717849476756507, 0.35409165972407364
0.21081729168054353, 2.3876512111174244, 0.8059495948626413, 0.26200521992953246
0.2081529341237594, 2.789641209559605, 0.8475613037647051, 0.2509009950497588
0.20415639778858322, 2.126546956526799, 0.801972194313856, 0.27524272452781084
0.207553453673483, 2.1478476324413647, 0.8249882998121306, 0.2912545146619041
0.13901285552521148, 2.4765011844839555, 0.8752933331629305, 0.35536287685128787
0.2057550123226537, 2.251476066499057, 0.7403052384537671, 0.23922208303815434
0.20442283354426163, 2.3110781493188854, 0.8497325706577327, 0.3026651324840082
0.17318324119096784, 2.5747302529067526, 0.8208810274236107, 0.32191488500412146
0.22207420235795644, 2.331046714800104, 0.7381559456651126, 0.2676845464525776
0.21721174981682542, 2.0672760637891305, 0.7728175425033075, 0.2701524630290761
0.2454539399187371, 2.05224922425439, 0.7703354417378994, 0.21406012076839992
0.27309664957037233, 1.9561877354531876, 0.750436489021413, 0.19328250635095498
0.2477186438420036, 2.151913167745389, 0.758305160202667, 0.22448529346188204
0.19316592286684872, 2.4811014856177662, 0.8286199408526549, 0.310661310855037
0.24945047625391328, 2.0720012511846853, 0.7464178635834571, 0.2323195192656254
0.24891760474255645, 1.9169404039311153, 0.7816314143127346, 0.2584646324141805
0.21194964364217678, 2.390002245739403, 0.7900893979515928, 0.26239788702527556
0.1859721574635316, 2.1143082659122094, 0.8626608133116298, 0.2982534653491388
0.1506028108972224, 2.6112133342159076, 0.8587796045527265, 0.32969322991027905
0.21414773862652367, 2.07400730744571, 0.8397544821573524, 0.27738581437050075
0.22473855991474057, 2.23452501978522, 0.7312874697937187, 0.24040422857396776
0.24685272763604876, 2.0699314477322526, 0.7417316306276267, 0.23233189617917355
0.2010923865982815, 2.2452627748423666, 0.8031334442955723, 0.30000363072084213
0.2208752414574036, 1.993689480075939, 0.8000454357863294, 0.2747181919585906
0.17364950376340504, 2.2425935595745266, 0.8476726803178023, 0.34646571798663295
0.17784586691534005, 2.305983457190997, 0.8242839413319659, 0.32732745840740074
0.1879038166922001, 2.2829661165374446, 0.8283449241736968, 0.3096640038760434
0.16985279424498767, 2.353548181308687, 0.8229063502866525, 0.3425870600169779
0.15772996736161993, 2.1097520887871566, 0.8049855708601754, 0.34070933886216254
0.12675681076400452, 2.288672978231037, 0.8606429071879746, 0.38871493206451063
0.18184240325051623, 2.3032655519218865, 0.8357173056910566, 0.3286350073593081
0.16485712382601744, 2.625852074828685, 0.8789732489010774, 0.3421758821750559
0.18463997868513954, 2.2624503929213393, 0.8762047255152323, 0.33550773551624136
0.1747152467861187, 2.2158492282206663, 0.8187091190192822, 0.34064387999963747
0.21075068274162392, 2.1431149630688546, 0.7923678106111399, 0.3092042534544946
0.13321787783920602, 2.6267786482921616, 0.8909503295567662, 0.38403598005359674
0.2477852527809232, 2.0587231447478644, 0.7391294515654231, 0.22958529422654106
0.1637913808033038, 2.90637286152813, 0.8323777587462287, 0.3433281418968414
0.1613934590021981, 2.6212223174887543, 0.8286236128269335, 0.35816105993517333
0.21894358222873508, 2.2115868812202732, 0.7472141762047063, 0.23809869607243014
0.17571438086991273, 2.7351389216166195, 0.8282233785402265, 0.3291156176901665
0.14747219076800105, 2.6778250816287152, 0.8612180382471614, 0.39703451008471274
0.23313128621861054, 2.460815469282326, 0.763562037559481, 0.25790453851189266
0.19323253180576833, 2.2086028638562887, 0.7832079012831275, 0.26793935438825406
0.2947445547192433, 1.940068902772756, 0.7252428227268934, 0.17707459822647256
0.2192766269233331, 2.0226776079112616, 0.8277786016392419, 0.2727400995748198
0.21940984480117232, 2.0718202849481946, 0.749397858587114, 0.23243325094881925
0.20295743688803036, 2.2111386906288373, 0.8181784858276584, 0.2786279258664308
0.22300672750283088, 2.403897526750461, 0.725113206501405, 0.25249865511040104
0.2549124092453207, 2.0470765418051275, 0.7320057509820952, 0.19826328815239908
0.22067541464064477, 2.1596495518636427, 0.7597536855818974, 0.22544131705597845
0.1749150736028775, 2.2860050749542125, 0.7943358979852883, 0.31228845246765163
0.10084593352427895, 2.6333526723398992, 0.9121531552712853, 0.4865400892354753
0.1704522746952641, 2.3590819576468194, 0.8692868238495605, 0.3101204771652214
0.16778791713848, 2.2426409472760453, 0.8380905139705488, 0.3410065582201463
0.14127755944847797, 2.4806730779063924, 0.8642060738542293, 0.35695850314715677
0.1637913808033038, 2.647091372511908, 0.8522698395718177, 0.33109547541925327
0.16319190035302739, 2.694037461720721, 0.8316139701036267, 0.3297845446082549
0.2146140011989609, 2.151920022434376, 0.8462202601920554, 0.24773593544782901
0.198827682675015, 2.240631272662117, 0.8041590456697509, 0.297032146563142
0.1481382801571971, 2.7777655182827767, 0.8545663434530836, 0.3817801105479283
0.18217544794511423, 2.6400499836931473, 0.7973841235067027, 0.2629460063596899
0.1992939452474522, 2.1809295235551716, 0.7759821070830577, 0.2940146887001101
0.1573303137281023, 2.249809722527827, 0.8030708132353135, 0.3171514703939607
0.17191767135149538, 2.3654409244568226, 0.8355756481461191, 0.32306266401695094
0.16872044228335442, 2.3418208229814135, 0.8382500481243564, 0.328130081805468
0.1790448278158929, 2.788671666003795, 0.8366907899623401, 0.33120686643115943
0.15333377739292614, 2.375372800377282, 0.8606736273052377, 0.31004020692867573
0.17231732498501298, 3.297860108256888, 0.8769109582628435, 0.3340609962388285
0.15713048691134351, 2.401555288396193, 0.8387090359372273, 0.32559600186182636
0.16998601212282688, 2.216960746419507, 0.8314469780150905, 0.3289315215614361
0.177179777526144, 2.9813149160423436, 0.8771248280045597, 0.3341235576932979
0.21075068274162392, 2.123031900199497, 0.7796275711085908, 0.23194090998211042
0.16698860987144476, 2.3522623504319022, 0.8784679547229086, 0.34044815017564706
0.1790448278158929, 2.5357435743741887, 0.8791051594037473, 0.34458590776797837
0.18297475521214948, 2.4797828602618526, 0.833297817167759, 0.3309198099225359
0.16505695064277626, 2.5477843313132835, 0.8417299484503824, 0.3584187432253537
0.18264171051755146, 2.3138466967277345, 0.8753550857886838, 0.3359112837884918
0.10430959834809832, 2.251156829480668, 0.8987594905464682, 0.4808834499314205
0.16905348697795244, 2.567491091632481, 0.8904643072052346, 0.3587888908058114
0.10477586092053554, 2.246117107437666, 0.8939857182698109, 0.43846766560280565
0.16445747019249984, 2.6100493420657616, 0.8462235853492407, 0.3642020960885988
0.1789782188769733, 2.416035985471025, 0.8771540763906414, 0.33513981731360026
0.09798174915073603, 2.302908727840509, 0.9140302482035819, 0.2917486157061233
0.15866249250649436, 2.5904913138463463, 0.8878408264774013, 0.32577657073873334
0.10157863185239459, 2.5866090640041564, 0.9016058341091657, 0.5339160271021146
0.10157863185239459, 2.3159688524646285, 0.9016058341091657, 0.5384531558794854
0.12002930793312462, 2.4552199951314293, 0.878739309687482, 0.38301921606126454
0.09904749217344967, 2.307669943927218, 0.8706596434256051, 0.465130437249394
0.09891427429561048, 2.4657394079986408, 0.9141962503280728, 0.5115030628240637
0.09891427429561048, 2.306872699235779, 0.9141962503280728, 0.5163988714934729
0.09904749217344967, 2.7480743629803928, 0.8706596434256051, 0.46245850886236317
0.10157863185239459, 2.3829195712937636, 0.9016058341091657, 0.5342104845664271
0.12209418503963232, 2.6605715245050154, 0.9348819553627324, 0.407840173408586
0.10111236927995737, 3.2689984485309496, 0.8894438494953487, 0.5078149863324348
0.09904749217344967, 3.295457773738878, 0.8706596434256051, 0.46770161622650547
0.12555784986345167, 2.410465306931759, 0.873434232740433, 0.38264103884347117
0.10444281622593753, 2.3878831379197467, 0.8859286859321726, 0.4591620153666218
0.1462066209285286, 2.573324062318763, 0.8699418019080521, 0.29330337690070574
0.1638579897422234, 2.2870586400567863, 0.8800892478076004, 0.3080285623392347
0.1375474588689802, 2.332200921606924, 0.9190639446566691, 0.3692011378841621
0.14680610137880504, 2.3050133937570676, 0.881115097964239, 0.3067854432863815
0.101845067608073, 2.5036068082070164, 0.9000713589885315, 0.5248272654673395
0.150336375141544, 2.6822538566583005, 0.832236552888045, 0.32628865431807175
0.10111236927995737, 2.328461326511332, 0.8894438494953487, 0.49997134450144187
0.09904749217344967, 2.5677563589100263, 0.8706596434256051, 0.4612252988993949
0.10750682741623926, 2.3052723654533125, 0.8977604630468589, 0.5041410374909805
0.10091254246319856, 2.7559086934783146, 0.9139132239719702, 0.4773767853863167
0.12549124092453207, 3.3889246119106504, 0.9316147855400958, 0.392835295384416
0.10137880503563579, 2.5519579034304862, 0.8892401621820456, 0.4883382324220197
0.14187703989875441, 2.5432999135492995, 0.8488390181417106, 0.3397592854192127
0.1486045427296343, 2.7548562596133777, 0.8906002234790549, 0.3270006245368905
0.14454139745553854, 2.382929902482317, 0.8685665340553521, 0.33875866248484293
0.10024645307400253, 2.6622410999349357, 0.8546087453826271, 0.49197790341668257
0.1436088723106641, 2.3916223903868934, 0.8699616633825595, 0.34302612863085513
0.14560714047825218, 2.6118630105591722, 0.8442359049065565, 0.34324765308427374
0.13148604542729633, 2.4812136286462576, 0.8687666054259605, 0.3319825865515488
0.17558116299207355, 2.3017698599235654, 0.7907099583296474, 0.2486893812915306
0.14760540864584026, 2.594594403919735, 0.8865893406486416, 0.3252744464512475
0.12788916272563777, 2.864151619819911, 0.8679462997298513, 0.38897906457709774
0.15180177179777526, 2.5894933255112784, 0.82168407936376, 0.2678110296441913
0.13681476054086458, 2.2534458826933808, 0.8916627961447817, 0.34860091174066865
0.14787184440151868, 2.3715908340218936, 0.836223373191501, 0.34985920535947357
0.12788916272563777, 2.5326368628975584, 0.8677046446388381, 0.33933234146430985
0.13388396722840204, 2.282223354473443, 0.8632858979201063, 0.3600177470499081
0.1017784586691534, 2.301492224120446, 0.8977247215431543, 0.4803861059592463
0.10111236927995737, 2.994166511154696, 0.8894438494953487, 0.5033646879300109
0.10157863185239459, 3.0092861016983115, 0.9016058341091657, 0.5383156301625124
0.16099380536868046, 2.4690007610958817, 0.8674994271136869, 0.3036645934249055
0.15579830813295145, 2.3704249610837675, 0.8092736244910197, 0.30802106565500054
0.16432425231466063, 2.4214103324523037, 0.8653998229974095, 0.27387129138559335
0.1593285818956904, 2.4508037496072053, 0.832109206960524, 0.2716604998847024
0.1814427496169986, 2.4663260668637252, 0.7837920906757545, 0.2798291965290278
0.15939519083461, 2.235019426695838, 0.818708868361497, 0.31244743208473225
0.09904749217344967, 2.322686672949151, 0.8706596434256051, 0.45946452073943445
0.10157863185239459, 2.76517681374998, 0.9016058341091657, 0.5296421779618009
0.16052754279624326, 2.553772326512427, 0.8273578127083464, 0.2642392663007694
0.10084593352427895, 2.5719471690553593, 0.8985425361310357, 0.5093225238885065
0.12049557050556185, 2.3001099945281926, 0.8700190669020609, 0.44219881982993703
0.1486711516685539, 2.9544760790606817, 0.8343048939061399, 0.33118617616691653
0.10217811230267101, 2.9310397398128014, 0.9003317732495153, 0.49141013723572585
0.10331046426430426, 2.3531949654065705, 0.8951737428302382, 0.5009512439097737
0.10877239725571172, 2.4939451393213705, 0.8942787556498534, 0.5119645069977194
0.1148338106973956, 2.4598226661463927, 0.8567476068314281, 0.3349355269543792
0.11663225204822487, 2.4021565167041414, 0.8962119987549448, 0.43402267420598983
0.17558116299207355, 2.4106046502518557, 0.8031764651068745, 0.2557377071589523
0.16991940318390727, 2.261265533853243, 0.8051462241028169, 0.3085262067075109
0.150336375141544, 2.3432203633458264, 0.8721618923843509, 0.35273135312872705
0.09918071005128888, 2.7843394921858686, 0.8557496808175534, 0.49612136911201665
0.10084593352427895, 2.4922145396016435, 0.9041746762090488, 0.5212512714372954
0.1883700792646373, 2.418875907681208, 0.8514665532169643, 0.25935193265617273
0.13801372144141744, 2.512028584098829, 0.86210742796183, 0.4057953539546889
0.14840471591287552, 2.3018123190558457, 0.8345365197369743, 0.3257811390867623
0.10084593352427895, 2.730563812635252, 0.8985425361310357, 0.5043845845317623
0.12868846999267303, 2.3913716452591647, 0.8943953609786341, 0.3678702555040022
0.16259241990275095, 2.3807880853198, 0.8175445016309186, 0.2798458972290655
0.0996469726237261, 3.0333489709752297, 0.8553237049556011, 0.4995989487806597
0.1482048890961167, 2.3967132961409385, 0.9055715525777289, 0.3522237850258111
0.18670485579164725, 2.2629988359069393, 0.8675637725695463, 0.25135602598247225
0.115100246453074, 2.4639997050183005, 0.8778330221902502, 0.38742307944725063
0.15193498967561447, 2.3072970453350754, 0.8360347941195048, 0.3523793300993567
0.1394125091587291, 2.5845571875786595, 0.8909875155137478, 0.34385244250069447
0.11390128555252114, 2.829519996960365, 0.892147655694995, 0.48683290052281664
0.2104176380470259, 2.538837837901351, 0.7506844072400888, 0.22083225781084526
0.1305535202824219, 2.9516787798608126, 0.893360262289082, 0.36705041981496983
0.16872044228335442, 2.4539474348220565, 0.8402043428429613, 0.3007248964066591
0.12449210684073803, 2.507045592059859, 0.8451939534215098, 0.3860112660861471
0.10903883301139013, 2.663598152657047, 0.8961164159186685, 0.5025540286750408
0.128355425298075, 2.7582627016754953, 0.8734055260917879, 0.3319320912639284
0.1483381069739559, 2.804424626895289, 0.8550034040943867, 0.3639858084298474
0.14440817957769933, 2.5747438173485273, 0.8875512887929371, 0.34634664548303223
0.12102844201691867, 2.732064887777061, 0.8806306893660404, 0.4272869712263194
0.13081995603810032, 2.8819612554259426, 0.8930120436170421, 0.378517513836313
0.16485712382601744, 2.7313669053411482, 0.8825328914857362, 0.3264688692458033
0.18990208485978818, 2.457076789925769, 0.8570431550944765, 0.2555885301122243
0.13981216279224673, 2.2139620269185767, 0.8743786774044595, 0.3783811912586525
0.12915473256511023, 2.429886338879598, 0.8930300627085563, 0.3927627264181984
0.1743822020915207, 2.541151871008582, 0.7966105806541286, 0.3069131926537609
0.16252581096383134, 3.119675506958199, 0.8145404860046501, 0.3392503699834012
0.14074468793712117, 2.6725104177136303, 0.8886043593726738, 0.3715554159829457
0.13814693931925665, 2.2293599519772176, 0.8628472682837218, 0.361939799599063
0.1081729168054353, 2.50565637090987, 0.8822033458269726, 0.41889933898567155
0.10084593352427895, 2.587383976931862, 0.8985425361310357, 0.5083153820490582
0.12469193365749684, 2.5478341544618583, 0.8466783478107885, 0.3543313915011263
0.10317724638646507, 2.301432021332956, 0.8835546470353505, 0.24245771084712078
0.09891427429561048, 2.471976753190524, 0.9141962503280728, 0.5007635289834582
0.10157863185239459, 2.351146978603994, 0.9016058341091657, 0.5331448365746624
0.1020448944248318, 2.639262173254104, 0.8883032232674933, 0.5175611180578141
0.10084593352427895, 2.524064071799535, 0.8985425361310357, 0.5085376204689016
0.10111236927995737, 3.007169972585344, 0.8894438494953487, 0.5017030715459627
0.09904749217344967, 2.9307402012262895, 0.9140856308590465, 0.5007811259827671
0.10371011789782189, 3.166926849962734, 0.9004683553921348, 0.49653894813375066
0.09904749217344967, 2.4377700076353808, 0.8706596434256051, 0.45946530139244535
0.10084593352427895, 2.3015469580100665, 0.8985425361310357, 0.5073106577128713
0.10157863185239459, 2.3507102512228633, 0.9016058341091657, 0.5343668367090996
0.09904749217344967, 3.0065510299262472, 0.8706596434256051, 0.46370071970826976
0.10111236927995737, 2.4662477229680593, 0.8894438494953487, 0.4989172070164377
0.10084593352427895, 3.334543742417638, 0.8985425361310357, 0.507884697647329
0.10477586092053554, 3.1540915726233725, 0.9005918292233387, 0.4531744380568317
0.13994538067008594, 2.8086870862603432, 0.8539047912879983, 0.3618072802072604
0.14547392260041297, 2.5904447067064202, 0.9079612544814056, 0.3474826861864119
0.11423433024711917, 3.211165341031565, 0.8837920646471286, 0.46188062664444224
0.09931392792912809, 2.286003952625709, 0.85566045361291, 0.4986078258116692
0.0996469726237261, 2.5619872492348925, 0.913665537848645, 0.500477901086794
0.12948777725970825, 2.31596984905683, 0.8785671981699658, 0.3555255367896604
0.10697395590488243, 2.881844964937693, 0.8974634010165712, 0.4723181277463165
0.15073602877506162, 2.5508173042632256, 0.8597142226534965, 0.2864596646427064
0.1462066209285286, 2.570053284688181, 0.8374036991383063, 0.3453133821179849
0.19050156531006462, 2.389011839081999, 0.8164255344205443, 0.25989105340184787
0.17931126357157132, 2.4980759171477835, 0.8079533216151745, 0.27423318590567086
0.14960367681342837, 2.2612901405150128, 0.8445413808036253, 0.36512360673960853
0.1902351295543862, 2.3183098603698786, 0.8031201633613134, 0.22327706997961946
0.11576633584227003, 2.266243085690964, 0.8991104368938041, 0.4167449656004044
0.09891427429561048, 2.308435958563936, 0.9141962503280728, 0.5114215899451844
0.10111236927995737, 2.5346020359444457, 0.8894438494953487, 0.5091455059241141
0.12149470458935589, 2.9098436061652935, 0.8804227521738799, 0.37166587941831597
0.09891427429561048, 2.7703795129760693, 0.9141962503280728, 0.5127093097890858
0.11356824085792314, 2.8272539037839644, 0.8780880204741234, 0.3421414582213659
0.12009591687204423, 2.7384473318216096, 0.891353178680057, 0.3370364710956822
0.10217811230267101, 3.163503087071935, 0.887597260490262, 0.4864626624402112
0.10084593352427895, 2.2704026872166976, 0.9041746762090488, 0.5241031391389709
0.10084593352427895, 2.3411117960783705, 0.9041746762090488, 0.5227351820446487
0.10077932458535936, 2.5725485449238112, 0.8985744238861377, 0.5046914540724124
0.10084593352427895, 2.417877217362788, 0.8985425361310357, 0.5092102688841493
0.1324185705721708, 2.2875183979135554, 0.8714008909343406, 0.35907853195320105
0.10157863185239459, 2.348728082423476, 0.9016058341091657, 0.5344289513046598
0.10157863185239459, 2.3467865226937827, 0.9016058341091657, 0.5351882445856281
0.09838140278425364, 2.911235005042622, 0.9594136970143465, 0.5275074283369187
0.13348431359488444, 2.332943403513611, 0.8724140370483795, 0.37254037789291017
0.10244454805834943, 2.3596644146345698, 0.9026373913825883, 0.4984678304217665
0.09898088323453007, 2.8735115405228933, 0.9141564414108754, 0.5126251946146482
0.1438086991274229, 2.646167784871708, 0.8548525019474711, 0.32983103008114334
0.10164524079131419, 2.3905033933674082, 0.9015660251919682, 0.5324832282860538
0.09904749217344967, 2.3284397788267897, 0.8706596434256051, 0.4643821072371521
0.10157863185239459, 2.7032576375295707, 0.9016058341091657, 0.5375753360613178
0.10337707320322387, 2.4908363470935586, 0.9095527502204502, 0.4585553073497934
0.10124558715779658, 2.411483263092801, 0.8979863694535355, 0.5005306905468199
0.13341770465596484, 2.577284490618296, 0.8883824623021578, 0.30061488387018553
0.10104576034103777, 2.7920458408673454, 0.8690802300816733, 0.4403503947081096
0.13741424099114102, 2.6993307827283357, 0.8384122070736637, 0.3085486942664811
0.14500766002797574, 2.7197057518596646, 0.9090627339036248, 0.3504861959918714
0.12335975487910478, 2.358558037204332, 0.8846477546306326, 0.3354567262901077
0.11896356491041098, 2.4692788841420596, 0.8845226516951042, 0.42211331561630194
0.10084593352427895, 2.478282896260517, 0.8985425361310357, 0.505590627148673
0.0996469726237261, 2.3050246618339223, 0.8700882606548077, 0.4627202592362039
0.0997135815626457, 2.4646090534457055, 0.8906856758507805, 0.5162631781471513
0.10084593352427895, 2.349936348088282, 0.8985425361310357, 0.507225909122287
0.10111236927995737, 2.691960980991754, 0.898271356311564, 0.5080952387901991
0.10084593352427895, 4.136385942071384, 0.8985425361310357, 0.5080359321568899
0.12922134150402984, 3.1973680543016565, 0.8949581966458521, 0.3664221538925848
0.10943848664490774, 2.5016760183017497, 0.8999852062380065, 0.3638337234169016
0.10157863185239459, 2.312464389271877, 0.9016058341091657, 0.5289507279903783
0.09904749217344967, 2.8422189594537945, 0.8706596434256051, 0.46417817915367066
0.09904749217344967, 2.4438607294110213, 0.8706596434256051, 0.46027622108029387
0.09891427429561048, 2.97717707251864, 0.9141962503280728, 0.5101689938322195
0.10044627989076134, 2.6607979054193085, 0.9154883477018453, 0.49996834326951
0.10857257043895291, 3.2361881432793393, 0.8926016232749902, 0.4036923933121142
0.1352827549457137, 3.359997285474016, 0.8700040859777779, 0.3438479033897229
0.101845067608073, 2.8459489789816157, 0.9014243726181193, 0.5178291076063591
0.14454139745553854, 2.5086332939295706, 0.8595425701764345, 0.298466582825447
0.10111236927995737, 2.495128073484601, 0.8894438494953487, 0.502034177003192
0.16778791713848, 2.391227737747042, 0.8382125451858562, 0.2571855358757289
0.10084593352427895, 2.410588767069102, 0.8985425361310357, 0.503995509523623
0.09891427429561048, 2.473669641921373, 0.9141962503280728, 0.5179974040756675
0.16012788916272563, 2.458681840514832, 0.8133968869521132, 0.2602960730272673
0.10084593352427895, 2.455245851724, 0.8985425361310357, 0.5055443981171599
0.10157863185239459, 2.594414207576903, 0.9034041499782098, 0.5028590820737474
0.09904749217344967, 2.8774528326743973, 0.8706596434256051, 0.4629382173902433
0.1529341237594085, 2.973329457175539, 0.8562088149699335, 0.2681783668954666
0.10084593352427895, 2.3989018442501657, 0.8985425361310357, 0.5071336734099794
0.15246786118697128, 2.7237719334093726, 0.8600415974763556, 0.32675257803173274
0.10157863185239459, 2.7306193602773545, 0.9016058341091657, 0.5298121363563998
0.1061746486378472, 2.9293617368864044, 0.8997580039626374, 0.36793472886527023
0.14913741424099114, 2.9031779259564376, 0.8636952213436206, 0.35407816049421587
0.11023779391194298, 2.4776982385281805, 0.8744967895092772, 0.3770840239466216
0.09891427429561048, 2.417707764386956, 0.9141962503280728, 0.5115604497994727
0.13368414041164325, 2.7551194450995484, 0.8801296807451436, 0.35578360318169505
0.14474122427229735, 2.4124645799336886, 0.8930230481328885, 0.3326018116674398
0.0995137547458869, 2.7139873054258943, 0.9135025239089305, 0.4971763627732247
0.15593152601079066, 2.8881547846133806, 0.8566577119183855, 0.3299193512253308
0.11649903417038567, 3.107702254566149, 0.8513512212853005, 0.35354604649677135
0.10337707320322387, 2.3282078382280154, 0.9016570191645303, 0.5027397409163561
0.10097915140211816, 2.965712183846121, 0.8984961316742097, 0.4902531196022427
0.09904749217344967, 2.5153251395094984, 0.9140877982854324, 0.4952842918021422
0.1020448944248318, 2.973185067506187, 0.901274332248513, 0.5177258029954073
0.10590821288216878, 2.3036034923323006, 0.8809426427076641, 0.29625677710873777
0.11530007326983281, 2.57598345695612, 0.8735697251128445, 0.35895528494045587
0.10084593352427895, 3.1959833913923603, 0.8985425361310357, 0.513754152290078
0.10251115699726904, 2.9656281690884025, 0.9008353928438192, 0.40056189660098696
0.1351495370678745, 2.3021020267786785, 0.8724825173083394, 0.4148291643098688
0.11310197828548592, 2.353665187596592, 0.8880192987964456, 0.3693746930407138
0.1568640511556651, 2.6915824823342036, 0.8571253787728065, 0.33713681550661245
0.13788050356357823, 2.7470456622851125, 0.877183053519194, 0.35758005570571816
0.10530873243189236, 2.8156665953854243, 0.8962867232185421, 0.4969503128344619
0.128355425298075, 2.2931445524565963, 0.8664147122664717, 0.40129463760834944
0.1195630453606874, 2.40285359892848, 0.8722154854306933, 0.44179216997021226
0.16185972157463532, 2.700014066717606, 0.853167619563145, 0.32564732426425663
0.12482515153533605, 2.333643958442003, 0.8651839600133611, 0.4385788093379116
0.10084593352427895, 3.0353459502643347, 0.8985425361310357, 0.5070372298689525
0.10157863185239459, 2.3833279559258607, 0.8884746666844789, 0.48550217949125096
0.09891427429561048, 2.685878741870609, 0.9141962503280728, 0.5154167918629056
0.1216279224671951, 2.297742250352683, 0.8947147913195936, 0.4145104337374449
0.10111236927995737, 2.332962949914538, 0.8894438494953487, 0.5040526882228653
0.10084593352427895, 2.3310547287583407, 0.8985425361310357, 0.5093971243101924
0.09891427429561048, 3.0161025764773357, 0.9141962503280728, 0.5124592991025525
0.09904749217344967, 2.345631164927347, 0.8706596434256051, 0.4620242087449862
0.10084593352427895, 2.302562631836883, 0.8985425361310357, 0.5082582053607099
0.1416772130819956, 2.325874888364141, 0.8536777570862174, 0.33791849449267886
0.09978019050156531, 2.308058583902374, 0.8550032740087984, 0.49560303847129494
0.09904749217344967, 2.4029911492179443, 0.8706596434256051, 0.46674138125966413
0.10111236927995737, 2.6805565757881054, 0.8894438494953487, 0.5063925336080443
0.09891427429561048, 2.60270452309614, 0.9141962503280728, 0.5208162294119801
0.09904749217344967, 2.4621367517893233, 0.8706596434256051, 0.4626469531872706
0.0997135815626457, 2.5601444847537875, 0.8906856758507805, 0.5166046874139006
0.10044627989076134, 2.4472298454350607, 0.9154883477018453, 0.502870164383764
0.10157863185239459, 2.8677170041208857, 0.9016058341091657, 0.529565697488519
0.10111236927995737, 3.114602734225028, 0.8894438494953487, 0.5078656061957947
0.09891427429561048, 2.326122853993051, 0.9141962503280728, 0.5149339512148037
0.09891427429561048, 2.7078387675100806, 0.9141962503280728, 0.5130744533850119
0.10084593352427895, 2.373890581609311, 0.9041746762090488, 0.5225555327384885
0.10044627989076134, 2.5387798478345616, 0.9154883477018453, 0.5067131874105149
0.10257776593618864, 2.9799999874190646, 0.9134406464527391, 0.48211895527927207
0.13994538067008594, 2.5799068808595305, 0.87287771831129, 0.3568836849993866
0.09918071005128888, 2.3667982100789318, 0.8557496808175534, 0.5026062719838547
0.10084593352427895, 2.307630445481871, 0.8985425361310357, 0.5103349391257609
0.10111236927995737, 2.4629022192369017, 0.8894438494953487, 0.5068093316556237
0.0997135815626457, 2.624047454471616, 0.8906856758507805, 0.5206211396616949
0.1282222074202358, 2.303139864846549, 0.8644984119795265, 0.3423910854715434
0.0997135815626457, 2.8431726059271734, 0.8906856758507805, 0.5157931983989219
0.10091254246319856, 3.2410327452596275, 0.8985108504529622, 0.5054124654028613
0.10084593352427895, 2.8907399868763464, 0.8985425361310357, 0.5076870842380465
0.16119363218543928, 3.0319217054187866, 0.8420849243931222, 0.31304855971968515
0.10157863185239459, 2.55749664600912, 0.9016058341091657, 0.5383771973604239
0.1506028108972224, 2.29619707337371, 0.8610225688377902, 0.3289399900857617
0.09891427429561048, 2.8654011958747385, 0.9141962503280728, 0.5112529100244039
0.1660560847265703, 2.4122778901664437, 0.8072274021285819, 0.3139632345927013
0.14853793379071473, 2.4844555772455372, 0.8362829210150012, 0.3309206548254513
0.16479051488709784, 2.3022640928678664, 0.8023860815312973, 0.3055589000466136
0.10084593352427895, 2.3133093730475753, 0.9041746762090488, 0.5245863451474763
0.10111236927995737, 2.3758304848277434, 0.8894438494953487, 0.5045815937307843
0.1149004196363152, 2.486853846685483, 0.8831439065634008, 0.4513276114337108
0.09918071005128888, 2.336834489866473, 0.8557496808175534, 0.5031992933973106
0.09904749217344967, 2.510147182436268, 0.8706596434256051, 0.46038410937548263
0.09904749217344967, 2.4455257439878553, 0.8706596434256051, 0.4646904758821636
0.10084593352427895, 2.313200566719892, 0.8985425361310357, 0.5052663961111784
0.09918071005128888, 2.4463944937429605, 0.8557496808175534, 0.5011023228049178
0.10084593352427895, 2.352059034720606, 0.9041746762090488, 0.5246552130390503
0.09904749217344967, 2.609776600430079, 0.8706596434256051, 0.46761557538126997
0.10084593352427895, 2.3112294649304426, 0.9041746762090488, 0.5225614421008415
0.10111236927995737, 2.3656882085528927, 0.8894438494953487, 0.5031426461054639
0.10331046426430426, 2.3018931180371727, 0.8511630768211151, 0.45122189731112405
0.10084593352427895, 2.5807067505851036, 0.9041746762090488, 0.5239501451129582
0.10084593352427895, 2.4497785207901757, 0.8985425361310357, 0.5081727961621906
0.09891427429561048, 2.5627871506982616, 0.9141962503280728, 0.5132142258212109
0.1151668553919936, 2.3026033438142166, 0.8866679047309933, 0.27640553914079585
0.10157863185239459, 2.484051860006901, 0.9016058341091657, 0.5326215583457172
0.0997135815626457, 2.5523986530472293, 0.8906856758507805, 0.5172405373937063
0.14314260973822687, 3.506295277214317, 0.8379577668329965, 0.35843499767343545
0.10337707320322387, 2.3641318503412663, 0.8961889384375811, 0.4916265811171748
0.10111236927995737, 2.6486934180311477, 0.8894438494953487, 0.5041891021371838
0.1107706654232998, 2.3417865029342453, 0.8599662055885899, 0.36554590916362667
0.0997135815626457, 2.462959114607794, 0.8906856758507805, 0.5208932719503061
0.09904749217344967, 2.8283087776954363, 0.8706596434256051, 0.4622087967134645
0.09904749217344967, 2.325475613940511, 0.8706596434256051, 0.4660083283547139
0.10084593352427895, 2.385764693638982, 0.8985425361310357, 0.5068080425705934
0.10084593352427895, 2.3503264106186275, 0.8985425361310357, 0.5060996816124714
0.10690734696596284, 2.7129905011917046, 0.8985779744311015, 0.5107173411619592
0.10084593352427895, 2.728478826887641, 0.8985425361310357, 0.5115511182520385
0.15346699527076535, 2.3190481995294374, 0.8594287750836459, 0.3266754458774107
0.13581562645707054, 2.3060577978802295, 0.8487362773303655, 0.37223960252571164
0.12948777725970825, 2.3566112873881853, 0.8602117815252198, 0.3333875103749991
0.10157863185239459, 2.3878471843090856, 0.9016058341091657, 0.5308887420470979
0.10084593352427895, 2.826147102876085, 0.9041746762090488, 0.5212549502062573
0.15619796176646905, 2.732260562995126, 0.8500944523094226, 0.31922460061393176
0.1460067941117698, 2.2912325553681874, 0.8208121783457132, 0.3257618271481763
0.13614867115166857, 2.318576105984636, 0.832331794717045, 0.3378468156447957
0.14300939186038766, 2.8046401554188467, 0.838044924322673, 0.356440765628023
0.14993672150802637, 2.3171514758324947, 0.8701078923081065, 0.3246065240798778
0.13015386664890427, 2.303347743471466, 0.8563568426461995, 0.3996526079639247
0.10157863185239459, 2.3207853332093418, 0.9016058341091657, 0.5348426889253866
0.09891427429561048, 2.3561636683847667, 0.9141962503280728, 0.513107650034839
0.09891427429561048, 2.4700506226430288, 0.9141962503280728, 0.5126775365128304
0.10084593352427895, 2.9410731820320772, 0.9041746762090488, 0.5230436261252467
0.10084593352427895, 2.9178917846855645, 0.9041746762090488, 0.5253493000070445
0.12262705655098914, 2.454257313855633, 0.8669732606695476, 0.4255620930336609
0.10157863185239459, 2.422033877580145, 0.9016058341091657, 0.5391509808729854
0.10017984413508293, 2.3038546428097275, 0.8937938888593567, 0.36003071418124033
0.10084593352427895, 2.468718448422429, 0.9041746762090488, 0.5254931966746653
0.10064610670752015, 2.731478879153669, 0.9121350813558765, 0.5032326624886203
0.10084593352427895, 2.3004296869327376, 0.8985425361310357, 0.5072513652414308
0.10044627989076134, 2.494242410263405, 0.9154883477018453, 0.5046252478665203
0.10084593352427895, 2.9834430131827747, 0.9041746762090488, 0.5312148914951955
0.09891427429561048, 2.407127680446912, 0.9141962503280728, 0.514898491876576
0.09898088323453007, 2.3559755969951164, 0.9141342155886187, 0.5103701041734549
0.1329514420835276, 2.5136095483528735, 0.8706432226830637, 0.3696512228924095
0.09904749217344967, 2.6278019421408545, 0.8706596434256051, 0.4634884832010099
0.10157863185239459, 2.3289709835837638, 0.9016058341091657, 0.5322542991688232
0.10157863185239459, 2.356400869914282, 0.9016058341091657, 0.5340984393595183
0.10157863185239459, 2.3518890822774634, 0.9016058341091657, 0.5336873024263872
0.12715646439752215, 2.305612693277292, 0.8214175196444689, 0.3351884745872635
0.09891427429561048, 2.3835642425064116, 0.9141962503280728, 0.5137150844578651
0.10044627989076134, 2.6011103194725314, 0.9154883477018453, 0.5044153024118403
0.10084593352427895, 2.6263098912228595, 0.9041746762090488, 0.5216594329679054
0.10084593352427895, 2.849793040576928, 0.8985425361310357, 0.5083118418689206
0.09918071005128888, 2.3140741619320244, 0.8557496808175534, 0.4969756551748536
0.11709851462066209, 2.40450928848509, 0.8873021903507856, 0.35334055001808584
0.09831479384533405, 2.454605676050643, 0.959453505931544, 0.5258734806139612
0.10157863185239459, 2.3198597520194792, 0.9111506408622473, 0.48509724683845157
0.09918071005128888, 2.327251845599412, 0.8557496808175534, 0.5042921757957488
0.09904749217344967, 2.6238841100051293, 0.8706596434256051, 0.46553389032101783
0.10157863185239459, 2.89418879803053, 0.9016058341091657, 0.5289571172255156
0.10157863185239459, 2.4225472187937154, 0.9016058341091657, 0.5290973326735616
0.10084593352427895, 2.3513993423593154, 0.8985425361310357, 0.5088282110722118
0.10111236927995737, 2.666471281240935, 0.8894438494953487, 0.5015559455225634
0.14607340305068942, 2.4276918355862622, 0.9069906169875782, 0.3404680991336998
0.10011323519616333, 3.174842565515282, 0.9130818944870844, 0.489299601855092
0.14527409578365416, 3.2028564944231066, 0.8911127728403743, 0.33401722534726697
0.10164524079131419, 2.3523400032662427, 0.9015660251919682, 0.536474480465857
0.10084593352427895, 3.0743826088299957, 0.8985425361310357, 0.5048467504627625
0.1525344701258909, 2.8204170588545625, 0.8929812780297333, 0.32924639778301856
0.1352161460067941, 2.287179998154724, 0.847893331996722, 0.3372642352778667
0.10830613468327449, 2.321049216148863, 0.846786147463369, 0.4087568298723642
0.10111236927995737, 2.337035579779222, 0.8894438494953487, 0.5014471240026843
0.10157863185239459, 2.5513705298178504, 0.9016058341091657, 0.5356190062157761
0.10111236927995737, 2.8664929258714613, 0.8894438494953487, 0.5016333041731278
0.10084593352427895, 2.53530879575884, 0.8985425361310357, 0.5052867461524092
0.10104576034103777, 2.3948007303687153, 0.8678881469580271, 0.42826915726498005
0.1327516152667688, 2.5934561255976605, 0.8714417259826351, 0.3453193306180258
0.09918071005128888, 2.3017674783223763, 0.8557496808175534, 0.4959042085064859
0.09891427429561048, 2.521152705964564, 0.9141962503280728, 0.5189389966921097
0.09891427429561048, 2.4609035929888416, 0.9141962503280728, 0.5139252302913219
0.10084593352427895, 2.3637139560189624, 0.8985425361310357, 0.5104365014770541
0.09904749217344967, 3.0681575493730615, 0.8706596434256051, 0.4654691420197457
0.10157863185239459, 2.4176991043438294, 0.9016058341091657, 0.5306696295170091
0.10111236927995737, 2.92834732893472, 0.8894438494953487, 0.5039685077640058
0.14280956504362885, 2.6883965363582223, 0.8912971594895378, 0.3351585544617271
0.10111236927995737, 2.5400860862649988, 0.8894438494953487, 0.5014423351813247
0.10157863185239459, 3.0868493731379356, 0.9016058341091657, 0.5308147065375574
0.10291081063078665, 2.720863778229232, 0.9029959735695913, 0.49678990649453836
0.11856391127689336, 2.69568802252256, 0.8875368823417059, 0.39283646562971575
0.12009591687204423, 2.602473613106259, 0.8894474353815778, 0.42391195661662495
0.10490907879837474, 2.446068506559096, 0.8854005911853877, 0.4500350034180089
0.14507426896689535, 2.3434818555963655, 0.8517563716231458, 0.2919072176010006
0.14840471591287552, 2.6360200105894656, 0.8557552167892355, 0.3378223007659654
0.14787184440151868, 2.8703118414371613, 0.8920195372354035, 0.3323559516379907
0.1727169786185306, 2.289896123145491, 0.8262103312445348, 0.27692672743836916
0.09891427429561048, 2.6389219396589025, 0.9141962503280728, 0.5107178898609176
0.13961233597548792, 2.81566338367452, 0.8782563045568212, 0.3052146035289718
0.15899553720109239, 2.6208377088846455, 0.8377987611035692, 0.28998636640956343
0.1439419170052621, 2.6527161067945366, 0.8474666917350451, 0.307898130714776
0.11756477719309931, 2.929830877315448, 0.8725548210182573, 0.40199009200702224
0.10117897821887697, 2.480613682983575, 0.8894040405781511, 0.4996000193967065
0.15373343102644374, 2.650728363609009, 0.8548294104181036, 0.3323744006428515
0.11976287217744622, 2.746723537984857, 0.8709826589146475, 0.39271600485539465
0.10111236927995737, 2.311621848790339, 0.8894438494953487, 0.5033878215672474
0.10284420169186705, 2.7034636871776456, 0.9000504670258547, 0.5206794851577894
0.11097049224005862, 2.685264257605592, 0.8876943620234549, 0.41848064414853736
0.10157863185239459, 2.325204924367329, 0.9016058341091657, 0.5264313908193589
0.10231133018051022, 2.3677519998726373, 0.8970592111981173, 0.47870513455851116
0.14434157063877973, 2.491687713826766, 0.9102556494057359, 0.3493827901264144
0.1368813694797842, 2.8991918437431536, 0.8919129143154141, 0.34743699319645005
0.15599813494971024, 2.441411114355189, 0.8921710369994272, 0.32775996766087323
0.10364350895890229, 2.4577794984585517, 0.9022037153899994, 0.47060676346752156
0.1482714980350363, 2.355317074747682, 0.8523893674640185, 0.3261696937378779
0.14673949243988543, 2.3075483452985535, 0.82989139207011, 0.33522968014627896
0.10337707320322387, 2.817126427386481, 0.899687401531797, 0.5201284992301095
0.09904749217344967, 2.6027289067278345, 0.8706596434256051, 0.46332305758273684
0.10111236927995737, 2.439761350817583, 0.8894438494953487, 0.506042608293041
0.10157863185239459, 2.3282842258462773, 0.9016058341091657, 0.5321657597972876
0.09838140278425364, 2.321644948220131, 0.9594136970143465, 0.5267233180572732
0.10157863185239459, 2.3163155254418517, 0.9016058341091657, 0.5351208478337289
0.0995137547458869, 2.31445867836789, 0.9580033400058356, 0.5033802210612698
0.09904749217344967, 2.4679606180953955, 0.8706596434256051, 0.46290946244292225
0.15233464330913207, 2.397929369914955, 0.8935793247417673, 0.32990405616119667
0.10157863185239459, 2.368853304392968, 0.9016058341091657, 0.5310648838135685
0.10704056484380203, 2.303852495772051, 0.8630244594285189, 0.4138165636354428
0.10084593352427895, 2.3296276205013062, 0.8985425361310357, 0.5075966345161431
0.14427496169986012, 2.539188358719087, 0.866105359180733, 0.32819898564017935
0.10111236927995737, 2.7582267229096336, 0.8991080291610368, 0.46383316659772317
0.10111236927995737, 2.396353010110786, 0.8894438494953487, 0.503439816715257
0.09904749217344967, 3.035710965825582, 0.8706596434256051, 0.4679974415901236
0.09904749217344967, 3.129312703416594, 0.8706596434256051, 0.46444964097871877
0.14740558182908145, 2.4995534043955883, 0.886127255952303, 0.29815107918126105
0.10157863185239459, 2.3003702099537824, 0.9016058341091657, 0.5309490397380456
0.09891427429561048, 2.772570688441998, 0.9141962503280728, 0.5096509134031965
0.10157863185239459, 2.541651759396655, 0.9016058341091657, 0.5337803752957383
0.10157863185239459, 2.6223722671609666, 0.9016058341091657, 0.5355197269168313
0.08366082728302138, 2.304204345011484, 0.8919748992664817, 0.32632131975188294
0.10111236927995737, 2.34014408281751, 0.8894438494953487, 0.5121640643521027
0.10157863185239459, 2.3074816407174645, 0.9016058341091657, 0.5342562276608609
0.10111236927995737, 2.665674029133158, 0.8894438494953487, 0.501030115219372
0.10317724638646507, 2.311546775745709, 0.9539335931387904, 0.471039289042592
0.0997135815626457, 2.317685024390363, 0.8906856758507805, 0.5184530565379315
0.09918071005128888, 2.3372384729101428, 0.8557496808175534, 0.4974247072608352
0.10111236927995737, 2.3096645196718257, 0.8894438494953487, 0.5026013886128177
0.09891427429561048, 2.305556443072188, 0.9141962503280728, 0.5132271565999086
0.09891427429561048, 2.3234612517486144, 0.9141962503280728, 0.515248525917224
0.11383467661360154, 2.3902926913888196, 0.8992670602014303, 0.4183738492568293
0.10084593352427895, 3.0190775524027096, 0.9041746762090488, 0.5237158622495108
0.12662359288616531, 2.598206846502646, 0.8886045465752321, 0.34889192013534853
0.11783121294877773, 2.303431354689898, 0.9392431625218585, 0.42112000949271683
0.10364350895890229, 2.6818882690981196, 0.8993953706213629, 0.515688485936751
0.10111236927995737, 3.090972854360101, 0.8894438494953487, 0.5063436235657031
0.10157863185239459, 2.8477025085879397, 0.9016058341091657, 0.5313978167878837
0.10157863185239459, 3.234912523452791, 0.9016058341091657, 0.5349380054760049
0.10084593352427895, 3.1594195803779357, 0.9041746762090488, 0.5240668479888091
0.10111236927995737, 2.913856640230813, 0.8894438494953487, 0.5004858565729748
0.10117897821887697, 2.3995550217400115, 0.8983059252718155, 0.49010061889972006
0.1282222074202358, 2.5236709766382224, 0.9276928241671577, 0.38528822713307814
0.14101112369279958, 2.298391157977468, 0.8911903762291284, 0.3395684924288035
0.12342636381802438, 2.5040043554021447, 0.8803248009316424, 0.3089911847483238
0.09898088323453007, 2.305727607935661, 0.9141550641666232, 0.5127898790213762
0.11982948111636582, 2.3394637747369282, 0.8959162335889476, 0.3594858689255307
0.09931392792912809, 2.4261582810088047, 0.9585111477894086, 0.5013491669575475
0.13861320189169388, 2.695875558363703, 0.8701691092197062, 0.33722787465948534
0.14234330247119165, 2.888032495336292, 0.8899475958860711, 0.3439281163024286
0.15526543662159462, 2.3625668951809655, 0.8938933700934891, 0.3299870955407796
0.14287617398254845, 2.3289753205849424, 0.8573112111888932, 0.33526979205557306
0.1038433357756611, 2.681548521963846, 0.8952059512157737, 0.4592259448194812
0.14460800639445814, 2.311227726537732, 0.8444054947879037, 0.3323969161528882
0.10084593352427895, 3.0167066435195187, 0.8985425361310357, 0.5092515742288463
0.10084593352427895, 2.364225414078312, 0.8985425361310357, 0.5107806528307275
0.09918071005128888, 2.355637325100615, 0.8557496808175534, 0.4992574722396287
0.10084593352427895, 2.368720625160394, 0.9041746762090488, 0.5229217569149374
0.10084593352427895, 2.3028893341335572, 0.8985425361310357, 0.5089200094507562
0.09891427429561048, 2.434870912837671, 0.9141962503280728, 0.517929072128869
0.09891427429561048, 3.8073861332290027, 0.9141962503280728, 0.51622900397342
0.10111236927995737, 2.4330390908450834, 0.8894438494953487, 0.5002381878726163
0.0997135815626457, 2.7239332095315594, 0.8906856758507805, 0.5180584500421078
0.14880436954639312, 2.8331877943089885, 0.8996545294013393, 0.33236179624450657
0.10111236927995737, 2.611894534710587, 0.8894438494953487, 0.5033147785172896
0.10157863185239459, 2.3104157792587294, 0.9016058341091657, 0.5347839714316462
0.09891427429561048, 2.3307307918742075, 0.9141962503280728, 0.5144764762322602
0.10084593352427895, 2.6021931732724415, 0.9041746762090488, 0.5252666734486822
0.10157863185239459, 2.3318746343948837, 0.9016058341091657, 0.5338490369738155
0.10304402850862586, 2.8159323043161963, 0.9004572732016797, 0.4722241296144407
0.10157863185239459, 2.4863696075935695, 0.9016058341091657, 0.5317487368973441
0.10111236927995737, 2.3198678652784266, 0.8894438494953487, 0.5066102362321545
0.09891427429561048, 2.3313237299157166, 0.9141962503280728, 0.5147531596726936
0.10084593352427895, 2.344934679456152, 0.9041746762090488, 0.5253468121797733
0.09904749217344967, 2.390437214075824, 0.8706596434256051, 0.4605687540527189
0.10084593352427895, 2.6377592729130996, 0.8985425361310357, 0.5071889158096378
0.10157863185239459, 2.7180536832703366, 0.9016058341091657, 0.5335561886183906
0.10084593352427895, 2.3680564135021225, 0.8985425361310357, 0.5048053574088989
0.10157863185239459, 2.3288158549146347, 0.9016058341091657, 0.5337847411493566
0.10084593352427895, 2.422475296152128, 0.8985425361310357, 0.5068814688891168
0.10157863185239459, 2.344516435549609, 0.9016058341091657, 0.5323181466250347
0.10157863185239459, 2.4455499154122453, 0.9016058341091657, 0.5333791604848652
0.10157863185239459, 2.3062191863750177, 0.9016058341091657, 0.5225362734044586
0.10084593352427895, 3.2886798433775364, 0.8985425361310357, 0.5071072752934905
0.10111236927995737, 2.778049874701157, 0.8894438494953487, 0.49933892608000885
0.10084593352427895, 3.3766962323556897, 0.9041746762090488, 0.528117099266814
0.10157863185239459, 2.8287887792238537, 0.9016058341091657, 0.5310195647758638
0.09918071005128888, 2.3026223561753123, 0.8557496808175534, 0.5012097331497223
0.09918071005128888, 2.4381817698931303, 0.8557496808175534, 0.4985152681094771
0.10157863185239459, 2.350617539435615, 0.9016058341091657, 0.53434010640833
0.09904749217344967, 2.3061774080013886, 0.8706596434256051, 0.4594728316301101
0.10157863185239459, 2.686994435229308, 0.9016058341091657, 0.5319409774490771
0.11763138613201891, 2.7759390348820543, 0.838039167481106, 0.381010144449282
0.10111236927995737, 2.9380837285025545, 0.8894438494953487, 0.5043600886875869
0.10137880503563579, 2.4449332316473007, 0.8981818854782035, 0.5047551194086367
0.10084593352427895, 3.2987597480189006, 0.8985425361310357, 0.5059097251354163
0.10084593352427895, 2.633625507759697, 0.8985425361310357, 0.5130471875404085
0.10191167654699261, 2.951489443100246, 0.9037350915108513, 0.4983493400036325
0.10044627989076134, 2.305952415272245, 0.9154883477018453, 0.5067548222784997
0.10417638047025911, 2.49254239111303, 0.851000029005865, 0.4609720842963755
0.12955438619862786, 2.302674548738541, 0.8586427495407986, 0.34770437281108346
0.15066941983614202, 2.755229557202895, 0.8995648445254372, 0.33315525865118517
0.10157863185239459, 3.1914777167432753, 0.9016058341091657, 0.5308668309669893
0.106374475454606, 2.570118887883583, 0.8494083684860604, 0.3863091826338606
0.10084593352427895, 2.308242185884604, 0.8985425361310357, 0.5040315397944395
0.13774728568573902, 2.3024573942286213, 0.904593358864053, 0.33857889673482044
0.10157863185239459, 2.4141779621889468, 0.9016058341091657, 0.5313579077206526
0.13808033038033704, 2.3191418451002894, 0.8464348461599969, 0.3532970758543344
0.10271098381402784, 2.4629046998430217, 0.9007411301908455, 0.46771428283337785
0.10131219609671618, 2.342799573348649, 0.9046445581442679, 0.3531609486457751
0.10111236927995737, 2.764412804097106, 0.8894438494953487, 0.500332615144926
0.09891427429561048, 2.3722308048566414, 0.9141962503280728, 0.5216862826106452
0.0997135815626457, 2.302621268371687, 0.8906856758507805, 0.5163263541396572
0.09778192233397721, 2.3031201147901332, 0.9136514565752984, 0.41354500107060854
0.10157863185239459, 2.4537289487301592, 0.9016058341091657, 0.5327635299667937
0.09918071005128888, 2.4276934741601504, 0.8557496808175534, 0.5023416384365056
0.09924731899020849, 2.610038315138985, 0.9587374734224369, 0.5032498039263774
0.15792979417837874, 2.385610537971113, 0.88138272664318, 0.26114507583588076
0.09891427429561048, 2.4176226261414353, 0.9141962503280728, 0.5173256587556455
0.0997135815626457, 2.316695403125295, 0.8906856758507805, 0.5205442038180449
0.10157863185239459, 2.3032594091258756, 0.9016058341091657, 0.538894454933177
0.10084593352427895, 3.1830600913643066, 0.8985425361310357, 0.5032423340492015
0.10037967095184173, 2.30355153974397, 0.904805405323849, 0.513564212294922
0.10084593352427895, 2.7205072636926055, 0.8985425361310357, 0.5058156277775786
0.13361753147272365, 3.2268107799418737, 0.8377478805775178, 0.3256056187796649
0.10510890561513356, 2.915733566610054, 0.8939338588037137, 0.4973799739107069
0.10111236927995737, 3.1771159414438945, 0.8894438494953487, 0.508923458298311
0.1659894757876507, 2.941822837196771, 0.7996852458548855, 0.3066702681440244
0.12702324651968294, 2.3430538148269546, 0.8682816377729885, 0.421746968089605
0.10084593352427895, 2.5753187266465214, 0.8985425361310357, 0.5064541883007524
0.10477586092053554, 2.63932258906676, 0.9025898010254194, 0.4995516565437354
0.1148338106973956, 2.7422024709414665, 0.8752306357670152, 0.389525358735732
0.16439086125358024, 2.2146097002472174, 0.8881376136055442, 0.3256111813722986
0.13088656497701992, 2.286851931402798, 0.8862128660439301, 0.3725226489838762
0.12968760407646707, 2.3327970036197487, 0.8768346155747542, 0.29040413843389856
0.10737360953840006, 2.8465928555225726, 0.8894725617184193, 0.45916562775216896
0.18090987810564177, 2.9575965308987433, 0.8224458091276656, 0.2858789355651816
0.13321787783920602, 2.9297488176917152, 0.8632577142775973, 0.38566758635403897
0.1591953640178512, 2.748483070842527, 0.829984674564229, 0.35334702756626435
0.15639778858322786, 2.7597527198142613, 0.8267232245535899, 0.32560574080182336
0.18424032505162194, 2.322970181439549, 0.7820785195902776, 0.27047117217175
0.16758809032172117, 2.2653574963314087, 0.856989716368, 0.32070150759133764
0.17225071604609338, 2.3949127020829843, 0.837412056388413, 0.28111375627739354
0.13907946446413108, 2.4163060129137444, 0.8748533308011502, 0.3652734294070329
0.16412442549790182, 2.502596525239776, 0.8512257820391568, 0.3254419909141161
0.1987610737360954, 2.18754188935666, 0.7736800240156751, 0.2504396392367848
0.12855525211483382, 2.377842891647442, 0.8793559717447763, 0.34921988268236637
0.14141077732631718, 2.2980071875952643, 0.8300201807237599, 0.33172803651377963
0.1592619729567708, 2.741050402336639, 0.8955144481749215, 0.3439697209187231
0.1655898221541331, 2.2300643567312233, 0.8969226181814458, 0.3315232424722646
0.11809764870445613, 2.3517115285964634, 0.8791988292611036, 0.36395823823975937
0.10111236927995737, 2.4511979874562178, 0.8894438494953487, 0.5042584252221587
0.15593152601079066, 2.7647789085180525, 0.8563088935275935, 0.34393049367067074
0.13161926330513554, 2.3088444522098435, 0.8755374130798677, 0.36062765526075513
0.1330180510224472, 2.2942167569912386, 0.8521188860092307, 0.4014187365882053
0.16971957636714846, 2.354372161420762, 0.8457564977765267, 0.32301412209855007
0.15713048691134351, 2.2496460133069585, 0.841815425619332, 0.34682531389607546
0.1040431625924199, 2.5297380742421356, 0.9091327041395031, 0.4471859980542246
0.1020448944248318, 2.272346502410288, 0.8982299805159502, 0.48427346056803805
0.10357690001998268, 2.6928100916734743, 0.8949925407203303, 0.5087022979490738
0.10124558715779658, 3.0156749213852714, 0.8893308756747507, 0.48248071210782795
0.137081196296543, 2.892370695262018, 0.873033364744163, 0.35092956479902127
0.10064610670752015, 2.9167799380398414, 0.8986850433551643, 0.5050675062711332
0.12682341970292413, 2.2992877807749315, 0.8667869069657138, 0.35117994124077495
0.0997135815626457, 3.0274522583401913, 0.8906856758507805, 0.5169635831270138
0.1769799507093852, 2.3480653785606345, 0.8129835564323384, 0.28356257813997593
0.09904749217344967, 3.142505324995352, 0.8706596434256051, 0.46257175768113407
0.1905681742489842, 2.3517799524497693, 0.7871002779084442, 0.21643806880373898
0.09904749217344967, 2.3589239920161513, 0.8706596434256051, 0.46759413041924536
0.09904749217344967, 2.304764686494397, 0.8706596434256051, 0.4657221467127923
0.09831479384533405, 2.6540153714855053, 0.959453505931544, 0.5301546149927203
0.13008725770998467, 2.3053629406445157, 0.8849035514525185, 0.36455760783674973
0.09891427429561048, 2.618460065478576, 0.9141962503280728, 0.5152042621910106
0.15886231932325318, 2.778401703728291, 0.8530502513517103, 0.32973302311828545
0.14087790581496037, 2.7523307168951425, 0.8446439411054124, 0.31974780838503153
0.15792979417837874, 2.6712077707856197, 0.8560675043259222, 0.32519550194726177
0.1280889895423966, 2.7845945080600427, 0.859207074858468, 0.3911888732177832
0.13601545327382936, 2.6294222138020595, 0.8597001649805096, 0.34260185934817994
0.15353360420968493, 2.6595523324359274, 0.8994966376218239, 0.34538573454213056
0.10157863185239459, 2.3064305104128184, 0.9016058341091657, 0.5311199501526059
0.16119363218543928, 2.4639413211074586, 0.8167981693679183, 0.3178536944734636
0.10830613468327449, 2.5742541161874923, 0.8823704719588219, 0.47773768336625116
0.10337707320322387, 2.45120376240903, 0.9080775522387208, 0.3940923601950303
0.10111236927995737, 2.5365328648212166, 0.8894438494953487, 0.5045230798048933
0.1304203024045827, 2.2325230588810054, 0.8816692841381022, 0.3778561847688894
0.10111236927995737, 2.4046948037553753, 0.8894438494953487, 0.5072717444393949
0.14300939186038766, 2.7419941421829708, 0.8480839691618579, 0.3433006654678432
0.15566509025511224, 3.1979810097093213, 0.8990298566377831, 0.3492734947153481
0.16452407913141945, 2.401834911170349, 0.8322305610207893, 0.3218308268612663
0.16652234729900753, 2.577234417579243, 0.8257442770187374, 0.29504988732088266
0.15373343102644374, 2.6382652520776104, 0.8640977361116059, 0.3396987836946659
0.15613135282754945, 2.247711733935445, 0.8838675582234117, 0.3433933741910458
0.1661893026044095, 2.72631761832883, 0.8884852645309815, 0.3313344438373612
0.12515819622993404, 2.5565132334890905, 0.8822488249657556, 0.4322767669882971
0.19176713514953705, 2.1986396629376945, 0.8677822025163493, 0.2880275781536225
0.10191167654699261, 2.6505303752578757, 0.8968822548726878, 0.4730420916981446
0.1771131685872244, 2.284031339388244, 0.7924465093378208, 0.3030470571427394
0.16219276626923332, 2.7376549273465307, 0.8456914703977526, 0.29715761581269073
0.16512355958169586, 2.46117454351547, 0.8926551821295087, 0.3514727551354198
0.09904749217344967, 2.9624120487225394, 0.8706596434256051, 0.4639530120990537
0.16905348697795244, 2.566667090275854, 0.7956806931124853, 0.30677214103203154
0.1945647105841604, 2.170761856868886, 0.771464196117449, 0.21820405299942575
0.16512355958169586, 2.641344562406139, 0.8455534690249866, 0.3560220150912582
0.14847132485179512, 2.2475521850497007, 0.8325638788281774, 0.3598515537760309
0.14660627456204622, 2.2029494942286694, 0.824247854853503, 0.28031492588686996
0.16878705122227403, 2.533860671760827, 0.8278661551006138, 0.32468762335400136
0.19050156531006462, 2.4989975066050962, 0.8106550065319702, 0.2816659455304451
0.13781389462465862, 3.063002955522082, 0.8534253207236382, 0.36551418743568187
0.1636581629254646, 2.4978818980062427, 0.839094648190127, 0.3333700256069835
0.14653966562312662, 2.5487992791151894, 0.8679507936740093, 0.3447937113628793
0.18344101778458669, 2.221772837994585, 0.805460036015505, 0.29316767380832087
0.16978618530606807, 2.512737396841228, 0.8094197658702488, 0.3255968861523674
0.14427496169986012, 2.6376133787396157, 0.8519747152146204, 0.3632370124940348
0.16359155398654499, 2.5488514663464366, 0.8479902434283295, 0.2759353370292758
0.19150069939385866, 2.1251857608828706, 0.8329603602747445, 0.2708225459131376
0.1701858389395857, 2.34530809490509, 0.7931592245713907, 0.30841134009225935
0.1172317324985013, 2.762639556664467, 0.877606561499447, 0.4511671329005139
0.17644707919802838, 2.2696915861768296, 0.8401668607222422, 0.32831126330631716
0.16991940318390727, 2.8729508472165475, 0.841170437763972, 0.32340377517934515
0.12002930793312462, 2.2753504076145683, 0.8874636600761285, 0.45431462822969254
0.18910277759275296, 2.695295816829455, 0.826481206011254, 0.2901167600193766
0.12975421301538667, 2.6150396003131107, 0.8661364593317389, 0.39434536108526597
0.1348831013121961, 2.5860419267897585, 0.8247011391488408, 0.36255297645014306
0.10737360953840006, 2.3024902217179957, 0.884339853212691, 0.40804601826000864
0.10111236927995737, 2.4675496798769223, 0.8894438494953487, 0.5069139438673133
0.1306201292213415, 2.4744528285240435, 0.8797045200554303, 0.3574922262639587
0.10084593352427895, 2.991219214239961, 0.8689947706366805, 0.44765761159491013
0.16092719642976086, 2.5144089169515915, 0.8517285513399934, 0.32682627605761516
0.11689868780390328, 2.916239681301385, 0.893028348672136, 0.35108047479110904
0.15326716845400654, 2.3833103076626982, 0.8216933453043082, 0.3217698328746912
0.14667288350096583, 2.426152831739615, 0.827456239376902, 0.3130779839008733
0.14314260973822687, 2.454044703805835, 0.8541680717755865, 0.38126853299950414
0.09904749217344967, 3.0015362978164197, 0.8706596434256051, 0.46335923451830474
0.18763738093652169, 2.446391076891711, 0.7798023085060196, 0.22017352101770954
0.12069539732232065, 3.032363818462499, 0.9371689044730687, 0.4054939733974828
0.16938653167255047, 2.4403448011439544, 0.8479374822901862, 0.3239968241188449
0.18863651502031573, 2.512179140639497, 0.7879406442731803, 0.2371990689826476
0.1544661293545594, 2.7010220487919114, 0.8605338584350776, 0.34969373614860577
0.1877705988143609, 2.5676961525533244, 0.8532937960329325, 0.28097733876029773
0.17871178312129488, 2.340533583349862, 0.8242582730843834, 0.3034253825688696
0.09918071005128888, 2.619012982310282, 0.8706092122146887, 0.46278685629127414
0.19576367148471324, 2.3416818892114892, 0.7988891696377957, 0.2689392960364681
0.17631386132018917, 2.4115153494486603, 0.8656391366750075, 0.32221303122811285
0.1659228668487311, 2.2128516293410527, 0.8499441753580476, 0.3276750911748244
0.18330779990674748, 2.3019172440087035, 0.8235576503874775, 0.2953024526872366
0.15599813494971024, 2.414651377493446, 0.8352076419805983, 0.34162797998927774
0.12236062079531074, 2.736085851505485, 0.8775733799345906, 0.3791576125491163
0.13641510690734696, 2.343718795255318, 0.8841975327127954, 0.38387754527434076
0.14247652034903083, 2.3319252584265304, 0.8601014185954368, 0.37706601187449384
0.16185972157463532, 2.3887929734308364, 0.8804959865185221, 0.335932276223485
0.17145140877905815, 2.3993030430883424, 0.8433756984221394, 0.3157224349466593
0.10164524079131419, 2.24709009583465, 0.9030804539026528, 0.518710670514057
0.11556650902551123, 2.506627727446578, 0.8574178135588694, 0.3407028686523318
0.13901285552521148, 2.6914354665746445, 0.8893390841813341, 0.371895473948911
0.1526010790648105, 2.601360384802398, 0.8336598299595162, 0.33834898763696414
0.15020315726370478, 2.324784736101929, 0.8509482237446615, 0.35594471842775516
0.15952840871244922, 2.212936958084813, 0.8152062692633653, 0.311362742001589
0.17651368813694798, 2.8043750803268765, 0.81244401463383, 0.27053775610416564
0.1592619729567708, 2.4786496714272648, 0.8267384341414283, 0.26418416108315157
0.15333377739292614, 2.2979406226263337, 0.8192926069271967, 0.3154858492084197
0.13548258176247252, 2.8628013292810772, 0.850955240454763, 0.3233263123760378
0.17111836408446013, 2.276964143918085, 0.8344695479055227, 0.30472578179147114
0.19742889495770333, 2.654564103791646, 0.7913748840974814, 0.2514925078269213
0.16685539199360555, 2.1668731398929615, 0.8385485940246417, 0.3419215690961557
0.16459068807033905, 2.2871580408882477, 0.8243024274254896, 0.3483074289787053
0.1017784586691534, 2.768990216457748, 0.866825222440885, 0.4395516900730949
0.1926330513554919, 2.509268889728603, 0.8709532742837032, 0.3043086851582112
0.13315126890028642, 2.233171326286874, 0.8674979146886116, 0.37084973159849133
0.12289349230666756, 2.5338868074506684, 0.8767417032973945, 0.386204561289801
0.1479384533404383, 3.0413650081086696, 0.8242234296274615, 0.3226392121816303
0.17884500099913408, 2.366065988754723, 0.7992518092227607, 0.25553480346530694
0.17318324119096784, 2.6414033324111985, 0.8837452865507942, 0.33787219272926716
0.16652234729900753, 2.294560035183596, 0.8267793369909258, 0.33685956230955816
0.16199293945247453, 2.6481733172308126, 0.8548198777973202, 0.34499523154614076
0.17091853726770131, 2.350935079530055, 0.8281240097791981, 0.3092551738696247
0.11216945314061147, 2.3427982764185957, 0.8596471933480572, 0.37920327196190917
0.10677412908812363, 2.901697869275195, 0.8609499872751709, 0.4208034800214235
0.1881702524478785, 2.420897418114868, 0.814540403982123, 0.31522251272948354
0.22620395657097184, 2.204698481399675, 0.784471875392932, 0.24783536833510206
0.1591953640178512, 2.8483612056374192, 0.8076284887310955, 0.31561885951174495
0.15020315726370478, 2.943188018074028, 0.839744289150927, 0.33537348826799446
0.18324119096782787, 2.3477462111081273, 0.7827965526911738, 0.3000994029607933
0.17531472723639513, 2.242674617591692, 0.7863505669834724, 0.3077791340656164
0.18170918537267702, 2.1765317791947707, 0.8379769748982397, 0.2717945109512908
0.18497302337973756, 2.058455479301476, 0.8810063347463359, 0.3242167269381951
0.1661893026044095, 2.262944149024512, 0.8538865656177304, 0.3046545276585878
0.20628788383401053, 2.1948893629543025, 0.7644427161234969, 0.24334910784228153
0.14913741424099114, 3.070960778417224, 0.8851825244473845, 0.36054199812559407
0.16725504562712315, 2.374821072700522, 0.8344002835955611, 0.3413180110506055
0.12662359288616531, 2.2692004362493305, 0.869084375180862, 0.40540188480581046
0.1707853193898621, 2.472028260028379, 0.877426481511644, 0.33213715618274675
0.12715646439752215, 2.311230041467317, 0.8582335280079632, 0.429239709088725
0.16951974955038968, 2.5831345121555436, 0.8194387367985134, 0.3158838433806598
0.12236062079531074, 2.3737678802411213, 0.8867340125206775, 0.43344787220731795
0.15093585559182043, 2.452457992938281, 0.8716139501845473, 0.3355881331055632
0.17118497302337973, 2.770813446652998, 0.8451627081482564, 0.28494934017051826
0.12782255378671817, 2.617976173991756, 0.8453253341742963, 0.3357077148466886
0.13448344767867848, 2.815732192899467, 0.8606466957619207, 0.42522913646238936
0.16412442549790182, 2.4583338227110367, 0.8293900638289097, 0.328206839322017
0.1330180510224472, 2.394151998877978, 0.8380589027331483, 0.3457275647514738
0.16199293945247453, 2.3835042536810556, 0.8128687333682001, 0.31913871480345996
0.11803103976553654, 2.7194337449892925, 0.852184701316894, 0.3681913211422153
0.13261839738892958, 2.6392953831533488, 0.8822353100925403, 0.36783373398338937
0.14314260973822687, 2.3473780175469616, 0.8774728124522507, 0.33903852789023736
0.1748484646639579, 2.353428397173568, 0.8771243040616774, 0.3270937160947083
0.10097915140211816, 2.5015008107442123, 0.8697889917690522, 0.42520964476193635
0.19829481116365816, 2.221004266746197, 0.8227353002404832, 0.2409280918161451
0.17145140877905815, 2.5782519479361046, 0.884915636319897, 0.33624366881727025
0.16126024112435888, 2.431672569433043, 0.8922730395827381, 0.34373674986943537
0.10524212349297275, 3.2136739879749303, 0.8853497796386725, 0.4329324174905266
0.11583294478118963, 2.2470766832531073, 0.8547500058407784, 0.40290988476548073
0.09918071005128888, 2.654572650826939, 0.8557496808175534, 0.4979409998918388
0.12555784986345167, 2.30634503046788, 0.8449041600452636, 0.3542551098765831
0.16672217411576634, 2.390448890575314, 0.8420597961798328, 0.3349844179464535
0.09904749217344967, 2.9062716450676453, 0.8706596434256051, 0.460974869084031
0.14647305668420701, 2.4750633430077587, 0.8579790100540498, 0.37741494692273225
0.1239592353293812, 2.5708072401336546, 0.8651957625387029, 0.401233174651479
0.15812962099513755, 2.6749792135167567, 0.8827546218381157, 0.35028939619835736
0.17784586691534005, 2.295203244726623, 0.8773426593608876, 0.3385494978339644
0.17864517418237527, 2.754280167270579, 0.8780287920452086, 0.335594636931881
0.12322653700126557, 2.895145103087243, 0.8949773088411159, 0.40404787621310356
0.17544794511423434, 2.585275331888146, 0.8748886209242789, 0.3336773906084587
0.14214347565443283, 2.2616265242369575, 0.8298173416243435, 0.36196134310681055
0.18963564910410977, 2.5751413124605587, 0.8605369079820033, 0.29648386201769916
