acuracia,loss,frr,fpr
0.09370209930023325, 2.303779350920782
0.09696767744085305, 2.5605613623806254, 0.8837159163575384, 0.5467418350988559
0.09983338887037654, 2.8744399966100422, 0.9431892100654806, 0.5010835025634331
0.100433188937021, 2.304413435102423, 0.8890218704519489, 0.518411272495193
0.10176607797400866, 2.6160584644570584, 0.9223083545681685, 0.4688380782816591
0.1591469510163279, 2.5458085375045068, 0.8135933596963195, 0.2725754141899113
0.1450183272242586, 2.657854733301059, 0.8403104319559909, 0.38362961682581814
0.16874375208263911, 2.8800488884430733, 0.8037798187737023, 0.32397317388902236
0.15881372875708097, 3.18008855599159, 0.8522216521374724, 0.3008894826401867
0.1567477507497501, 3.2257258025100732, 0.8129469944028429, 0.3068071738551411
0.1280239920026658, 2.3548366449706277, 0.8418636288637564, 0.3941291855394864
0.1368877040986338, 2.798296506724251, 0.8528114257673053, 0.3738769291610341
0.13088970343218928, 2.3386535405874334, 0.8601184594614175, 0.32904846091417184
0.09896701099633455, 2.5190447345808002, 0.9260463402305128, 0.49364011254918355
0.15768077307564146, 2.9570214838395312, 0.8397478418201697, 0.33185568202191423
0.1903365544818394, 2.364050942371385, 0.7790977842988488, 0.2712220661582942
0.1441519493502166, 3.226891419411659, 0.8817663183280258, 0.334906974593232
0.16141286237920693, 3.1847942469061237, 0.8329218956419936, 0.349960274719157
0.14348550483172276, 2.621239535993673, 0.8463338195995934, 0.3852339366256246
0.14868377207597466, 2.5319598097914024, 0.8448804785144691, 0.37199478143539433
0.11269576807730756, 2.7921582551846225, 0.9139540767103368, 0.45895358713928747
0.10149950016661113, 2.4317696354779272, 0.8926347093011732, 0.497083183228788
0.10069976674441852, 2.7056895739433964, 0.9422216167931321, 0.4685173306366067
0.16814395201599466, 2.656141950392159, 0.799344060554448, 0.2647695491004215
0.09903365544818393, 3.176494938768732, 0.9259994359153157, 0.49536491786812836
0.11822725758080639, 3.1501837231603633, 0.8654314662247069, 0.4883887158779827
0.11242919026991002, 2.660446974699674, 0.8735470874974836, 0.40874808298810217
0.15034988337220925, 2.3086075701105004, 0.8321843788041734, 0.40314486603029626
0.10716427857380872, 3.1046059982493017, 0.8787891534216614, 0.46105720007641426
0.1052315894701766, 2.5050044933107447, 0.8808192268574422, 0.4655494572298335
0.100433188937021, 2.2981490455361775, 0.8890218704519489, 0.5165587429030932
0.10003332222592469, 2.4816171943962635, 0.8734004840146365, 0.547290962760177
0.14341886037987336, 2.826703474156978, 0.8866691770345062, 0.35400783130063995
0.10016661112962345, 2.687837434669051, 0.9428125078141181, 0.48311055338204206
0.1242919026991003, 3.503714596733615, 0.8529363687492866, 0.47174165468959783
0.10096634455181606, 2.893631074945754, 0.872003832301903, 0.3974657066148494
0.10136621126291236, 2.3190506274840783, 0.9416335557996852, 0.466289165309737
0.12422525824725092, 2.3831818817615984, 0.8527263364934436, 0.46690782043133333
0.16001332889036987, 2.3781689798383066, 0.8619616423079467, 0.3481464607272783
0.09896701099633455, 2.4654676638615602, 0.9260463402305128, 0.4988476036236106
0.09910029990003333, 2.4592260292950012, 0.8813709530987446, 0.4924838550098246
0.10716427857380872, 3.1509451384188454, 0.8748009121095235, 0.5190107000551849
0.16494501832722425, 3.1076289785976847, 0.8250134727417768, 0.3337408952640513
0.18993668777074307, 2.300457495842247, 0.7796708272440556, 0.24070317629719215
0.14795068310563145, 2.4623823854058076, 0.8344279000789667, 0.4004364531624369
0.11482839053648784, 2.6010671916066785, 0.9262441095347536, 0.4093238384952773
0.11062979006997667, 2.3705808999815687, 0.8643901832215872, 0.5086807464016762
0.1352215928023992, 2.458157585073177, 0.8368424900144567, 0.4431540354541144
0.1076974341886038, 4.04661548879694, 0.8670365817520238, 0.52252408827313
0.10149950016661113, 2.2910431624014986, 0.8926347093011732, 0.4964252686500985
0.12735754748417194, 2.4804298669169325, 0.8627405586799769, 0.3372190279241677
0.09696767744085305, 2.701843747588961, 0.8837159163575384, 0.5484869377657959
0.09896701099633455, 2.6097885393293967, 0.9260463402305128, 0.4955457225831338
0.10149950016661113, 3.6690794751251667, 0.8926347093011732, 0.4955384944824258
0.1298900366544485, 2.3986959908573438, 0.8441258274628136, 0.3897875333519621
0.1421526157947351, 2.79489470997559, 0.8594377391834754, 0.3690338602927803
0.14541819393535488, 2.770878234528494, 0.8235627806501931, 0.3609060420707868
0.15401532822392536, 2.9065413581574213, 0.8293908610104491, 0.3874403762454802
0.1651449516827724, 3.7126682785482097, 0.8264697855962162, 0.33351158723167457
0.14341886037987336, 3.7156654111507215, 0.8412323102994137, 0.3803984179079746
0.17907364211929358, 2.3694292194165616, 0.8037080999160399, 0.3185156529773075
0.15201599466844384, 2.4670414874570366, 0.8805000201634272, 0.36227951257981933
0.10476507830723092, 2.300493193824702, 0.8676865272640834, 0.4074800693403424
0.09696767744085305, 3.9623476960507285, 0.8837159163575384, 0.548555970059916
0.15894701766077973, 2.3240267835589736, 0.8264697624675827, 0.3648585266766588
0.12849050316561147, 2.3791052730510094, 0.8802872212068307, 0.37476442464206783
0.1408863712095968, 2.8270609921929997, 0.8640067689298666, 0.35386416135431
0.15394868377207596, 3.3006076808076665, 0.8774696937497927, 0.3467246619748863
0.11076307897367545, 2.857909789410324, 0.8778135819211196, 0.4107766738367295
0.1603465511496168, 2.9071594230376334, 0.8362331744433945, 0.3380775865941299
0.22132622459180273, 2.1237334903499674, 0.7487303605201576, 0.2150519114931626
0.1632122625791403, 2.3218399792184674, 0.8309617676877036, 0.35638861744782435
0.10049983338887038, 2.644055405103219, 0.9424414847104916, 0.47858210273497803
0.09696767744085305, 3.635736923879562, 0.8837159163575384, 0.547115436856566
0.14801732755748084, 2.6265873294876085, 0.8260765010631375, 0.3614438271293921
0.09896701099633455, 3.1551647421678912, 0.9260463402305128, 0.4938070207289404
0.19326891036321225, 2.9400823113720485, 0.7785936973311832, 0.2537132677867779
0.15681439520159945, 2.4034729120930765, 0.8409944448467493, 0.35234670617753555
0.1186271242919027, 2.618175469661148, 0.9219234151785315, 0.40645032281371024
0.10229923358880373, 2.8858802404255917, 0.8916889971061401, 0.4621286516934039
0.15421526157947352, 2.314310935162497, 0.8830677861775665, 0.33755852143824727
0.10263245584805065, 2.2899490707280514, 0.8838894237965418, 0.4806485533485428
0.16174608463845386, 3.2421570377284707, 0.8254762097752588, 0.3123539962666013
0.17914028657114295, 2.423247622927202, 0.8038183396445128, 0.3111806909379051
0.13902032655781407, 2.347145409359212, 0.8314078006305691, 0.44899394243573576
0.15781406197934023, 3.1264973109422307, 0.8297579070200858, 0.3246697413406522
0.16021326224591803, 2.2889720724726152, 0.8219590452298149, 0.3172409989921668
0.11669443518827058, 2.7988001797287434, 0.8570309782847507, 0.43271822924051956
0.11896034655114962, 3.338478911284485, 0.8526000940849701, 0.4174991096169255
0.18767077640786403, 2.320764564006021, 0.7839040948354138, 0.25524370700851884
0.12475841386204599, 2.3715837979388215, 0.8524983186048937, 0.4524228853095787
0.12302565811396202, 2.6387623367767183, 0.9231606118440979, 0.3374199357005492
0.16061312895701432, 2.3872521351592138, 0.8339450629239122, 0.34851174778119853
0.1432855714761746, 3.059920644839578, 0.8601134041069306, 0.3468317169038228
0.1486171276241253, 2.282355041052651, 0.8420249899738593, 0.3806984244187769
0.11142952349216928, 2.768401859474754, 0.8707750562816138, 0.5055668048709959
0.10049983338887038, 2.3918495666500093, 0.8889588981597575, 0.4902612552957203
0.1656114628457181, 2.3002605857232616, 0.8041561149776489, 0.3337901395709072
0.15368210596467843, 2.5443113311216536, 0.8294467810881928, 0.356303476718857
0.1275574808397201, 2.3166658661676145, 0.8642899250626772, 0.31728524599309726
0.1494168610463179, 2.4670167239893677, 0.8214818187725962, 0.3325447284641089
0.09096967677440854, 2.30631357880681, 0.8896821419984153, 0.4018890085453563
0.09943352215928024, 3.027527520530266, 0.8943037358190885, 0.5096898840586872
0.1720759746751083, 2.8776735266698514, 0.8095984288488923, 0.33741196105246446
0.13508830389870044, 2.781530012920752, 0.9035286775911372, 0.37933977584741757
0.12289236921026324, 2.2916057537254275, 0.848958668705259, 0.36977302163372505
0.17540819726757748, 2.7373770123519567, 0.8145959713861026, 0.25442106690135746
0.15481506164611797, 3.93964882839306, 0.8284887317233807, 0.3634714051187008
0.13782072642452517, 2.383905428506978, 0.8414914046877124, 0.44170258395713147
0.2121292902365878, 2.9236256555015743, 0.7708506042793257, 0.2104866018824419
0.17274241919360214, 3.4966877242677494, 0.8095518061382097, 0.34595760927242575
0.10096634455181606, 2.3115446822637717, 0.8721909507823234, 0.5267711827366328
0.14915028323892035, 2.857108891594215, 0.833259833259738, 0.40539892944749933
0.10023325558147285, 2.332409332506421, 0.8982807507088522, 0.4985637335329849
0.12242585804731757, 2.761669389568381, 0.8659743182014621, 0.337260353230647
0.16507830723092304, 3.058532138442405, 0.8244698619048918, 0.33370911144447224
0.10723092302565812, 3.1463583120303484, 0.918705087971867, 0.4731709919492756
0.16907697434188604, 2.267887472129194, 0.8567142996145929, 0.2718834695799822
0.1485504831722759, 2.553271141516213, 0.8792305682638999, 0.33297908278157157
0.18560479840053315, 2.496204958093917, 0.8342958595875059, 0.26263398330809073
0.099566811062979, 2.439191381155114, 0.925637088271456, 0.4935589134446749
0.11656114628457181, 2.764400160912473, 0.8696622875639106, 0.4426450649073031
0.12122625791402866, 2.4147469265784314, 0.8628638196228404, 0.4698650669130201
0.12002665778073976, 2.5055831388170344, 0.9075903336220843, 0.43621064685369265
0.10663112295901367, 2.7891954290831102, 0.8804460717336922, 0.47641182667694215
0.18733755414861714, 2.800748407195227, 0.7841127306251665, 0.272294422309544
0.14061979340219927, 2.7779093182750323, 0.8469174460561633, 0.42685702353374816
0.18853715428190604, 2.965569449289367, 0.7824285310737885, 0.2632433486277066
0.1688103965344885, 2.932034002121827, 0.874859769081794, 0.2861018176147053
0.1546817727424192, 3.9297705067312347, 0.8769236475532365, 0.3486472786490091
0.17300899700099967, 2.8470985964452056, 0.8665184654185796, 0.322268296326757
0.15881372875708097, 2.933038830741252, 0.8726121363123006, 0.33767455612752684
0.10863045651449517, 2.7241343132697198, 0.8857621028026376, 0.4519801867732867
0.1299566811062979, 2.6635032094823883, 0.8913809447470848, 0.3243241408360347
0.14541819393535488, 2.656688063393351, 0.894866936684186, 0.3126702290682695
0.1744751749416861, 2.9484280271873358, 0.8163929213818296, 0.32123399567740324
0.1586804398533822, 2.7419358761975543, 0.8320906333490455, 0.3923565115462523
0.1574141952682439, 2.775488242817815, 0.849598964674229, 0.31481757603187205
0.15554815061646118, 2.551843894179445, 0.8748597690074437, 0.29906969846451603
0.11189603465511497, 2.2952037516533235, 0.8854039022926751, 0.40182106382840904
0.14121959346884372, 2.318983850984405, 0.882019140006858, 0.39731979590723443
0.10309896701099633, 2.5028641105611813, 0.9394624020137172, 0.42308886154503333
0.16494501832722425, 2.4501688194449684, 0.8225683123084441, 0.3545271240555103
0.15954681772742418, 2.6602080795336707, 0.8321782772672623, 0.3835283381924408
0.1554815061646118, 3.038790290501069, 0.8745943034218809, 0.33935517146808236
0.17500833055648118, 2.393169452007196, 0.7946859289192233, 0.3481500282153782
0.16667777407530823, 2.3161695543188765, 0.8209453005247551, 0.34738285699554433
0.13055648117294236, 2.842523389377422, 0.8496951863914537, 0.4004306094348194
0.15801399533488836, 2.804451458837858, 0.8270820679117963, 0.3660365763839274
0.1635454848383872, 2.3403825984085374, 0.8239655524145769, 0.35073188560779556
0.15074975008330557, 2.319870709999527, 0.8533237732421732, 0.31433761006178457
0.11536154615128291, 2.8683556373617485, 0.8824785212317081, 0.37848038659937233
0.15234921692769077, 2.792457675862336, 0.8222137774670573, 0.3639952385223258
0.14028657114295234, 3.062989036288511, 0.8395085794767636, 0.43489031473681844
0.1421526157947351, 2.2746524754384088, 0.8658310750783519, 0.35575953831702894
0.11602799066977675, 2.2979602417442173, 0.8725445307525888, 0.3745711861642728
0.17514161946017995, 2.848361586690227, 0.8100784506681393, 0.30336247661861754
0.1270909696767744, 2.4363327821387086, 0.8638621852083823, 0.3924730484468934
0.11369543485504832, 3.1575912722306665, 0.8841929308425558, 0.380693624912705
0.15374875041652783, 3.51907822097472, 0.8293644713909704, 0.37086088903677494
0.10023325558147285, 2.3629380484256535, 0.8982807507088522, 0.49775816036448345
0.09983338887037654, 2.4839466209611825, 0.9431892100654806, 0.5008643124002439
0.11036321226257914, 2.323420572010766, 0.8788102454945921, 0.40534853241953017
0.13902032655781407, 2.728547782224244, 0.8481093587451157, 0.43365115990987385
0.10023325558147285, 3.276193092668585, 0.8982807507088522, 0.49673467290033796
0.1380873042319227, 3.034109824087492, 0.8490809819373721, 0.4366044274675149
0.1020326557814062, 2.9113529970152543, 0.9406782688989785, 0.449969474094825
0.15934688437187605, 2.5376708752709365, 0.8226628320868, 0.2667208854207864
0.1562812395868044, 2.6920109200660325, 0.8347559807760494, 0.3888852842226152
0.1024325224925025, 2.287264104272397, 0.870632330389823, 0.5012274035458228
0.10623125624791736, 2.375206178420784, 0.8659866211180365, 0.4765630591967239
0.09896701099633455, 3.1006620661968474, 0.9260463402305128, 0.49538875678190586
0.10023325558147285, 2.6816368782055533, 0.8982807507088522, 0.49760246846177364
0.18413862045984672, 2.397993929824683, 0.786233023930895, 0.2871243928699195
0.15648117294235256, 3.6992508966181523, 0.840268998879996, 0.3452309177881154
0.1798067310896368, 2.314453027821191, 0.8030280612207961, 0.3084551108599817
0.1563478840386538, 2.678706030069451, 0.8263514040395059, 0.3646309162326885
0.134488503832056, 2.225608408860229, 0.8787171926658223, 0.34323305532219167
0.10943018993668777, 3.0627054611987488, 0.9166843870018531, 0.46640563157079135
0.099566811062979, 3.50727166775583, 0.925637088271456, 0.49540401928629907
0.17360879706764412, 2.5118293315162266, 0.8086961249808475, 0.34006856763597454
0.14435188270576474, 3.025595322504555, 0.8433508477685947, 0.42358251401879626
0.10329890036654449, 2.3743602512439703, 0.8937058854817085, 0.4833776331460725
0.13948683772075976, 2.6821005269552383, 0.8475186222568141, 0.4393053001273837
0.14661779406864378, 2.3552539816104505, 0.8293428991552272, 0.3575419653331548
0.10263245584805065, 2.313920078012237, 0.8838894237965418, 0.4828549939438531
0.13495501499500168, 2.362938038868254, 0.8443257713028421, 0.4432820850453025
0.09896701099633455, 2.869618560456705, 0.9260463402305128, 0.4956338781443302
0.10349883372209263, 3.1378800042269033, 0.9224492477415817, 0.48351605980127327
0.15068310563145618, 2.677279220688784, 0.8240770063915377, 0.35235918013876777
0.1582805731422859, 2.4425571190321773, 0.8145661755696889, 0.3383085652260065
0.1578807064311896, 2.827000152385461, 0.8332244396286951, 0.3919769773793763
0.16421192935688103, 3.3292631372695207, 0.8228937214244763, 0.35800904793905974
0.11942685771409531, 2.838143379554793, 0.8774168658101166, 0.3707835295819935
0.17427524158613794, 2.321031450565876, 0.8612889182880133, 0.3063649301269778
0.17180939686771077, 2.218084329170054, 0.8359919172819799, 0.28675220704790616
0.10583138953682106, 2.436139246155047, 0.9364329434814428, 0.43636014673421614
0.1607464178607131, 2.4748500056045923, 0.8451093467275748, 0.26538150463803806
0.1967344218593802, 2.3015206100145447, 0.7739074228526399, 0.24673782017886503
0.20013328890369877, 2.468148436779898, 0.7762102816638767, 0.22837444578374905
0.15528157280906366, 2.449649017828776, 0.8189890658718129, 0.36059179750002
0.13175608130623126, 2.5427030458127766, 0.9079337667509091, 0.3870379395150566
0.0833722092635788, 2.3042310931928074, 0.9029630812137199, 0.3653842479710015
0.10023325558147285, 2.3086621357337194, 0.8982807507088522, 0.49827916558697927
0.09896701099633455, 2.7293202400048626, 0.9260463402305128, 0.49380025447216297
0.09696767744085305, 3.204144177985803, 0.8837159163575384, 0.5446591935651892
0.09943352215928024, 2.3158159877093225, 0.8943037358190885, 0.5067254879036202
0.10003332222592469, 2.375834225082906, 0.8734004840146365, 0.5450242261901679
0.09696767744085305, 4.199805055245365, 0.8837159163575384, 0.5478377521662474
0.10189936687770743, 2.3525015946032006, 0.8719983728567586, 0.5456285170765051
0.10003332222592469, 3.825260114161343, 0.8734004840146365, 0.5488559101110543
0.10863045651449517, 2.3303775570226564, 0.8661646219527507, 0.5235928078202833
0.10149950016661113, 2.819437979821641, 0.8926347093011732, 0.49729130803347504
0.10263245584805065, 2.963465338474669, 0.8838894237965418, 0.4829022927864572
0.10009996667777407, 2.4306903362115277, 0.8733535796994396, 0.5494861092995118
0.09696767744085305, 4.347392139090017, 0.8837159163575384, 0.5476472057996532
0.15188270576474508, 2.39306502388303, 0.8402413191361496, 0.36326845878764025
0.14028657114295234, 3.2314063793021575, 0.8894853722869197, 0.36826152893098224
0.14955014995001667, 3.8693290150352255, 0.8407230833269234, 0.386040958010133
0.12862379206931024, 2.4779265397709636, 0.9182929106496912, 0.4298033663648428
0.10156614461846052, 3.130487705687212, 0.9238868923355656, 0.49136833371451516
0.16014661779406864, 2.3128686785976, 0.8264327778906455, 0.34783123260043186
0.10149950016661113, 2.3088998658146234, 0.8926347093011732, 0.49745659090864053
0.09896701099633455, 2.369235470484829, 0.9260463402305128, 0.49871017087217007
0.09896701099633455, 2.9496794084436453, 0.9260463402305128, 0.49612423771488545
0.09696767744085305, 3.0341338227248835, 0.8837159163575384, 0.5473821452056732
0.10149950016661113, 3.0784298069593867, 0.8926347093011732, 0.4958957771070895
0.09696767744085305, 3.4467811006341367, 0.8837159163575384, 0.5465765100051164
0.14908363878707098, 3.4466895080574034, 0.8411596978087464, 0.39072272784037176
0.09903365544818393, 2.302374018211835, 0.877182528720515, 0.3871956723983412
0.10263245584805065, 2.3040475867581898, 0.8838894237965418, 0.4816934650470436
0.10023325558147285, 2.3107672259792493, 0.8982807507088522, 0.49591818399155524
0.09996667777407531, 2.3396601213212413, 0.915517559254227, 0.5302117895927061
0.10003332222592469, 2.372497645571644, 0.8734004840146365, 0.5496826289757767
0.09696767744085305, 3.504391266941349, 0.8837159163575384, 0.5496736891937323
0.10003332222592469, 3.268214493038574, 0.8734004840146365, 0.549690661608975
0.10023325558147285, 3.6361505833437984, 0.8982807507088522, 0.49791762051667837
0.10003332222592469, 4.0615097958022295, 0.8734004840146365, 0.5471570244324798
0.11109630123292236, 2.3121832305850365, 0.9135614487319206, 0.36035897734988476
0.09896701099633455, 2.7832996301434907, 0.9260463402305128, 0.49443774771121635
0.10003332222592469, 3.340608150809656, 0.8734004840146365, 0.5497564449793274
0.11556147950683106, 2.802783117668504, 0.8559882042595669, 0.35541737860742784
0.114161946017994, 3.595810669817475, 0.8620798028860033, 0.3533769181902672
0.09896701099633455, 3.3454541888526186, 0.9260463402305128, 0.4960280546229695
0.13708763745418193, 2.329166620916146, 0.867810253012206, 0.3493081089862534
0.1060313228923692, 3.3671387509598967, 0.868253684203417, 0.529337716290162
0.12929023658780406, 3.3887891434920068, 0.8486711588269656, 0.4501887356648064
0.09896701099633455, 2.338390332466362, 0.9260463402305128, 0.4976216764933127
0.09696767744085305, 3.7669403242095636, 0.8837159163575384, 0.5473479295964365
0.11102965678107297, 2.7803146511266648, 0.8885720923515933, 0.4688786185308341
0.14235254915028323, 2.3124416219993496, 0.8455152624699913, 0.42624240241279576
0.10149950016661113, 2.806051920255555, 0.8926347093011732, 0.49690126349350267
0.1088970343218927, 3.3784741155150253, 0.8815223997169406, 0.36244941552109566
0.09696767744085305, 3.4702787833704787, 0.8837159163575384, 0.5472515330154123
0.09983338887037654, 2.31476374864181, 0.9431892100654806, 0.5059323505044738
0.100433188937021, 2.3182442318396106, 0.8890218704519489, 0.5155404176973019
0.10003332222592469, 2.3753511619424867, 0.8734004840146365, 0.5495510914727654
0.09983338887037654, 2.315577620428747, 0.9431892100654806, 0.5035087725832466
0.09696767744085305, 3.1476198789160557, 0.8837159163575384, 0.5471968745513236
0.10149950016661113, 3.326571759781175, 0.8926347093011732, 0.49352080829538847
0.09896701099633455, 2.340703439347071, 0.9260463402305128, 0.49462285069810397
0.11362879040319894, 2.309493769093062, 0.878536479722712, 0.3468436182424087
0.09696767744085305, 2.779949818830099, 0.8837159163575384, 0.5486496060371404
0.09696767744085305, 3.3854875574426546, 0.8837159163575384, 0.5474543801164542
0.10149950016661113, 2.3579385616270074, 0.8926347093011732, 0.4957387309003153
0.10149950016661113, 2.3447160423219064, 0.8926347093011732, 0.4951918947853552
0.10149950016661113, 2.3173184779356895, 0.8926347093011732, 0.4965678952668681
0.10263245584805065, 2.3033528676870385, 0.8838894237965418, 0.4848662130107887
0.09696767744085305, 2.920648689962792, 0.8837159163575384, 0.5456808401007939
0.10023325558147285, 4.063696415541133, 0.8982807507088522, 0.49640966687976185
0.10003332222592469, 4.024683459875227, 0.8734004840146365, 0.5477807621757986
0.10903032322559147, 3.8160879639934118, 0.8652827552656606, 0.4598318463358507
0.10716427857380872, 4.328916013143492, 0.8748127490229372, 0.5192573062045456
0.1748750416527824, 3.054796186227554, 0.8620216582526975, 0.2714965862817495
0.10023325558147285, 2.892989111566337, 0.8982807507088522, 0.4946252013594756
0.09990003332222593, 3.3715810904301073, 0.9254024343220507, 0.49502282584490925
0.16627790736421194, 2.299365731502763, 0.8111104818149751, 0.26565310249119356
0.09696767744085305, 2.7143128756084907, 0.8837159163575384, 0.5488334453711141
0.11809396867710763, 3.4789572337376042, 0.8576749824695711, 0.4771175399979227
0.15721426191269577, 3.379421267075286, 0.8282083496246928, 0.3540721491961013
0.10023325558147285, 3.553240765537353, 0.8982807507088522, 0.49433021476774924
0.1485504831722759, 3.2910656281130906, 0.8606948236483746, 0.328022976822427
0.09696767744085305, 2.3021779112162806, 0.8837159163575384, 0.5496707926703499
0.10149950016661113, 2.3131268627442587, 0.8926347093011732, 0.4955848817404297
0.09996667777407531, 3.030791011479488, 0.915517559254227, 0.5284796518716534
0.09696767744085305, 4.508121045753583, 0.8837159163575384, 0.5466517127698146
0.10376541152949018, 2.690790078108488, 0.8778294727004254, 0.5217478603318736
0.13002332555814727, 4.564459915700971, 0.8557562944927586, 0.45903647937345954
0.10049983338887038, 2.338217169640264, 0.8978126934961997, 0.48916690603737134
0.10263245584805065, 2.309362075710964, 0.8838894237965418, 0.479960306410755
0.10023325558147285, 3.00604678655775, 0.8982807507088522, 0.4971531420489107
0.09896701099633455, 4.337384454697936, 0.9260463402305128, 0.4944025782686797
0.10023325558147285, 3.8308196201041635, 0.8982807507088522, 0.4968101031611668
0.10429856714428523, 2.3201209159184994, 0.8683201003184259, 0.5101414107321991
0.110163278907031, 2.3081182406291054, 0.9027597452364653, 0.4156753442312741
0.09896701099633455, 3.1609350458100334, 0.9260463402305128, 0.49356143414515613
0.09896701099633455, 4.464650122049211, 0.9260463402305128, 0.49774117303590054
0.10023325558147285, 2.488949421603296, 0.8982807507088522, 0.49553514639103335
0.10263245584805065, 2.777812968643853, 0.8838894237965418, 0.4787830512114958
0.10023325558147285, 2.3109163627827893, 0.8982807507088522, 0.4942254927343808
0.09696767744085305, 2.987010078666926, 0.8837159163575384, 0.5472930839172281
0.10023325558147285, 3.3413391009524283, 0.8982807507088522, 0.49893663850793607
0.10003332222592469, 2.348964348390713, 0.8734004840146365, 0.5466954334506522
0.09923358880373209, 2.303807573388394, 0.8997556404680834, 0.46532200782787003
0.10263245584805065, 2.3501775124040454, 0.8838894237965418, 0.4822634626889532
0.09696767744085305, 2.8801188477989994, 0.8837159163575384, 0.5455373223742546
0.11462845718093968, 2.880323705384033, 0.8703627681923448, 0.4252438262659671
0.10023325558147285, 4.005440444866445, 0.8982807507088522, 0.49795431952607394
0.10263245584805065, 2.299828909151318, 0.8838894237965418, 0.48058086967375113
0.09983338887037654, 2.692368804038028, 0.9431892100654806, 0.5013726248415631
0.09896701099633455, 2.3440798060014543, 0.9260463402305128, 0.4934054828722668
0.100433188937021, 2.6604710380064174, 0.8890218704519489, 0.5147158611168037
0.10269910029990004, 2.7462917238980364, 0.8837932699503879, 0.48017715691281637
0.09983338887037654, 2.3351177701788, 0.8739882982561525, 0.4280075313901198
0.09896701099633455, 3.404475124785599, 0.9260463402305128, 0.5001734097102054
0.09896701099633455, 3.5696376873131235, 0.9260463402305128, 0.4963972991665241
0.09696767744085305, 2.4818087536587154, 0.8837159163575384, 0.5467498110205272
0.09896701099633455, 3.44823412047907, 0.9260463402305128, 0.4948713896018587
0.09896701099633455, 3.3938249468922574, 0.9260463402305128, 0.49267204051937136
0.09696767744085305, 3.6634939554014907, 0.8837159163575384, 0.5474217028630831
0.09983338887037654, 2.831389237268493, 0.9431892100654806, 0.5052519976265059
0.1704098633788737, 2.6185954541772336, 0.8454583596442268, 0.25050924799843177
0.09696767744085305, 3.9899839829024137, 0.8837159163575384, 0.5484070683199641
0.16207930689770075, 2.514575584710975, 0.8660186055361704, 0.3095827484347244
0.1104965011662779, 3.237614574963869, 0.8616681713023875, 0.3704227906195944
0.14528490503165611, 2.3089459283794413, 0.8295083490581021, 0.35275990655498607
0.09983338887037654, 2.302675654132618, 0.8937981502892536, 0.5028051805857805
0.09696767744085305, 2.9568178314798796, 0.8837159163575384, 0.545568137347588
0.10003332222592469, 2.845286349438302, 0.8734004840146365, 0.5478628939004915
0.10029990003332223, 3.395752121336815, 0.9150588763337064, 0.5242835415299527
0.14881706097967345, 2.6799205177110736, 0.8444169160714893, 0.37331066795248025
0.09943352215928024, 2.6149403764739985, 0.9256683302148625, 0.49416881598108536
0.10023325558147285, 3.1040302957407198, 0.8982807507088522, 0.49461587826943265
0.10736421192935688, 2.275284542277907, 0.8783687011288392, 0.4277519582376755
0.10023325558147285, 2.530769739048515, 0.8982807507088522, 0.4969169572659727
0.09896701099633455, 2.903774881347026, 0.9260463402305128, 0.4956166731151102
0.09896701099633455, 2.9168247201529316, 0.9260463402305128, 0.4973401746232521
0.09896701099633455, 3.083532912724815, 0.9260463402305128, 0.4946980380324365
0.09896701099633455, 3.4384265753576178, 0.9260463402305128, 0.4974242283416075
0.10023325558147285, 2.4101487944897553, 0.8982807507088522, 0.4954083230822858
0.11882705764745086, 2.903273022830268, 0.8659868575794969, 0.3448286144383058
0.10069976674441852, 4.043015267299994, 0.8803135463117269, 0.5381456128385762
0.13302232589136953, 2.9315121416805665, 0.8498444907544084, 0.3613691907543444
0.1607464178607131, 2.574018837125728, 0.8257802901556737, 0.35465539405571905
0.19093635454848384, 2.4258709108499796, 0.8006660928653746, 0.25775160865429236
0.11042985671442852, 2.9723340186227443, 0.9159781660503986, 0.46194068380977554
0.18007330889703432, 2.741902074564381, 0.7877679968657986, 0.2692817091199261
0.20519826724425191, 2.2786509801291976, 0.7609001063988825, 0.23004892952327052
0.13742085971342885, 2.4834299425092072, 0.8682973071310561, 0.3556811442419299
0.10463178940353215, 3.1098045711754083, 0.8686159300478078, 0.4661158418979112
0.16627790736421194, 3.2163196613573306, 0.8082001523791945, 0.325655958862161
0.1490169943352216, 2.322445821285407, 0.8445728088033343, 0.3240351011058433
0.15714761746084638, 3.0777391075372935, 0.8334077863238392, 0.3915365780189616
0.13615461512829058, 2.6996258508519544, 0.9067457229532991, 0.3971532103960867
0.10383205598133956, 2.27918815941701, 0.9217854695334763, 0.4770447871852531
0.11422859046984339, 2.2949214450123705, 0.8980730644782564, 0.4024561451041285
0.10096634455181606, 2.3071373051462554, 0.8972316590178855, 0.48949727290329503
0.1462179273575475, 2.836991206227601, 0.8379625935237499, 0.38342157213504435
0.09983338887037654, 2.3143076393215787, 0.9431892100654806, 0.5038494843847828
0.15734755081639454, 2.3130862715720175, 0.8382053398367957, 0.34098731624772083
0.09896701099633455, 2.760481417580312, 0.9260463402305128, 0.4946947129712404
0.09696767744085305, 4.325886739229846, 0.8837159163575384, 0.5478106233976144
0.16341219593468845, 2.96699745124358, 0.8368416246453438, 0.3302976937290326
0.156214595134955, 2.300184854655534, 0.8136487250581519, 0.31966370830039914
0.09696767744085305, 3.191924909471234, 0.8837159163575384, 0.5474694666537328
0.12602465844718427, 2.3167892930985134, 0.8602153142780505, 0.3812519940692741
0.16547817394201933, 2.7246851045741356, 0.835807978801687, 0.32330792748462944
0.10023325558147285, 2.642818232160217, 0.8982807507088522, 0.49584523417773435
0.09750083305564812, 3.035434456723247, 0.8833537010870985, 0.5470309953217574
0.17994001999333556, 2.299424779212542, 0.8027708693945763, 0.302687716953549
0.10263245584805065, 2.3511921524008446, 0.8838894237965418, 0.48368811456008176
0.09943352215928024, 2.302274465036567, 0.8943037358190885, 0.5061826727215333
0.09983338887037654, 2.440125358243737, 0.9431892100654806, 0.5034306113352497
0.10003332222592469, 3.3177881829423215, 0.8734004840146365, 0.5488569681197829
0.10263245584805065, 3.392949106360785, 0.8838894237965418, 0.4811503098178024
0.09983338887037654, 3.0267779614519412, 0.9431892100654806, 0.5029678328146487
0.09896701099633455, 2.402292712820804, 0.9260463402305128, 0.4953997534043447
0.10003332222592469, 2.95297353162006, 0.9154557545570701, 0.5275213959709922
0.09696767744085305, 2.73078851076175, 0.8837159163575384, 0.5468652502972244
0.09696767744085305, 3.0165465290567868, 0.8837159163575384, 0.547353969269758
0.12969010329890038, 2.318520927016078, 0.8562719007144451, 0.4271413118314201
0.10149950016661113, 2.3676095335692495, 0.8926347093011732, 0.49515386538476347
0.09896701099633455, 2.8935924253238117, 0.9260463402305128, 0.4960489496000946
0.09983338887037654, 2.666818071206146, 0.9431892100654806, 0.5037843490690561
0.1592135954681773, 2.754851256859616, 0.8130879511939149, 0.3272890325113802
0.10263245584805065, 2.462623024431716, 0.8838894237965418, 0.4817354391733145
0.14528490503165611, 3.2156766040291003, 0.8548178782026726, 0.33726461734788915
0.10949683438853715, 2.411971250203243, 0.9119346691185702, 0.39978702991512927
0.09696767744085305, 2.362129650152512, 0.8837159163575384, 0.54777207121512
0.11602799066977675, 2.8473516017268077, 0.9284083437356754, 0.32797870698080245
0.13295568143952016, 3.017767243197027, 0.853010993568929, 0.35700165673526896
0.14601799400199933, 2.519416620452497, 0.824860874720988, 0.4019514940277431
0.11602799066977675, 3.0389748092732085, 0.8888497548531962, 0.3744246017405118
0.10683105631456181, 2.390681973873318, 0.936265070169943, 0.41072856165838034
0.10023325558147285, 2.7235308296558896, 0.8982807507088522, 0.498193027340404
0.09896701099633455, 2.3610178527256838, 0.9260463402305128, 0.4945091692185695
0.09896701099633455, 3.3469071432575705, 0.9260463402305128, 0.4966747736782452
0.10023325558147285, 3.8986376803920733, 0.8982807507088522, 0.49636071180391317
0.10023325558147285, 3.3879201397304732, 0.8982807507088522, 0.4952460641812409
0.10263245584805065, 2.411697218434805, 0.8838894237965418, 0.4863771292254868
0.14361879373542152, 2.3791353926266163, 0.8457741146807584, 0.38879988574249263
0.14921692769076975, 2.343691646206661, 0.8485732238125447, 0.33688849978118973
0.10023325558147285, 2.415470129384553, 0.8982807507088522, 0.49462405397350695
0.10263245584805065, 2.5533543021509706, 0.8838894237965418, 0.485012177549609
0.07677440853048983, 2.3044361273076923, 0.9143432198625787, 0.30275151789716526
0.100433188937021, 2.3011356880171463, 0.8890218704519489, 0.5158603025738383
0.100433188937021, 2.302050552476211, 0.8890218704519489, 0.5173619315890281
0.10103298900366545, 2.551620514525528, 0.9238471366826019, 0.48469579700054366
0.100433188937021, 2.3077876845108434, 0.8890218704519489, 0.5169890828059802
0.09896701099633455, 3.0557769193843143, 0.9260463402305128, 0.49677550000462983
0.09896701099633455, 2.4495564654603554, 0.9260463402305128, 0.49835179886731973
0.1550149950016661, 2.8491777726468626, 0.8206829199791464, 0.2685698799121171
0.1445518160613129, 3.3233458119009147, 0.8464304562374118, 0.36768288973421764
0.15274908363878706, 2.47991896458206, 0.8444280214176356, 0.33601395935226075
0.09696767744085305, 3.033752556102985, 0.8837159163575384, 0.5469781299193816
0.10149950016661113, 2.3423336505889893, 0.8926347093011732, 0.49489795986354557
0.10369876707764078, 2.318504160628721, 0.8901966487157911, 0.4740916465396712
0.10023325558147285, 3.3491284026280517, 0.8982807507088522, 0.49761859569546046
0.10263245584805065, 2.356249938333722, 0.8838894237965418, 0.48444205338865276
0.09896701099633455, 3.0746267667018503, 0.9260463402305128, 0.4934380851776652
0.10263245584805065, 3.579398767175932, 0.8838894237965418, 0.4831367405870891
0.09696767744085305, 2.4106323985646703, 0.8837159163575384, 0.5497248394751493
0.09896701099633455, 2.511284874423827, 0.9260463402305128, 0.4942038281069566
0.1502165944685105, 2.8738012098622536, 0.8254036504992313, 0.2689659491597406
0.09896701099633455, 3.614347537886258, 0.9260463402305128, 0.4937960175692918
0.09896701099633455, 2.47528211678, 0.9260463402305128, 0.4965765007190154
0.10336554481839387, 2.318614126650026, 0.8707770988709237, 0.5437105632773589
0.10703098967010996, 2.3257368804692664, 0.8678858923270344, 0.5257071100812862
0.09896701099633455, 3.5264212714159977, 0.9260463402305128, 0.49555269949993497
0.100433188937021, 3.671703572258954, 0.8890218704519489, 0.5167284964309016
0.1506164611796068, 2.7224425427002417, 0.8193592849482625, 0.3297190613487292
0.10263245584805065, 3.070635093922855, 0.8838894237965418, 0.482459522770969
0.16741086304565145, 2.572270761955106, 0.8125567329124255, 0.2690357964475272
0.1392869043652116, 3.815115287412369, 0.8410653427595761, 0.4220117604484595
0.1586137954015328, 3.23751036788336, 0.8372784372493317, 0.3426253569352906
0.10376541152949018, 4.202085598048986, 0.9213708223182758, 0.489744560083305
0.15648117294235256, 2.28165334469078, 0.8340164117249784, 0.3633344316845212
0.09696767744085305, 3.9997960654368843, 0.8837159163575384, 0.5468845795746586
0.15714761746084638, 2.2910733457169346, 0.8244433143903382, 0.31596366270308346
0.10009996667777407, 2.4392878105464835, 0.8733535796994396, 0.5478891557427306
0.09896701099633455, 2.347070555256351, 0.9260463402305128, 0.4940378311751835
0.1100966344551816, 2.7488399666573597, 0.883282492375649, 0.3974489183259116
0.10909696767744086, 3.0590193415355458, 0.9168713679194548, 0.4700496049037703
0.10023325558147285, 2.289481744445272, 0.8982807507088522, 0.4975396028051626
0.1315561479506831, 2.8268501194823945, 0.8479029299113863, 0.3777422859804048
0.13902032655781407, 3.4413698795277927, 0.8627658387801567, 0.369346384175259
0.15208263912029324, 3.049142082932789, 0.8313602484876096, 0.37606532908954504
0.15568143952015995, 2.6966511545281375, 0.8276713332581094, 0.3769125700921986
0.10023325558147285, 2.3757439331704875, 0.8982807507088522, 0.4956590033844884
0.186271242919027, 2.3323230197055467, 0.7985111974215405, 0.2788397153719598
0.14528490503165611, 2.293609557045336, 0.830953747720174, 0.36469673728605356
0.1008330556481173, 2.6492533006099253, 0.8791468897339108, 0.4819092283097387
0.09696767744085305, 3.8581255177206613, 0.8837159163575384, 0.5469973369251171
0.1481506164611796, 3.2653816384261787, 0.8225095909147772, 0.40898254587270577
0.156214595134955, 4.044119416907683, 0.8282180289602815, 0.377505064432515
0.17227590803065645, 2.63750313504145, 0.8492193739359768, 0.35395501194654677
0.1987337554148617, 3.698442981539866, 0.7732220444020033, 0.25399177585515786
0.18227257580806397, 2.4154903927392777, 0.8006685110008614, 0.30961280124987517
0.10343218927024325, 2.3974232627486676, 0.869620948395208, 0.4270216531796895
0.11996001332889036, 2.3006421661980747, 0.8613768351993425, 0.43921602568347523
0.1622792402532489, 3.648845221920039, 0.8283803839435148, 0.3332835409447804
0.1546817727424192, 3.6906744481364475, 0.8230980699284836, 0.3338333684829064
0.10649783405531489, 3.305531454999937, 0.8657605013506906, 0.47100379107606505
0.1838720426524492, 2.263179597295312, 0.7880927883967188, 0.24490569940242687
0.14395201599466845, 2.403264855917435, 0.8769691740366735, 0.3981480602064209
0.1655448183938687, 3.224975289928242, 0.8242945102215782, 0.33419843955395867
0.10156614461846052, 3.6874949841887026, 0.9237247183347004, 0.48910012804823655
0.1392202599133622, 3.881291825117488, 0.8449298500072903, 0.3874497067100865
0.10023325558147285, 2.2808849252569243, 0.8982807507088522, 0.49309689308760474
0.11002999000333222, 2.2917506923440376, 0.876069033117916, 0.4611690166037584
0.10023325558147285, 2.8792703499797185, 0.8982807507088522, 0.4964266249585484
0.09896701099633455, 3.679187428822163, 0.9260463402305128, 0.4966734221191288
0.14461846051316227, 2.4464735268752045, 0.828105185750949, 0.43028250442729005
0.10116627790736421, 2.3043997863895376, 0.8718124769788698, 0.5427115912045661
0.100433188937021, 3.566998419301663, 0.9149625826807259, 0.5104974922512163
0.10989670109963345, 2.8246593230805845, 0.916260164746498, 0.46757930370746925
0.1040319893368877, 3.0709505847993195, 0.8769501947515714, 0.4797450055274706
0.1974675108297234, 3.3447439034673936, 0.7767880433530736, 0.2636376633631604
0.16574475174941686, 3.6012752066429994, 0.8170631892151208, 0.34194773538288786
0.16101299566811064, 2.3784672774302487, 0.8245364189380939, 0.3606516894517166
0.16081306231256248, 2.748949705271354, 0.8322988014950485, 0.36991261160668654
0.1125624791736088, 3.8319552982888276, 0.9001513099815688, 0.4136571417588962
0.16907697434188604, 3.636208951163395, 0.8247835740732933, 0.27183333110568897
0.10356547817394202, 2.290705854238887, 0.8832455178880799, 0.47562384809570224
0.17294235254915027, 2.6537014460809942, 0.8117625077924782, 0.3064025418734434
0.15068310563145618, 2.759867973086914, 0.832035016452271, 0.4027838352645855
0.1052315894701766, 3.711667173030336, 0.8671368806272897, 0.4661213229823119
0.15601466177940687, 2.290985239406142, 0.8115438802730612, 0.2944537865188
0.1254915028323892, 2.468621745923089, 0.8868631766584697, 0.3773729303828487
0.09896701099633455, 2.669944141325018, 0.9260463402305128, 0.49559853562880285
0.1534821726091303, 3.049920073241959, 0.8671515884834291, 0.37128560428712576
0.13582139286904366, 4.018432282757973, 0.8885555353253901, 0.35108793135993954
0.12829056981006332, 3.2145531874503823, 0.8499418292135594, 0.4544481132940807
0.18707097634121958, 2.362594989521112, 0.7935395041554478, 0.29324743171459344
0.1558813728757081, 3.1619201827549768, 0.8284653578416249, 0.38774923432502273
0.11649450183272242, 4.649980230693497, 0.8936746750649668, 0.45649548895184155
0.14315228257247584, 2.2983547331928533, 0.8442091836715285, 0.42499654448655877
0.1230923025658114, 3.100292199697148, 0.8612892745581513, 0.46986372480200717
0.09996667777407531, 4.024188855572447, 0.9253144300879258, 0.4955965611533582
0.18247250916361213, 2.2709463030844677, 0.7886829570938748, 0.2894949231362056
0.09696767744085305, 2.321085285067916, 0.8837159163575384, 0.5470277046946519
0.10003332222592469, 3.036181912152857, 0.8734004840146365, 0.5483558713199578
0.13902032655781407, 3.359587143683823, 0.8313833462689125, 0.44697523069140904
0.15521492835721426, 2.97994272644144, 0.8352280567002088, 0.3961704194802537
0.13255581472842387, 3.17789824371813, 0.8516930940411092, 0.3996866400157767
0.09690103298900367, 2.304313339197171, 0.883839069066898, 0.5470669149779643
0.09896701099633455, 2.5898716698881388, 0.9260463402305128, 0.49320035855155764
0.1485504831722759, 2.601416411085234, 0.8323423627702857, 0.29848121568396946
0.09696767744085305, 3.1557373187097855, 0.8837159163575384, 0.5485690551733987
0.10149950016661113, 3.160419042207368, 0.9414497438849164, 0.48064946329590946
0.17194268577140953, 2.637212765423388, 0.8121112153151595, 0.3385963004130669
0.09916694435188271, 3.678176374603851, 0.9258410033712803, 0.49074489298583784
0.15068310563145618, 2.976819030803984, 0.8875015643289552, 0.3396754437956764
0.17580806397867377, 2.7668375133435275, 0.7958765200236114, 0.29973295945481093
0.16487837387537488, 2.9990013433511717, 0.830782875319307, 0.33267378062036124
0.16647784071976007, 3.084143723356291, 0.8246828323445623, 0.3327519050405612
0.1599466844385205, 3.042835459995969, 0.8317639093835938, 0.389922763504797
0.10776407864045318, 3.336642627273548, 0.8919595143995218, 0.43300403702904877
0.16994335221592802, 2.595758592347549, 0.8186015390012464, 0.33872506210003417
0.2295901366211263, 2.6519397557397477, 0.7528206681725661, 0.21900570911629505
0.14515161612795735, 2.257249060629686, 0.8374871453461882, 0.34271533422906153
0.19460179940019992, 2.4382131697614366, 0.7794310910283075, 0.274183389973257
0.18393868710429856, 2.2971554761805244, 0.8636765297638146, 0.2833459196922525
0.17940686437854048, 2.240244411937557, 0.8151506843562801, 0.27350544218499406
0.15401532822392536, 3.251803888677955, 0.8483132321396365, 0.3561885670220279
0.14548483838720427, 2.2619960168487667, 0.9021167564996679, 0.3833340659985711
0.10723092302565812, 3.057482872975345, 0.921557933832332, 0.46886771563993157
0.15554815061646118, 2.3549871702267304, 0.8283526368615503, 0.39609101326649654
0.1469510163278907, 2.919655969861109, 0.8343256221238875, 0.4226600957561886
0.18287237587470842, 2.6328839441173595, 0.7957726011684046, 0.32292437836848364
0.11582805731422859, 3.5474813578566566, 0.9085272120427202, 0.4334293520279
0.16361212929023658, 2.9265484045124657, 0.8297287787463319, 0.3647574456711762
0.15081639453515494, 2.453662062585056, 0.8490690147794414, 0.37060755226494085
0.10096634455181606, 2.372022262337763, 0.8974120739910193, 0.48635009841103133
0.10023325558147285, 3.333739302719247, 0.8982807507088522, 0.4995476520464964
0.1546151282905698, 2.745833075288851, 0.8321009265744695, 0.33960395900139695
0.13902032655781407, 2.9691758724638957, 0.8346615827131216, 0.4181346248148192
0.19613462179273575, 2.478835596564769, 0.7873108064160702, 0.3170397526709562
0.14581806064645117, 2.546112776704329, 0.889144392301535, 0.33638789721476636
0.1428190603132289, 3.2061264818209643, 0.8749514052622436, 0.3401533010803165
0.21392869043652116, 2.5755516323118517, 0.7630463722940928, 0.220871962452174
0.1938687104298567, 2.460515137379744, 0.7922927426327234, 0.3171288369579499
0.18247250916361213, 2.962807789910678, 0.790013157412276, 0.33055392036890535
0.21732755748083973, 2.803604938625614, 0.7608515001335253, 0.2530313606782798
0.1786071309563479, 2.4571501759361007, 0.7942095438540845, 0.3138065220402364
0.1668777074308564, 2.215018087933358, 0.8256206201126233, 0.372340788758483
0.10149950016661113, 2.857530881438165, 0.8926347093011732, 0.4947884159329593
0.1048983672109297, 2.73016674358898, 0.9182437324853477, 0.432644653789067
0.1344218593802066, 2.7172679208747867, 0.8515279019821597, 0.4486871084388885
0.10116627790736421, 2.4268596011930526, 0.8977671777081184, 0.47628780335647247
0.1024325224925025, 2.35013358024151, 0.9248810772965477, 0.4308191484317939
0.09916694435188271, 2.4197733114100184, 0.9258337942104553, 0.49425908340796976
0.09996667777407531, 3.3144406654653213, 0.915517559254227, 0.5248741965597004
0.1396867710763079, 3.415617802497825, 0.8665399114274264, 0.3596556251412989
0.16834388537154282, 2.2036317448821, 0.8831581572586821, 0.3539488435531611
0.19300233255581473, 2.199502991287361, 0.7851773581186128, 0.2721813651760108
0.09896701099633455, 2.467233937289547, 0.9258001222754121, 0.4727657120572766
0.10023325558147285, 2.315419962691371, 0.8982807507088522, 0.494643478690429
0.10503165611462846, 2.317159481002505, 0.9096853586366326, 0.47092177780713723
0.1480839720093302, 3.6827236601012183, 0.8538701581335072, 0.34328405777500903
0.11756081306231256, 2.69465430395399, 0.8705255951158769, 0.4353594646226778
0.10096634455181606, 2.271199938409609, 0.8884472505614551, 0.5083705007034582
0.09896701099633455, 2.873562026961332, 0.9260463402305128, 0.4961382296184933
0.15594801732755748, 2.711476905240253, 0.8440390778525544, 0.25894092277947806
0.16381206264578474, 2.729780160685612, 0.8286589914647997, 0.3360620945280337
0.1696101299566811, 2.374034647550713, 0.8783784278026469, 0.2821126052236832
0.1980006664445185, 2.8538633207486734, 0.7759420228461076, 0.2496157924777261
0.14668443852049318, 3.595683053633405, 0.8541725929081148, 0.37047850202841065
0.17760746417860712, 2.2209202650506192, 0.8053138722924953, 0.33534993240417554
0.20213262245918026, 2.2024278608174055, 0.7939771911807848, 0.200183480072416
0.19333555481506165, 2.525925725358838, 0.7962186558573763, 0.2574315204218283
0.17760746417860712, 2.7804542871404987, 0.8040438459733522, 0.3131277971765559
0.1700099966677774, 3.349917325037831, 0.8240651572373132, 0.3167256137074644
0.12122625791402866, 2.6231939785641774, 0.9068885693237675, 0.43521588284268253
0.12849050316561147, 3.25829101243205, 0.8619560047290165, 0.4135202716589569
0.14635121626124625, 2.659884895568528, 0.8394113884992377, 0.3610911740206567
0.10629790069976675, 2.267836959963439, 0.8879629325292775, 0.46487160019596346
0.14175274908363877, 2.422587296002231, 0.8274582037900726, 0.3899913101693151
0.14141952682439188, 2.691080204962254, 0.8429797044730618, 0.3916763716894172
0.11549483505498168, 2.433425537859031, 0.9134516019349054, 0.39971625347874457
0.1709430189936688, 2.29046608982226, 0.8123238586385565, 0.34340286691901994
0.09896701099633455, 3.1425994030796103, 0.9260463402305128, 0.4938311724564389
0.10036654448517161, 2.718561065387662, 0.8981463421067015, 0.4878529974679071
0.16101299566811064, 3.1443918589034583, 0.8382567826191589, 0.3321518661183236
0.19980006664445185, 2.8926542367827133, 0.772448063897518, 0.2540135995706301
0.11382872375874709, 2.6500925075527193, 0.9099476151765302, 0.46580485911281544
0.17607464178607132, 2.279124749322527, 0.7933084168385998, 0.36740978614823394
0.10436521159613463, 2.86452908618416, 0.9198768701624621, 0.4831596698312768
0.15088303898700434, 2.6079208231218574, 0.8356286131454411, 0.36048163148757806
0.17427524158613794, 2.5159090108372535, 0.8171652473758251, 0.3400880829926602
0.14108630456514495, 2.2955718270543017, 0.9071715658786281, 0.40689194437633497
0.15894701766077973, 2.44550122012698, 0.8492010785863979, 0.3014809663903037
0.11249583472175942, 3.155596040054704, 0.8816173932325702, 0.42518569639918063
0.20513162279240255, 3.0707985503480497, 0.7611794322048271, 0.2654667263813866
0.1886037987337554, 2.7333965143455106, 0.7932010967690073, 0.314338290508899
0.17380873042319228, 2.328088896229282, 0.7942611628550724, 0.3300479104544781
0.1562812395868044, 2.778493526958299, 0.8276478375272658, 0.39454659429702554
0.16207930689770075, 2.329431615150678, 0.8239789525574981, 0.366153694791625
0.16874375208263911, 2.2923730941185827, 0.800868970519001, 0.3321996804566517
0.14475174941686106, 2.515327499477675, 0.8277558676032802, 0.36082904304356045
0.15734755081639454, 2.3426743586990524, 0.8403377846869494, 0.35237344874053744
0.1886704431856048, 2.214325964335639, 0.7768567912562463, 0.25353406173696774
0.09950016661112962, 3.0151805515211447, 0.9252044791580263, 0.4603650177633676
0.17920693102299234, 2.627918987892263, 0.7906193523290276, 0.3420544504788958
0.10956347884038654, 3.5004264432622847, 0.914686190598611, 0.47629746327199757
0.14641786071309562, 2.2691274795640273, 0.8582131806169577, 0.36423502110395606
