acuracia,loss,frr,fpr
0.1229089219330855, 2.297552057884661
0.12395446096654275, 2.426694215036458, 0.8713694570629322, 0.40784482823633006
0.10130111524163568, 3.12106301384843, 0.8813380969386196, 0.48303740597833666
0.12337360594795539, 2.6851834927349727, 0.8843852994254127, 0.45647866404544857
0.12616171003717472, 2.6925936907557526, 0.8684796718098847, 0.31242627711048004
0.21723977695167287, 2.511259529947348, 0.7733173055315129, 0.21693840992627755
0.09340148698884758, 3.1179581939980223, 0.9159702795954049, 0.3538410531614291
0.21619423791821563, 2.4250271979677853, 0.7755340961749554, 0.20545553652332468
0.11047862453531598, 2.5724993707148225, 0.8743741795411816, 0.40542879493083467
0.1850604089219331, 2.5886953955301566, 0.7971081030445694, 0.2666505218196435
0.19632899628252787, 2.5526655339964814, 0.7725562461242886, 0.2528988620370362
0.15113847583643122, 2.720921094214274, 0.8620667772523057, 0.22804116221617549
0.17576672862453532, 2.472348558996911, 0.8385578792049871, 0.2870994251648652
0.10989776951672862, 2.894814305242885, 0.8736314993542552, 0.4564812589367844
0.20051115241635686, 2.4232057747725384, 0.7801315057369657, 0.3409007390869934
0.16519516728624536, 2.6859399315513337, 0.8177856148335217, 0.3286491553178311
0.21967936802973978, 2.5724151798672836, 0.7606882301630721, 0.23614136344395759
0.23571096654275092, 2.504644827079374, 0.7393936051865615, 0.22442301307611034
0.24779275092936803, 2.143080000665219, 0.749290050887535, 0.1917639867992277
0.21607806691449813, 2.7427430366439447, 0.7672973550359156, 0.22866716183925104
0.20399628252788105, 2.1405358038787283, 0.8242456254496253, 0.2516477349421573
0.29147304832713755, 1.933140650751644, 0.7129874386336844, 0.17386618234408951
0.17565055762081785, 2.3299757752075902, 0.8462934365303473, 0.3539887081011731
0.20782992565055763, 2.558961084235432, 0.803797124963575, 0.28867489769721477
0.28392193308550184, 1.9204195733614904, 0.7091902127639116, 0.1859083151246593
0.2929832713754647, 1.9851592825067863, 0.6968128876052301, 0.1948711726336918
0.2669609665427509, 2.248592743823187, 0.752977655724269, 0.21906466420325613
0.19574814126394052, 2.5356059648368343, 0.7926776024688375, 0.33029820115417874
0.24453996282527882, 2.4940782738468683, 0.7355522318996108, 0.254469598282262
0.25058085501858735, 2.1286794459897345, 0.7322855632428001, 0.24659264335378023
0.18912639405204462, 2.5538511567292077, 0.7967284135220731, 0.32841555848681975
0.19934944237918215, 2.6612179814855184, 0.778388616310547, 0.28943067177068743
0.270910780669145, 2.4816168070074904, 0.7091163803129577, 0.18774663421864415
0.25511152416356875, 2.2048221772578183, 0.727361960037534, 0.22123725599204164
0.26394052044609667, 2.4093886815897814, 0.7221855243268058, 0.2085697199965279
0.20097583643122677, 2.571009730954817, 0.779515700482983, 0.28976962237261117
0.3162174721189591, 2.010091168037356, 0.662084173318546, 0.17532979072356042
0.2087592936802974, 2.2657362294234473, 0.7989630701116089, 0.24915569799443812
0.3121514869888476, 1.8599888630640662, 0.6809709225392191, 0.18686011141630104
0.174953531598513, 2.951156294831944, 0.8391038167633974, 0.3314563370449343
0.30785315985130113, 1.9634090539199547, 0.6876922942668081, 0.19601734076292546
0.21886617100371747, 3.373382244242674, 0.7647694844422915, 0.2596134054331335
0.16136152416356878, 3.247789993103192, 0.8565079687984394, 0.27748265902344327
0.2940288104089219, 2.011802592837567, 0.6919902745487245, 0.19549465238015803
0.1549721189591078, 3.6716282378143648, 0.8300840812708026, 0.397828785538534
0.26545074349442377, 2.2103790120415554, 0.7138698231528711, 0.23788143386402377
0.17472118959107807, 2.793152760639856, 0.8395796074176988, 0.28171344573121443
0.3416589219330855, 1.9065086277492593, 0.6481207252736133, 0.20618073930130176
0.28136617100371747, 2.16525075717251, 0.7083347676682672, 0.2365245408462795
0.2741635687732342, 2.2479569931950794, 0.7200287682610145, 0.24262318486179577
0.2379182156133829, 2.309996184981238, 0.7815469204408682, 0.21949964365356606
0.2540659851301115, 2.2328854425910682, 0.7397702987561094, 0.21986390442167167
0.2941449814126394, 2.042904505454225, 0.6919649080313064, 0.19697702214567148
0.2071328996282528, 2.7308021967046545, 0.7976924336522875, 0.24302354412868474
0.3550185873605948, 1.76252944372442, 0.6183643341472272, 0.18309335887818926
0.2749767657992565, 2.162850503972472, 0.6993203052853222, 0.21605650554573902
0.3737221189591078, 1.84833255556644, 0.6104087853194033, 0.16997165537513478
0.3421236059479554, 1.999560089503176, 0.6399561194691546, 0.19782886704530842
0.2597583643122677, 2.434849484889858, 0.722201749219657, 0.25936291399413497
0.3671003717472119, 1.8437084479942973, 0.6234011974086441, 0.17942609125125344
0.32655669144981414, 1.950211247726998, 0.6712377167673442, 0.16659452395500246
0.3701208178438662, 1.7474626874391916, 0.6281311399678978, 0.16158996886393512
0.2433782527881041, 2.404381960803525, 0.7415714520271456, 0.2339919266639023
0.34642193308550184, 1.7957184077015487, 0.6500567968465896, 0.18626696517319455
0.24639869888475838, 2.4027330153271187, 0.7476501882899506, 0.28561081787131265
0.33840613382899626, 1.8158364459685288, 0.6403629776052967, 0.16873856762737763
0.3601301115241636, 1.7643370096845254, 0.6178906529744215, 0.1551268353565116
0.3339916356877323, 1.9336624064354648, 0.6709261394407431, 0.18021703621609975
0.2736988847583643, 2.1391415778836618, 0.7330714416440995, 0.22549991619140697
0.22386152416356878, 2.653069875770868, 0.786298241308893, 0.2770547476249677
0.3919609665427509, 1.7253226416919478, 0.589952303182153, 0.15273660810952444
0.3513011152416357, 1.8442492807062418, 0.6510696181351903, 0.17738745635306402
0.3587360594795539, 2.049062645436718, 0.647187521547366, 0.17200469959795114
0.16682156133828996, 3.6755739697918957, 0.821231835139585, 0.39782328207609313
0.30320631970260226, 2.2396165979853015, 0.6930980741504259, 0.20705131961477943
0.37511617100371747, 1.7936361519702915, 0.5988418915167781, 0.16562081849751822
0.35850371747211895, 1.9095879695862947, 0.6623870079921662, 0.16243874780455383
0.21085037174721188, 2.726898876958584, 0.7755989252772844, 0.34522117545067965
0.2983271375464684, 2.023500891527002, 0.7096912958159918, 0.2104824606427596
0.2666124535315985, 2.1136685775135917, 0.7514738957696169, 0.21037873354195774
0.31157063197026025, 2.0509037739185265, 0.683873366386756, 0.18179160314895426
0.3478159851301115, 2.0052138080380746, 0.6392374722405044, 0.1872170918163629
0.3159851301115242, 1.9937183064751354, 0.6771271770042866, 0.18768111342550628
0.289614312267658, 2.156740665910973, 0.6907108248560262, 0.21903686546461015
0.3954460966542751, 1.850982681891386, 0.5881701622511007, 0.1651166241666783
0.4139172862453532, 1.5998901596715238, 0.57885927652775, 0.17292318169424759
0.4278578066914498, 1.748806982207697, 0.577216523838898, 0.14421063545293175
0.3787174721189591, 1.7303246611358813, 0.6067094585977854, 0.1715021935821365
0.22606877323420074, 2.5528020350726455, 0.7714540668099634, 0.24089859022976703
0.38011152416356875, 1.7586260216075194, 0.6094523696204754, 0.17113482848537237
0.2857806691449814, 1.9773243364205473, 0.7336065086499434, 0.2089633343767704
0.45051115241635686, 1.6093212189325945, 0.5377122781165384, 0.14056657595690228
0.27486059479553904, 2.2594638922862833, 0.7346110451862933, 0.2746058497206458
0.28392193308550184, 2.305644941702961, 0.7067325058915856, 0.26822677157843877
0.32272304832713755, 2.0221920810089373, 0.6687636064361938, 0.20024443027889177
0.3222583643122677, 2.072514082821645, 0.6631590725300599, 0.22004472523941834
0.27555762081784385, 2.381970772781534, 0.7189926419386617, 0.24627197237632295
0.4031133828996282, 1.7728486857827075, 0.6001653855562866, 0.15889209140983923
0.358271375464684, 1.782192000049447, 0.6464578645306037, 0.17615076852471673
0.3607109665427509, 1.86232703316569, 0.6297910684765934, 0.1720494906711357
0.4493494423791822, 1.5272109098524742, 0.5439638650814931, 0.1543871032161505
0.09200743494423792, 2.3080958130745195, 0.9044168964015463, 0.2574183933184729
0.07562732342007435, 2.4636534972732616, 0.923987726040839, 0.3808591896728577
0.10037174721189591, 2.459422820673556, 0.9166812169365586, 0.4601543120250372
0.1008364312267658, 2.835085042831955, 0.9160713833653813, 0.45496961263114083
0.08492100371747212, 2.5453259139339055, 0.9251465693419468, 0.49850250072328084
0.17019052044609664, 2.6719224392522998, 0.812551248561793, 0.43022603037675944
0.11024628252788105, 2.3392011610354855, 0.9032708931836616, 0.3505098602375455
0.13313197026022305, 2.6517870300709094, 0.86914455063753, 0.2889755902986624
0.160432156133829, 2.4292272285014724, 0.8661071123788916, 0.3121772352711342
0.10130111524163568, 3.3914885878369048, 0.8813380969386196, 0.4793532080381074
0.13801115241635686, 3.1105957865727145, 0.8468490867378153, 0.4361332647319839
0.17983271375464685, 2.78729475343593, 0.803807813930901, 0.3457222484800422
0.21875, 2.4011989066716573, 0.7850962227869758, 0.28595818095526915
0.2170074349442379, 2.2398421999108615, 0.7702083957663018, 0.22188079247177164
0.13824349442379183, 2.6752093888846913, 0.8466763988562138, 0.43669615494971675
0.21236059479553904, 2.1601621392823507, 0.7953714759718383, 0.20024929248339426
0.18203996282527882, 2.2934907057554526, 0.8210667582143674, 0.26080785352097624
0.14637546468401488, 2.402314067745519, 0.8532990120672073, 0.2623236273959616
0.2261849442379182, 2.19581556386664, 0.759562164898733, 0.18873743394049586
0.1545074349442379, 2.8706923936940316, 0.8326596668991662, 0.3568927583161158
0.19261152416356878, 2.5748854906862553, 0.8283971611487726, 0.2521620758849383
0.16717007434944237, 3.006682951958871, 0.85526382780079, 0.31557138186762557
0.16519516728624536, 2.589752158046212, 0.8413060928083126, 0.2580865748057947
0.27695167286245354, 2.131950539013987, 0.7331153911258179, 0.17650776939768822
0.25952602230483274, 2.4287082172348597, 0.7283595875076059, 0.20634170352533762
0.2538336431226766, 2.224769383419624, 0.7387305066408096, 0.18973037131886358
0.14114776951672864, 2.683519703318749, 0.8657358453834668, 0.3141175642488443
0.22316449814126393, 2.4713635303679036, 0.7683119139138097, 0.27408100050451684
0.14835037174721188, 3.5193836201169724, 0.8368477828777164, 0.4033592920959942
0.24639869888475838, 2.4084838822269363, 0.7372037869506073, 0.21489412714155826
0.22862453531598512, 2.2040418271515447, 0.7563590413399058, 0.21717084362627387
0.1496282527881041, 3.3324641406598423, 0.8638162925382229, 0.2603892718399244
0.2287407063197026, 2.2069281417336386, 0.7639940219463599, 0.24056205808771408
0.2387314126394052, 2.2193342947494585, 0.7541330858043964, 0.25340423842494525
0.21561338289962825, 2.3340412227447285, 0.8003363374271623, 0.25707065032414056
0.28636152416356875, 2.30550094540179, 0.7059253905860475, 0.20957059787854468
0.2904275092936803, 2.372382106917277, 0.7191690273381667, 0.18447127133266922
0.24151951672862454, 2.4009521358012877, 0.7646894577699885, 0.22064952161098778
0.2371050185873606, 2.2811192810781247, 0.7475381879733464, 0.24632157219934933
0.31098977695167285, 1.8967417911193627, 0.6765111457210163, 0.17905504580966375
0.18517657992565056, 2.6514745070858683, 0.8345077232824281, 0.3028425431420407
0.28810408921933084, 1.9892700254280107, 0.7274390144562894, 0.19288348443315498
0.1657760223048327, 3.1880239427023587, 0.848804203431456, 0.299801373616489
0.30157992565055763, 1.950935206517965, 0.688787223619331, 0.1863699790324729
0.30320631970260226, 1.97978261272513, 0.7134329440557784, 0.183818154681236
0.29019516728624534, 2.1395488527662305, 0.7297831623198061, 0.20476576430913138
0.25894516728624534, 2.3085247730233855, 0.7255992276525205, 0.21800013301635957
0.322839219330855, 1.948109237968811, 0.6555331928257815, 0.1846025471297649
0.3084340148698885, 1.9178740946319799, 0.6680078168788289, 0.18582849260032888
0.26858736059479554, 2.288069763023503, 0.7448936659219711, 0.21014697967534632
0.37720724907063197, 1.8694458153535054, 0.5996802242936584, 0.16584230757270568
0.2833410780669145, 2.157738991209815, 0.6948293106431436, 0.20620183891775484
0.21119888475836432, 2.3412479311574015, 0.7911160545681675, 0.27600170465288565
0.20980483271375464, 2.5423761850853057, 0.7795189016000743, 0.3063422007189308
0.2638243494423792, 2.3368532000755247, 0.726957055032887, 0.23301926595224992
0.3070399628252788, 2.120080121249293, 0.681681609004794, 0.22388939202320157
0.2807853159851301, 2.1860851126413126, 0.7001737291276966, 0.2365579648263689
0.34944237918215615, 1.7941620622945043, 0.6375598489821855, 0.19047414001277166
0.3837128252788104, 1.7280477980380275, 0.6167447978390578, 0.16359754014021785
0.3361988847583643, 1.949729965944328, 0.6499988815736405, 0.17633828819802772
0.2395446096654275, 2.433398163194948, 0.7814825579173703, 0.24108799903995626
0.27822955390334575, 2.572535191092218, 0.724261373194376, 0.23377738741661827
0.2627788104089219, 2.5405582118213355, 0.7335016880142586, 0.24891111230881233
0.34223977695167285, 1.7536774784375024, 0.6724510237836777, 0.15944639513991457
0.2345492565055762, 2.6285151809498974, 0.7505619029043077, 0.2470850066818841
0.32864776951672864, 2.006822726838152, 0.6592112368783064, 0.16458276534200614
0.36814591078066916, 1.7239167117600271, 0.6370645198537228, 0.14518724822105497
0.19993029739776952, 2.5625399170124465, 0.7894170370033808, 0.332084178551181
0.2618494423791822, 2.30193366216873, 0.7193202294333214, 0.23882585665644535
0.23025092936802974, 2.238932302689048, 0.7917565797396919, 0.2206069289426678
0.34851301115241634, 1.8313436557964653, 0.6458991110392748, 0.1784046814241514
0.2691682156133829, 2.3571530234823386, 0.7091177624731094, 0.2237622262631221
0.4086895910780669, 1.601396252837406, 0.5687530904193169, 0.14403827046419185
0.3179600371747212, 1.9052854552345704, 0.6925071081961742, 0.1770179066676546
0.3472351301115242, 1.943175975288711, 0.64587180826893, 0.17001403504296986
0.2569702602230483, 2.3587931835717524, 0.7505678506174502, 0.2031295758386594
0.32237453531598514, 1.998493770088959, 0.6799353503358337, 0.18101365888086826
0.3701208178438662, 1.7701204997456206, 0.6401691222067628, 0.18054722918637994
0.29112453531598514, 2.21183324684337, 0.7001053271809146, 0.20071455104384892
0.3559479553903346, 1.918376327312264, 0.6276384281816069, 0.1652497477216377
0.31819237918215615, 1.9234663153268037, 0.6907347333890539, 0.20459255581884983
0.2674256505576208, 2.075164178227071, 0.7427474623527673, 0.22785600126567018
0.2628949814126394, 2.342862549367738, 0.7696207890394149, 0.2116421121593743
0.2558085501858736, 2.698057075472095, 0.7429077563440286, 0.2677502179341546
0.3826672862453532, 1.6770273340817499, 0.6165509022159708, 0.16415230124829006
0.3565288104089219, 1.8960071264672678, 0.6314019373794637, 0.17556490330449542
0.2531366171003718, 2.6369735653123554, 0.7337617722688634, 0.2539200675442437
0.24059014869888476, 2.353063374761229, 0.7541342951174469, 0.25947981336160864
0.4221654275092937, 1.6310238225946418, 0.5741830750731755, 0.14914483032319806
0.39939591078066916, 1.7627783308989717, 0.6032900738895635, 0.1677794479428697
0.4054368029739777, 1.7534161763123781, 0.5875150370275523, 0.16351319601835596
0.3621050185873606, 1.9777639775457325, 0.6540656833050832, 0.1790869146423212
0.3691914498141264, 1.7703817879441834, 0.6199860812844021, 0.17019509472531333
0.3062267657992565, 2.03496421126261, 0.6904410019862914, 0.20425315352020237
0.40857342007434944, 1.7374041977937447, 0.58168025415418, 0.1587459182047787
0.2899628252788104, 2.2534882009694126, 0.6897697092818902, 0.19625033486839175
0.33980018587360594, 2.0146448810733717, 0.684818058559168, 0.17180969335106094
0.3537407063197026, 1.900405360354616, 0.632527534614855, 0.20738080227435382
0.3374767657992565, 2.166952069222124, 0.6558963730588016, 0.17707792501825487
0.37697490706319703, 1.7491476193319688, 0.6334307914644224, 0.15542382183915004
0.20109200743494424, 2.7519076707873316, 0.8164826805907036, 0.2767489500152614
0.08968401486988847, 2.3018812890611176, 0.9099735900561624, 0.21530159864796328
0.10037174721189591, 2.430780626334887, 0.9166812169365586, 0.4605776664416078
0.12302509293680297, 2.520751691433743, 0.8851186598587564, 0.4523759948174319
0.12604553903345725, 2.4827812846930053, 0.8816445995589571, 0.426126808262745
0.12302509293680297, 3.236039643866602, 0.8851186598587564, 0.4482048882962993
0.11396375464684015, 2.832660969914557, 0.9031684722729576, 0.48781665476872227
0.17088754646840149, 2.887879070725472, 0.8121973189920616, 0.4112593376850858
0.21026951672862454, 2.381195894639842, 0.7971828146725589, 0.30856919445424963
0.12906598513011153, 3.0404280140635915, 0.8579490355654368, 0.3820051236848551
0.13801115241635686, 4.831866241700914, 0.8468490867378153, 0.4341800701390023
0.16136152416356878, 2.9426525936818586, 0.8532293384002826, 0.3130313898544059
0.16531133828996283, 2.2058417689623, 0.8467660921125637, 0.29253115798432017
0.18424721189591078, 2.321919064788792, 0.8254936004046585, 0.20579604002657081
0.1995817843866171, 2.5086355207446394, 0.789268439441814, 0.2912448359666036
0.19086895910780668, 2.366076090667383, 0.7993197275635939, 0.25241476309599536
0.13986988847583642, 2.6357226714935003, 0.869861966830342, 0.36476151622532565
0.2387314126394052, 2.1385213737843425, 0.7451437920947261, 0.1959965641010694
0.18389869888475838, 2.6791499500408715, 0.8332386934669255, 0.22056994040357347
0.2516263940520446, 2.661822661272766, 0.7350358047952668, 0.21199972681975598
0.19528345724907062, 2.9131451459397253, 0.7947982960149091, 0.2915592193112481
0.19400557620817843, 2.620243128555304, 0.7902742634999476, 0.24360129306871178
0.20178903345724908, 2.409977561451467, 0.8188675414143586, 0.23711021230395024
0.3336431226765799, 1.9703733242120332, 0.6535046215003432, 0.1610205308451369
0.15694702602230484, 2.515254738868723, 0.83513747967283, 0.30139325362177377
0.1829693308550186, 3.193709452437033, 0.8055085674995784, 0.3266328010571545
0.2683550185873606, 1.9353958788400578, 0.7301428331822708, 0.19632712456438203
0.2871747211895911, 2.087004291246815, 0.7073122454026411, 0.20704707249637433
0.2867100371747212, 2.0174095627806774, 0.7012188351918751, 0.20346134953804598
0.2412871747211896, 2.668490259918526, 0.7501081450662493, 0.19757953321551555
0.23698884758364314, 2.38368439373169, 0.7571537540354225, 0.26364777823887825
0.2274628252788104, 2.2883723470067334, 0.7811120627115477, 0.24967017393023952
0.24814126394052044, 2.093884321088906, 0.7427274526600641, 0.2229445721615382
0.222932156133829, 2.183880160670021, 0.7763473546795737, 0.21564995513963844
0.24430762081784388, 2.303969457177757, 0.7787003933068092, 0.21638645012995472
0.20202137546468402, 3.045008517780664, 0.7866847499429797, 0.31368813072257296
0.19307620817843865, 3.5118129143630306, 0.7930055941482456, 0.32330960315373486
0.1829693308550186, 2.7804927302019835, 0.8052183608420429, 0.3561184374059016
0.18029739776951673, 3.1722570023026413, 0.8054000127250821, 0.353099313195529
0.22723048327137546, 2.4947395189821053, 0.7681715864183769, 0.26722606314654684
0.21816914498141263, 2.6417545468587997, 0.7904652810907223, 0.2702777980657485
0.17390799256505576, 3.1853719821120143, 0.8299521137443545, 0.2941226830942508
0.20631970260223048, 2.2848085472342943, 0.7721855621402204, 0.2951853489648771
0.18273698884758363, 3.0994361379025004, 0.8310214833925303, 0.30634088395432685
0.3154042750929368, 1.9791435159043476, 0.6908828150769796, 0.17945842083712052
0.18064591078066913, 2.6803354997547917, 0.8304171938945114, 0.27604587306940437
0.2777648698884758, 2.0080753765501718, 0.7043584300087055, 0.1972145659583286
0.21294144981412638, 2.4164624948393842, 0.7928815572933198, 0.26386740074273246
0.32144516728624534, 1.8973470703252076, 0.6754338637536548, 0.19790618888371247
0.30982806691449816, 2.195857280120946, 0.6926520500488604, 0.18808723071785
0.2646375464684015, 2.2190962776855034, 0.7455761008226646, 0.23764269026075224
0.3154042750929368, 1.9316801824347292, 0.6857033500011916, 0.19846606232477348
0.2050418215613383, 2.4259197920159226, 0.7946339903434384, 0.2918517848848841
0.23396840148698886, 2.178504370125253, 0.7696085402569879, 0.23339702227570935
0.25650557620817843, 2.317889077305018, 0.7290289858585056, 0.22365784762794627
0.2711431226765799, 2.0981320487577677, 0.7139326505233997, 0.25329788672893544
0.38278345724907065, 1.7415048784427483, 0.6010758143054704, 0.1596300704569143
0.3451440520446097, 1.8027574888337057, 0.6651616603419973, 0.16275099388680234
0.31191914498141265, 2.114474285206996, 0.6907628608979126, 0.17377793257273763
0.23338754646840149, 2.3873945850944733, 0.7535981228347107, 0.2704774850720702
0.2825278810408922, 1.998159949650441, 0.7172862318912302, 0.19067386638553924
0.20318308550185873, 2.8895443621122703, 0.8163435042693055, 0.23498798229251375
0.23698884758364314, 2.3564107692817773, 0.7779188356678594, 0.19866602876476816
0.28392193308550184, 2.467832300569871, 0.7167592222967644, 0.22928924894271469
0.28973048327137546, 2.074162491929603, 0.6961228757328335, 0.2163369332274417
0.27590613382899626, 1.9766601561101285, 0.741431389435076, 0.18357825086511945
0.3816217472118959, 1.7964276987505337, 0.6244740700339899, 0.15456254045954484
0.3832481412639405, 1.7265980928637725, 0.6189901642835249, 0.1654903553053928
0.36477695167286245, 1.8145636009592494, 0.6125865280633338, 0.16391169106465794
0.3790659851301115, 1.831934589961869, 0.596364374580948, 0.1718814659302789
0.3246979553903346, 1.9284398833213574, 0.6814418028243232, 0.22584224221429822
0.23443308550185873, 2.4525508475619744, 0.752099221594383, 0.2788859331468651
0.32202602230483274, 2.0360857415182663, 0.6588699088693278, 0.18621996663123966
0.29774628252788105, 2.2099201538181106, 0.6861632854120475, 0.19816622693820382
0.27857806691449816, 2.089952467501053, 0.7236126497090833, 0.212401443883509
0.34526022304832715, 1.8273827630271755, 0.6328668065580882, 0.16553929157785
0.3308550185873606, 1.910403749723763, 0.6828783130497598, 0.168702000337153
0.3111059479553903, 2.153161101971085, 0.6842025609129371, 0.16925987340004622
0.28008828996282525, 1.9890782956837167, 0.7097117042197087, 0.22193289287627443
0.37476765799256506, 1.893046176784627, 0.6573984428713737, 0.1662604589242106
0.21468401486988847, 3.1185926444054717, 0.7683639259751611, 0.28531610842576066
0.3704693308550186, 1.7872368460278751, 0.6306503803876622, 0.16143165687815358
0.364660780669145, 1.7171916668839946, 0.6201933592370142, 0.16944593103724268
0.3899860594795539, 1.641850508098598, 0.5933801056478191, 0.14348514491662698
0.31552044609665425, 1.9285831122475652, 0.6844777833132547, 0.16957420305266094
0.3170306691449814, 1.8694164831551368, 0.6754868374846859, 0.20238705379501365
0.29437732342007433, 2.234864210865727, 0.7204943992832161, 0.22319493904211338
0.28113382899628253, 2.33940142929142, 0.7378017636780971, 0.20226987006458197
0.41612453531598514, 1.6661426729789233, 0.5660365440224436, 0.15085101555969618
0.43238847583643125, 1.6234744809477912, 0.553933015931944, 0.14009648690526127
0.4392425650557621, 1.6737389487861811, 0.557792898222835, 0.14503643666092156
0.34142657992565056, 1.8559962447635747, 0.6420979168591903, 0.18051622938692827
0.3711663568773234, 1.7331592671877833, 0.6397612026993091, 0.16583937767617732
0.32353624535315983, 1.924807561159854, 0.669465366568488, 0.2119186485781577
0.27102695167286245, 2.27082419279118, 0.7296035116635557, 0.22583960926390043
0.3753485130111524, 1.6848188580626615, 0.6074487742070104, 0.1613001762138369
0.42553438661710036, 1.65044977509704, 0.5626251827476991, 0.13911407636210532
0.3226068773234201, 2.2268240170535583, 0.6544795371924976, 0.2153859159256422
0.29054368029739774, 2.1260866894556356, 0.6957361450706768, 0.1948596332568482
0.2822955390334573, 2.2099692514062372, 0.7030251999597588, 0.22201967965638328
0.33480483271375466, 2.054632677627402, 0.6801799598215322, 0.1723992550085528
0.3517657992565056, 2.111475416240161, 0.6527248805480727, 0.16805765561703323
0.13963754646840149, 2.29252272819387, 0.8528577275538975, 0.20807727849736307
0.10037174721189591, 2.391791002250183, 0.9166812169365586, 0.46150554986632447
0.11396375464684015, 2.58727065307611, 0.9031684722729576, 0.496777081296149
0.11396375464684015, 3.1819805203621936, 0.9031684722729576, 0.48803859482137074
0.10130111524163568, 3.1251529188736664, 0.8813380969386196, 0.4850764283083305
0.08631505576208179, 4.079853251894943, 0.9235093338139985, 0.47573919457320624
0.18935873605947956, 2.362104707948005, 0.8088031349352975, 0.20406983713034746
0.12732342007434944, 2.8127126048100926, 0.8770692562380386, 0.2616312402928409
0.13801115241635686, 3.0653134420597197, 0.8468490867378153, 0.4390041700733016
0.10037174721189591, 3.177617238886433, 0.9166812169365586, 0.45981311067942354
0.2712592936802974, 2.1306560622825943, 0.724917023492791, 0.1721859629443173
0.12685873605947956, 3.5352288727790504, 0.875845674610867, 0.44713677898659937
0.22967007434944237, 2.1603087418916944, 0.7579497072995593, 0.20071790465544603
0.10223048327137546, 2.8564871157706477, 0.9147023997116064, 0.45324823040385726
0.25848048327137546, 2.395136013350079, 0.7215170059395318, 0.2401948938287107
0.15009293680297398, 3.2043913827731263, 0.8561505051593666, 0.26801948372576123
0.13975371747211895, 2.7138028093042426, 0.8824528239956503, 0.2895049781736247
0.24326208178438663, 2.5133645380656735, 0.767052796351886, 0.2288789518222295
0.2412871747211896, 2.37510550138454, 0.7716063323058644, 0.23840170733217705
0.15985130111524162, 2.6242538770266073, 0.8295488244936947, 0.3325135967943252
0.22897304832713755, 2.200948555084797, 0.7602878924721684, 0.19603924102406378
0.210385687732342, 2.3461484247576236, 0.803094035136261, 0.24686497032342425
0.2554600371747212, 2.053887073760748, 0.7503615634245563, 0.21387545046288242
0.17228159851301114, 2.507106321680335, 0.8489441302489678, 0.34784631105583763
0.20887546468401488, 2.519552921703203, 0.8044695300455366, 0.23660125906864812
0.23907992565055763, 2.42760024709994, 0.761100131538697, 0.21896457189699606
0.22885687732342008, 2.2817088608529597, 0.7678300912507644, 0.2410612399186053
0.18982342007434944, 2.352341067385219, 0.8007292586441005, 0.32479718700713794
0.20399628252788105, 2.5998993374158017, 0.7877810347095922, 0.27745945814618994
0.2628949814126394, 2.4704377859221514, 0.7320137530599721, 0.20956657648650917
0.26231412639405205, 2.3585340931083745, 0.720641716662101, 0.23385777682667241
0.18912639405204462, 2.6331707640139035, 0.809164384758058, 0.23627672612875797
0.25720260223048325, 2.1877769957258466, 0.741476200132105, 0.2012154747334516
0.26510223048327136, 2.0950680618004727, 0.7270402988974236, 0.17979917148422775
0.16949349442379183, 2.434382956694867, 0.846405622506898, 0.2442684622396521
0.18320167286245354, 2.7908355423342783, 0.8202657882538538, 0.2884167636181318
0.22781133828996283, 2.4352036134329484, 0.7551889436949105, 0.25760462154511465
0.24593401486988847, 2.4306804398732558, 0.7363860661822151, 0.22856176551191376
0.2843866171003718, 2.033893556939957, 0.7418136119103953, 0.1891405449603566
0.3054135687732342, 2.1613916203338084, 0.7123363456636466, 0.16727860869187003
0.3538568773234201, 1.8339132471113955, 0.6674425822178665, 0.1575232856626548
0.360478624535316, 1.7843112520056474, 0.634605314850062, 0.17037667059321865
0.22421003717472118, 2.297065403589418, 0.7633228875046906, 0.23358037389632275
0.2996050185873606, 1.8876608144976614, 0.6848313452565127, 0.2137732014470472
0.28032063197026025, 2.2555134145951516, 0.7324025364197851, 0.18853475009811504
0.21863382899628253, 2.6170569682237605, 0.7917869561654911, 0.253454016718553
0.22142193308550187, 2.069852312188942, 0.7954676725487135, 0.24014361501506382
0.27451208178438663, 2.416618210260088, 0.7428788982239106, 0.20863650628138417
0.25, 2.3908238640811543, 0.7410870311728409, 0.25862012279318297
0.3086663568773234, 2.183420100356677, 0.671630446286139, 0.22232055140016302
0.3242332713754647, 2.0387613277650374, 0.6675772653592374, 0.20011385483275068
0.36140799256505574, 1.8639921305188736, 0.6354636910352178, 0.18415161152000278
0.28868494423791824, 2.183059230979989, 0.7019478208599083, 0.1918489894159325
0.29635223048327136, 2.036947740179566, 0.7005951088138234, 0.17838562322786256
0.15810873605947956, 3.198283545094712, 0.8413099069658567, 0.3113690719525191
0.2015566914498141, 2.4949315697972603, 0.8071778423837773, 0.23773119917319457
0.21317379182156135, 2.9480382876347777, 0.7914039755085291, 0.23851083530408765
0.26719330855018586, 2.426425089041761, 0.7371573503813474, 0.21026987453362153
0.30982806691449816, 1.9210186913110954, 0.7009287750499393, 0.19607342842880623
0.27276951672862454, 2.340694860705836, 0.7453444638384457, 0.20484045712071877
0.31098977695167285, 2.0764359150213436, 0.699749513971217, 0.2003150242424087
0.35780669144981414, 1.8424410059023302, 0.6305127433761814, 0.17238536868886445
0.18099442379182157, 2.7403482427772095, 0.8166796004653855, 0.3091536916366297
0.3006505576208178, 2.087719535439528, 0.7081379077343068, 0.2143001141460123
0.26405669144981414, 2.17171205590621, 0.7407450527952278, 0.22593675659946827
0.24302973977695166, 2.2867560052904943, 0.7632945176230759, 0.26161221020793934
0.285432156133829, 2.1677868201788586, 0.6999482684091266, 0.1998713727099296
0.34677044609665425, 1.849996677717561, 0.6524146713439697, 0.20293869593515793
0.31064126394052044, 2.2641854392309226, 0.6634231597874127, 0.18961803949843853
0.39289033457249073, 1.718910322064139, 0.6160668260776757, 0.18015458313732727
0.25673791821561337, 2.466979086551414, 0.7553829255762247, 0.2389864898399966
0.366635687732342, 1.6954892138469286, 0.6329926911831493, 0.1767695561777182
0.3246979553903346, 1.8314194513803355, 0.6793565199860396, 0.20036352550461747
0.28601301115241634, 2.093817790885383, 0.6975658025765766, 0.26202540563315146
0.2891496282527881, 2.230131025325687, 0.7278248096656302, 0.21066357939702776
0.40020910780669144, 1.7028084894067514, 0.5941768887959067, 0.154828330201819
0.30309014869888473, 2.1004063078275013, 0.7044310466445416, 0.21931244441780626
0.3070399628252788, 2.1517296670191683, 0.687047021440085, 0.18750127775588957
0.17472118959107807, 3.6365542364295713, 0.8101000996929512, 0.36629945037412404
0.3445631970260223, 1.987802406769509, 0.6503882406449528, 0.16905113763777693
0.36849442379182157, 1.9749602927847119, 0.6140778711427901, 0.1701629341341416
0.3799953531598513, 1.8015518386997145, 0.6220098208009371, 0.1726293437567589
0.4341310408921933, 1.5803108270692061, 0.5553687842951879, 0.1521502717100692
0.4028810408921933, 1.7747225970528382, 0.6164566759813878, 0.15686623014417642
0.42239776951672864, 1.6693582419499922, 0.566346198824624, 0.150985286166679
0.3112221189591078, 2.086479772083101, 0.6790822396115621, 0.2282152611362563
0.31226765799256506, 2.3185109846591674, 0.6943820147206234, 0.23611682044193366
0.23315520446096655, 2.4320872380747893, 0.761854735687523, 0.2611639487411642
0.40148698884758366, 1.697707626674338, 0.6059010138105293, 0.15745414797473556
0.3580390334572491, 1.9115976046798508, 0.6409021606127709, 0.20287410871887565
0.3600139405204461, 1.9067534043983345, 0.6462609638312599, 0.19114460864869004
0.4007899628252788, 1.8334125286127445, 0.5819769156522904, 0.16243337807387434
0.2983271375464684, 2.0428243510141195, 0.7145218552063978, 0.19276498392455313
0.3163336431226766, 2.098685680130379, 0.7087904211882514, 0.18274607516229494
0.3638475836431227, 1.7076124806289448, 0.6274790920702187, 0.15507091107800913
0.2857806691449814, 2.077011926722848, 0.7075115020183649, 0.20240602451949158
0.2736988847583643, 2.431366344814303, 0.7432801057390321, 0.23924308981632608
0.2517425650557621, 2.5927018856930073, 0.7594541223835569, 0.2231985246021281
0.3544377323420074, 1.939337408564791, 0.6608877205231761, 0.1819168826014534
0.30192843866171004, 2.096492310528917, 0.697166365645137, 0.20714430121975644
0.34177509293680297, 1.9571195564520127, 0.6648940599170422, 0.21833045343271087
0.11826208178438662, 2.2971834810693026, 0.8821768077492422, 0.30596292277401704
0.11396375464684015, 3.0937766750173497, 0.9031684722729576, 0.4924769011820096
0.09142657992565056, 3.1955581216286992, 0.9180920130367498, 0.3880488902617057
0.08492100371747212, 3.707879735897797, 0.9251465693419468, 0.4979534882218799
0.10130111524163568, 3.5092296895733774, 0.8813380969386196, 0.4821493803188723
0.16507899628252787, 2.6898121282901464, 0.8493587340721954, 0.2751392625022474
0.13812732342007436, 3.1169316109103673, 0.8467535757540522, 0.4348943975858907
0.11861059479553904, 3.0916008955511685, 0.8983987362650555, 0.44942273982808056
0.11407992565055762, 2.9180145733418517, 0.9028638652829237, 0.41087506537029944
0.13801115241635686, 3.8019609951377813, 0.8468490867378153, 0.43942630433045127
0.14986059479553904, 3.4572505802089233, 0.837724240306096, 0.37694012103957214
0.14556226765799257, 3.246715553132575, 0.8652617035740259, 0.3445370535281805
0.11326672862453531, 2.8740998121414707, 0.9049973410258786, 0.35851972983125724
0.29635223048327136, 2.085473100277405, 0.6869398596677082, 0.20141002019158435
0.16345260223048327, 2.6824040650268914, 0.8472349323383792, 0.25333177936180934
0.11071096654275094, 3.344893200620732, 0.8968925925933177, 0.351796558021166
0.14440055762081785, 2.830418667150142, 0.8720761934652459, 0.33511878069800666
0.15264869888475838, 2.86546075814594, 0.8507026138100368, 0.38478600575082555
0.15369423791821563, 2.9926262142060525, 0.8581063074078091, 0.2473994494359517
0.21549721189591078, 2.833889836244645, 0.7755258655204305, 0.19860529791357268
0.2079460966542751, 2.330894442372107, 0.7915313365310499, 0.23930908095254128
0.23698884758364314, 2.125823520608662, 0.763443902350358, 0.2744409187055282
0.27265334572490707, 2.080634609972677, 0.7130604551100493, 0.18382778767187594
0.25441449814126393, 2.0159274871880015, 0.7543807747822414, 0.22151338346616173
0.19435408921933087, 2.6214669819360386, 0.8222638280832842, 0.28924960170439806
0.34351765799256506, 1.9908501600368869, 0.6358694204208665, 0.17727953264529844
0.1913336431226766, 2.4357994727264107, 0.8080946452647925, 0.22728123741912135
0.14556226765799257, 3.3491733664279755, 0.8479308833008558, 0.3458626118867094
0.19388940520446096, 2.633081648360287, 0.7956122891708683, 0.24939679965544267
0.1299953531598513, 2.98083326395698, 0.8556403531745915, 0.390980567319823
0.11466078066914498, 3.2708523998030055, 0.8703242624275143, 0.4383102832367026
0.289614312267658, 2.0331958146232654, 0.6892387249128787, 0.21336938566442615
0.21689126394052044, 2.626358362503322, 0.7906246054183225, 0.27054885235739934
0.17367565055762083, 2.471610111471778, 0.8441384995368001, 0.2677691142257643
0.34049721189591076, 1.926437198734915, 0.6380438267862384, 0.19313570209437622
0.272885687732342, 2.1448965830084448, 0.7280346261126562, 0.19960432865421796
0.30320631970260226, 1.8611478839488527, 0.710787176661989, 0.20203160767842096
0.30645910780669144, 1.9148322232760018, 0.6810284225435149, 0.19068798769961454
0.2815985130111524, 2.0101929182034386, 0.7512261089706977, 0.21916361149945374
0.3308550185873606, 2.006977418250643, 0.6449581523153342, 0.16900276667379346
0.3324814126394052, 1.8541163823820068, 0.6472564622625032, 0.16973591497519439
0.3158689591078067, 2.0476522029595636, 0.6792083851238194, 0.20296999616847514
0.36303438661710036, 1.8697330139328112, 0.6354169674817596, 0.15411423722641254
0.3226068773234201, 1.9430277800866054, 0.6735511515692221, 0.1963326855560106
0.33631505576208176, 1.8658497652599804, 0.6445984505314525, 0.1692303689416277
0.34363382899628253, 1.8982597160980548, 0.6813584117491202, 0.16481240988777135
0.3203996282527881, 2.2811594041597556, 0.6730028207836047, 0.1827066120240894
0.27032992565055763, 2.352949056843621, 0.734165466337065, 0.18224879027924776
0.3350371747211896, 1.9279551292599966, 0.6489107773334839, 0.19999799720675024
0.31238382899628253, 2.10908155578109, 0.7016540018940259, 0.19790650221263578
0.3381737918215613, 1.8974742958786097, 0.6564780209342346, 0.17045529757788783
0.29484200743494426, 2.0989677627193553, 0.7195580394406543, 0.198768402568773
0.2684711895910781, 2.5406639700319245, 0.7473687178731107, 0.20660223401756392
0.33701208178438663, 2.0318608129030045, 0.6596407844989289, 0.16471010293213537
0.22432620817843865, 2.214074249278934, 0.78479972698014, 0.22230223160407175
0.21177973977695166, 2.785766608812275, 0.7870088616315537, 0.267024466963952
0.3763940520446097, 1.7009566022242424, 0.605492819681141, 0.15036072924326802
0.31691449814126393, 1.9364108388004029, 0.704563619714519, 0.18932187610250756
0.27265334572490707, 2.1060910256108665, 0.7394883585718208, 0.20633620883049617
0.3049488847583643, 2.0067611242796826, 0.7020455688685728, 0.20455146400923827
0.16426579925650558, 3.3600889745201497, 0.8230320413085941, 0.39189651868413183
0.3445631970260223, 2.13147209799021, 0.6581495458972202, 0.1697877505817595
0.36640334572490707, 1.8026108671997616, 0.6447107603709414, 0.16140082206727285
0.21538104089219332, 2.733702737123093, 0.7889164652676549, 0.24698172062803342
0.4103159851301115, 1.6220659255552137, 0.5893587868002187, 0.14870734905462155
0.24860594795539034, 2.4301757040558223, 0.7417397540394014, 0.2797121212072828
0.31714684014869887, 1.884689371622614, 0.6702359611478748, 0.20505131741039856
0.383364312267658, 1.797871384641578, 0.6065678213638729, 0.15957880486311457
0.44737453531598514, 1.5559514253486821, 0.5510656474491433, 0.12947678232809967
0.285432156133829, 2.2633015358903648, 0.6991021934738221, 0.21115937281992153
0.3150557620817844, 1.9158339402136362, 0.6908362795616388, 0.19673588498395453
0.28136617100371747, 2.40084927654427, 0.7195345398154708, 0.21438001572763465
0.32109665427509293, 2.032177000695175, 0.7073864077903995, 0.20414742272859854
0.28125, 2.25598265000941, 0.719669113897189, 0.24119841970038428
0.3760455390334573, 1.7560684804745765, 0.6324588780489345, 0.17031468026771615
0.2204925650557621, 3.0680334740984825, 0.7653864663684123, 0.26413650325715476
0.36303438661710036, 1.772639476261396, 0.6245917009775136, 0.2006275121872529
0.2646375464684015, 2.2594567219827146, 0.7457771139567554, 0.2059742057985153
0.275092936802974, 2.253020595484777, 0.7458201376989232, 0.195601637444229
0.254182156133829, 2.215124090226388, 0.7376917591140829, 0.28199389911598904
0.39637546468401486, 1.8438050297355508, 0.5935898851118185, 0.14894746692551356
0.29426115241635686, 2.3014108529591373, 0.69777549592532, 0.23171006873241415
0.38975371747211895, 1.897981814084554, 0.5907190094638771, 0.14833729085910322
0.3135455390334573, 2.059305759951763, 0.6790131149575653, 0.2003020465128054
0.2853159851301115, 2.2425699770921446, 0.7393705298413921, 0.2245681699881907
0.34363382899628253, 1.9765416924810542, 0.6557907027440738, 0.1927064484541146
0.38835966542750927, 1.7357564288845846, 0.6138433018422031, 0.15949228701138965
0.3025092936802974, 2.3951280477342496, 0.7047370605256448, 0.19256421048713232
0.36756505576208176, 1.714485015259661, 0.6559574587689677, 0.16037713939887122
0.397885687732342, 1.6632401838233923, 0.6008493039341045, 0.16262904250186655
0.299953531598513, 2.1390422484502074, 0.6945712610259338, 0.2517384520378341
0.39776951672862454, 1.7289691704038017, 0.590384157760072, 0.14808472101009654
0.4070631970260223, 1.6984847541257988, 0.5748688807941373, 0.15741472309094934
0.2954228624535316, 2.386751847469757, 0.691270933593627, 0.21640799506423544
0.26765799256505574, 2.278138987314074, 0.7202061819833561, 0.23434364223308302
0.2919377323420074, 2.325662159140232, 0.7090251981804447, 0.22619386946825332
0.34351765799256506, 1.8842714607843707, 0.6392491871331096, 0.17760936701591765
0.4937267657992565, 1.4177198822170385, 0.5042026782020297, 0.12400991049542705
0.34642193308550184, 2.020039077456971, 0.6751572610993777, 0.17752644290856098
0.41519516728624534, 1.6994604585262978, 0.5935268490885466, 0.15014462387428748
0.304135687732342, 2.2445470666799343, 0.7069686826527718, 0.22464007277845485
0.08515334572490706, 2.2977651295608745, 0.9280790798155504, 0.30765887155539257
0.10037174721189591, 2.7316130467562427, 0.9166812169365586, 0.46325890849823287
0.10896840148698884, 2.5607163070884558, 0.9071211396031446, 0.3951992269605969
0.12302509293680297, 3.0524038588766658, 0.8851186598587564, 0.45826135401242507
0.13080855018587362, 2.9758617230258246, 0.8791958918934761, 0.3276425112115745
0.08120353159851301, 2.713619859245187, 0.9094785926564481, 0.3861072722049303
0.11512546468401487, 2.7799336525393463, 0.9020858411739823, 0.48541892320106916
0.17425650557620817, 2.537730242572309, 0.815421350476957, 0.28920452196070984
0.17785780669144982, 2.769749744445584, 0.8056744621785424, 0.3414663595672193
0.14893122676579926, 2.8356103696704578, 0.8688565963984042, 0.30033930466658637
0.1857574349442379, 2.4753109140349308, 0.786002286611172, 0.27413862875312794
0.11326672862453531, 2.508908405484542, 0.8724141043035648, 0.4270503662907084
0.23884758364312267, 2.252684637087096, 0.7380070804121232, 0.21475446928936873
0.11024628252788105, 2.830181243535145, 0.8982885910925834, 0.3634448212682547
0.13963754646840149, 2.5332043670311735, 0.8529551185349056, 0.3236073662600681
0.14637546468401488, 2.4897575546428214, 0.8634825032410075, 0.37428222143894624
0.24198420074349442, 2.3016437083365027, 0.7326120954867753, 0.2927695633350574
0.13812732342007436, 4.721409695219728, 0.8467792055358586, 0.438242950352224
0.16147769516728624, 2.438475135492237, 0.8399594376227115, 0.27399488850442816
0.21352230483271376, 2.485169191502007, 0.7701971940758118, 0.26226688351836247
0.22676579925650558, 2.2393128272547598, 0.7703767573380842, 0.1980955696080523
0.18657063197026022, 2.1835984287291876, 0.8060158960204012, 0.2666607450033217
0.3231877323420074, 1.9031429476551296, 0.6667816229637552, 0.18108479929584645
0.23257434944237917, 2.247969678945867, 0.7583553121320492, 0.20324823539491652
0.21863382899628253, 2.360406522455601, 0.7762501959862989, 0.22413253296950944
0.28113382899628253, 2.0041494356073635, 0.7081000374729365, 0.18652177382438812
0.2558085501858736, 2.243697288498061, 0.7339759715954026, 0.2514245884537946
0.21758828996282528, 2.2410370074974226, 0.8017355918396145, 0.30676601361996114
0.17785780669144982, 2.4489186310510545, 0.8162570854583863, 0.2827316884942722
0.19354089219330856, 2.578151851148106, 0.8165542923252487, 0.22729709940480394
0.2092239776951673, 2.6891668024749866, 0.8154305934358524, 0.26158413116574736
0.1545074349442379, 3.1761016714071584, 0.8379055282204201, 0.32246057160900754
0.2179368029739777, 2.358424036964414, 0.7887365929230682, 0.24877732564502153
0.3336431226765799, 1.9531558014272425, 0.65217152675521, 0.16745304880543396
0.26963289962825276, 2.192661760091006, 0.7447153364832592, 0.19487000903466975
0.26684479553903345, 2.1682381386657466, 0.7608453019651243, 0.2259049044388768
0.27683550185873607, 2.0236029091176877, 0.7248036374089531, 0.22669929386559706
0.20051115241635686, 2.4628295915843537, 0.7873806769229252, 0.314078598824766
0.3388708178438662, 1.9483523209991287, 0.6681796013365792, 0.1648355094302794
0.23385223048327136, 2.3679602814623637, 0.7394134490176232, 0.27607178087810397
0.3799953531598513, 1.7343148608730075, 0.6092602377184501, 0.14644902832584314
0.23989312267657992, 2.633852166265637, 0.7661362645680089, 0.2278746803898461
0.2079460966542751, 2.649794705817995, 0.7914683703745374, 0.24707478455782378
0.2756737918215613, 2.109820251137998, 0.7135150584377519, 0.23255802355956934
0.28566449814126393, 2.4486894411377635, 0.7083707960216282, 0.1875197556776083
0.25464684014869887, 2.5610785068092405, 0.724709461859369, 0.22616605780174778
0.22095724907063197, 2.1334038449652133, 0.7623775046289328, 0.3023770203082928
0.24976765799256506, 2.180856365544313, 0.7393081087312277, 0.21488034645546344
0.3658224907063197, 1.7831237243980058, 0.6171628607009063, 0.1851697348071724
0.27973977695167285, 2.1600245280246697, 0.7394562458744305, 0.22884880992092307
0.18494423791821563, 2.4594190076935245, 0.8084376904714179, 0.28782200644918254
0.29263475836431224, 2.213129841743321, 0.6857137661091415, 0.215901060300936
0.32388475836431224, 2.1340158885227147, 0.6738062923638143, 0.18748757527231405
0.20992100371747213, 2.568080881468564, 0.8076298100430072, 0.29690573802848136
0.32853159851301117, 1.9853625527988137, 0.6715813260755876, 0.21171080075553025
0.2328066914498141, 2.648304386312388, 0.7515765125351999, 0.2952448382642828
0.3396840148698885, 2.093999295481602, 0.653459966673352, 0.18749888747249072
0.3583875464684015, 1.9126893094356507, 0.6383803938599554, 0.16690085873965027
0.35722583643122674, 1.9168813716253217, 0.6589783990879063, 0.17358709156815497
0.29019516728624534, 2.0429491959027533, 0.6932447143511482, 0.20125121627818707
0.30820167286245354, 2.0742887108925157, 0.6951502404422322, 0.2020988408671361
0.24059014869888476, 2.569091727368561, 0.7347309283453237, 0.23324737395747147
0.22990241635687733, 2.6777361562405453, 0.7636092041116167, 0.2859780235803401
0.3284154275092937, 1.8968712686349856, 0.6546958610365898, 0.18700657352156125
0.254182156133829, 2.751667833561597, 0.728946509980377, 0.22647095599061304
0.36895910780669144, 1.8899484056162346, 0.6177099369104867, 0.15373098068049154
0.424953531598513, 1.702122194682106, 0.5681521624394658, 0.14752737163770066
0.3097118959107807, 2.133154762291685, 0.7009731932463228, 0.2292359864007799
0.16937732342007436, 3.831868552618529, 0.8174531273127261, 0.3877605124100747
0.2549953531598513, 2.2530871210377454, 0.7323348956660618, 0.22060880150504036
0.3221421933085502, 2.1464440954163617, 0.6696289890342598, 0.18172549850062333
0.3912639405204461, 1.7077789638982566, 0.6179526499559695, 0.17375147421968024
0.26963289962825276, 2.496285139011794, 0.720814097022035, 0.2112856090395913
0.32063197026022305, 1.8572671938597547, 0.6914614385066292, 0.19886588475016287
0.29275092936802977, 2.278612137567875, 0.6813671283253434, 0.24108770402142676
0.42379182156133827, 1.6935910948216362, 0.5560140286428968, 0.136092979713624
0.29704925650557623, 2.142779449570481, 0.6799954996294534, 0.2130326854138008
0.3777881040892193, 1.822302867655407, 0.6068831110051819, 0.18415204697585436
0.3783689591078067, 1.8558342979604647, 0.6373776983701919, 0.1654357253864436
0.35467007434944237, 1.7956895928788363, 0.642169012880121, 0.16419705532111575
0.29890799256505574, 2.0593281007202195, 0.7095523502482043, 0.2146721235539726
0.3468866171003718, 1.8329104504419913, 0.6340792884059575, 0.19164284877421328
0.3550185873605948, 1.8089921527843382, 0.6359222963870773, 0.19216284222432556
0.2487221189591078, 2.2756416976839637, 0.7486744296748142, 0.23875538884557043
0.3528113382899628, 1.8189228720197863, 0.6426260471870944, 0.18009363346547896
0.32353624535315983, 1.950992909298178, 0.6937824126345874, 0.18245428599884445
0.40322955390334575, 1.6708049365911342, 0.6009583907856657, 0.1563715204966539
0.28392193308550184, 2.2841704404626393, 0.700447951750227, 0.22163964053710664
0.4139172862453532, 1.6458554399566774, 0.5860609255073713, 0.15710245510910814
0.4607342007434944, 1.5030287299374443, 0.5235333485272491, 0.13504216608025074
0.3658224907063197, 1.8471201949676699, 0.6430673603537543, 0.17794548063749896
0.3097118959107807, 2.191788036793429, 0.7001602010679128, 0.19410812132484911
0.3898698884758364, 1.7619381029484273, 0.6033400495042294, 0.14871089875028481
0.2716078066914498, 2.2718923802013236, 0.7147060150429883, 0.2197242761182211
0.3544377323420074, 1.8602827509768225, 0.6536570880710233, 0.16588368513228408
0.3986988847583643, 1.8236744863372365, 0.6121275097837954, 0.15487761824014484
0.2891496282527881, 2.2830116245376297, 0.7138608890701424, 0.22983097831367122
0.3840613382899628, 1.8017614786426595, 0.6476933794342841, 0.1601417337087268
0.43355018587360594, 1.5886776742203417, 0.5666829088324724, 0.13857614824421452
0.31575278810408924, 2.103836339164861, 0.6702212980118275, 0.21720492560709906
0.4582946096654275, 1.5688493939871349, 0.5332059634114937, 0.1351520785631069
0.1354553903345725, 2.301271031531038, 0.8480288411280353, 0.2747906950099433
0.18169144981412638, 2.284190253794304, 0.7975100601838648, 0.3182992389425967
0.19993029739776952, 2.5327265520742834, 0.7877292629670253, 0.28787951774329396
0.11094330855018587, 2.925208442834064, 0.9084674578724857, 0.35987397085028017
0.1766960966542751, 3.06657637743674, 0.8075520384560736, 0.3369538959194037
0.12314126394052044, 2.484940300463633, 0.8849923972324938, 0.45170795252259505
0.11849442379182157, 2.6383460763024797, 0.8978484291758634, 0.40119686684769107
0.1667053903345725, 2.803680894016998, 0.8055419516113694, 0.2919093732150135
0.17158457249070633, 3.21024325965007, 0.8362428827776068, 0.27064111310055955
0.1928438661710037, 2.635011081026389, 0.809884095528114, 0.2002497664812886
0.1845957249070632, 3.234693157403526, 0.8003039597789796, 0.3208969396230093
0.19981412639405205, 2.4104154305082495, 0.7943962805917816, 0.22111278952309718
0.22235130111524162, 2.534100953032536, 0.7699657210136105, 0.19702600451759358
0.23907992565055763, 2.400574719471005, 0.7649047138169576, 0.18092433971668667
0.13533921933085502, 2.9271349464690304, 0.8851445466244747, 0.35416435247952177
0.14800185873605948, 3.482398029846108, 0.8700104497592152, 0.33871978664102403
0.20608736059479554, 2.449137701144006, 0.7680486027657086, 0.2367257437236593
0.16449814126394052, 2.7468430428059434, 0.8250770333756808, 0.3426795275160532
0.14230947955390336, 3.08288573327502, 0.8422785216892894, 0.43018763173880925
0.30099907063197023, 1.9607004935551975, 0.6866882095105146, 0.18298212258032914
0.1212825278810409, 3.293174989327622, 0.8872164421593781, 0.33660527314237265
0.2113150557620818, 2.5832086481901793, 0.8056585734607291, 0.21679244764407016
0.18227230483271376, 2.601607070297529, 0.8400101195881787, 0.29113430188329065
0.28485130111524165, 1.9940062155289278, 0.7145053735723993, 0.17039685386297493
0.31819237918215615, 2.0268394226367588, 0.6775609090014323, 0.1611022811342882
0.2058550185873606, 2.4996821453247815, 0.7801530318096058, 0.2654004957672199
0.23141263940520446, 2.5221146416736135, 0.7792707309478093, 0.2381373889441746
0.18947490706319703, 2.4553724639048475, 0.8191418018390398, 0.2358195556795795
0.24988382899628253, 2.1185878913808045, 0.7704599677445612, 0.22193641510974266
0.2046933085501859, 2.4385699473224496, 0.7908952206666382, 0.3114279779604645
0.245817843866171, 2.4540377156358892, 0.7414002176697857, 0.25442907565140804
0.24442379182156135, 2.1145924906277522, 0.7472015237120678, 0.20254464526922755
0.25267193308550184, 2.3955783718386767, 0.7663896720125997, 0.18851843326154633
0.21689126394052044, 2.4734110734650527, 0.8025671842482186, 0.2368918162465259
0.2362918215613383, 2.3866510414708837, 0.7787012028088893, 0.20808021307363803
0.2754414498141264, 2.1740560672699463, 0.708747363573733, 0.19863891848833087
0.30738847583643125, 2.0767982771765565, 0.6810614932555867, 0.19272463437655604
0.2662639405204461, 2.2009621140578255, 0.7390083008659729, 0.244024858359252
0.2508131970260223, 2.2645735677927177, 0.7559947355487383, 0.2669513423590361
0.2986756505576208, 1.9786668969837595, 0.7119694996085387, 0.17590287865611273
0.21607806691449813, 2.475587313319643, 0.807494842554304, 0.26433171661820737
0.36024628252788105, 1.773419676407424, 0.6270043834774415, 0.18028211165744434
0.3159851301115242, 1.9405278445924303, 0.6830137243999064, 0.1863484919001612
0.3054135687732342, 2.2238046170929, 0.6844385943540743, 0.19471577869289455
0.3607109665427509, 1.8933457217744438, 0.6245226572515546, 0.18022166765662948
0.35432156133828996, 1.811063619759834, 0.6354215605530437, 0.16748391752238098
0.2491868029739777, 2.5470222959703452, 0.7353170391907717, 0.23831913829233758
0.37558085501858735, 1.7081370338603687, 0.6233879874884777, 0.14480331806156424
0.3406133828996282, 1.7889088704925875, 0.6827128638127655, 0.18206843711399642
0.26893587360594795, 2.247923290186049, 0.7247911962013945, 0.25614157040511537
0.18982342007434944, 2.8072283566552025, 0.8067804361555566, 0.2818745958344884
0.32562732342007433, 1.9613999062560525, 0.6644583553797284, 0.17084475854513187
0.2971654275092937, 2.2235440335385364, 0.6907120141952323, 0.19126731211551298
0.23466542750929367, 3.4766459893928596, 0.7482275353797747, 0.2443914371533903
0.36303438661710036, 1.819135299973799, 0.6081900971510236, 0.1741211042690797
0.26730947955390333, 2.6159095852756975, 0.7138420618164785, 0.2222137209037523
0.37616171003717475, 1.7528613076223316, 0.6040768149125292, 0.16145543306876944
0.2558085501858736, 2.2783592243100688, 0.7278538806600519, 0.24021581708330603
0.38231877323420077, 1.7339093267751449, 0.6319509929824416, 0.171450989520856
0.28008828996282525, 2.154153367850694, 0.7062865540578177, 0.21339229929616185
0.29286710037174724, 2.240910545265004, 0.6972237176633888, 0.19950547064648663
0.3033224907063197, 2.2969688805249486, 0.6853991281807919, 0.20971152526429832
0.22339684014869887, 2.9778192367359906, 0.7877754090143706, 0.29658534077395704
0.2908921933085502, 2.2513124935682103, 0.7087329008689024, 0.20381637146183051
0.2817146840148699, 2.0587183466928987, 0.7350396761063106, 0.17955810691088056
0.26974907063197023, 2.5194398839525243, 0.7493556421996203, 0.1980465606083419
0.22026022304832713, 2.947464907682792, 0.7891209925519722, 0.269767034704403
0.35467007434944237, 2.066531048942233, 0.6486830205065878, 0.17871506045930666
0.34363382899628253, 1.8583867397283975, 0.6582063685855043, 0.16767647677137398
0.333410780669145, 2.150706541842217, 0.6755119645900614, 0.19569341026823775
0.3463057620817844, 1.9717777260824982, 0.6430633086939336, 0.2079745926936214
0.40927044609665425, 1.6444654736674795, 0.581846504372608, 0.15118685588890887
0.39114776951672864, 1.8357901681235345, 0.6240215437700853, 0.15912109937945898
0.2891496282527881, 2.4707108829101223, 0.7030738920564062, 0.2043509771826167
0.32551115241635686, 1.98796071957963, 0.6579491165794918, 0.2074750644422516
0.2513940520446097, 2.5957147482657965, 0.7352854513337522, 0.24188771666331638
0.4629414498141264, 1.5065466432406336, 0.5298998146447352, 0.13666183012773597
0.3346886617100372, 2.0914512460222157, 0.6740518059005364, 0.18158460272351337
0.2799721189591078, 2.1672323941318905, 0.7107483413486562, 0.2203442831661709
0.3933550185873606, 1.7061903140201238, 0.6154315843163228, 0.1650208939793706
0.30808550185873607, 2.239416021361192, 0.7158381016639391, 0.22331637575961144
0.36094330855018586, 1.8953023390713768, 0.6245252374598702, 0.19926645058100742
0.4451672862453532, 1.5411465516206584, 0.5454087518672852, 0.1355742473287637
0.25882899628252787, 2.3408062289074905, 0.7611566593190358, 0.22136868848352945
0.32690520446096655, 2.0761138199846743, 0.6834064340679056, 0.19092435954368922
0.2746282527881041, 2.5631634451840144, 0.7496610115325765, 0.2298048322974104
0.18982342007434944, 2.821335729322358, 0.798124571073354, 0.3139715399629934
0.33724442379182157, 2.006308012147742, 0.661942740362415, 0.17971390287903743
0.3367797397769517, 1.9538313048306617, 0.655658574135191, 0.19111097404632738
0.37197955390334575, 1.8629033650621274, 0.6066521331385623, 0.16915868618152938
0.34804832713754646, 1.8787929490970303, 0.6474820467228882, 0.16591233878526962
0.3611756505576208, 1.8106190215720064, 0.6373260163326787, 0.1618334218839258
0.24570167286245354, 2.257619957806591, 0.7596860789485727, 0.2546814117935698
0.26301115241635686, 2.429170240114268, 0.7669161493522842, 0.2396192133908032
0.33480483271375466, 1.8643303030736564, 0.6904132991502995, 0.1808659942886074
0.3669842007434944, 1.8718061639362995, 0.6319028691696211, 0.16940031087607585
0.4294842007434944, 1.7003567745652894, 0.5627426559002199, 0.14843119148162873
0.3224907063197026, 2.1272244608487596, 0.6726321487960402, 0.21689384574403342
0.3851068773234201, 1.9891840686578457, 0.6294035041582584, 0.16285209155217026
0.4075278810408922, 1.6923022374275338, 0.5882595399196424, 0.16427211256146915
0.46224442379182157, 1.5439833137743368, 0.538228580613286, 0.13353320582916103
0.09839684014869889, 2.3006704792546517, 0.9168365446806173, 0.3653025003738224
0.13801115241635686, 2.46584533708911, 0.8468490867378153, 0.43523947849966743
0.11396375464684015, 3.0363535112441693, 0.9031684722729576, 0.49344638624018244
0.12302509293680297, 3.0692636660269037, 0.8851186598587564, 0.45432526256477795
0.11024628252788105, 3.2439975475262313, 0.8732782395801024, 0.42748500788881744
0.1412639405204461, 3.9449268457753286, 0.8516731239180787, 0.3278048337920819
0.13464219330855018, 2.6095154105882994, 0.8684217532105704, 0.2745825621578925
0.1704228624535316, 2.676239897299655, 0.8124768437998883, 0.41769817215040406
0.18645446096654275, 2.5269717081384147, 0.8218387010403079, 0.2524703114678071
0.17193308550185873, 2.7822153545590638, 0.8033081089543666, 0.2873632702012349
0.18238847583643122, 2.985113745018646, 0.806087989094444, 0.31809236231322663
0.10130111524163568, 2.817010478331226, 0.915919355346747, 0.45734356620284683
0.13138940520446096, 2.918789485794904, 0.87345502219954, 0.3110871506770723
0.1449814126394052, 3.2921832105262574, 0.876646428345939, 0.32609489915696227
0.29890799256505574, 2.0328146880457947, 0.671375414264182, 0.17800555429744597
0.17762546468401488, 2.558955243141235, 0.8418280506414502, 0.2273972422068886
0.2691682156133829, 2.337392519557066, 0.7139258541631673, 0.22689404106783406
0.18738382899628253, 2.4435262087469427, 0.8149656986722502, 0.2144244067568034
0.152067843866171, 2.683840236283811, 0.8550369806965178, 0.2908212580069947
0.17286245353159851, 2.4705454004603027, 0.8299380599410935, 0.24731934921378212
0.24395910780669144, 2.443487305775783, 0.7377850609636769, 0.20670363837066652
0.22072490706319703, 2.6021347322698585, 0.7605961478863892, 0.2485610257748183
0.1387081784386617, 3.943625172614864, 0.8456905377238788, 0.43166601159497936
0.3099442379182156, 1.9902725228728193, 0.6708835907826394, 0.175148504521281
0.13115706319702602, 2.7242903553821893, 0.8552192477489488, 0.34125075859413756
0.20062732342007436, 2.477953855149088, 0.8131183969536883, 0.30481861629168144
0.23431691449814127, 2.4050518606155835, 0.7504357076835684, 0.23986263927924414
0.30611059479553904, 1.9032070246978652, 0.6743630143955407, 0.17951206530944844
0.15508828996282528, 2.970658411829279, 0.8484862810832294, 0.2833493455447448
0.20051115241635686, 2.292100424822039, 0.816256571676779, 0.29822180307554996
0.38034386617100374, 1.7680694404227804, 0.6093313971552227, 0.14536949423942905
0.3207481412639405, 2.0844413740179575, 0.6418205665197207, 0.17502069096750775
0.25673791821561337, 2.182402590580534, 0.7372188844837697, 0.20239824304676188
0.2653345724907063, 2.035708967797098, 0.7531025511758925, 0.1805563801414862
0.23571096654275092, 2.2459429062930623, 0.7712100129227758, 0.2624773158710582
0.27067843866171004, 2.1915395434921585, 0.7173381315249211, 0.23369642375733687
0.23687267657992564, 2.1415940852503406, 0.7797951003015731, 0.2624940758108284
0.19679368029739777, 2.7101385185294213, 0.8156691129572521, 0.258434615820565
0.2534851301115242, 2.330216563410614, 0.7628816864517911, 0.1989765971616728
0.2440752788104089, 2.45608069647976, 0.7410109905280727, 0.22645602525036893
0.3812732342007435, 1.8387856087275196, 0.6044151501212548, 0.15785293395288696
0.2533689591078067, 2.383815969060068, 0.7657291392377966, 0.22539934062521466
0.2903113382899628, 2.2369397810615292, 0.6915465686388916, 0.20140138775837785
0.27892657992565056, 2.1416988873224168, 0.7080888638704583, 0.21035594174227187
0.33526951672862454, 2.101254988146676, 0.6354716011179001, 0.18825481711815434
0.2950743494423792, 2.1083474219274674, 0.6866200960847176, 0.19109906417482148
0.24268122676579926, 2.66053289768795, 0.7748380800311806, 0.2081134080426257
0.33689591078066916, 2.1059735018420676, 0.668754249714668, 0.1662897746769735
0.20945631970260223, 2.3175750321061193, 0.8042006671702896, 0.23600659190245288
0.24686338289962825, 2.5469052123778315, 0.7389417967490716, 0.24242057180673107
0.2861291821561338, 2.173761123625153, 0.734613011153959, 0.17215742523509492
0.3729089219330855, 1.6971271697736474, 0.6279791745370006, 0.15665877746223295
0.2274628252788104, 2.323696448573268, 0.7941741335757498, 0.2773099836966431
0.28357342007434944, 2.3000838978347615, 0.716787228775944, 0.21456456565501286
0.35978159851301117, 1.8625397905915089, 0.6440616490910429, 0.16107173515124565
0.3808085501858736, 1.8472401703598382, 0.5986203920028608, 0.1741431491152551
0.31993494423791824, 2.093381992170802, 0.6993869012896957, 0.1871973387307485
0.21398698884758363, 2.4864444470316083, 0.7726160567912338, 0.32181445979290224
0.33631505576208176, 1.8315635916165018, 0.6569504698520136, 0.20264908607400972
0.3203996282527881, 2.1012534603033366, 0.7026500881507459, 0.17093446798467138
0.2753252788104089, 2.475510740292615, 0.7370323322225764, 0.2121531824839395
0.24198420074349442, 2.487720957043629, 0.7450585831663703, 0.28222084311731277
0.23547862453531598, 2.752941256565592, 0.7728708540563134, 0.24762347414610525
0.15137081784386616, 4.1227192743799845, 0.8278431887211877, 0.42360011188334934
0.3076208178438662, 2.3347567548407553, 0.6776761283126772, 0.1935870693309165
0.28659386617100374, 2.4366174533644682, 0.7314507582285102, 0.1817698663003872
0.2976301115241636, 2.0750820918154096, 0.7235574494887359, 0.19064487961286522
0.31575278810408924, 2.1848802396155147, 0.6892267993225766, 0.20306426939801508
0.27648698884758366, 2.2896426373947287, 0.7088603603651643, 0.2123770166459873
0.3366635687732342, 1.8717097445844662, 0.6562100400884003, 0.17467560284048447
0.37558085501858735, 1.741325778305032, 0.6320171092858853, 0.16081752165361365
0.3216775092936803, 1.964882397809547, 0.6618881458291336, 0.20461433824150904
0.26103624535315983, 2.460039373376445, 0.728759567553422, 0.20690433360516866
0.2756737918215613, 2.13235082867171, 0.7376749242023158, 0.19921205164470301
0.3913801115241636, 1.7596192025132893, 0.6090973079734495, 0.1597309613072674
0.383364312267658, 1.8715015380300555, 0.6280582592753621, 0.1585360660166528
0.31064126394052044, 2.35312460784603, 0.6791689760679432, 0.2160484365260401
0.28903345724907065, 2.471910067167493, 0.7374029971457183, 0.20230990488874814
0.35989776951672864, 2.122967429604506, 0.6391780760917704, 0.15987428395293526
0.3888243494423792, 1.893283103679248, 0.6273012508426932, 0.15143679997016837
0.19842007434944237, 2.878133027061849, 0.785768499736691, 0.3420602187426186
0.35885223048327136, 1.9274714129879988, 0.667664502709891, 0.16920192011690344
0.3421236059479554, 2.0036160861502044, 0.6566499488205481, 0.20846239751606382
0.39986059479553904, 1.7066349370723597, 0.5752459938256929, 0.1601063345905937
0.31935408921933084, 2.0682853984016387, 0.6716724796722454, 0.20376306890884108
0.35710966542750927, 1.764951568405009, 0.6457276684328263, 0.16362607112327726
0.2116635687732342, 3.411837868479022, 0.7768454868441393, 0.2700103203965298
0.35525092936802977, 1.9555787177735655, 0.6556552110526461, 0.19440949863164836
0.20027881040892193, 3.0183846668052907, 0.7860766748757411, 0.2756852333085277
0.38650092936802977, 1.6988765110147488, 0.611881639717474, 0.15886460227278146
0.2534851301115242, 2.3522021452096538, 0.7471830420940716, 0.25544927785958804
0.38313197026022305, 1.77453286842128, 0.6000080228469282, 0.17776385632464642
0.2753252788104089, 2.3365020266791188, 0.7257280362373791, 0.2208952209688743
0.3378252788104089, 1.874220312598982, 0.6592845692116748, 0.19866472713942476
0.318657063197026, 2.3505295427502255, 0.6826279338555394, 0.18286997382340395
0.26963289962825276, 2.471650268697287, 0.724924328624989, 0.222169919044659
0.29437732342007433, 2.0498324502744194, 0.6957930642924243, 0.20633241762711577
0.3257434944237918, 2.1349689481523733, 0.6964254581562676, 0.17500482197341008
0.30111524163568776, 2.157480075339558, 0.6886655414175945, 0.2125384362350281
0.4277416356877323, 1.577419604327128, 0.5700256424891298, 0.1456915960957555
0.32028345724907065, 2.129326247524463, 0.6970884861079921, 0.20211894415022907
0.08387546468401487, 2.300967111629624, 0.9262493613244315, 0.4917706177574002
0.1267425650557621, 2.4497883352953043, 0.8590831538876318, 0.35731728550910075
0.1699581784386617, 2.445614420085259, 0.8129313238773878, 0.4231523380978828
0.11396375464684015, 2.6179614038791743, 0.9031684722729576, 0.48560929662030755
0.1857574349442379, 2.7467065410875477, 0.7965152128237296, 0.22729272552703148
0.13301579925650558, 2.7777030486267296, 0.8565559741181226, 0.33626624893265855
0.11489312267657993, 2.8940641245316563, 0.9033246228202029, 0.3928053828394964
0.14486524163568773, 3.4643172159874083, 0.8669930043930757, 0.242898055889133
0.14068308550185873, 2.987981565739807, 0.8631841353396805, 0.3124501812122748
0.1733271375464684, 2.7632150443333123, 0.8473453283540754, 0.2992704054306031
0.20817843866171004, 2.4418260005742423, 0.7815890654743741, 0.23509083671398953
0.20236988847583642, 2.5793036334770543, 0.7789050668218269, 0.2684350084121088
0.16984200743494424, 2.838981368160048, 0.8485871118175569, 0.2665247780781774
0.16031598513011153, 2.4669147048934907, 0.839833662989907, 0.25658722340113416
0.19400557620817843, 2.7778002073552086, 0.8034297976669595, 0.2628440144488496
0.2261849442379182, 2.236897887599734, 0.7779268430651353, 0.21542423476293585
0.1029275092936803, 4.1290243909344575, 0.8802849933063482, 0.4631780559440315
0.18052973977695166, 2.5088822766203696, 0.8048564407087483, 0.31357734891341205
0.21619423791821563, 2.453732354905747, 0.7779979306151467, 0.2377565849247807
0.20492565055762083, 2.4796470219380184, 0.7769938572964907, 0.2785157331173662
0.2350139405204461, 2.735781000947864, 0.7510913201786275, 0.20975889068059925
0.1649628252788104, 2.557457508188655, 0.8465231411186658, 0.28196463172554753
0.28938197026022305, 2.2978338313091644, 0.6912317998150075, 0.19105309284587133
0.2684711895910781, 2.2443856741942216, 0.718025413119192, 0.1868479234518882
0.11349907063197026, 2.7516524276616514, 0.8706603738513866, 0.424501684138716
0.14451672862453532, 2.673986988398333, 0.8471682302200317, 0.31335383648875187
0.2954228624535316, 2.1090202008176693, 0.6899582926978446, 0.1769856133872672
0.23826672862453532, 2.717811188428597, 0.7682936885802027, 0.22142292740076666
0.23780204460966542, 2.337076206508068, 0.7551158091055615, 0.20424413574026218
0.18192379182156135, 2.3377988767917492, 0.8120036336372956, 0.25704434939051135
0.24117100371747213, 2.221351999138589, 0.757695154782166, 0.23234782065052828
0.2853159851301115, 2.064729280880614, 0.7094136243049728, 0.21762357325083362
0.2992565055762082, 2.054967945798207, 0.6921264302615412, 0.19378236963720394
0.304135687732342, 2.1867865563463766, 0.6860617172193968, 0.18178719528448617
0.3090148698884758, 2.0986115672663685, 0.6845701918324875, 0.18513908499248713
0.2721886617100372, 2.01962149801896, 0.7127403166866705, 0.2432644095715726
0.1857574349442379, 2.499510258263095, 0.8221969707747737, 0.2754504742218966
0.21328996282527882, 2.33862750664298, 0.784433429993603, 0.2717801393013551
0.31552044609665425, 2.1006190579273776, 0.6726506923546106, 0.16575226545299804
0.17309479553903345, 2.3966628552507956, 0.8224714401391044, 0.32822028831990013
0.28589684014869887, 2.1901458662944986, 0.733780360531753, 0.1876667375208533
0.16740241635687733, 2.7129318107362685, 0.8413436886306993, 0.28827085318852846
0.29937267657992567, 2.1169636150593543, 0.6921201465088119, 0.20655678268498806
0.2628949814126394, 2.6064770943623685, 0.7396453544378937, 0.25441461368804524
0.31993494423791824, 1.9671694012947354, 0.6689488946159474, 0.16970729509525279
0.3278345724907063, 1.959262533854264, 0.6846560033043282, 0.18758679810309442
0.27381505576208176, 2.2296400117674033, 0.7214546557558889, 0.24525915485399172
0.33108736059479554, 1.940743127896634, 0.6621781291282157, 0.17304874624123165
0.3299256505576208, 1.9080665146751974, 0.6654307777271388, 0.18746472726852806
0.38348048327137546, 1.8132627034165159, 0.6046981131770482, 0.16519965334726516
0.27067843866171004, 2.226401808032884, 0.7171231909854751, 0.2123385159608341
0.3095957249070632, 1.8612770833019652, 0.6814380677406272, 0.19885195068318198
0.17576672862453532, 2.564268029173732, 0.8240829792342745, 0.2801148250264305
0.31273234200743494, 1.9983335891288452, 0.7082580832940208, 0.16126675039675506
0.2912407063197026, 2.126656876018333, 0.7133349355760986, 0.18178752361047731
0.3847583643122677, 1.8253533794686585, 0.5939330718353569, 0.1481567116389032
0.3667518587360595, 1.7864456307835406, 0.6254534651294839, 0.1546283572908808
0.24419144981412638, 2.4195785035576574, 0.7617329160892437, 0.22607068232975283
0.22908921933085502, 3.1011123386121677, 0.7909242949207322, 0.26565461812254104
0.3086663568773234, 2.0216063843333756, 0.686009614894163, 0.19148238577112583
0.3079693308550186, 2.1895401603836553, 0.6969737696641177, 0.2024201542761118
0.3669842007434944, 2.1239275374453253, 0.6178142351766961, 0.1727980183432823
0.22560408921933087, 2.5707258629503564, 0.765255596010969, 0.2773253385734899
0.3896375464684015, 1.8338699765264517, 0.6017974269141296, 0.17140690112243043
0.30471654275092935, 1.998964878148832, 0.6859144382390814, 0.2354974048104648
0.3366635687732342, 1.9122976189735432, 0.6674319259341123, 0.16374381712239344
0.3808085501858736, 1.7605347333919104, 0.6158316565977936, 0.16575739527718544
0.4059014869888476, 1.7757767382178276, 0.5872747913395239, 0.1515365346811857
0.32063197026022305, 2.1002044089962504, 0.6737123040607353, 0.18822214792588557
0.3170306691449814, 2.110027819968843, 0.6736491008824107, 0.18569333408137834
0.2246747211895911, 3.1354201545049074, 0.7594573928632703, 0.2572228504104437
0.4479553903345725, 1.5581290131732544, 0.5564087051487268, 0.14389193953729232
0.31133828996282525, 2.145227191962828, 0.6857476965321994, 0.19811036769308063
0.25197490706319703, 2.4384262776266277, 0.7410724789712119, 0.2789095391601505
0.26405669144981414, 2.5106104180860753, 0.7521623019007743, 0.2298540000687238
0.44261152416356875, 1.5853771078902328, 0.5593327501428579, 0.1443286762520008
0.297978624535316, 2.020134930791451, 0.6921216024391951, 0.2158377764198342
0.3179600371747212, 2.0956201389307316, 0.6881723626866344, 0.22350446099940352
0.2965845724907063, 2.325854146112186, 0.7011315872512495, 0.17468425895769785
0.1883131970260223, 3.145490720677908, 0.7981265537890763, 0.33736600069309364
0.31993494423791824, 2.1256258243618733, 0.6790968301664492, 0.19478702679926002
0.36640334572490707, 1.8276265976625083, 0.6349625913368424, 0.15669919794974216
0.3409618959107807, 1.9747669651107274, 0.6426516840792822, 0.18087001375126913
0.29565520446096655, 2.2434415124438107, 0.6879885316041421, 0.21302858154262835
0.44644516728624534, 1.5406273017428835, 0.565079701435123, 0.14400016260785226
0.44493494423791824, 1.5331352828624467, 0.5404253454790113, 0.14477275646174712
0.32609200743494426, 1.9319335992403024, 0.6885856197634534, 0.19477267383576874
0.3445631970260223, 1.8953487566770937, 0.6539042115097897, 0.1999322717277532
0.33434014869888473, 1.9834668649785518, 0.6488311572330306, 0.2102606329855306
0.3361988847583643, 1.9479073122769965, 0.650475898826577, 0.20293852995374403
0.44481877323420077, 1.584898652134941, 0.5662784074258397, 0.14999007961589636
0.40845724907063197, 1.7472649587406586, 0.5820850495861583, 0.17214842315406678
0.3607109665427509, 1.8276416403570361, 0.6507969226438708, 0.16519381587597612
0.3131970260223048, 2.0402543987565136, 0.680811485278021, 0.232003797180619
0.3579228624535316, 1.8468169537788346, 0.6472063153856145, 0.19134671438889178
0.3625697026022305, 2.0759965309295043, 0.6182149587790821, 0.17731779126218106
0.30855018587360594, 2.071334536654743, 0.6827875216372054, 0.1967594549213539
0.2940288104089219, 1.960734355993929, 0.7151102868274154, 0.22731125930959242
0.38313197026022305, 1.7657090410050074, 0.6215627874332158, 0.1750812298914256
0.38661710037174724, 1.792078346955732, 0.6206873737906393, 0.14978756665081921
0.2950743494423792, 2.3931755680300046, 0.7300912732093198, 0.2155911551018749
0.09828066914498142, 2.3024285671657787, 0.9184220568449449, 0.41947456493405355
0.13801115241635686, 2.6992585479617675, 0.8468490867378153, 0.4334139512095609
0.15985130111524162, 2.6142585631667683, 0.8337154972041698, 0.31849850733553087
0.17019052044609664, 2.504234906382942, 0.812551248561793, 0.4271798268509786
0.12314126394052044, 2.908950562163024, 0.88501945350955, 0.45220338272374677
0.10130111524163568, 3.067792997788984, 0.8813380969386196, 0.4824652767713757
0.12302509293680297, 2.837709691107176, 0.8851186598587564, 0.44957020749849136
0.21514869888475838, 2.321655293601153, 0.766198500673783, 0.2801260052737683
0.12732342007434944, 2.5896535181270766, 0.8930361899197484, 0.3364224796740053
0.13894052044609664, 2.8602316704782966, 0.8462018820477966, 0.4328204905387226
0.18935873605947956, 2.509176887142503, 0.8181029453558948, 0.23527194413541283
0.18111059479553904, 2.4302580200661956, 0.7998091760454457, 0.2673156524293825
0.2190985130111524, 2.5923060828605218, 0.7673133451159541, 0.203666463610583
0.195864312267658, 2.383344265040301, 0.7867692323271229, 0.2954370242062769
0.1407992565055762, 2.8980791975214357, 0.8754879022074794, 0.34680808294806054
0.19470260223048327, 2.6936622782780004, 0.7889906431963299, 0.28464231552829317
0.23303903345724908, 2.546264410863689, 0.7533326198178144, 0.18834462377819683
0.25813197026022305, 2.4217166376185904, 0.7447873847631136, 0.1909696880100926
0.15996747211895912, 2.7855180994673288, 0.8518311237855587, 0.35675318797968486
0.2596421933085502, 2.570799464609155, 0.7341173908572642, 0.19410382925726846
0.25731877323420077, 2.1277765824033645, 0.7258008518825974, 0.1921894719139294
0.2933317843866171, 2.1756739373211524, 0.6885977211229043, 0.19038255980588017
0.17193308550185873, 2.313176398667538, 0.8345109588768301, 0.28967166794597343
0.2587128252788104, 2.2790168728956393, 0.7268587857376497, 0.19037020751867573
0.1404507434944238, 3.212169171856252, 0.8650738541048739, 0.3336964028863665
0.2606877323420074, 2.1888596890251875, 0.7388069898641325, 0.21181055476445382
0.28554832713754646, 2.2014906006176234, 0.7001989995939264, 0.17755543423719253
0.15462360594795538, 2.9663446792868764, 0.8223248015644132, 0.39362009718254165
0.1579925650557621, 3.254798007138821, 0.8275359350837982, 0.297860543204932
0.3245817843866171, 1.9229298888889166, 0.6585409966345408, 0.1744065756486047
0.191682156133829, 2.6507018421556747, 0.7918767706950642, 0.30873339937491473
0.291589219330855, 2.0282931101394186, 0.6887385948855563, 0.21414255619993858
0.18482806691449813, 2.753680641634812, 0.8271069615701367, 0.2622886176900975
0.14591078066914498, 3.9257097339963445, 0.8317778219699642, 0.4217560023479822
0.31784386617100374, 1.8875383031718973, 0.6671613124084642, 0.21697688645066532
0.27730018587360594, 2.096569378316735, 0.7134985032893615, 0.18210965029480694
0.18018122676579926, 2.8372444159661367, 0.837351888152756, 0.3159449212229076
0.23361988847583642, 2.814674986688659, 0.7591714883663588, 0.27272174359768925
0.3367797397769517, 2.0128919351499763, 0.643988400010106, 0.1664093338332094
0.16205855018587362, 2.5928428390766167, 0.8467908273520642, 0.3049594872044074
0.1565985130111524, 3.5555078924796284, 0.8355031517335776, 0.30291402874746925
0.19993029739776952, 2.979891812428832, 0.7943290261860414, 0.2739631208737394
0.32237453531598514, 1.937375640067303, 0.663275109533338, 0.18553973392144937
0.3016960966542751, 1.9911860555382688, 0.6911594730558559, 0.2022992662373494
0.23106412639405205, 2.6127803840172015, 0.7529239570873902, 0.26869423014817573
0.19144981412639406, 2.591009487754572, 0.816704411737565, 0.25567259234687445
0.28392193308550184, 1.9688057886318868, 0.7375787166978334, 0.18135154462282477
0.2508131970260223, 2.1829263441278477, 0.766281836587357, 0.22407745444714347
0.22177044609665428, 2.3498023074469963, 0.7835100456120218, 0.2379270413988834
0.2525557620817844, 2.12323333241641, 0.7531213291802339, 0.2087624597447629
0.2092239776951673, 2.6566259589766372, 0.8104166903635286, 0.22436318996810953
0.34433085501858735, 1.7841686949005773, 0.6488092769829866, 0.1927807744491719
0.30436802973977695, 2.038966337807449, 0.6840455992883016, 0.20392769340758374
0.2475604089219331, 2.337428921303923, 0.7475482013696537, 0.22653141149718806
0.3042518587360595, 2.0177276336681444, 0.683615134791319, 0.1882234993973315
0.27021375464684017, 2.3883442933840824, 0.7260824695025143, 0.21984782755993496
0.2795074349442379, 2.0632112368969002, 0.7218561236928952, 0.22319505082827584
0.3513011152416357, 2.037521628683717, 0.64735332617162, 0.15679194264884297
0.3200511152416357, 2.1802177788641264, 0.6595165678696608, 0.1877958832985903
0.3233039033457249, 2.0461245668847736, 0.6987076213707325, 0.16489714128879557
0.32725371747211895, 2.0425115161779646, 0.680050173693404, 0.1618213461491546
0.25987453531598514, 2.5531267305787613, 0.7375155497733118, 0.2242106021644164
0.2329228624535316, 2.4438177500972627, 0.7872399503648312, 0.20719904344284085
0.3565288104089219, 1.8747352467932943, 0.6281343899153545, 0.1683940838046955
0.35606412639405205, 1.8095712380961526, 0.6560904203282899, 0.1594718323519476
0.2894981412639405, 2.102314968724981, 0.7287913743293656, 0.20914361556958366
0.24453996282527882, 2.1549808123810252, 0.7725172036259327, 0.22514462651204478
0.3020446096654275, 2.0379112947292515, 0.676951973396042, 0.19983930370652903
0.3315520446096654, 1.852966181376471, 0.6623141054836145, 0.18068941885893244
0.4038104089219331, 1.7045922121379289, 0.5844512552333809, 0.15850539523291926
0.29937267657992567, 1.9410104005940285, 0.7089842983019008, 0.20543349645236886
0.2663801115241636, 2.0896632030630506, 0.7641419619018617, 0.19710279293370123
0.31784386617100374, 1.8596206380930282, 0.6962747755275713, 0.174483845751241
0.3284154275092937, 1.9768420709539412, 0.6615065981754252, 0.19993686377285547
0.2763708178438662, 2.317371764865991, 0.7147869883022111, 0.21749786842903204
0.400092936802974, 1.7509868491482556, 0.6054924011452, 0.16138145117259003
0.28938197026022305, 2.2228339739069414, 0.6893078060461908, 0.22031756287946436
0.297978624535316, 2.19979630221637, 0.6901313716607212, 0.201810711656722
0.297978624535316, 2.1352547113878866, 0.6803239497577824, 0.2370449074105368
0.4183317843866171, 1.7259006344238954, 0.5842861978177578, 0.151251110462346
0.2888011152416357, 2.288039212077025, 0.7304908766115935, 0.22134399736812352
0.32818308550185876, 2.1255200993560504, 0.684577058291957, 0.17112223146998842
0.3116868029739777, 2.1928190292122336, 0.7048861928553446, 0.21406395919837648
0.4179832713754647, 1.6490572268025583, 0.5643177223452419, 0.14786329766890777
0.28032063197026025, 2.4008361792142527, 0.7113344138000792, 0.23765528631248672
0.34909386617100374, 1.8970048232886898, 0.6297296972759551, 0.19220144877345635
0.34049721189591076, 1.9554134955054987, 0.6497412431109969, 0.16640466005545085
0.32237453531598514, 2.0424593064213883, 0.6595796515100261, 0.19011856569432045
0.34375, 1.9009966438767747, 0.6458994321700149, 0.18442866621381823
0.3141263940520446, 2.208242438319849, 0.6623157258281999, 0.20460794786766515
0.2558085501858736, 2.496597961791173, 0.7572552382613961, 0.23995625502031906
0.3846421933085502, 1.7230823879583728, 0.617499948641542, 0.1699984162395632
0.3222583643122677, 1.9285353015170028, 0.6773088878340181, 0.22165470726954464
0.3739544609665427, 1.784987820629169, 0.6448273061861568, 0.1770015964158601
0.3950975836431227, 1.7500362756236225, 0.6129980725445469, 0.17797132260603152
0.44911710037174724, 1.5518718880521598, 0.5400075970339238, 0.14278889526294355
0.29681691449814124, 2.38602926110854, 0.6786231933847104, 0.2120503649198321
0.3252788104089219, 2.3570998802150993, 0.6484587688402093, 0.1947034023481696
0.38394516728624534, 1.6736759991423127, 0.6171782613072612, 0.16222774822696
0.31900557620817843, 2.0161106371229685, 0.6544279513442546, 0.2219669530808656
0.4033457249070632, 1.6934137671344591, 0.5754099672017716, 0.17125365517160068
