acuracia,loss,frr,fpr
0.056304248515303794, 2.3127492357738055
0.20854271356783918, 2.3933793870402886, 0.8366968897291734, 0.32317834058216044
0.168227501142074, 2.739823111824354, 0.8426950869652613, 0.4364839650648346
0.15183873915029694, 3.9111112150409997, 0.8568579634045107, 0.359365386236157
0.2629625399725902, 2.243101683666086, 0.7311010888133935, 0.22847306969606931
0.15834856098675193, 2.302701229793724, 0.886947744770237, 0.34406811302727386
0.10050251256281408, 3.072690365543311, 0.8854896347897304, 0.5041084696418241
0.25805162174508905, 2.5133672110453866, 0.7410301273410214, 0.2518970075891349
0.18193238921882138, 2.652453209576016, 0.8162412344068498, 0.30154256389723033
0.1759936043855642, 2.0040797828307375, 0.8299000566424848, 0.37706946071329445
0.20511649154865236, 2.689849808510919, 0.7828765015328913, 0.36745972158546814
0.23892188213796253, 2.0276612408728076, 0.7728041707732508, 0.3655086750412722
0.13899040657834627, 2.1364348592375335, 0.8643454156125756, 0.433897768507537
0.37956829602558245, 2.1784554189313567, 0.6158509174777651, 0.19853053034027052
0.19775011420740063, 2.2372446175666365, 0.8518894026693798, 0.36288195020849356
0.17348104157149383, 2.126566000966897, 0.8263947682186852, 0.3078458250943029
0.09878940155322065, 3.654400971373088, 0.9049967404086587, 0.47121266100586323
0.306247144814984, 2.1849088173388562, 0.6811678136252386, 0.21781970715362162
0.2638761991777067, 2.019376663257129, 0.7251304601301976, 0.23797296567045892
0.29396984924623115, 2.0398443343705814, 0.7064020599900521, 0.3098280931401661
0.3349703060758337, 1.9201775058259862, 0.6649096357687051, 0.21535708918782928
0.4582000913659205, 2.096652144506189, 0.5257112964821498, 0.17482238795249658
0.46916400182731843, 1.695857273771263, 0.5265674544111135, 0.17684335142177013
0.1389333028780265, 2.1607181742930313, 0.8655256187425958, 0.39354566095951016
0.10044540886249428, 2.268762933909757, 0.894439128350919, 0.47762405213027115
0.1579488350845135, 3.286871468240728, 0.8592266341303201, 0.40259141332658277
0.09890360895386022, 2.3745646611666125, 0.9049222696655863, 0.4601902783582437
0.19215395157606213, 2.3255313068267527, 0.8150738812600284, 0.3077807103463558
0.163544997715852, 3.206242576236388, 0.8446801776179094, 0.32253655079136156
0.24891502969392418, 2.164127472252021, 0.7667386042719145, 0.2754625472107598
0.35609867519415256, 1.9051389752177954, 0.6779715170848377, 0.1970234811263717
0.2832343535861124, 2.4566313117502583, 0.7271030587241962, 0.2868912357411343
0.37094563727729557, 1.8756304682356246, 0.6270699987862, 0.21305231209496361
0.3310872544540886, 2.593638164144011, 0.6497271790645076, 0.2616411286584124
0.4268501598903609, 1.5826479383510723, 0.5618338668983671, 0.1818133876882956
0.4122887163088168, 1.6716093843851312, 0.573959553098904, 0.18586067217106497
0.1525239835541343, 2.228917453827761, 0.8198941516461863, 0.3854348616185889
0.3001941525810873, 1.902762951025575, 0.7508328453197852, 0.2975793559455567
0.2452032891731384, 2.404981136173112, 0.8054494204677701, 0.284344589520518
0.1359068067610781, 1.9751463896025256, 0.8490060535476808, 0.3720790045174952
0.28529008679762446, 2.0909980290104344, 0.6977661379815011, 0.2582103744388966
0.1649725902238465, 2.2294771551214545, 0.8259229535716363, 0.33782231993509565
0.18758565555047968, 2.2294051327447795, 0.794855102768471, 0.36673505483627683
0.0986180904522613, 2.3532691169215316, 0.9049105730923162, 0.40063271844586174
0.2582229328460484, 2.8349505582523977, 0.7447504193716085, 0.24832742956195059
0.21008451347647328, 2.926942957395857, 0.7786969089982797, 0.2973565740434261
0.22373229785290086, 2.987553055401623, 0.7750500111284839, 0.25668906093801375
0.2914572864321608, 2.049148831807516, 0.7112304633010439, 0.23079864900619326
0.2598218364550023, 2.609797400006724, 0.7389350158777812, 0.21448373666682266
0.2722704431247145, 1.9858517211327111, 0.7550919887520146, 0.2731466649077982
0.10678391959798995, 2.632618115284825, 0.8972844525405423, 0.41227075697735766
0.10124486066697122, 2.1294801109127937, 0.9086001767009988, 0.4629864237307129
0.23698035632709, 2.292563610486839, 0.7747124940581017, 0.2743451333726806
0.24491777067153953, 2.223741364770417, 0.7729401274121463, 0.2894293534684741
0.3498172681589767, 1.8167217658528894, 0.6485746292235951, 0.2045408124869297
0.1779922338967565, 2.235262448845415, 0.8345301838184395, 0.3441060095972652
0.15497944266788488, 2.2990676742293834, 0.8281733522102646, 0.3002227968245622
0.2736409319323892, 2.203709109691846, 0.7101238069747094, 0.2654053611228952
0.13573549566011878, 3.3008727640953373, 0.8677876257026417, 0.41757320231538503
0.18353129282777525, 2.199967795280955, 0.8023708523462442, 0.3200686427728368
0.10044540886249428, 2.9353364368048895, 0.894439128350919, 0.47793137120125045
0.202603928734582, 2.246619214796895, 0.8090673086097291, 0.372297274150937
0.2956829602558246, 3.15047737009791, 0.7092635567126753, 0.25541294528227765
0.16799908634079488, 2.069538839978271, 0.8380573457152382, 0.4034119310538086
0.3338853357697579, 2.1142531977468644, 0.6744985049177306, 0.2371742146659672
0.1646299680219278, 1.9351944877689917, 0.8466484658530243, 0.36794222986165076
0.1745089081772499, 2.0073861787040355, 0.8165313995125253, 0.30136051577980205
0.11317953403380539, 3.091300864786917, 0.8904994758892066, 0.4060592941751751
0.2390931932389219, 2.607531409680013, 0.7795954461200314, 0.27807831215229417
0.2820922795797168, 2.0147626450742253, 0.7700083561144573, 0.25166990674623896
0.3529579716765646, 1.9731444255310604, 0.684061067500994, 0.2018019931622917
0.32006624029237096, 2.1682139500301685, 0.6896257631517867, 0.26446386278460393
0.3272042028323435, 1.8138279715130023, 0.663647464982994, 0.25690733684166334
0.27603928734582, 2.0156062204457137, 0.6967125900370263, 0.24752995423378693
0.1439013248058474, 1.9682952096237336, 0.8421789826914208, 0.3982044486337355
0.3145271813613522, 2.036016365895265, 0.6759491325039501, 0.2607747418886361
0.3873915029693924, 1.6807771350706806, 0.6246097147435425, 0.19432241243822246
0.42525125628140703, 1.6090461726246386, 0.5808644423856124, 0.19038530434789475
0.3515874828688899, 1.6922879006769789, 0.6470252045373001, 0.23208907807505907
0.1818752855185016, 2.2132368305312573, 0.8241345893421951, 0.35558231089456055
0.20717222476016445, 2.354007256021166, 0.7976930928086821, 0.33869982156127487
0.3676907263590681, 1.7528512875284437, 0.6397747128215048, 0.2330376330397071
0.2417199634536318, 1.8752144008684288, 0.8081231444777218, 0.3522785034996589
0.42702147099132026, 1.5990292089933835, 0.5533473268606716, 0.20764434109947047
0.22082000913659205, 1.979019857510795, 0.7646834507368949, 0.3163369093887628
0.2987665600730927, 2.07916453914345, 0.7403702242994554, 0.24636951845374108
0.33074463225216993, 2.02415158039375, 0.7202428082208407, 0.23433916022685014
0.26324805847418914, 2.1344847944809753, 0.7809378771556226, 0.3223661487550486
0.27592507994518045, 1.972878859849377, 0.6955982396767069, 0.328006928981467
0.17342393787117405, 2.419774252561407, 0.8136902740193066, 0.4136690274237323
0.35170169026952947, 1.7577362137111887, 0.6666853781184031, 0.19664485184602945
0.24560301507537688, 1.9782517520381524, 0.7537034392235376, 0.28220435620893486
0.24771585198720877, 2.0218529990321565, 0.7568280590021065, 0.2783773211019991
0.471619460941069, 1.4404305144089333, 0.5214607110676845, 0.1835277447852892
0.24960027409776153, 2.0902303593035816, 0.7570438875051596, 0.310302867253445
0.2384079488350845, 1.9437558921015714, 0.7644023647545338, 0.3058180104881858
0.3292599360438556, 1.8120044531983945, 0.6830475983380625, 0.22439132440024973
0.28900182731841023, 2.440284856203254, 0.7035692093749263, 0.28723369510683927
0.3519301050708086, 2.2357420339438403, 0.6519010265501194, 0.1871080222326018
0.10267245317496573, 2.244045919495775, 0.8828010919557242, 0.45904987080839016
0.120831429876656, 2.792329979149132, 0.8741656911985386, 0.4505645535030905
0.14041799908634078, 2.3017095206615967, 0.9018869755027767, 0.2873249451192345
0.09884650525354043, 2.6821914582239703, 0.9049694172374864, 0.48523977823072445
0.15218136135221563, 3.061015811883672, 0.842059006529513, 0.3576384281639994
0.2390931932389219, 2.3376555078211525, 0.752406018072382, 0.29873068722056517
0.24771585198720877, 2.1826791213650907, 0.737682575190096, 0.24493121983196564
0.2947693010507081, 2.2737269199475842, 0.7043471725789932, 0.2395851252520821
0.3817953403380539, 1.9121685847844256, 0.6103838258203164, 0.20863709838086447
0.38236637734125173, 2.083880076115945, 0.5975666852961162, 0.1948393440175383
0.2875742348104157, 1.9816689208258826, 0.6974887377620637, 0.25102667463066924
0.11706258565555049, 2.1017533668532606, 0.8527917840174852, 0.44292340020220833
0.2301850159890361, 2.2369569523099173, 0.7743141113768809, 0.2916561463787281
0.34553449063499314, 2.196506041958554, 0.6452864045685978, 0.2300269933951073
0.4013248058474189, 1.6227124329875897, 0.5956122021507763, 0.21831177176651467
0.3620945637277296, 1.828088115170673, 0.6197187249072381, 0.21129479692302355
0.48138419369575147, 1.7094441022912816, 0.498114377842197, 0.17292786505774235
0.538031064412974, 1.4450802099386841, 0.44169603452595413, 0.15713800897904404
0.5299223389675651, 1.558516006741899, 0.450750888965617, 0.17219726091894488
0.360153037916857, 1.8591242673342674, 0.6748177808505218, 0.29126649445500336
0.48269757880310643, 1.3127280509158077, 0.5030956573118824, 0.17504265638240885
0.45865692096847877, 1.4260952097417803, 0.5782060894304746, 0.21660595223703005
0.41263133851073547, 1.6307747387367673, 0.5756751666552724, 0.2189531967353709
0.5132480584741891, 1.2697355130863068, 0.44456130174785957, 0.17231708481951558
0.48469620831429877, 1.4074515700033943, 0.49875386123783566, 0.18172329651493274
0.428905893101873, 1.8553674535459106, 0.5655661109432497, 0.22323659045203173
0.32806075833714027, 2.0680453959476353, 0.6345740955528107, 0.30440230067583884
0.4927478300593878, 1.4667825695840313, 0.47444156243802865, 0.1785817929548971
0.5309502055733212, 1.4903977939991138, 0.44571559235172115, 0.166383042723491
0.6155778894472361, 1.2397360972984188, 0.34435504586551263, 0.12002601147157285
0.4882366377341252, 1.3016411860057784, 0.5096292546050283, 0.1999337268763355
0.3895614435815441, 1.4921716345206513, 0.6217948778173462, 0.2404090505318188
0.5644700776610324, 1.1983788232993404, 0.42710694722859255, 0.16368935233106457
0.5922795797167656, 1.1185416325740325, 0.393995727361024, 0.14449970988584004
0.5899383280036546, 1.0704959787206292, 0.3802256527090264, 0.1464001276136739
0.5090794883508452, 1.4403535379981813, 0.44902825017536424, 0.21012122142493034
0.5435701233439927, 1.2874596692032878, 0.43812824953634016, 0.17457609533105112
0.5267816354499771, 1.3033653684556077, 0.45639156546374304, 0.17253664901903684
0.5951918684330745, 1.0046695480260373, 0.44721559428731783, 0.14572398810449355
0.40589310187300137, 1.5822390028375106, 0.6329303277713244, 0.2808055453759531
0.36643444495203287, 1.8138860254346398, 0.6312986575893559, 0.23316799498200547
0.5057674737322978, 1.3131341558894718, 0.4852581209586308, 0.1575152999857341
0.5156464138876199, 1.3045355543105357, 0.47258414376693203, 0.1510658747378067
0.6364207400639561, 1.1548305364903093, 0.34854669497515595, 0.12204150605774856
0.6402466879853814, 1.1323375665658926, 0.3439932273200198, 0.118529437863748
0.5838282320694381, 1.2814877281699784, 0.4012960819590498, 0.1452976576171089
0.4556304248515304, 1.5516002137569627, 0.541109630870492, 0.23467489382829373
0.5395157606212883, 1.1551551046734867, 0.44861060410338977, 0.16455884594844558
0.49862951119232524, 1.190210596695304, 0.52323116236117, 0.15546679266159133
0.3953860210141617, 1.8115757529637846, 0.6473777944045814, 0.2432230257793649
0.44169712197350386, 1.7327917046811347, 0.5870879798746176, 0.19003864846645513
0.5239835541343079, 1.1701635714070477, 0.4590844461229931, 0.16745789732045605
0.5742919141160348, 1.0918537901926693, 0.46374301514155736, 0.14436848114245845
0.5790315212425765, 1.0584703108041376, 0.42984211260929184, 0.15292308229483267
0.4903494746459571, 1.2696392567408799, 0.4718967482986899, 0.17359538445804332
0.5774897213339424, 1.2807618380562935, 0.39508227285248965, 0.1453962996087821
0.43827089995431706, 1.5471567692087904, 0.5232502604416694, 0.23103815242656392
0.41657149383280034, 1.569104164877933, 0.551584062108722, 0.22411123453068976
0.3965851987208771, 1.4945675580017355, 0.5976901125447001, 0.22161275241055306
0.39550022841480126, 1.754759680863526, 0.5864071806881105, 0.1990223472044619
0.48715166742804933, 1.131393408156887, 0.5287759011689317, 0.17602446885050715
0.4467793513019644, 1.3528055393980716, 0.5421835030244132, 0.2052557911886525
0.5657263590680676, 1.370081292525744, 0.40514282303947996, 0.16537834467195514
0.6087825491091823, 1.297473541170345, 0.4311165586895589, 0.12568457896515361
0.42810644129739606, 1.4618225392854447, 0.5672632576271905, 0.21954748277005046
0.5159319323892189, 1.4194703264108337, 0.47300750315069645, 0.17373828311822237
0.49286203746002744, 1.615466179471257, 0.4947559168414065, 0.1950078183027168
0.48138419369575147, 1.503010939905831, 0.49878262953779445, 0.17595345344091212
0.42045454545454547, 1.4640894986420203, 0.5430131331713508, 0.24978125683843097
0.39270214709913204, 2.1374003864238067, 0.5897115076461731, 0.22100162310034063
0.48680904522613067, 1.7313914216719053, 0.48677733906932114, 0.15572949165159727
0.4280493375970763, 1.8565107249549955, 0.545715894258015, 0.1885624256635117
0.5167884878940155, 1.5615259355568876, 0.4513743832037015, 0.18144270587413736
0.5025125628140703, 1.469466531369282, 0.48176192499661963, 0.16978986311345304
0.4905778894472362, 1.5444350053899607, 0.4966007750948122, 0.17231682099855838
0.49634536317953404, 1.6159283360557835, 0.48822772435533757, 0.16682176006264104
0.36038145271813615, 1.9356482278074016, 0.6451909009771506, 0.25373271316899304
0.49594563727729557, 1.300893261270745, 0.5005708884082912, 0.1922889684296956
0.5203289173138419, 1.4103913943895066, 0.4616364279637212, 0.1839688292228059
0.4185701233439927, 1.4261762861666802, 0.5770630202742808, 0.21385281949283005
0.430733211512106, 1.5082393668214598, 0.5516422662584061, 0.21330167313887954
0.48675194152581086, 1.2767833859479765, 0.5409762283752273, 0.16991068859376673
0.5214138876199178, 1.326269462256228, 0.4658932603474949, 0.165716074415709
0.5404294198264048, 1.0861962972989143, 0.42273211611867745, 0.15936087372834098
0.5601873001370489, 1.1219411717405285, 0.4791281108136022, 0.14771961602927147
0.5497944266788488, 1.1014146313169957, 0.49268337861735306, 0.1569014147253115
0.5606441297396071, 1.0595466984787343, 0.42465076439696703, 0.15550162195395054
0.5052535404294198, 1.5699702484585096, 0.4537083955974227, 0.17280329884325613
0.24868661489264504, 1.9191769044956914, 0.7286850888789747, 0.31963988186461767
0.30025125628140703, 2.068553530471974, 0.6977788277432868, 0.23268483837414586
0.32006624029237096, 1.8630120474564371, 0.6473665686011273, 0.2514196632655359
0.2527980813156693, 2.0104256567820507, 0.7437548279742141, 0.2913940555832126
0.3839652809502056, 2.005555710362593, 0.602475950303448, 0.2242072876110464
0.23949291914116036, 2.10563750916989, 0.7818464903593491, 0.2998820557120688
0.24069209684787574, 2.0721301428732017, 0.7627572714477799, 0.32508906408575766
0.266674280493376, 2.106397269369397, 0.7556026938463751, 0.26844788917474244
0.14144586569209686, 3.5673827683208907, 0.8575698540931943, 0.3702875591989704
0.36894700776610323, 1.902830093818244, 0.6601135698509101, 0.2090374449646316
0.28334856098675193, 1.790742117443576, 0.7064449187206245, 0.2215670424690361
0.15395157606212884, 2.0919220500858393, 0.8432101091395158, 0.31537287160630545
0.4531749657377798, 1.6708279229503153, 0.530751759129529, 0.1849464024223706
0.28157834627683875, 2.2988725754701695, 0.7145915598405664, 0.2867200206235267
0.4957743261763362, 1.7965796834271437, 0.5032154495644687, 0.19171187834197792
0.12791228871630883, 2.3039768896945922, 0.873742659315858, 0.30229609845850464
0.10552763819095477, 2.4249530456391795, 0.9333136324520364, 0.42660011186506813
0.10147327546825034, 2.2764543697217547, 0.870404654635747, 0.45408042879138005
0.16148926450433987, 2.5468043783801284, 0.8377449359844646, 0.3243790825442014
0.09964595705801736, 2.4045267423853964, 0.9043840925506147, 0.46153962668796117
0.09884650525354043, 2.7905642698178994, 0.9049694172374864, 0.4836058825676588
0.09884650525354043, 5.08917315326193, 0.9049694172374864, 0.4783908907429517
0.1702832343535861, 2.2863910530918043, 0.8423497280810933, 0.3509668083830645
0.19860666971219734, 2.8828628156002307, 0.770446079545504, 0.3794027391582416
0.2821493832800365, 2.322279996815567, 0.7089830205378781, 0.2803788615310566
0.3210370031978072, 1.7712937322223552, 0.7125338467924134, 0.2599411885545949
0.22447464595705802, 1.9812905929706968, 0.7596624533110293, 0.3275385909875138
0.35467108268615805, 1.7118599226825064, 0.6265228070516216, 0.18756976315106302
0.19540886249428963, 1.9731633491701817, 0.7901876134445848, 0.3199662396531576
0.2265874828688899, 2.1127688102917674, 0.7762738023226089, 0.2723634739060558
0.16040429419826405, 2.2689613595370046, 0.8240253798568115, 0.3078936200878457
0.3170397441754226, 2.1879914459428216, 0.6817652973246869, 0.23437794290548122
0.3515874828688899, 2.2306313553102597, 0.6376767784465288, 0.19600767281211423
0.47430333485609866, 1.760967159617391, 0.5269481217430425, 0.1880301363450775
0.222133394243947, 2.083939970063804, 0.7829859805193741, 0.3616417956084278
0.2545111923252627, 2.0850651708672774, 0.7210764697069675, 0.21676102906484385
0.23983554134307902, 1.9456343929440314, 0.7533090230926562, 0.28633460489417994
0.34039515760621286, 1.9347389633454597, 0.64870214184017, 0.2499503082786284
0.3095020557332115, 2.0942634342450184, 0.6696621561211752, 0.20102397117142637
0.2631338510735496, 1.9717608648022598, 0.7601861249472359, 0.2469426548127571
0.4588853357697579, 1.451711294645858, 0.5278820192138023, 0.1647995061818751
0.48738008222932844, 1.357397598665005, 0.49446557107123096, 0.1614319860324552
0.43238921882137965, 1.4215044121816585, 0.5638341894084979, 0.18824907712695313
0.43867062585655553, 1.656338789400314, 0.5938741419648585, 0.20479330003160967
0.522670169026953, 1.4337983426155907, 0.45478067121679683, 0.1734168048780731
0.5637848332571951, 1.5092521944870791, 0.41597449785331814, 0.16400947669509064
0.4150296939241663, 1.6089019920266807, 0.5671349277096102, 0.1871733123639074
0.3716879853814527, 1.8543035251608773, 0.6094793290907877, 0.20201352537091438
0.3496459570580174, 1.7397781789929097, 0.6391829237260135, 0.2019907267600454
0.3956715395157606, 1.6553601272265495, 0.5915282859648205, 0.18277785106183334
0.33268615806304247, 1.7447599248680665, 0.6506408793462752, 0.2399690484760738
0.34553449063499314, 1.761252677014507, 0.6981988671789703, 0.2940085620320856
0.22087711283691183, 1.9547668940410214, 0.7834980425533806, 0.2505757338204546
0.16268844221105527, 3.0625192621540296, 0.8419250952125505, 0.41095020618273526
0.3824805847418913, 1.922751979591804, 0.671182268261296, 0.22878005215409197
0.3400525354042942, 1.8560825553865208, 0.6408496962423276, 0.23681518648335714
0.33217222476016445, 2.002585614957392, 0.6558209020455895, 0.20850057057531618
0.3008793969849246, 1.8893311246004263, 0.6706075006186869, 0.2794412627366868
0.36146642302421195, 1.6513465755351497, 0.6081054604101667, 0.23102706992384384
0.46488122430333484, 1.5473855542858859, 0.5336430789682595, 0.21935467893987198
0.25228414801279125, 1.7021616468075857, 0.7974196206049579, 0.35203121447915026
0.3747715851987209, 1.6130116772316754, 0.6274262454791568, 0.21166605822086465
0.2908291457286432, 1.884711043623286, 0.7141070441687035, 0.2636559502845569
0.4397555961626313, 1.6084411820748208, 0.552195445801474, 0.18970307645050502
0.23001370488807674, 1.9478285429942221, 0.7687659398941001, 0.3396887584409974
0.35375742348104156, 1.9891096814452593, 0.615652342668336, 0.21790912701356274
0.2008337140246688, 2.5996760778221, 0.8076895064328167, 0.39828003925062966
0.30030835998172684, 2.126885287230515, 0.6920290674653954, 0.24813680227085522
0.1498972133394244, 2.2494056134251985, 0.8679365756924009, 0.42013783152550244
0.44780721790772043, 1.5575344327712997, 0.554567807485781, 0.18165254989175886
0.29162859753312015, 1.878615453485323, 0.7186523433088688, 0.25615739474938515
0.11397898583828232, 2.71378146113667, 0.8977708538939994, 0.43088571466092146
0.32212197350388305, 1.7282257768814355, 0.6754891722736857, 0.2993933114457256
0.28928734582000915, 1.9083276665107933, 0.7209849730133936, 0.28729044424781053
0.3489036089538602, 1.5667794678762705, 0.6394946297401486, 0.21428251953292465
0.32469164001827316, 1.7384001979644357, 0.6636535649218267, 0.21474563512280917
0.3927592507994518, 1.780773461007974, 0.592126009951988, 0.2328519663680907
0.17822064869803564, 2.2978035050417502, 0.8270514051507473, 0.3626555502173099
0.4017245317496574, 1.6929384533532028, 0.581858147955628, 0.21143032066709339
0.2043741434444952, 2.0310674557584014, 0.7643563093830995, 0.3739082966031518
0.28060758337140246, 2.187507267071333, 0.7131198237845623, 0.26324258639949855
0.40652124257651895, 1.7678757370923985, 0.629010057539316, 0.2636618824212619
0.4606555504796711, 1.3442638842852734, 0.5229510423673415, 0.18476827517312763
0.3651210598446779, 1.7894112857517286, 0.6326684763773802, 0.22568188054636956
0.15143901324805847, 2.400940927457747, 0.8504677696318761, 0.4159797984115539
0.2685587026039287, 1.913051596504469, 0.7387940981016645, 0.295798633367318
0.21493832800365464, 2.2640993088899055, 0.7947847001384561, 0.339169637828625
0.16817039744175422, 2.3211785615981304, 0.8378308853053701, 0.35379699376099855
0.21745089081772498, 2.2226090269744425, 0.7945671751512683, 0.3895113031471383
0.18318867062585656, 2.0438721221963148, 0.8154304712673085, 0.33588586266407927
0.2802649611694838, 2.077859587262841, 0.7498489216795365, 0.22447988794368848
0.3012220191868433, 1.9281358652500977, 0.6923011609904467, 0.23388374686770902
0.27706715395157605, 2.053313044297635, 0.6883218613496557, 0.2894846196080652
0.28865920511649157, 1.8964323452982308, 0.7063885458164358, 0.26623536159407224
0.20957058017359526, 2.139266072992404, 0.7750053833045331, 0.31962730114330967
0.3027638190954774, 2.0093989359625892, 0.6883748365943081, 0.24728422001065167
0.3888190954773869, 1.7293834471441176, 0.6069569504873671, 0.23681108085049118
0.2023184102329831, 1.8823634417614419, 0.7944760978022942, 0.2555133873098811
0.2432046596619461, 2.0519470185000586, 0.7201873592821119, 0.32648917477866507
0.19512334399269074, 2.861409623847654, 0.7958727927376908, 0.39752282161657987
0.325776610324349, 2.211195729027918, 0.6735826431924258, 0.24932335975438477
0.46819323892188214, 1.4704145515084865, 0.5349961411779929, 0.2141993874489187
0.3429077204202832, 1.7790098205113476, 0.708304602841004, 0.22443548539458338
0.4746459570580174, 1.4524410012037297, 0.5206187571390394, 0.18065851854332193
0.3079031521242577, 1.961926200748334, 0.7364081820842987, 0.3202227045917328
0.480984467793513, 1.3877379950978348, 0.49897361663668216, 0.16908668861415213
0.4633965280950206, 1.485522623124114, 0.5325880035832806, 0.17324117118164184
0.3696322521699406, 1.5667371344503718, 0.6004997571002443, 0.2689807692203505
0.267188213796254, 1.9527520036666075, 0.7236088978383785, 0.27261230070289727
0.19740749200548197, 2.100027796468162, 0.8141271191792454, 0.30559894188597614
0.35821151210598445, 1.7748490423304462, 0.6393750184325848, 0.21852970026139937
0.2401781635449977, 1.972923923037051, 0.7786292065434155, 0.27680353693782
0.34279351301964367, 1.7206325131451883, 0.6482369836966215, 0.2358640972457443
0.43278894472361806, 1.5711672884740135, 0.5662368732443386, 0.18652692141154592
0.4387848332571951, 1.5425723240140259, 0.5336562903346959, 0.1824963706078831
0.34136592051164916, 1.779549730088189, 0.7021546628919179, 0.20883095102335078
0.07509136592051165, 2.298234505596745, 0.9288718062875438, 0.3176421825309664
0.09890360895386022, 2.541550148948993, 0.9409947442377441, 0.4810237133741909
0.1007309273640932, 3.1936013674309884, 0.9092711951756492, 0.48545469971786925
0.11517816354499771, 2.310949532605296, 0.8894748486961135, 0.4001931118738208
0.2926564641388762, 2.337379752813599, 0.7345347488836946, 0.28117627405601964
0.2559387848332572, 1.9976453011835913, 0.7225142898808681, 0.23480654622816774
0.3892759250799452, 1.660883934595722, 0.6103650216723225, 0.19347543742244797
0.5359753312014619, 1.3938857732998449, 0.49978258967566236, 0.1603302536643083
0.555733211512106, 1.385782264142398, 0.4418640937177146, 0.16045134369176475
0.4237665600730927, 1.549159986332447, 0.5700845093566975, 0.20754183484243682
0.4362151667428049, 1.3519752332698187, 0.5580698640459726, 0.20945446939572893
0.3640360895386021, 2.0467327698893323, 0.6152267380436028, 0.24481034025253007
0.46282549109182275, 1.8669309431736776, 0.5261933377336612, 0.1760071669165635
0.5206144358154409, 1.6978835369651315, 0.47778570233702644, 0.1441708905806616
0.3457058017359525, 1.6377059805741752, 0.624186960177528, 0.24062661889314413
0.4385564184559159, 1.8397083501052836, 0.5426972984326487, 0.17015565551639847
0.32589081772498857, 1.6957583948357184, 0.6636153364729339, 0.22250366265673704
0.37808359981726813, 1.6754710381776572, 0.6087667617308531, 0.2715541989629511
0.3827089995431704, 1.8454923661703957, 0.5990679169379193, 0.20886460451353336
0.3121288259479214, 2.224219904116654, 0.6714831722379802, 0.286880841044753
0.48304020100502515, 1.7184578994873616, 0.5140425002374258, 0.18506886394142436
0.5561900411146642, 1.625123761489208, 0.4321237609811108, 0.14012581888917996
0.6106098675194153, 1.1945674099709265, 0.37935949994190593, 0.1266537164624751
0.4789858382823207, 1.3735370846859203, 0.5128868898153824, 0.19281757091286822
0.5344906349931475, 1.3569935040430168, 0.4502960341197193, 0.1725638706364351
0.4772156235724075, 1.5695663437097516, 0.5053858912498735, 0.19375067650823635
0.5809159433531292, 1.1015873681223118, 0.43923931240669106, 0.14072526040002037
0.5708085883965281, 1.1727564737835516, 0.38403082196938226, 0.13743578380759347
0.6160918227501142, 1.1415214931210287, 0.3731566822816594, 0.13764667459622118
0.499486066697122, 1.4068494692696671, 0.491405678856097, 0.17960834119178262
0.44569438099588854, 1.6127623272247105, 0.5470677117626365, 0.1934603533394727
0.2473161260849703, 2.147082165304815, 0.7536540753744109, 0.28332860526011416
0.48658063042485156, 1.6116048767039524, 0.5189513978361487, 0.1945491268592869
0.5741206030150754, 1.56228212874541, 0.422204572002172, 0.16698562767463127
0.6145500228414801, 1.5810130885157645, 0.38251073254094753, 0.13664437811785884
0.5259821836455002, 1.3441503932805925, 0.4663322149525165, 0.158693331876901
0.4970306075833714, 1.6721244660708603, 0.543711494346464, 0.1842590666654274
0.5448264047510278, 1.2352166656258377, 0.44254960492690787, 0.14726418334489683
0.4491206030150754, 1.4776546344324408, 0.5586469277741686, 0.17793275949793547
0.29773869346733667, 1.852943525406672, 0.7012020239011034, 0.24991111604012026
0.4997715851987209, 1.3715221852412156, 0.5389057352714873, 0.17502495258924716
0.40041114664230243, 1.9489341423097555, 0.5987827547302971, 0.2645796548123856
0.2779237094563728, 1.8924727148830367, 0.7369862321711252, 0.2779774195163041
0.5045111923252626, 1.303820572363348, 0.48389853932357846, 0.18050313098608478
0.4934330744632252, 1.5380603241721018, 0.5032371092676009, 0.18329018480247108
0.5300365463682046, 1.31637877280164, 0.4691591410962655, 0.14820845292626847
0.35946779351301966, 1.7076833270679073, 0.6669773455393394, 0.2747697356390402
0.42228186386477845, 1.526433298128579, 0.6245716301918385, 0.21856010002218867
0.37888305162174507, 1.4934897575903532, 0.6539396796464314, 0.22971392863037496
0.51301964367291, 1.3669212996307036, 0.46179014765775295, 0.15818193611847345
0.3640360895386021, 1.7547546520183785, 0.6197456030367154, 0.23331775282390183
0.39081772498857925, 1.9809125458538515, 0.5894665570602328, 0.2357238620689283
0.45597304705344904, 1.5970322210673547, 0.5268765871061124, 0.18613004797557467
0.47613065326633164, 1.4402945700551262, 0.5061902250583321, 0.1613056855329734
0.42370945637277296, 1.8094703193131516, 0.5680911191869469, 0.2055555276347165
0.48092736409319325, 1.4834316125290206, 0.4927275109619718, 0.16327019251104086
0.3759136592051165, 1.7938640387362919, 0.5967668435397802, 0.20259579753761373
0.4676222019186843, 1.475502018678496, 0.530324263471991, 0.20931569365632316
0.4476359068067611, 1.6949764062297799, 0.5368684942500094, 0.18090689556998998
0.44917770671539514, 1.54208509394003, 0.5355965769814619, 0.1900127655788345
0.6181475559616263, 1.5797239071181126, 0.3713246517743627, 0.1298038192391723
0.526553220648698, 1.2674517548788133, 0.5009019434657223, 0.16575779504477806
0.43090452261306533, 1.6845122647840596, 0.5515053707617762, 0.19654199096403766
0.3261192325262677, 1.6160598278093306, 0.6808154067731917, 0.24739042297891312
0.14178848789401552, 2.1362745909113054, 0.8690422681105512, 0.41462985542284136
0.26113522156235724, 2.0890135084278456, 0.7170165172556783, 0.3117895191681276
0.2629625399725902, 2.0482627030329286, 0.7050342355788994, 0.2697023251261817
0.34764732754682504, 2.1715868778931817, 0.6481444673374611, 0.2465700138339875
0.36329374143444493, 1.965925080862531, 0.6252034279600406, 0.21990854069202173
0.25485381452718137, 2.0384884203008564, 0.734824263261806, 0.3079611557095673
0.3426222019186843, 2.1454953155967473, 0.6504632857770429, 0.23851508197096696
0.4106327089995432, 1.6997244634779145, 0.573499173763497, 0.19482723947955236
0.3170968478757423, 1.911569806900728, 0.6600744297160008, 0.23833679805262403
0.22932846048423938, 2.0763477884903514, 0.7497620617958717, 0.29035866699765356
0.2790086797624486, 1.9432642919157346, 0.7013669788687825, 0.2696049527264687
0.3587825491091823, 2.220747703141773, 0.6231936624081661, 0.2346738607703927
0.33696893558702606, 2.2294384140313666, 0.6481267492398941, 0.23711810385221666
0.29425536774783007, 1.7187920362063607, 0.6877341125703065, 0.29409552104556835
0.42530835998172684, 1.5320832915187168, 0.5581384465235717, 0.17827133916504925
0.440897670169027, 1.417664584136611, 0.5467598516956779, 0.19212338592463804
0.4694495203289173, 1.5946958868344416, 0.5274546740328205, 0.18939996353851213
0.2802649611694838, 2.2052901307190695, 0.7261075221168677, 0.3289223608907265
0.4474645957058017, 1.5482023573736245, 0.5359057491580924, 0.20816056074976855
0.39647099132023755, 2.6862732030286645, 0.6001168021070428, 0.24285077315154782
0.5153037916857013, 1.6781037997211043, 0.4491268069029731, 0.19737897546401822
0.2669026952946551, 2.0510620780096867, 0.7062025723478536, 0.30542413117159056
0.5159890360895386, 1.2544675916790717, 0.4893761546766921, 0.15823494944292682
0.34719049794426676, 1.8955830410495145, 0.7014112584286111, 0.21941809204925725
0.40680676107811786, 1.4937954364534232, 0.5788586210316796, 0.2050217479518599
0.47618775696665144, 1.446986815330984, 0.5138591062912549, 0.18050252390181404
0.6191183188670626, 1.069922101418005, 0.33940482790810206, 0.10920232928225289
0.5147327546825035, 1.4485751045438091, 0.46761007885373307, 0.16369288557979012
0.4926907263590681, 1.4988902899146916, 0.4907401957915959, 0.19241828392621274
0.48886477843764276, 1.6032975555209092, 0.495511939883019, 0.17722040849364015
0.54425536774783, 1.365540909991451, 0.43549486969919615, 0.15160749704119966
0.3626084970306076, 1.7772704957107524, 0.6313091172680545, 0.27703574953975085
0.4852101416171768, 1.5083943254302876, 0.48702215164925117, 0.1688797386799137
0.3491891274554591, 1.6572209533530318, 0.635823208798853, 0.2645574255303041
0.2579374143444495, 2.0861219450748023, 0.7459974611143079, 0.3180864411843867
0.49166285975331203, 1.4415816226625255, 0.4971703613108505, 0.15567425585265732
0.4966879853814527, 1.5993720958683284, 0.4928098724843413, 0.15764628215234938
0.07708999543170397, 2.3075621866809555, 0.92563532931029, 0.22239668725088238
0.10044540886249428, 2.3171467183590915, 0.894439128350919, 0.4796757036176917
0.2426336226587483, 2.6084886935338303, 0.7431119657549697, 0.29181771020824393
0.16936957514846962, 2.3202034435951857, 0.8359027287187304, 0.3170614135253877
0.09884650525354043, 2.8530509744933776, 0.9049694172374864, 0.4829206347979883
0.21990634993147556, 2.3709416309037183, 0.7695778086762015, 0.28412070601192074
0.3716879853814527, 2.60076459176909, 0.6270276638913344, 0.19522480719881238
0.30499086340794884, 1.8136788679362568, 0.6805280113601629, 0.26242925830470226
0.2594221105527638, 2.611528677133228, 0.7467947147133874, 0.3119609338305937
0.27735267245317496, 2.339384813200344, 0.7029842830640369, 0.28273829905001163
0.36175194152581086, 1.9638406829019288, 0.6052535917663543, 0.20494796904174037
0.26233439926907265, 2.1429658148483686, 0.7457247040794127, 0.2993164346622319
0.20740063956144358, 2.1124656131655293, 0.7845449114438477, 0.35387553417851303
0.49240520785746916, 1.7261111414040426, 0.5020848416562427, 0.1769912115594962
0.23823663773412518, 2.7769138930814723, 0.7701423583424062, 0.3260931196812651
0.3811671996345363, 1.8758037488927997, 0.6190461072014313, 0.20686336545509393
0.251827318410233, 2.021637827089901, 0.7167039819678961, 0.3413903679891598
0.1940383736866149, 2.1721664097359215, 0.8124139785141611, 0.257202222478508
0.20785746916400183, 2.1066128539475417, 0.7761478275269461, 0.28380791165113456
0.10107354956601187, 2.219846793890762, 0.8939126652668421, 0.4670392264839889
0.20934216537231612, 2.489014324079901, 0.7726705912110322, 0.3265957114555976
0.11986066697121973, 2.165576380472877, 0.865082810443443, 0.3720268082456607
0.28186386477843767, 2.037204288235534, 0.6955616671588332, 0.23766771322862984
0.14435815440840566, 4.705403439059508, 0.8595416901550584, 0.39750318653727407
0.2903152124257652, 1.896951337412592, 0.7045973669156491, 0.23505890354971765
0.2614778437642759, 2.0990851357163987, 0.7256802942007969, 0.27930361808594545
0.14881224303334856, 2.3296681106866575, 0.8246479754484479, 0.3180338680047598
0.26798766560073095, 2.131971419946741, 0.7292221037595047, 0.28083696400866043
0.3175536774783006, 2.6509649786058356, 0.6612299167992856, 0.2604721398026187
0.34433531292827774, 2.121858531914655, 0.6498494751374492, 0.2354394808954646
0.2912859753312015, 2.3691263682885007, 0.6863708338733437, 0.2973624210397131
0.3294883508451348, 2.9787635667212973, 0.6783506616189566, 0.25157180300958143
0.12237322978529008, 2.4189163494894306, 0.8902373559657677, 0.4216261841275062
0.15891959798994976, 3.2283897442533007, 0.8583229700632196, 0.3994096750202683
0.29939470077661035, 2.7726466204489673, 0.6888331543233294, 0.2669604949564533
0.4282206486980356, 2.5754965229722333, 0.5664705664743644, 0.1924375432174654
0.3011649154865235, 1.8139927683797206, 0.6753826985492588, 0.2986110210316268
0.30224988579259937, 2.18425548176867, 0.6918083853028322, 0.2619673472352618
0.3281749657377798, 2.2699247990271556, 0.6512614141125908, 0.2586375346971767
0.4719049794426679, 2.044768551565356, 0.5101818240638198, 0.17432812648411863
0.3653494746459571, 2.3547968686583407, 0.6297845935120903, 0.24701981600678913
0.42547967108268614, 2.278191855327256, 0.5703632612166267, 0.21067963121220631
0.518730013704888, 1.7978055619074362, 0.4731045391220655, 0.16285445193093753
0.29425536774783007, 2.1756897808617177, 0.6897471686350656, 0.28510745569013957
0.4146870717222476, 1.9444147026878533, 0.5641134331856843, 0.18595347974929147
0.31321379625399726, 1.9031611613490202, 0.7002692206715648, 0.31770121636800247
0.39298766560073095, 1.6848843081825777, 0.5976333866170455, 0.216443898538507
0.17148241206030151, 1.9620083339440872, 0.8351916163763842, 0.35047419986414485
0.10272955687528552, 2.283545289394544, 0.9072304011087099, 0.4516536487125515
0.2076861580630425, 3.157134694081734, 0.7959255791596233, 0.3354158197363678
0.25194152581087254, 1.962800645982092, 0.770057105680884, 0.28289062603114673
0.20957058017359526, 2.6456103162536233, 0.7895478099622948, 0.34789991879122534
0.24211968935587025, 2.0694604961719754, 0.761869458496116, 0.26530990639239566
0.38282320694380995, 2.11009830854537, 0.6100366581228902, 0.20734160781443525
0.18975559616263135, 2.2525587614579745, 0.8203892758280619, 0.3435032287218575
0.11888990406578347, 2.536052433335656, 0.8744931629813002, 0.390320899612297
0.1904408405664687, 2.2172223012834826, 0.7988695184649387, 0.29109389989375156
0.2659319323892188, 2.163210469533342, 0.7345645553801213, 0.2667155957412817
0.24291914116034719, 2.4687711576407443, 0.7558128452289303, 0.3031161651816543
0.23658063042485153, 2.1225567470951785, 0.7341979486856242, 0.2809512830016897
0.35706943809958885, 2.1650292056558635, 0.6245306251317589, 0.19401400799828583
0.4042941982640475, 1.9196385029054983, 0.5820768147060984, 0.1831860190142279
0.10147327546825034, 2.298341387493962, 0.870404654635747, 0.4536396861935263
0.1007309273640932, 2.3021519740404415, 0.9092711951756492, 0.47904598851765
0.17576518958428505, 2.3259503999941966, 0.8209286554183759, 0.3268987356492745
0.12654179990863407, 2.639476126761892, 0.8582741327887414, 0.37794612999154065
0.10027409776153495, 2.731285854112127, 0.885786452238946, 0.5038983536037626
0.16097533120146185, 2.5679829238640384, 0.8257404218199057, 0.38165117326346715
0.1007309273640932, 2.3587240497507205, 0.9092711951756492, 0.4809194070036097
0.1754225673823664, 3.0983189598658467, 0.8110454705983812, 0.36534396461327295
0.16594335312928277, 3.2136013750046453, 0.8387431459822351, 0.39768615784862205
0.0992462311557789, 2.8172415613842205, 0.9029516049421062, 0.367548519441205
0.20271813613522155, 2.319787047323488, 0.794878333979725, 0.29199211687184873
0.21042713567839197, 3.0726049397295605, 0.7710223677936167, 0.2840157126272807
0.1916400182731841, 2.06449414590223, 0.7956096879836873, 0.3513339028488243
0.11152352672453175, 2.27862369930461, 0.8905429684659322, 0.37020307456810936
0.10838282320694381, 2.3502732699472317, 0.8874938078023358, 0.4444314965232238
0.09884650525354043, 2.3183238306795424, 0.9049694172374864, 0.48134860372531474
0.1478414801279123, 2.3090046717048835, 0.8265016990910073, 0.3347594880251685
0.10044540886249428, 2.4824486271452284, 0.894439128350919, 0.47898089343774125
0.1348218364550023, 2.832526912532369, 0.8593106939432439, 0.3460384759920911
0.21368204659661946, 3.3274495037431695, 0.7743284165434471, 0.2947046716376968
0.2506281407035176, 3.8955550656818594, 0.7440495388686467, 0.28070887062534744
0.3371973503883052, 2.75008292715697, 0.6412672558995085, 0.1984642446655403
0.26461854728186385, 1.9828185918955783, 0.7246566772798497, 0.32972062315013334
0.10410004568296026, 2.607069502380843, 0.8994078013065654, 0.4812957852305258
0.14618547281863864, 2.4778891053712764, 0.8641876823547705, 0.40710860651922093
0.3232069438099589, 2.3113289758760454, 0.6617908363485326, 0.2606714771218032
0.27209913202375513, 2.2125230945575285, 0.7342017298725352, 0.26300286935744904
0.17136820465966193, 2.1861943472985157, 0.8019564408205088, 0.3598736943910683
0.1335655550479671, 2.2284067013101416, 0.869335828397095, 0.40405570003482044
0.19518044769301052, 2.172044023013703, 0.8012802246747242, 0.2966053369116747
0.10044540886249428, 3.0909572035251225, 0.894439128350919, 0.4735185060632331
0.27563956144358154, 2.016341845141175, 0.7057375436560936, 0.2566281113637881
0.28277752398355416, 2.060108797906359, 0.7037990936231516, 0.22563534120855516
0.31578346276838737, 1.9594355089825657, 0.6717240415463863, 0.21657380536296408
0.28740292370945636, 2.2399630278800755, 0.7167932193430473, 0.2644971041034998
0.2906007309273641, 2.054439027909004, 0.6994903678294133, 0.2905150310642269
0.17433759707629054, 3.361254925190783, 0.83426417555294, 0.44326646621764
0.10364321608040201, 2.2201977673392146, 0.9006395088701556, 0.4230706305733234
0.10033120146185473, 2.4669720982922545, 0.8857481087687886, 0.4967290772110086
0.11112380082229328, 2.300840286971119, 0.8796627898578464, 0.27543736259656976
0.09878940155322065, 2.330529106172485, 0.9050057676555162, 0.48352711756225186
0.1599474645957058, 2.3156939097099403, 0.8396183131649989, 0.32396975424107033
0.1007309273640932, 4.643254869610289, 0.9092711951756492, 0.48044165879340517
0.2563385107354957, 2.4461777636201862, 0.7454242757756545, 0.3321553445107429
0.26050708085883967, 2.3137523761778973, 0.7300300329050888, 0.2944267802842649
0.3758565555047967, 2.03155010687115, 0.6196792645076509, 0.2075551141011981
0.2787802649611695, 2.701801755324741, 0.7094781805245355, 0.26223031951030873
0.310929648241206, 1.758774907472418, 0.7107474425933832, 0.2526057904102148
0.5202718136135221, 1.5738214924523088, 0.4884518247118737, 0.15270448821259594
0.2973389675650982, 2.0284091779266986, 0.7503913744703143, 0.26543326978273524
0.15629282777523984, 2.0025169602018775, 0.8312444245048835, 0.3785271729963056
0.25199862951119234, 1.7975353755775028, 0.7921210880278015, 0.30275414507680903
0.12197350388305161, 2.08986751276399, 0.8948120060336019, 0.44226127400593357
0.1007309273640932, 3.841137058052667, 0.9092711951756492, 0.480786789854612
0.27147099132023755, 2.4783845404686313, 0.7805073887843967, 0.26577701203445553
0.2517702147099132, 2.277948795462537, 0.7672225924773605, 0.28002233115747976
0.4158291457286432, 2.2074255522958723, 0.5811284674067001, 0.205893500599394
0.4146870717222476, 2.450518217629465, 0.5775320920628436, 0.19187865249594585
0.42199634536317954, 1.5482970219498604, 0.5914801139501582, 0.1791713289738476
0.433074463225217, 1.6029805101491699, 0.5840620732106537, 0.1963014784783059
0.5191868433074464, 1.4376223069892633, 0.5249639115463401, 0.17068347710561765
0.3308588396528095, 2.309026064904932, 0.6914532681112923, 0.2911561840625612
0.4940612151667428, 1.5660117278228671, 0.5509489008895614, 0.18202129714652987
0.4723618090452261, 1.4565416523842536, 0.5682248623868318, 0.1832528804622622
0.5009707629054363, 1.55286530414643, 0.4934241069139849, 0.1793215548526665
0.532549109182275, 1.5541957258538277, 0.498571839247083, 0.1668678225044062
0.31595477386934673, 1.9830035429499262, 0.7009846514812431, 0.27660830586907265
0.5138761991777067, 1.3014396502997585, 0.48434618282019676, 0.16833597723281
0.513533576975788, 1.4483293066508025, 0.4814945303432701, 0.1686310619271291
0.4741891274554591, 1.2806410904601047, 0.4878866654727992, 0.20047727605926954
0.5513933302878027, 1.1631007907467958, 0.4191700443855016, 0.15969841010134347
0.4966879853814527, 1.3407637881342271, 0.5459065928933623, 0.19697708892794139
0.46396756509821835, 1.76629590299942, 0.5273118284809857, 0.18528450430000817
0.2538259479214253, 2.059597832104383, 0.7486604688727279, 0.2831113101278701
0.2900867976244861, 1.922178485331646, 0.6889954825646811, 0.23864723558915912
0.3841365920511649, 1.6896276790384916, 0.6350836157993688, 0.18646759695288787
0.2366377341251713, 1.970814950507204, 0.7611541856609676, 0.282677867009351
0.4214824120603015, 1.6714287736423759, 0.568605218255463, 0.2140279310003723
0.44974874371859297, 1.7020635034169111, 0.5308387910098255, 0.22663924221484916
0.4052649611694838, 1.4913957692672533, 0.6270500681811845, 0.22348720369320654
0.49680219278209226, 1.3225761288347284, 0.5356086642435237, 0.15936009636038642
0.46425308359981726, 1.3755182358566052, 0.5490285307342243, 0.17882284696992828
0.3941868433074463, 1.74194507692273, 0.6223005627193721, 0.22659238836945794
0.32806075833714027, 1.804503604863307, 0.7159018118254786, 0.2570168481745286
0.375, 1.6158210754023534, 0.6254541545786811, 0.2043148313716607
0.5319209684787575, 1.6235399479297483, 0.46748470421026067, 0.16302363000752124
0.3620945637277296, 1.6512451546378144, 0.5998250045561335, 0.2751685987484771
0.43330287802649614, 1.6027708991344332, 0.6088374309754555, 0.23537817176909143
0.18450205573321152, 2.584392238066154, 0.8207026213486349, 0.35620088089799423
0.47915714938328, 1.3377162948243964, 0.5169242359831091, 0.18708204202435716
0.44146870717222475, 1.6416882912336064, 0.5500041497154079, 0.1897236542090154
0.3932731841023298, 1.9823311612821772, 0.5992409057314962, 0.20049490289814217
0.38550708085883967, 1.8648845623240944, 0.6655916720366836, 0.2123330643560472
0.22430333485609869, 2.1717229253706485, 0.7799783620402388, 0.31164715266859827
0.30282092279579714, 1.980279266478578, 0.6935083391426512, 0.2911815160940345
0.34582000913659205, 1.7204853104382358, 0.6571741557476961, 0.2660233905735673
0.1569780721790772, 1.9302774896056427, 0.8444172528427452, 0.330640075569088
0.2631338510735496, 2.198725198000302, 0.7332224979990837, 0.26850950456064304
0.10147327546825034, 3.2943222938992966, 0.870404654635747, 0.4534994590396832
0.10232983097304706, 2.3563088916272754, 0.9009990439212479, 0.41566538725577723
0.15332343535861123, 2.3134452214574313, 0.8584843088580887, 0.37999857554097655
0.3242919141160347, 2.2602330027935222, 0.6869048099634596, 0.2664785614973591
0.3374257651895843, 1.8287439851652765, 0.654596027018257, 0.23094159428685207
0.3459342165372316, 1.8693887163319507, 0.6609345391133431, 0.24833628360795884
0.34342165372316125, 1.7656435856009358, 0.6744976728143823, 0.24139521941310155
0.1995774326176336, 2.035547192011483, 0.7704218349849338, 0.39802525023596097
0.2310415714938328, 2.2655078356438043, 0.7564861508606331, 0.3787993379233684
0.38853357697578805, 1.994034946650648, 0.5985184248570082, 0.21803882471448455
0.2354956601187757, 2.02435971978948, 0.7353892220752188, 0.36239009789895865
0.4621973503883052, 1.8546654121714565, 0.5009015881618175, 0.20076284450801607
0.41777067153951575, 2.1730772975485264, 0.5644181594827374, 0.1962946550299395
0.45340338053905893, 1.6055102454640513, 0.5173260625611457, 0.18856824418579618
0.39944038373686613, 1.9061759048617624, 0.5964433962209004, 0.2295795238329662
0.4249657377798081, 1.5004385245854164, 0.5580612268098881, 0.19545892879307897
0.40914801279122887, 1.5447527813742616, 0.6212216798775132, 0.22174942859319374
0.3632366377341252, 1.673136434279971, 0.6646401354075032, 0.19473398741689557
0.23509593421653724, 2.8299455928906387, 0.7867995957962859, 0.2988343306855218
0.30047967108268614, 1.8244861110861086, 0.7295789721345493, 0.22405780791077937
0.31858154408405664, 1.803179724789499, 0.7246200880544628, 0.23571639843691924
0.35415714938328, 1.8824869542020595, 0.6424764789196982, 0.22030771885658723
0.4150296939241663, 1.6723677136477078, 0.631369324131745, 0.20362911555217494
0.22704431247144816, 1.9826818395485994, 0.7841121153206888, 0.3612287613924249
0.247658748286889, 2.144581241305967, 0.7613698578135091, 0.311422298422816
0.26210598446779354, 2.091289770938779, 0.7495755331044746, 0.2784811380932807
0.20745774326176336, 2.0446166487665085, 0.803052635198387, 0.36863168377576755
0.49303334856098674, 1.7059134019869764, 0.4964831907258342, 0.1775959376412501
0.28837368661489265, 1.9834324993012757, 0.7071726176038422, 0.23782394414078062
0.11597761534947465, 2.2941898703949537, 0.8993439530649902, 0.4420170731934606
0.2799223389675651, 2.2363665089004385, 0.7716761635358781, 0.2455907867787406
0.2814070351758794, 2.1526258561731257, 0.7104331574299465, 0.24683304388403263
0.2990520785746916, 2.1650688477701223, 0.6838579066614269, 0.2666418406192157
0.4008108725445409, 1.8504529505586886, 0.5823257922266262, 0.2032024423545459
0.15834856098675193, 2.567068606843111, 0.8745519784106903, 0.4087922058554322
0.20814298766560074, 1.9296979960607252, 0.7967524524989046, 0.3646171037711082
0.252855185015989, 2.1317223117483866, 0.7241773166765005, 0.33052378301851865
0.14589995431703975, 2.2203774277330153, 0.8236997639043075, 0.430893008002911
0.23943581544084055, 2.2554233133377632, 0.7646911486142489, 0.2974002280275297
0.3495317496573778, 1.9072692638400104, 0.6524699719663402, 0.22825788364066912
0.28334856098675193, 2.2978365946511747, 0.7012158000013637, 0.3397549897382912
0.3068752855185016, 2.2886952617681766, 0.6907582407946475, 0.24269235946914425
0.159376427592508, 2.30160258306712, 0.8221290344038875, 0.3235292070478884
0.3273184102329831, 2.2511992891965362, 0.6657511402165105, 0.205149976736373
0.18267473732297854, 2.337478977991817, 0.8207439951315518, 0.2920091567664164
0.19963453631795341, 2.498559951786481, 0.8346377396544793, 0.29491199228389775
0.2610210141617177, 2.108805913980174, 0.7228720358273774, 0.2747983227597529
0.35444266788487894, 2.0228860480944864, 0.6535103686007229, 0.19939164316216557
0.3869346733668342, 1.9195093819850273, 0.5999729087602712, 0.18157381430009298
0.38584970306075833, 1.9477424779443122, 0.5735891639400493, 0.20805890122828838
0.39150296939241663, 1.7704146578533566, 0.6055756024685172, 0.20905224299400824
0.10044540886249428, 2.223422835302331, 0.894439128350919, 0.4776115111291868
0.25108497030607585, 2.179343687018993, 0.7322249265920123, 0.2899767946495039
0.20957058017359526, 2.46488395953094, 0.7922818778072735, 0.31189963497153894
0.22487437185929648, 2.252671586352159, 0.779403185840739, 0.3088528257147664
0.2530264961169484, 2.0759351755819564, 0.7430659993998623, 0.23428249686107486
0.23224074920054819, 2.3444793401460444, 0.7786268848816371, 0.3406645881474209
0.358325719506624, 2.2680742617402108, 0.6239976400515307, 0.19176525937026956
0.3301735952489721, 2.4788947605922336, 0.652588157455188, 0.23444193078725456
0.46236866148926453, 1.973455152936814, 0.5174673709042164, 0.17323570005660824
0.43867062585655553, 1.450410789310636, 0.5669773529003289, 0.1902683759606554
0.5299223389675651, 1.4484177132478762, 0.46644521281127355, 0.16067640989474158
0.4042941982640475, 1.5904781257605216, 0.5664894408428782, 0.19666509116847886
0.42696436729100046, 1.6777785564068655, 0.5651121476912363, 0.1988723535341686
0.42462311557788945, 1.4954625606930838, 0.573226622747168, 0.16006991289360725
0.42884878940155324, 1.5144599046542826, 0.5519251990923112, 0.19459924200037962
0.4034376427592508, 1.485471777557942, 0.5699854447091782, 0.1861185571202714
0.35609867519415256, 1.7410076260907077, 0.6868612225376668, 0.21552669914385497
0.4152581087254454, 1.7059167933200607, 0.5623425943149026, 0.1719501709128565
0.2816925536774783, 1.9732996431209553, 0.6914728472217991, 0.2816192830992892
0.31772498857925996, 2.142758918310911, 0.6561670624647399, 0.22301809696900826
0.1727386934673367, 2.2131426200141315, 0.8744171061312134, 0.31409782421444116
0.16274554591137505, 2.8131143037806696, 0.8415957669523559, 0.4297526034600048
0.19809273640931932, 2.506490527645822, 0.8511956880624988, 0.37664908262516406
0.30944495203289174, 2.038437428004791, 0.7135949399203568, 0.28648251276598685
0.2718136135221562, 2.121834167243565, 0.7090939882622624, 0.2713684420160499
0.4597418912745546, 1.6574760460966578, 0.5121689993839442, 0.19337891265730606
0.2354385564184559, 1.9040196459755716, 0.8153298480048963, 0.299956473005003
0.3418798538145272, 1.8745630881921402, 0.6173875495303235, 0.2634774021792005
0.2120260392873458, 2.1101425519105015, 0.792278221995931, 0.3080969034494609
0.24154865235267245, 2.1289662682421953, 0.7686889770080357, 0.31732148254838144
0.3365692096847876, 2.0707230678278323, 0.6535565597568127, 0.22009425207703484
0.1981498401096391, 2.091940202128675, 0.8511738873212736, 0.3756074651168022
0.19306761078117862, 2.4369365282649453, 0.8427081463662004, 0.2683337444463913
0.34884650525354044, 1.871092969584868, 0.6896782143344178, 0.23982563278058638
0.25993604385564184, 1.975282366469659, 0.7374344374498837, 0.25857299545171347
0.38076747373229786, 1.8380382487889892, 0.5962828287132481, 0.2094773487989653
0.3389104613978986, 2.0025936691069193, 0.6357101724105257, 0.18848396896802802
0.3492462311557789, 1.8729269560979567, 0.6507033159183281, 0.1951449292549145
0.2976244860666971, 1.8345591550792473, 0.7078502586107163, 0.24967014978024063
0.3482754682503426, 1.7916965627674373, 0.6383788271122047, 0.23729296957011448
0.3477615349474646, 1.6814047860116952, 0.6346707839285803, 0.19677449938384542
0.4348446779351302, 1.7029777046015624, 0.5676371136791083, 0.19967034542935552
0.3706030150753769, 1.693845983815893, 0.6108637948482271, 0.19870638382707687
0.3485038830516217, 1.8676586679028506, 0.6306058014194735, 0.2397103160137575
0.10044540886249428, 2.637874965866974, 0.894439128350919, 0.4780917081174501
0.30664687071722246, 2.02346222472278, 0.6773833334238123, 0.2574538582795831
0.10044540886249428, 2.6582652580872854, 0.894439128350919, 0.4781514956608626
0.3260050251256281, 1.797227715744091, 0.6949260138978431, 0.22374822475166486
0.17959113750571037, 1.9338510407261675, 0.8271606880180091, 0.3640070344872329
0.27284148012791226, 2.438797608885851, 0.7217595000512647, 0.2675761930837447
0.28694609410689814, 1.7344371912964351, 0.7164577041078959, 0.2552553673427628
0.2736409319323892, 2.7684247429751103, 0.7193625127185458, 0.3012361679716155
0.3704888076747373, 1.9065121324858834, 0.6359953873662684, 0.21082959246733293
0.4117747830059388, 1.6872400412988642, 0.5699613923551773, 0.18280199498402352
0.3196665143901325, 1.7682742501548188, 0.6679387747644978, 0.2319490421099185
0.34930333485609866, 1.895950677136258, 0.6406521228991934, 0.1962058805529738
0.4122887163088168, 1.672207925807346, 0.5608279334969893, 0.17950763616964122
0.3519301050708086, 1.8025483199403323, 0.6409389849105083, 0.22608928448179444
0.3353700319780722, 1.8697406097637321, 0.7061165437162723, 0.2732943444470114
0.39361580630424853, 1.6763620650171962, 0.5750139904234235, 0.20954580630895422
0.4277067153951576, 1.7994338042264852, 0.5566053390090893, 0.17866079870546467
0.2432046596619461, 2.351082459352519, 0.7677623051332959, 0.29414815026637325
0.23955002284148014, 1.8269750672120681, 0.7995737311215996, 0.30684704266918317
0.47967108268615805, 1.626822722225687, 0.5224010628905835, 0.15724533894747636
0.3451918684330745, 1.6880669154332293, 0.696556991906522, 0.24323296236755862
0.21196893558702604, 2.8852217520152967, 0.7956962566855263, 0.37349036552651227
0.44295340338053907, 1.579537604106254, 0.5335603266305663, 0.1801127044154679
0.21071265417999085, 1.8070311195614024, 0.7905814710319211, 0.32837987103281724
0.36295111923252626, 1.8121672793712285, 0.6404822382764418, 0.19654971630632398
0.25782320694380995, 1.8969748114027651, 0.7875160697787515, 0.2837422580934542
0.35587026039287345, 1.7704796614529554, 0.6530152202059248, 0.2425297684839105
0.10906806761078118, 2.7850300073883187, 0.8949280401864003, 0.4256873135464868
0.2743261763362266, 2.20735846092442, 0.7027977059726079, 0.2801955171288605
0.48087026039287345, 1.4548218621289066, 0.5129825301070335, 0.1730671273804106
0.45625856555504796, 1.5185579467869448, 0.5244760751121447, 0.21204102343544953
0.3562699862951119, 1.715114139095323, 0.6140199269364455, 0.19125604477095273
0.5118204659661946, 1.4574475479242042, 0.45164337261116777, 0.17165134465887869
0.5215280950205573, 1.2062619589537198, 0.46508545291623365, 0.1730910777580252
0.4483782549109182, 1.4838463102410773, 0.5479931926979754, 0.19538758503466672
0.5163887619917771, 1.4680633186381828, 0.4751036645628805, 0.18481686177398177
0.3288602101416172, 1.8993914310227742, 0.7218108883063715, 0.266275805772905
0.10147327546825034, 2.179529262574746, 0.870404654635747, 0.45154059340243013
0.3370831429876656, 2.5356273198889143, 0.6334383926315251, 0.21461482963079662
0.3539858382823207, 2.114672199014171, 0.6130547256839983, 0.225647344818439
0.2598789401553221, 2.1951991794873393, 0.7262550767167616, 0.2660831847161038
0.19540886249428963, 2.1822926195831047, 0.7954221788755239, 0.31891488115309125
0.17804933759707628, 2.818743495941979, 0.8051340394393721, 0.311093564022528
0.12939698492462312, 2.1859628013235186, 0.8429662461814742, 0.4350636599129361
0.10147327546825034, 2.5337295710067056, 0.870404654635747, 0.4516452686289361
0.1522955687528552, 2.618384707298737, 0.851781116769475, 0.43096205976605945
0.1348218364550023, 2.515419967196858, 0.8682136375627186, 0.4679713069008297
0.2635906806761078, 2.257229461078096, 0.7072852913673077, 0.28870682724898705
0.10347190497944267, 2.302000137674803, 0.8963066314703562, 0.32804513556042586
0.09884650525354043, 2.828076883939479, 0.9049694172374864, 0.4822711104848022
0.2115121059844678, 2.2010310519947858, 0.7784263921259367, 0.33868056459075085
0.19261078117862038, 2.4091183390585784, 0.7935321550282738, 0.2534948983368956
0.11951804476930106, 2.582172413410635, 0.8544959391582836, 0.39995967386860426
0.15275239835541343, 2.1939540378793616, 0.8458595712099813, 0.32720469474662683
0.14041799908634078, 2.6033036691558284, 0.8481124126566605, 0.3617734875707151
0.2345248972133394, 2.1027333669265746, 0.812223392318047, 0.28014051533120654
0.21568067610781178, 2.6529891558158285, 0.7551932457776229, 0.31632992441596813
0.33668341708542715, 1.992129104735237, 0.6455834764351132, 0.20315725948468602
0.2621630881681133, 2.0534484535693958, 0.7152714228531116, 0.26826687587281817
0.11597761534947465, 2.154792792451823, 0.8996244339156141, 0.44361480085850846
0.1392188213796254, 2.3499518723323662, 0.8478791666840341, 0.40372821056723834
0.2511420740063956, 2.9712703220406698, 0.7640895143463945, 0.30367466204515225
0.1939812699862951, 2.072961305213225, 0.8106688108625505, 0.3409921669142291
0.20871402466879854, 3.088006700432909, 0.8032467203378046, 0.3843659346940477
0.19558017359524899, 2.128519935476393, 0.8138241230071076, 0.41816159749150145
0.12357240749200549, 2.2855132735309236, 0.8892343471399925, 0.42128248224204307
0.25199862951119234, 1.9345743024714084, 0.7954521992694772, 0.2907717305817739
0.35587026039287345, 2.1738239641634465, 0.6256092067394828, 0.21484580568314096
0.25833714024668797, 2.305907536976213, 0.7109837704722884, 0.3400608434091085
0.3261192325262677, 1.68121388933569, 0.6576317110478366, 0.25935276780717326
0.12517131110095933, 2.068527974545711, 0.8877728439536342, 0.4181917489391131
0.2275011420740064, 2.112080796021422, 0.7698977997562307, 0.27694092592218167
0.327603928734582, 1.9464264315807858, 0.6879817641543532, 0.2537755416219676
0.24885792599360437, 2.0271485139377154, 0.7344377882113737, 0.31973762555090945
0.27689584285061675, 1.8820572706894985, 0.7246483632359391, 0.26118553414308315
0.257023755139333, 2.127625795015738, 0.7345083764120408, 0.28674650682555225
0.30641845591594336, 2.1206208667515782, 0.6820365279004051, 0.22650920120231902
0.28391959798994976, 1.9062318118597994, 0.6861371991329861, 0.29360837112025656
0.2389789858382823, 2.1119156328849784, 0.7657065054516317, 0.3065567926135024
0.10826861580630424, 3.0270356736760697, 0.9027581995561967, 0.4310433278946902
0.3100730927364093, 1.9559227482689303, 0.6978885272380844, 0.23493303464958987
0.21242576518958428, 2.6036547113230384, 0.7999138936256623, 0.29727390177784024
0.3529579716765646, 1.6317936543591385, 0.625422618644333, 0.2155109828406733
0.3566697121973504, 1.8562227023272766, 0.6327949698254419, 0.2535399099177292
0.4387277295568753, 1.5708748994853778, 0.550504488287426, 0.18550403599114923
0.407549109182275, 1.5304807465967658, 0.6239341419660126, 0.20683238767063958
0.24668798538145273, 1.7613313748629302, 0.7470308095249829, 0.27478176701048707
0.19158291457286433, 2.1068774175023095, 0.8552077034493716, 0.3928661478840985
0.1753083599817268, 2.1675629811067867, 0.7898917746228539, 0.2968961080545713
0.29836683417085424, 2.151699353610206, 0.6785748046949434, 0.24306040409257446
0.2669026952946551, 2.011118444726858, 0.71175108355459, 0.2765622680508964
0.18079031521242578, 3.539331258400869, 0.823300182971903, 0.3560342055106193
0.3048195523069895, 1.6589665075805755, 0.6800266311118149, 0.24762423388290694
0.389846962083143, 1.5755455630617416, 0.5767898934055445, 0.21436407441430258
0.42296710826861583, 1.6743687091692228, 0.5824872781815366, 0.21027921627776897
0.3439926907263591, 2.1432530825788323, 0.6361037613337562, 0.21781856047607792
0.10147327546825034, 3.0564775120061913, 0.870404654635747, 0.44626123552647085
0.32983097304705344, 2.027883676993297, 0.6397293692161805, 0.23297479660992942
0.22818638647784376, 2.0271374284948807, 0.7624312867013869, 0.2565381699703629
0.27209913202375513, 1.8882543333130049, 0.7671151496941027, 0.2661233603489883
0.2971105527638191, 1.9258261918272805, 0.6879989760322954, 0.26184033331628037
0.19004111466423024, 2.044409514828162, 0.8086702491262511, 0.3121228091909237
0.19603700319780723, 2.147855261088017, 0.8524507877988753, 0.37980321587891014
0.23126998629511192, 2.5440052048430397, 0.7620363940098547, 0.2620558912678538
0.2618775696665144, 2.2876676110071696, 0.7224537852678384, 0.2743755276279594
0.27084285061672, 1.9739363083157258, 0.7276827651293137, 0.27874857380347884
0.33308588396528094, 1.6648143356897416, 0.6611082848526922, 0.21546420828447518
0.3365692096847876, 1.7002296885054315, 0.6621991260399468, 0.2666458678974106
0.3741434444952033, 1.754506820355882, 0.6032523465894623, 0.19808997867449768
0.14333028780264961, 2.1284043244871174, 0.8719629683914562, 0.41089173409496826
0.23652352672453175, 2.761635469019587, 0.7749753701888982, 0.31780452783806085
0.4061215166742805, 2.0653573751122836, 0.5899446800878402, 0.1867996977055895
0.19529465509365007, 3.026082591604239, 0.853997135925186, 0.3454317930136945
0.27826633165829145, 2.5881866274678944, 0.7102048838177317, 0.2955080662827301
0.3975559616263134, 1.6370018623044307, 0.5861380313589138, 0.1932890819266237
0.17399497487437185, 1.991586634929238, 0.8241295089038535, 0.31439091268476704
0.15395157606212884, 2.050756405305514, 0.8185516936064798, 0.37547421637941897
0.25548195523069894, 2.2001954722356487, 0.7261105785717189, 0.3197983358732417
0.2771813613522156, 2.1169156896562242, 0.7363269804103084, 0.2701352964009512
0.3836226587482869, 1.4080851311353364, 0.5973489177886602, 0.20781071686689664
0.3389104613978986, 1.848039649544363, 0.6499580852954651, 0.21605821900370178
0.37608497030607585, 2.1862274561919333, 0.6304833012268326, 0.21957240722465937
0.19186843307446322, 2.989329343080068, 0.8209095355911039, 0.30375781972001664
0.3337711283691183, 1.827717359387518, 0.6856466556072737, 0.2284687280158198
0.3853357697578803, 1.8191420163111758, 0.5893175039703664, 0.23514609789293262
0.3025354042941983, 1.9759907706135644, 0.7038229503600054, 0.25636165431833446
0.4066354499771585, 2.23080091105175, 0.5849526897095747, 0.2127677582682299
0.38425079945180446, 1.4449199905883658, 0.5862890406619692, 0.20214443965205497
0.4307903152124258, 1.8255598558603954, 0.5523063310857507, 0.19524946756821976
0.42576518958428505, 2.2626104766892055, 0.5667233520099051, 0.21103843969223754
0.514846962083143, 1.351057222192148, 0.4820007651693785, 0.18464761799619353
0.5758337140246688, 1.229462791722678, 0.3862275442362761, 0.1493093935133064
0.459627683873915, 1.5715654844451354, 0.5885241656352618, 0.20066111631525535
0.33171539515760623, 2.0390514101460404, 0.7015148186866599, 0.2223377812884551
0.2206486980356327, 2.0885110925032144, 0.7693171261703061, 0.3025291871687304
0.2195066240292371, 1.8871370112006933, 0.824626054245453, 0.3622682218669783
0.31201461854728185, 1.8066229807385683, 0.6679309332655337, 0.23779339749579992
0.10147327546825034, 2.2565219707552187, 0.870404654635747, 0.45496750819975795
0.17496573777980814, 2.341506535683445, 0.8297684739938778, 0.3093268951518397
0.16223161260849703, 2.1512388519946164, 0.8721623247622483, 0.3996515835139292
0.19586569209684787, 2.1937649973526483, 0.7860266772566136, 0.33815789287481623
0.14173138419369574, 2.148660014445186, 0.8519877725248377, 0.3083948904089651
0.27969392416628597, 2.111098222308586, 0.7035463898885962, 0.30175678270268314
0.30407720420283235, 2.209223190689261, 0.6947124805118772, 0.2479346595392884
0.17428049337597076, 2.2351884080999898, 0.8353087759157025, 0.40324467748323484
0.13071037003197808, 2.292763279501626, 0.8797351026554778, 0.44932798202511015
0.2082571950662403, 2.732670946767432, 0.7729795675505706, 0.3304754904216528
0.29020100502512564, 2.6313726734012612, 0.6867086406676375, 0.25211997594910956
0.250513933302878, 2.6804144009811632, 0.7483534824410026, 0.29046560082363737
0.06966651439013248, 2.3027603176016957, 0.9391477005719708, 0.37501763135886507
0.1007309273640932, 2.7430583695302873, 0.9092711951756492, 0.47632360040999466
0.38025354042941983, 2.059423362871129, 0.5987462319376787, 0.23530231371942692
0.32800365463682046, 2.073538361026196, 0.6582100794829819, 0.23504394910637613
0.1975788031064413, 2.4221272310399478, 0.790526855211393, 0.3660264619753676
0.3599817268158977, 1.9660614911975682, 0.6362341733992467, 0.19238653566702052
0.13487894015532206, 2.7880591565480155, 0.8685890527705721, 0.45910258687301775
0.2310415714938328, 2.8209049212033683, 0.7399452959353923, 0.3799822939627987
0.357811786203746, 1.860443615182288, 0.6368586559801456, 0.2216830588981412
0.34039515760621286, 1.987955848605135, 0.6555823444232708, 0.2529639655444763
0.2310986751941526, 2.0877145386657086, 0.762074830731234, 0.24436141645711515
0.22635906806761077, 2.175906763246556, 0.8227414293043545, 0.3517185588877548
0.1007309273640932, 2.2489628589156014, 0.9092711951756492, 0.4807310444307254
0.16154636820465967, 2.37206468096385, 0.8437624105999553, 0.3259203859173784
0.26907263590680675, 2.4011618201695333, 0.7169739292040321, 0.2912374684656615
0.37014618547281863, 1.9691625134640767, 0.6114588796819873, 0.21317501743033856
0.3312014618547282, 2.23101104684123, 0.6602351277851857, 0.2251005461748244
0.4199977158519872, 1.7181507750848701, 0.5452120962873511, 0.2105860547423099
0.42176793056190043, 1.7570261735658006, 0.5694116652140323, 0.1738742853007522
0.2715851987208771, 2.073521750874038, 0.7196371899109962, 0.3400124575449133
0.3844221105527638, 1.9149601357223618, 0.6002667062733285, 0.18503816172608573
0.2774668798538145, 2.1521790486089496, 0.7239253643343905, 0.30983780048182097
0.12562814070351758, 2.2324086566965784, 0.8463000208937391, 0.4435142498977153
0.10843992690726359, 2.4971356933358706, 0.87863724318327, 0.4074933389996049
0.17319552306989494, 2.549198681164436, 0.81697563017418, 0.30387276932748275
0.1836455002284148, 2.974014542211492, 0.8112574316701507, 0.36384188160482206
0.28928734582000915, 2.32783967085683, 0.6965364016937945, 0.2994496280545257
0.35073092736409317, 2.1077982508030697, 0.6332981459132446, 0.2259401212541411
0.1774211968935587, 2.452010177688519, 0.8256072871738537, 0.40825585991707214
0.14978300593878482, 2.855212362621842, 0.8494478670608779, 0.2992757893519829
0.3273184102329831, 1.9410032020305705, 0.6596821842457684, 0.265955509950821
0.14184559159433532, 2.342175818857209, 0.8569799085056122, 0.3325165825792983
0.21265417999086342, 2.203628414948273, 0.7801923317081484, 0.29517554031059323
0.1517245317496574, 2.4872226334322036, 0.8540643638712793, 0.3206303307852174
0.43798538145271815, 1.7522944214529592, 0.5551703924785514, 0.17022300839484356
0.4940612151667428, 1.5450977421846017, 0.4909140010445023, 0.15670518690008176
0.40914801279122887, 1.6316006722387357, 0.6321389470895659, 0.21862009787392117
0.4383280036546368, 1.8102083226394414, 0.5489153944485693, 0.17167331251837387
0.38402238465052535, 2.0014616471003484, 0.6228342873880656, 0.2532843239766812
0.38470762905436273, 2.191660113853916, 0.5970480860745659, 0.20536861588979827
0.2816354499771585, 2.144644786903695, 0.7365654261379507, 0.2636514301338056
0.44826404751027865, 2.0279120525903935, 0.5364056127962139, 0.1850712503225747
0.2265874828688899, 2.2183851403456103, 0.7776755443811064, 0.29296658686910754
0.34673366834170855, 1.8033917997212796, 0.6687679296663999, 0.22880590477808116
0.4821836455002284, 1.430658551224866, 0.5430640933737387, 0.1817924218384417
0.3271470991320238, 1.844336574610413, 0.724214880016221, 0.24410028803590603
0.4132023755139333, 1.8117459011355619, 0.5874432575519835, 0.1839259539188415
0.13727729556875284, 2.376465238280196, 0.835828414374516, 0.3924854835742518
0.3267473732297853, 1.7167236397715941, 0.6928222278162547, 0.24301310817082009
0.10495660118775697, 2.243295829758463, 0.867421653502804, 0.4117609818958799
0.1007309273640932, 2.4134237606294517, 0.9092711951756492, 0.4802101146536398
0.22196208314298765, 2.7085245144372663, 0.7871328714375144, 0.348130156028086
0.18004796710826862, 2.8702660703043676, 0.8054541540829224, 0.4378452927207259
0.1810187300137049, 2.4475226881941494, 0.8300214825095334, 0.4148679356686749
0.33154408405664687, 1.6854125800546362, 0.71390122090445, 0.25132445983572615
0.2313270899954317, 2.213408704232314, 0.7664456297818535, 0.3147062084351189
0.21488122430333487, 2.3646962606033686, 0.785023082352296, 0.33311181480018703
0.4352444038373687, 1.701815532264289, 0.5597561367563314, 0.21278904085176184
0.38727729556875284, 1.6795451104625645, 0.6096048809521619, 0.23732460840122163
0.38784833257195067, 1.502618862923563, 0.6326400827098582, 0.24883753102330416
0.5065669255367747, 1.5607641960297234, 0.5306504763667728, 0.17192127232628346
0.33222932846048425, 2.145138408053988, 0.6612867839086801, 0.2272236362335192
0.4073777980813157, 1.5527243425022146, 0.5802377642633807, 0.20320362818983845
0.29602558245774324, 1.6773405482379022, 0.7083185474209998, 0.27578886693437316
0.376827318410233, 1.5945693727654169, 0.637012758802176, 0.24011977766042977
0.49754454088624944, 1.440095207617776, 0.47675665781393056, 0.17272321844695615
0.5373458200091366, 1.4219746893508358, 0.4437759075667194, 0.1455515537698627
0.3350274097761535, 1.7244171588973076, 0.660033028273969, 0.2771696035861785
0.353129282777524, 1.9365876122931331, 0.6404815593989586, 0.2536632786743031
0.30990178163544996, 1.7796645077662743, 0.6609691909329242, 0.2808515601685379
0.3330287802649612, 1.804193066810026, 0.6621720827607797, 0.24454633622219965
0.2968250342622202, 2.2056353687831614, 0.7013667280263961, 0.21687744849513216
0.2798081315669255, 2.309515210630116, 0.6948692672817246, 0.2714379804392811
0.3072179077204203, 2.181858530020458, 0.6644720238684432, 0.23254296489046503
0.13790543627227045, 2.1394440226832065, 0.8350548685751847, 0.3977035740533242
0.20123343992690726, 2.201612085750681, 0.7904047154650328, 0.36919652309812356
0.1981498401096391, 2.3878222153734376, 0.7888588002571044, 0.4073434491814284
0.1913544997715852, 2.2205216013517974, 0.8377732182091264, 0.30181228480675454
0.2820922795797168, 2.304289895857358, 0.7355007463189123, 0.2784912608782104
0.27775239835541343, 1.8383134990631036, 0.7553167451220008, 0.22090397880199236
0.28763133851073547, 2.068451083928956, 0.7041869500267052, 0.2680572278901155
0.2821493832800365, 1.8462806144680755, 0.7093189842531571, 0.26054523812796754
0.14584285061671998, 2.173090070023173, 0.852201466671715, 0.3530137155010571
0.09884650525354043, 4.015518572666482, 0.9049694172374864, 0.4813650959333741
0.27478300593878485, 2.2168952123950803, 0.7043642581613384, 0.26708998721363475
0.1474988579259936, 2.1522554496295543, 0.865736141650632, 0.3926669363222439
0.1990063956144358, 2.61688865455401, 0.8152311526456215, 0.3018563770813734
0.2820922795797168, 2.0222325140466535, 0.7358780118983979, 0.26456734475780624
0.15754910918227502, 2.409707811487053, 0.8548817458198443, 0.4106676120679615
0.4034376427592508, 1.8923808045586585, 0.6352799193756922, 0.20207456032593976
0.245317496573778, 2.1576161521715407, 0.7464229150708364, 0.26805761173194276
0.2707286432160804, 2.1104391682901547, 0.7585002889803257, 0.26236095106532586
0.3473047053449064, 1.7526785044085496, 0.6519786090275452, 0.20831853241524076
0.2884878940155322, 2.0243514475262483, 0.7009908778165107, 0.25483534344961734
0.4049223389675651, 1.6919579939136444, 0.5863258573134121, 0.2147655765915245
0.258851073549566, 2.285968732852923, 0.7330330329974933, 0.3147721135234456
0.3125856555504797, 1.75484929435966, 0.6774023472596756, 0.2789548227999114
0.3724303334856099, 1.934138743115811, 0.6039212539260137, 0.1933082372959159
0.2809502055733212, 2.1220727193200353, 0.7142647789148877, 0.2561246229102959
0.11192325262677022, 2.1762917330135436, 0.8602609244297883, 0.44815623866616977
0.10135906806761077, 2.2072321150252785, 0.9087213265690585, 0.4596542419565413
0.08011649154865236, 2.3077842314638684, 0.9389660167832218, 0.2810240149854806
0.11483554134307904, 2.3638803871827565, 0.8826654365567801, 0.3380782312224605
0.10044540886249428, 2.913435127672919, 0.894439128350919, 0.478370251405175
0.18672910004568297, 2.226187083160512, 0.8616085602602365, 0.31611851424600385
0.10044540886249428, 2.3464967415022655, 0.894439128350919, 0.4795472411700717
0.2550822293284605, 2.2081326631486227, 0.7281105441597903, 0.3381157381613613
0.1984924623115578, 2.447618934271841, 0.8184023458416027, 0.3884236648584917
0.3208085883965281, 2.1347605514286068, 0.6684025730461284, 0.28038439907673124
0.4348446779351302, 1.4174460093314216, 0.5873138064099378, 0.20154912887619095
0.22738693467336685, 2.5176636094960068, 0.742036682823102, 0.3793319463709927
0.4901210598446779, 1.418237954897184, 0.48707198123971185, 0.1693727333452041
0.47310415714938325, 1.4551400007223119, 0.5063873203678648, 0.1946936551616723
0.44380995888533575, 1.6852162309763583, 0.5179068417648209, 0.1828238561154425
0.37979671082686156, 1.6101645519774, 0.6133060531045427, 0.21180683771908307
0.28363407948835084, 1.9577470339967433, 0.6966567682536754, 0.2649847254791487
0.41754225673823664, 1.6757947841209055, 0.5742146296781864, 0.18510229178900922
0.3686614892645043, 1.9217415107078017, 0.6224241650219253, 0.23407376734076293
0.3222361809045226, 1.7667467750612325, 0.6930816823040552, 0.2199590036966558
0.28272042028323435, 1.9300203007531458, 0.7532595942700134, 0.2481124497300111
0.34484924623115576, 1.648875051808989, 0.6813911453825849, 0.22763503726652126
0.40766331658291455, 1.4594906579835836, 0.5946152945249235, 0.201385961308564
0.33308588396528094, 1.630484105444774, 0.6426137065300215, 0.21200864482211923
0.42342393787117405, 1.631415229431975, 0.5640141969451836, 0.18824176608001364
0.37574234810415713, 1.7192126630872229, 0.6723504494644345, 0.2124868449361836
0.26644586569209683, 1.8588415031334535, 0.753666213448884, 0.26705924144596616
0.3350274097761535, 1.8145722146377872, 0.64562053932008, 0.22849368778597381
0.3297167656464139, 1.9142405060926166, 0.6506844811962349, 0.25065419238639447
0.32606212882594793, 2.1698097915619665, 0.6617982818682392, 0.21997922813866497
0.4446094106898127, 1.9229119492285447, 0.5343669411588859, 0.20953231564065583
0.4740178163544998, 1.7489666465266538, 0.4983490199763053, 0.15357528084417843
0.4584856098675194, 1.9225692924379267, 0.5088196840978683, 0.1839444426023222
0.2864321608040201, 2.246290997331881, 0.7096548383236251, 0.24069940044068547
0.2407492005481955, 2.0549464998277505, 0.7643268584443109, 0.34561416983407744
0.3083599817268159, 2.3642840232238918, 0.6608806910917354, 0.2607613336288458
0.20220420283234353, 2.069050975800813, 0.7885718216845545, 0.37849672955337754
0.15023983554134307, 2.0971116826122023, 0.8325008722890914, 0.34988254872033336
0.3651210598446779, 2.061026365783401, 0.6131586294450055, 0.1994621576579604
0.1685130196436729, 2.1379836767557934, 0.8261115004906793, 0.3652293271321771
0.12448606669712198, 2.384419958645375, 0.8472565777808181, 0.43910412867119586
0.31886706258565556, 2.1600573557310314, 0.6881987654455212, 0.23797463060023447
0.274211968935587, 2.2542228799001873, 0.7075176412898507, 0.25566040780651006
0.4403837368661489, 1.5067366132297408, 0.5533360521296099, 0.18947053573716238
0.3482754682503426, 1.6109156829256916, 0.6395389439880991, 0.22925664431526058
0.3813385107354957, 1.7065384920663935, 0.6149972575461534, 0.2106436415485748
0.3224645957058017, 2.1778469553294726, 0.6781498835609157, 0.24469690099015248
0.3690612151667428, 1.6641488446628139, 0.625628445164931, 0.22635829482399855
0.36289401553220646, 1.898269166878066, 0.6377733198266696, 0.2182157642165229
0.19780721790772043, 2.8529728734699855, 0.7711618790146911, 0.38243976470950874
0.2603357697578803, 2.2387699760477897, 0.7069305429886472, 0.27071385124258235
0.4064641388761992, 1.7491744626236867, 0.5789339652323875, 0.1776873161409463
0.3160689812699863, 1.9953108837937807, 0.6869544353633449, 0.22766440284809109
0.3207514846962083, 2.1007292050682773, 0.6729835574772952, 0.2635321890772417
0.2902581087254454, 1.9820347082647574, 0.7126371903323049, 0.2311881087035543
0.2602786660575605, 2.1277657235156133, 0.728750268572621, 0.23864844470321905
0.23835084513476473, 2.1284016403516386, 0.7318111620470121, 0.2869255376210542
0.19478072179077205, 2.6314497720033216, 0.8101736326954907, 0.3441854589084014
0.2032320694380996, 2.707933779948852, 0.7943803931602554, 0.347882591885942
0.3410232983097305, 1.7256053194485337, 0.6697959781181945, 0.20580992408433757
0.23138419369575147, 2.2081883107965097, 0.7755004696026493, 0.36253348686254316
0.2633051621745089, 1.808492988936838, 0.7803914006247269, 0.280436576128607
0.23001370488807674, 1.7576565214280888, 0.7421048049493304, 0.33648188780039573
0.3243490178163545, 1.824849573744724, 0.6688873373362137, 0.2226349493944496
0.33668341708542715, 1.8549416190878667, 0.659988001583528, 0.235349316853052
0.2799794426678849, 2.272804896359563, 0.7141197392220328, 0.251141984857937
0.3651210598446779, 1.847359346473473, 0.641503063506399, 0.2256531051831351
0.309102329830973, 1.8141262298096745, 0.7309724048942559, 0.2743100652131537
0.30356327089995433, 1.8206546810213535, 0.7224474441402712, 0.251915156029122
0.32806075833714027, 1.8457205296685948, 0.6743166998460975, 0.2171621491633199
0.2988236637734125, 1.6035516033329447, 0.6960697526355144, 0.23289786744141194
0.3947578803106441, 1.7241448620483177, 0.5930398686208638, 0.21847857868960413
0.40623572407492003, 1.7573569687113146, 0.6261645886844767, 0.18946012045177282
0.1822179077204203, 2.3059746453537686, 0.8608719220430062, 0.392320263971401
0.3459342165372316, 1.5522154381608462, 0.6258968835749349, 0.23022717607543622
0.4061786203746003, 1.3786082060274985, 0.6272633227969562, 0.21117000547644213
0.43535861123800823, 1.5466780493086116, 0.5603983691440673, 0.1932589051041563
0.44500913659205116, 1.5686683059538564, 0.5544965793305294, 0.19007375572383525
0.47767245317496576, 1.513621244400862, 0.4797181824110667, 0.1912433317952668
0.555733211512106, 1.4711738890636834, 0.42035985997635605, 0.1353254711105139
0.3696322521699406, 1.6779324500551367, 0.6796171662626684, 0.24169534213390895
0.3863065326633166, 1.783417911195167, 0.618518922211336, 0.2094854979142339
0.3642645043398812, 2.0871512434454256, 0.6764666548952479, 0.21241865410500077
0.24154865235267245, 2.164942310955384, 0.7894922293169632, 0.26190236560906016
0.1007309273640932, 2.313323198986576, 0.9092711951756492, 0.4808042126666821
0.10204431247144816, 2.305781115260011, 0.8928912265797239, 0.416751339787792
0.10147327546825034, 2.352655800960553, 0.870404654635747, 0.45516096529034605
0.1006738236637734, 2.288373469897959, 0.909315228641083, 0.4747603906189452
0.2663316582914573, 2.0801145637713376, 0.735084880479937, 0.27489932347811974
0.24868661489264504, 2.2571521490887183, 0.7435354334750731, 0.24697033153580225
0.27358382823206945, 2.0146037171649684, 0.7147385988620143, 0.2622765983496633
0.2748401096391046, 2.0343726873704155, 0.720780866198255, 0.2616848399143209
0.3034490634993148, 2.1178450377112576, 0.688155884483434, 0.22799226448329005
0.40320922795797165, 1.6795280155504115, 0.5839735709005218, 0.19010727309829362
0.4223389675650982, 2.001614921187234, 0.5745069722094825, 0.19296662096774178
0.5399725902238465, 1.8101867270243663, 0.4573587393320752, 0.15063501912598648
0.2922567382366377, 2.663955373447541, 0.7005015201374383, 0.23780376412236368
0.49731612608497033, 1.5025967425020483, 0.5279424911986645, 0.15718298592753813
0.3142987665600731, 1.7551313235014745, 0.7324029781562705, 0.23877727324173928
0.24668798538145273, 1.8593280466010496, 0.7780513060626916, 0.26837999330365764
0.29351301964367293, 1.9950908055301806, 0.7116617199784664, 0.26577929294489444
0.39030379168570123, 1.6339780461637055, 0.5754939789213919, 0.19642810416425915
0.48560986751941526, 1.6060301372096413, 0.49700100275990045, 0.1643245543090451
