acuracia,loss,frr,fpr
0.058376649340263896, 2.3127320888225347
0.18426914948306392, 2.421918773205799, 0.7662842729036681, 0.30352199457831885
0.43633974981435997, 1.6306791342737443, 0.5457790502129568, 0.1742645032198375
0.32261381161820984, 2.2947087334707814, 0.7012607236669721, 0.23932895912723423
0.289484206317473, 1.9687671861091836, 0.723435176826052, 0.26293587620615433
0.17404466784714687, 3.074333789327221, 0.7811436932202293, 0.3220475108441102
0.2695493231278917, 2.249385879171455, 0.7226374794156006, 0.2231078432646625
0.3249557319929171, 1.9657110313984871, 0.6402585120395099, 0.24321772157888563
0.46844119495059117, 2.026722955443793, 0.5475712712249015, 0.18348523326746274
0.45810247329639575, 1.4420588306132338, 0.519423066813398, 0.17906420803304016
0.4165191066430571, 2.056626076193986, 0.5315441611232272, 0.20801791965979483
0.429828068772491, 1.8871597694139965, 0.5714232268347488, 0.15979826650172096
0.4735819957731193, 1.6064854791958614, 0.5096310795582268, 0.15951272457434104
0.561946649911464, 1.129236771011159, 0.41274973267408077, 0.14958991204662742
0.5713714514194322, 1.20710800119996, 0.42427583625889864, 0.1541257428712295
0.5096818415490947, 1.3419642542737464, 0.46310338443053806, 0.16582141488761673
0.49837207973953274, 1.6075699716549363, 0.5319203493970488, 0.19384526500396515
0.43228422916547665, 1.577684202359406, 0.5677065754540571, 0.18110147348806474
0.3516307762609242, 1.7114108459004849, 0.6304381022042751, 0.26506067061550065
0.39212886274061803, 1.5637117105742515, 0.6381660193220973, 0.19375087008790348
0.36516821842691494, 1.8465772540018983, 0.605563199747755, 0.21224849237741875
0.41908950705432113, 1.6783598031730145, 0.5456361460754955, 0.18473652931473414
0.4065231050436968, 1.7188429715699254, 0.5878147288403706, 0.20333169873316326
0.3091334894613583, 2.091701163558962, 0.6604151570661623, 0.2227383115701645
0.34129205460672873, 2.0276340536835766, 0.6272542937150084, 0.20061873495211638
0.23853315816530532, 2.4813373962116763, 0.7581787550377802, 0.2654739778118401
0.38761638201862114, 1.871000409125005, 0.6183401282059107, 0.17855805909987088
0.36739589878334383, 1.8327064695235822, 0.5927733742440642, 0.23697062982633071
0.3040498086479694, 2.367313315626207, 0.6494172773060995, 0.2518090315741867
0.4438224710115954, 1.6458574598558817, 0.5350049948425275, 0.1871107838438307
0.40023990403838466, 1.6912687193965554, 0.5823662917718067, 0.17253376558023684
0.3319243731078997, 2.050387215997679, 0.6841873801171124, 0.21021978312878234
0.4394813503170161, 1.3943100139501263, 0.5314115340390998, 0.18054830652912893
0.4866624778659965, 1.7735764785579469, 0.5032508300524897, 0.18740637632957294
0.4406808705089393, 1.795555100042613, 0.5494600860594147, 0.2098008577154334
0.47792311646769864, 1.5260800188038646, 0.49922483130539275, 0.1777980174975125
0.4527331924373108, 1.6594440680267022, 0.5361470190781582, 0.16242454995433125
0.5610898497743759, 1.4483570624863176, 0.42798710434899945, 0.15013235894201354
0.33757925401268063, 2.821992739505107, 0.6714552007458028, 0.2200281639356183
0.43576854972296797, 1.7973851859382295, 0.5985649528169631, 0.19422053487370008
0.2915405266464843, 1.9238436853360659, 0.7020623138021247, 0.2211908179431183
0.32906837265093963, 1.7600389382675714, 0.685482383636711, 0.2114111602513943
0.2226537956246073, 1.9863617943145835, 0.8095611930217677, 0.2814898111114056
0.2991946078711373, 2.2932150146673456, 0.726121718778528, 0.2297081375875068
0.22916547666647627, 2.57065450117318, 0.7296033964002505, 0.3086328940846211
0.3790483806477409, 2.524216773219208, 0.6267422164099252, 0.1875119464970308
0.43445478951276634, 1.576470845248762, 0.532695215756318, 0.20001811075418008
0.4976866396298623, 1.2291401389829026, 0.530995372541715, 0.16905982593515825
0.41200662592106013, 1.9247668917485727, 0.6000139786875878, 0.18828656007029762
0.32518421202947395, 1.8820628672574353, 0.6711157447863854, 0.2469281768332423
0.34529045524647284, 2.193806590151186, 0.6183181133295614, 0.2444551766877439
0.12709202033472325, 3.2906507474683155, 0.8780315420874615, 0.3649624258036606
0.2293939567030331, 2.6988046406042385, 0.7632845878024126, 0.3081541329610987
0.3558576569372251, 2.023377901344799, 0.6658145928988859, 0.21038111585874558
0.20574627291940367, 2.015935160584389, 0.827615960971068, 0.329427362175501
0.2969669275147084, 3.1657761179915944, 0.7118264257242017, 0.22955932621834982
0.3960130233620837, 2.449079911627273, 0.6345414745261111, 0.20825982274729665
0.34203461472553837, 2.9750164880492376, 0.6986320000344246, 0.2289328377571985
0.4110927057748329, 1.7075791433975425, 0.5440639056314318, 0.1971044785282936
0.4401667904266865, 1.5442964008884768, 0.5621322386793799, 0.17400231240755293
0.4137773462043754, 1.7802131032183814, 0.6065856531442501, 0.21200221840203967
0.23156451705032272, 2.0584854374009782, 0.739935705452772, 0.3281298442745507
0.13771634203461472, 3.0689771285565404, 0.8643640975657665, 0.3369188682247558
0.34940309590449536, 2.434851187986811, 0.6754827822561562, 0.23187997829791032
0.3877877420460387, 2.3340903370597923, 0.5965505632508596, 0.1800348510205956
0.34626149540183926, 1.9901785952874098, 0.6045663954171208, 0.22490536535763858
0.4218312674930028, 1.6906987592188956, 0.5531993211330856, 0.17528800772760558
0.28685668589706975, 2.0578943008207244, 0.7191711095943132, 0.253901085999065
0.2915976466556235, 2.068086860453224, 0.7000288007313528, 0.24632105939187587
0.24361683897869424, 2.2202708010208587, 0.7320277113780097, 0.2951419973660693
0.25224196035871366, 3.321824563940718, 0.6994044965972935, 0.25626950620959443
0.2541840406694465, 2.866446479789846, 0.7453610725469596, 0.25360192226716544
0.3681955789112926, 2.4131342483098295, 0.6224091805993145, 0.1733475184816834
0.35145941623350657, 1.5966970378053913, 0.6030738964964077, 0.1957016585375379
0.40063974410235903, 2.03518063626737, 0.6122336769191882, 0.20431607046403913
0.4011538241846119, 1.689868334551633, 0.5647847981770782, 0.1782361898345283
0.3164448506311761, 2.437087809416752, 0.6475961887501097, 0.21320660582093615
0.42034614725538355, 1.580402271476207, 0.5313264264613091, 0.1894312158460741
0.41200662592106013, 1.6280775782768435, 0.5941152478550926, 0.1736769680662928
0.39652710344433656, 1.7825682466477997, 0.6258746287086846, 0.21027147347078395
0.4687839150054264, 1.6099603251452625, 0.5370825053807469, 0.1681910404267557
0.5014565602330496, 1.3361771274563374, 0.4731335774866191, 0.1424531933998026
0.4884903181584509, 1.353218410202207, 0.4737347326285016, 0.1827213464153622
0.22071171531387446, 2.25460873718107, 0.7391759859717778, 0.2692627671352868
0.22391043582566975, 2.3138753629281643, 0.7653604061722061, 0.27075341545123993
0.2264808362369338, 2.9181473777110924, 0.7397752577384111, 0.2856817016812559
0.32147141143542585, 2.0711675777307015, 0.6975837746200046, 0.22193400185019105
0.3713942994230879, 1.8023077302774138, 0.6052213000968815, 0.22904733121954135
0.38761638201862114, 1.901707557757706, 0.6318091700585833, 0.21465471463680746
0.4484491917518707, 1.4024703051483582, 0.5719801480539433, 0.18387466286901405
0.5151082424173188, 1.4195845458060103, 0.490241135658004, 0.1592002540336039
0.629976580796253, 1.0193063757644223, 0.3664825781068414, 0.11408220422616167
0.49420231907237105, 1.4121159306087017, 0.4874449569456044, 0.15758241963178216
0.4764951162392186, 1.7098137648600518, 0.5034953660567354, 0.1789048465293358
0.44679271148683386, 2.042724499603311, 0.5279123753371623, 0.2216149286839526
0.35083109613297536, 1.973514892083012, 0.6400167501653504, 0.24907479630329682
0.28691380590620896, 2.1753053900743664, 0.6831536722876387, 0.21285119848194461
0.4213743074198892, 2.1108255458211254, 0.5654015597598644, 0.1724712974615848
0.34911749585879936, 1.8852523629912006, 0.6215903481977574, 0.2331304688547966
0.3677957388473182, 2.427262865500168, 0.583018451287218, 0.21401124946915803
0.3406637345061975, 2.2517213881417524, 0.6144578605109217, 0.2250026955687631
0.07271377163420346, 2.307672293296361, 0.9323534388138237, 0.2691833292096943
0.10041697606671617, 2.306351916395209, 0.9449636598663351, 0.45287555753219977
0.1995773119323699, 2.2649717459082432, 0.8084457912717407, 0.3518079668043452
0.15325298452047753, 2.3021941808042627, 0.8043313405553242, 0.3760760727249887
0.09881761581081853, 2.3114680685266786, 0.8728406507061919, 0.4455427878437398
0.1014451362312218, 2.821572621337703, 0.8868738623698773, 0.43823033031955
0.10024561603929856, 2.361092312894189, 0.887917531567916, 0.4356784543693032
0.10024561603929856, 4.48490488131546, 0.887917531567916, 0.44484236342208794
0.10075969612155138, 3.1149393621051837, 0.9120914181893373, 0.4359232995384351
0.2857142857142857, 2.8736492028502356, 0.7268368623007466, 0.32467348154469106
0.1843833895013423, 2.312145305527961, 0.8157712674524191, 0.37833516591945376
0.28799908607985375, 2.3871793392153013, 0.7365153377223475, 0.2897822234092563
0.16233506597361055, 5.170141980859767, 0.8479776660441198, 0.4229044508683028
0.313588850174216, 1.8065234656444777, 0.7029319686275844, 0.2812848347050714
0.2738333238133318, 3.3328018507097457, 0.7724486468489505, 0.2636116815552121
0.2833152453304393, 2.6791517937139258, 0.7546861312764006, 0.2467313586747794
0.15468098474895756, 2.1536104540743994, 0.8378954331907927, 0.3772023149822892
0.22750899640143943, 2.7602526245756507, 0.7697307632863226, 0.29413168356663344
0.3324384531901525, 2.118802729247809, 0.6860499629585524, 0.22318436092439842
0.2706917233106757, 3.9450538884412936, 0.7717071448373091, 0.2612092359466323
0.32935397269663563, 2.3749425711366965, 0.6655454255320101, 0.23744688579958786
0.11441137830582053, 2.304353904198448, 0.8550954500646828, 0.4211367534663658
0.09881761581081853, 4.42023649481284, 0.8728406507061919, 0.4498954232776802
0.17855714856914376, 3.682684827083767, 0.8122170955116743, 0.28937217562894657
0.3506597361055578, 2.4917503315954335, 0.6452720074854805, 0.24713356396816866
0.1990632318501171, 2.152346427779607, 0.7781899147462357, 0.3137334189149462
0.39715542354486777, 1.9179756254691445, 0.6432348457492866, 0.19794984192593662
0.10195921631347461, 2.223238002513773, 0.9102814152897667, 0.43178393780157504
0.10024561603929856, 4.647082886030191, 0.887917531567916, 0.4415263639683987
0.1717598674815788, 2.2339969549581093, 0.7820972468270257, 0.30512264611980733
0.0977323356371737, 2.300313709573021, 0.8761039067579398, 0.36312361195785103
0.22882275661164106, 2.478937521690085, 0.7569074588976327, 0.2456435867859536
0.290055406408865, 2.3487410484755435, 0.6715005965269187, 0.221222845100374
0.30547780887644943, 2.089183850271232, 0.6562604510726086, 0.20913236065009114
0.3051350888216142, 2.271087143357609, 0.6835303565612434, 0.2515916830790351
0.4330267892842863, 2.1755664171953697, 0.5586012958530178, 0.19659148304371524
0.36276917804306846, 2.6512697036969373, 0.644282559088607, 0.23848119698116216
0.48289255726280916, 1.8652396910954374, 0.5066284450667977, 0.16980116974551215
0.34192037470725994, 2.859548740112453, 0.6638687320181635, 0.225399432619668
0.29393956703033075, 3.935740282232419, 0.7138845256036804, 0.317932258931345
0.21739875478380077, 5.87724833283015, 0.7899721209421495, 0.3878678577695342
0.5348146455703433, 1.3437299995758194, 0.47228877897471977, 0.1490598440476158
0.5291026446564231, 1.4136345364319787, 0.45965040826923786, 0.15170079015969723
0.41634774661563945, 2.1098439800126116, 0.5967446319612104, 0.21262041701216602
0.44330839092934254, 1.7544188167749406, 0.5636173767617036, 0.22473865719188427
0.5570914491346318, 1.4816763672392836, 0.49064150233568116, 0.14768368261670234
0.4054949448791912, 2.6641935227317943, 0.6433984596293182, 0.22037456248223997
0.5139087222253955, 1.6533722692605093, 0.466031498163397, 0.1663264387436779
0.5634888901582225, 1.4267508437650733, 0.4295091018360876, 0.15116565285129205
0.4491917518706803, 1.691238869936808, 0.5368106862839352, 0.20921648153541367
0.3807048609127777, 1.915550038311274, 0.6445217991603526, 0.23020453619240797
0.26383732221397155, 2.4733205951406414, 0.7602788688202959, 0.27159534263592566
0.09881761581081853, 2.2934994918734777, 0.8728406507061919, 0.4548842947741152
0.1869537899126064, 2.489170343682196, 0.8013343553840443, 0.3148741119486529
0.22779459644713543, 2.1423344237409343, 0.774066260626673, 0.31773762910919096
0.19306563089050094, 2.2038205273591136, 0.801700361910588, 0.30633776551319997
0.19620723139315702, 1.9545995639169509, 0.7927912896389702, 0.31256676677195555
0.36950933912149425, 1.9613872673548685, 0.6760620189982859, 0.22085807770190108
0.2943394070943051, 2.2357693418852773, 0.6922260968472617, 0.25091552295770503
0.3213000514080082, 2.245408394692551, 0.6493324162821212, 0.23157030645893215
0.09881761581081853, 3.1467048523188685, 0.8728406507061919, 0.4489312097808023
0.10075969612155138, 2.2729393427298574, 0.9120914181893373, 0.42909771286602894
0.16621922659507626, 3.11496140834721, 0.8555157906269916, 0.3152566596830474
0.17758610841377734, 2.4504955199836984, 0.840398426366369, 0.3166749192844699
0.4260010281601645, 1.9731143488530982, 0.5501535360865855, 0.1833664484952841
0.2765750842520135, 2.9994875071395257, 0.7406065751524917, 0.2602168180577547
0.3558005369280859, 2.397179374149251, 0.6660352497485783, 0.21032228441964268
0.21677043468326954, 2.9869452755871215, 0.7581415201957991, 0.2899461991410523
0.32626949220311874, 2.0691599317706584, 0.642912913294049, 0.22283134063695703
0.38847318215570914, 1.6418695256157414, 0.6474538670922271, 0.20774563851203048
0.10064545610327298, 2.2843298213965495, 0.8710365612289154, 0.4440239861362059
0.125035700005712, 2.2766984197681728, 0.8635264721502995, 0.3864283679802695
0.29045524647283943, 4.2079876062236865, 0.7165818668128767, 0.2368584390513472
0.15045410407265666, 4.479128405696588, 0.8376052837381451, 0.40305373933557165
0.24390243902439024, 2.995506586574736, 0.7193191648909166, 0.2879098449341506
0.43017078882732623, 1.7487207644737623, 0.5214083738522551, 0.1802153211730258
0.398640543782487, 1.8906420311641738, 0.5593251512186929, 0.2145763160665104
0.5064831210372993, 1.6068305767957274, 0.47966893411880696, 0.16664189117159475
0.3362083737933398, 2.6560436086434858, 0.6701175439974183, 0.21987322579992785
0.4762666362026618, 1.393744534781109, 0.5106043592134846, 0.14259236130680814
0.3544296567087451, 2.6704368859707386, 0.6317116511100875, 0.23776714786362776
0.34683269549323126, 2.2295794257434642, 0.6039275302324307, 0.20889891086661655
0.4113211858113897, 1.8003002641779056, 0.5832150736651325, 0.19869665768643635
0.43228422916547665, 1.5386682300610661, 0.5585203529786362, 0.18821372923367516
0.37716342034614725, 1.8124679180816818, 0.6673455951301269, 0.21368022527108313
0.367167418746787, 1.9177962360995013, 0.6264519727873906, 0.22615687039576762
0.41149254583880734, 2.4738295890166166, 0.6507546739151467, 0.22999509111116961
0.1721597075455532, 2.154426487399011, 0.8361695943594685, 0.41699142336531014
0.22745187639230022, 2.193768030940591, 0.7740979579704985, 0.2957647597389341
0.17718626834980294, 2.268461575995387, 0.8249955725732271, 0.2912694212442998
0.24784371965499513, 3.7385166070641116, 0.7272724743565052, 0.24211607627904633
0.2965099674415948, 2.689874958187153, 0.693952295440827, 0.2851662086178342
0.28325812532130007, 3.7006722269803727, 0.6716441664467121, 0.23590138599711233
0.30307876849260296, 3.511080658859867, 0.7038576954508277, 0.2409587218599451
0.28594276575084254, 3.4638829252002714, 0.7031632570301839, 0.2733071279477927
0.4208602273376364, 2.2951700730215134, 0.5662291598529228, 0.1739121570428115
0.4070371851259496, 1.6886994782163898, 0.6025380532717532, 0.2071039339591445
0.2866853258696521, 3.019884147627939, 0.6692335475549989, 0.2292689712276453
0.43108470897355344, 2.0781219111400238, 0.5447264939626624, 0.15828447554232386
0.32695493231278916, 1.8988198176194022, 0.6235277293599774, 0.19183355320529355
0.3252413320386131, 2.1389519847946925, 0.6404870182925231, 0.23752887095562203
0.1257211401153824, 2.3069628620703337, 0.8908876531082337, 0.298745164051936
0.23659107785457245, 3.0197866861392737, 0.735484712738566, 0.24951852604088742
0.29016964642714344, 2.167712710113033, 0.6733882505944859, 0.2408135237816061
0.3593990975038556, 1.9373277621769842, 0.6362154060740092, 0.20956764604600697
0.1171531387445022, 2.2972007263406065, 0.8500708268768609, 0.391142038230738
0.24510195921631348, 2.6821968028653917, 0.7772923595893466, 0.29545212168082413
0.13948706231792998, 2.7006187405361266, 0.8615903284634152, 0.36544823985173497
0.10041697606671617, 2.3040340163144335, 0.9449636598663351, 0.45691690024685194
0.1646198663391786, 2.4196363569647388, 0.7900595646244638, 0.3654983841290948
0.25869652139144345, 3.1666208849488386, 0.7204194294318145, 0.2839229104483406
0.2861141257782601, 2.31354597374476, 0.7109010677310456, 0.21211013398541123
0.3559718969555035, 2.0535017258164787, 0.6374600118581418, 0.23923361642505667
0.2031758725081396, 2.7656448260028417, 0.7543047400503718, 0.28147657482280863
0.1050436968069915, 2.2946213967334255, 0.8673542169781628, 0.4079096827402876
0.2107728337236534, 2.222038840565954, 0.7883242802858176, 0.30403735196325626
0.29839492774318843, 2.6656335571161267, 0.6894652172329272, 0.2625225125273141
0.33923573427771747, 2.4288124921453695, 0.6520274400458617, 0.22623839710336568
0.2933683669389387, 2.668586000123465, 0.6935492855852868, 0.2842839187381373
0.38030502084880335, 1.8981819541707483, 0.6382179059542269, 0.20004930757446662
0.31741589078654253, 2.692223817919935, 0.6736174166721536, 0.2494531459780201
0.42337350773976123, 1.9533245912344226, 0.5549225780799192, 0.21974052230848784
0.25652596104415376, 2.2367696976235423, 0.715575678795511, 0.23384242063003163
0.10024561603929856, 3.969928182249149, 0.887917531567916, 0.43797078894011143
0.35717141714742673, 2.0366437917073803, 0.6160031968326382, 0.21998903979620565
0.23744787799166048, 2.664688923033738, 0.7388594356479696, 0.2700387919402212
0.3779059804649569, 1.6924004260861922, 0.5793087802635613, 0.21797346681696372
0.31781573085051695, 1.9500941478110478, 0.7006012278833806, 0.22987420498389496
0.280973324955732, 2.6079668997405356, 0.6901859351546866, 0.2333019480779162
0.313017650082824, 2.2184482546861655, 0.68816130824659, 0.20462929711560823
0.38001942080310736, 1.691747095584597, 0.610458141909644, 0.19838481949270662
0.2774318843891015, 2.1042309861715105, 0.7623944001003241, 0.26271016437664285
0.32626949220311874, 2.3611537419749387, 0.7014921840315788, 0.23573832687405938
0.10024561603929856, 5.435445408317295, 0.88791477727969, 0.44354060971487197
0.15148226423716227, 4.87904173090365, 0.8601836399683908, 0.3405498964142549
0.405437824870052, 2.328771273031901, 0.5890909187752437, 0.198412336368832
0.3312960530073685, 2.288153055790811, 0.7075359439789055, 0.23024491237031475
0.20900211344033814, 2.180116111672353, 0.7655820655959016, 0.2856841872029834
0.10024561603929856, 2.392023976566028, 0.887917531567916, 0.43963726448899915
0.10041697606671617, 4.465288693433914, 0.8877978439450107, 0.4280579787099132
0.2983378077340492, 1.856351598497188, 0.7062692370274318, 0.25619407452672993
0.49414519906323184, 1.7898490202253616, 0.4953329348118662, 0.1652461208657991
0.3932712629234021, 2.0590697037700942, 0.5868966246759979, 0.1986709865567544
0.415376706460273, 1.8440911245626015, 0.633420935202169, 0.20437097676815327
0.2888558862169418, 1.7706026888427522, 0.7293924927933089, 0.2526116303494365
0.33003941280630605, 2.2595880229819567, 0.7023361632055181, 0.22650101947795337
0.4771234363397498, 1.8390193925181533, 0.5142370078993794, 0.16299793918349342
0.24647283943565432, 2.1762167003375783, 0.7280319795247994, 0.26759922588767326
0.10024561603929856, 2.3355630807058936, 0.887917531567916, 0.43817030064376344
0.16930370708859313, 3.198729171919143, 0.8215748652732853, 0.31923387894709315
0.16821842691494832, 2.665111558423865, 0.8365402486753771, 0.31614587881769496
0.22550979608156738, 3.107440446441805, 0.7290099671280736, 0.26413363054911426
0.3943565430970469, 2.411089830458447, 0.5759397338423305, 0.1828444469723405
0.327183412349346, 1.9107666840836275, 0.6690879555103225, 0.19296277946530857
0.25155652024904324, 2.728505430785975, 0.7675207406044088, 0.2717455961325029
0.29536756725881075, 1.9371802321015281, 0.6718751343209, 0.23404355412692174
0.19380819100931057, 2.160324023637016, 0.8021423062203841, 0.3058113190214759
0.21956931513109043, 3.21429980843672, 0.7487782674280447, 0.318754855115272
0.22956531673045066, 2.2379376753316094, 0.7859561768662565, 0.3041680149510299
0.24315987890558063, 3.7046294259646344, 0.7211099909435041, 0.2690798510196414
0.10035985605757697, 2.303154870376613, 0.9098741054460744, 0.36280505147860703
0.10041697606671617, 2.735060273215303, 0.9449636598663351, 0.4513229375098784
0.10075969612155138, 3.659296174610322, 0.9120914181893373, 0.4343232258105436
0.3132461301193808, 2.8071383378287744, 0.6440663464889066, 0.22977361149454284
0.2637230821956931, 2.7981830456680807, 0.6975259302071362, 0.25190076207076345
0.3199862911978066, 2.65161614830146, 0.6421189136221753, 0.2128505262383626
0.37744902039184325, 1.8321318143016165, 0.6531915695886941, 0.19077508770706184
0.3516307762609242, 2.11463001907168, 0.6282022962822552, 0.2511339314028798
0.22813731650197064, 2.1921829442250136, 0.7475319658989549, 0.2922319103588378
0.1284629005540641, 2.2397135645534156, 0.8820409756223239, 0.33883191697904397
0.17410178785628605, 2.362246008751264, 0.8159196543318403, 0.3142050441870753
0.10024561603929856, 4.431598931545873, 0.887917531567916, 0.43522613974323276
0.13314674130347862, 4.850329692968688, 0.8509073947760862, 0.4386470725905266
0.1755297880847661, 3.6787901383735755, 0.8512565407963845, 0.299248134367622
0.4140058262409322, 1.8625946855254971, 0.5801357460047202, 0.2093034383043128
0.35694293711086994, 2.5517654086041777, 0.6517960257469135, 0.23668981195309152
0.38813046210087393, 2.7514854928637873, 0.605341809115974, 0.2379276223134076
0.42160278745644597, 1.6344246578441597, 0.5351007783234235, 0.17647363039493644
0.4225738276118124, 1.8148957942203117, 0.5962673496517928, 0.18812857274548175
0.33706517393042784, 1.9565709748760163, 0.6422092424439023, 0.25052669002042094
0.27394756383161023, 2.0783605926918085, 0.761818880490895, 0.2627916425550634
0.19369395099103215, 2.1407747026165826, 0.8266126737145456, 0.29847222726617983
0.11949505911920946, 2.297247991125009, 0.8569296782196341, 0.36147489066647914
0.23636259781801566, 2.230130738572513, 0.784221841114263, 0.2704780798367262
0.1481121836979494, 2.22857280242121, 0.8454905048154366, 0.3117851058146595
0.19694979151196665, 2.1274056995405957, 0.8002578533658863, 0.3505331613107762
0.19660707145713144, 2.9717148545267245, 0.7878896081795739, 0.3342114148049261
0.14525618324098932, 2.167771557281405, 0.864281899073772, 0.33239527507392663
0.22305363568858172, 2.582435523736938, 0.7523246509284857, 0.26615221541846507
0.2611526817844291, 3.376300997713442, 0.7166815199550214, 0.24565196301472342
0.27063460330153655, 2.0249214901360055, 0.7622811249409994, 0.2540906150067206
0.16593362654938024, 2.253595389834734, 0.8279672905757411, 0.4251245708853638
0.26332324213171876, 2.448015322178362, 0.7322812549486688, 0.302161676929389
0.258011081281773, 2.9290450275167306, 0.7831179651909526, 0.29278000044118235
0.13126178100188496, 4.20782454525518, 0.8684409636419537, 0.4189267030562287
0.27885988461758154, 2.5675732001892917, 0.6880928175959402, 0.261387323701441
0.1986062717770035, 1.9692338762158308, 0.7765943321971183, 0.2931733229462061
0.19472211115553778, 2.202958981477534, 0.7496081308214662, 0.24574869276393424
0.13697378191580512, 2.3109572404809264, 0.8440245030424227, 0.3438573369426495
0.10024561603929856, 3.0527772421246357, 0.887917531567916, 0.436872999954796
0.2695493231278917, 2.4310652151982164, 0.747450770464925, 0.26804826483822014
0.3044496487119438, 2.229413552633078, 0.6526437791270447, 0.22806828822258435
0.12732050037128007, 2.303822409632055, 0.8993853324199016, 0.28623096006720594
0.11115553778488604, 3.1205359772039234, 0.856663653194931, 0.44495063729760237
0.17804306848689097, 3.1176829721620956, 0.849658432316882, 0.30283260702994574
0.17335922773747645, 4.243968470962927, 0.8514796578668198, 0.30439222962029294
0.10984177757468441, 2.185277872439107, 0.878555608236908, 0.4260518283434916
0.15885074541611927, 2.3092907408613352, 0.8376381978777001, 0.2916678438009284
0.3548866167818587, 2.0896783757325195, 0.6394099494878136, 0.19706025667383692
0.16873250699720113, 3.028043218769447, 0.8316896389448264, 0.37717874395427536
0.4058376649340264, 2.0966521932567885, 0.5850431480286788, 0.21106784466720843
0.36208373793339804, 2.087421000402155, 0.6552660258146924, 0.2522191137169293
0.40755126520820245, 2.097084083182689, 0.5907982572771162, 0.22627854103509862
0.3320957331353173, 2.5063365921995224, 0.687539624835001, 0.2671932325803208
0.3213571714171474, 2.813375962369036, 0.6789006700184752, 0.24956837738500312
0.30707716913234706, 2.9340895696969747, 0.68593014925531, 0.25384170204929696
0.476038156166105, 1.757464189373479, 0.5191438200306813, 0.1767896334936046
0.38047638087622093, 1.9060250270241208, 0.603129310479692, 0.21066842551780698
0.4803792768606843, 1.5288947739114342, 0.5015226270723786, 0.16572461140703648
0.4920888787342206, 1.4782125651427842, 0.5314495339212638, 0.15605822730547958
0.4229736676757868, 1.6896323623040888, 0.5684098838542186, 0.20165411814281722
0.3245558919289427, 1.6277901092500044, 0.6524554847881484, 0.25662117202988693
0.3607699777231964, 1.7262420166687507, 0.664803548725719, 0.22416135713883384
0.42411606785857087, 1.9513465826481389, 0.5639697401309941, 0.20224070211569325
0.4172045467527275, 1.5767706694476042, 0.6037744722341567, 0.18171596860737857
0.44976295196207233, 1.9246636984063688, 0.5425317701295148, 0.1858568694023068
0.37744902039184325, 2.231759354431943, 0.6228925469020015, 0.20801049125900017
0.4925458388073342, 1.8733483792056074, 0.4921612110543042, 0.16735196917958658
0.4446221511395442, 1.3739932865428288, 0.5990466197456196, 0.17840535358171947
0.08785057405609185, 2.301665736598427, 0.8893104591031488, 0.30675475578119527
0.10024561603929856, 3.075049442863481, 0.887917531567916, 0.44029668911998276
0.27908836465413833, 2.4690103359154865, 0.7295237492222602, 0.2985734606942553
0.16513394642143142, 2.8453235085209903, 0.7896559329251933, 0.35518699290652317
0.10024561603929856, 3.850453608759244, 0.887917531567916, 0.436980916679708
0.4458787913406066, 2.073142466298798, 0.5367133390318938, 0.1989612387196197
0.12749186039869767, 2.290348047558364, 0.8485835600953126, 0.4240330822345369
0.10024561603929856, 2.4135525366148305, 0.887917531567916, 0.4421300553492215
0.2229965156794425, 2.132299487626334, 0.770565433790814, 0.312712726535241
0.10024561603929856, 3.4416308136025004, 0.887917531567916, 0.4394531759121379
0.1960358713657394, 2.132517875830832, 0.8127876580826718, 0.30322855488588846
0.319814931170389, 2.359402227876337, 0.635619993479497, 0.20619081593082594
0.3717370194779231, 2.5497472243726222, 0.6195257365745147, 0.2044685610343499
0.36031301765008283, 1.8612652765285345, 0.6155145614521061, 0.20838312215802962
0.3458045353287256, 1.550014803361503, 0.6607831212744305, 0.191439287072625
0.2551550808248129, 3.0217134112747233, 0.7541233285334956, 0.30792269076607603
0.34437653510024563, 1.9329862595013045, 0.6505492144243451, 0.22782679544907883
0.2621808419489347, 2.0768894079602167, 0.715796445668455, 0.274654104031695
0.26509396241503397, 2.063393350914244, 0.7593188618429889, 0.27532762925222803
0.32906837265093963, 1.7956681528883072, 0.6365685004328859, 0.2446188955643795
0.30633460901353743, 1.7694889058502015, 0.6629039794107144, 0.22695150896212407
0.2772034043525447, 2.3837566641343684, 0.6829540045525317, 0.25269570606972114
0.4412520706003313, 1.4776848327931749, 0.5336076609170294, 0.1818802761510286
0.44827783172445307, 1.5308663125121764, 0.538174135237134, 0.17730623540656773
0.2377905980464957, 2.498742854069341, 0.7516196982159687, 0.28535786537132324
0.3311246929799509, 2.92323089640658, 0.6246885563244654, 0.21608513574780502
0.25869652139144345, 2.165204836264063, 0.7232136387873249, 0.23903042072253813
0.3596275775404124, 1.800570373022557, 0.6447778633110902, 0.19640585029118693
0.297138287542126, 2.0393051963622737, 0.6805926511488692, 0.20653734374752086
0.25926772148283544, 2.1642845546476788, 0.699084187401499, 0.2761799784782303
0.20900211344033814, 3.4134985129850315, 0.8237824560454863, 0.29148353393393706
0.11218369794939168, 2.181093768661664, 0.8773516026959177, 0.4068445854571191
0.15022562403609985, 2.208503361751155, 0.8225327918779819, 0.32644755647112167
0.18049922887987663, 2.8334352964369485, 0.8454755372743067, 0.291299898950363
0.35814245730279315, 2.7296406992001954, 0.5937092180490334, 0.2309592599520261
0.2952533272405324, 3.3701269225555577, 0.6617146006946536, 0.23124999107309502
0.5101388016222083, 1.5443572036089124, 0.49114237229991653, 0.1573860247531088
0.34843205574912894, 1.910896832206067, 0.6355509049846113, 0.23621841884606423
0.24767235962757755, 2.2941745889990264, 0.7275166908766607, 0.28054734992260305
0.10024561603929856, 4.2877480191846615, 0.887917531567916, 0.44042319718582956
0.10024561603929856, 3.221334701684112, 0.8878769715246106, 0.42176781510096806
0.10024561603929856, 4.811403914535984, 0.887917531567916, 0.4507352415516091
0.38698806191808993, 2.0219997567978854, 0.5899761565521625, 0.21659293169586857
0.30159364825498375, 2.2223157772346767, 0.6750439593127923, 0.23664911480457484
0.373964699834352, 2.6544208140327643, 0.6739299509720961, 0.24406888953899125
0.30616324898611985, 3.0945311279485805, 0.7108954837834375, 0.3135656082807632
0.32655509224881474, 1.966993853993709, 0.691288689120402, 0.2086738591674469
0.2142571542811447, 2.541978436069744, 0.7887765178496683, 0.2898162231774725
0.2538413206146113, 2.2583934934576266, 0.7034805934962074, 0.2759950691318976
0.09881761581081853, 2.289137358817176, 0.8728406507061919, 0.45268398356844086
0.18832467013194723, 2.9140168828718966, 0.794921617235611, 0.3425337405001295
0.234763237562118, 2.9298830674051004, 0.7635765035933325, 0.3221143668792107
0.2493288398926144, 2.710229268862613, 0.7281501734100521, 0.2641229341456409
0.2866853258696521, 2.7294088266881413, 0.6705904565569369, 0.2595119806142742
0.30576340892214543, 1.8687603091665206, 0.6472664471677958, 0.21877443077381872
0.23390643742502998, 2.5403283738276943, 0.7329189010007439, 0.31692965134223294
0.10230193636830982, 5.2508643121739995, 0.8855854170064509, 0.4293731832477875
0.12463585994173759, 2.173311950533028, 0.8640987943635112, 0.4192093416274337
0.25675444108071055, 2.3099135111513296, 0.7488572026629008, 0.2702545720967083
0.3548866167818587, 2.0275230576924352, 0.6152904015358088, 0.1997017480307708
0.1603929856628777, 2.207999582530879, 0.8695662245832023, 0.35375432625519404
0.2581824413091906, 2.8283601581485156, 0.7026630128386812, 0.24808744228478669
0.28251556520249044, 2.5336482735715555, 0.6731503796261132, 0.2376094958608653
0.09567601530816244, 2.302547317655122, 0.9473853026078365, 0.35448479040823255
0.1171531387445022, 2.295245902082217, 0.891675448452245, 0.3923789382775599
0.16610498657679784, 2.3520054826051715, 0.8762065428546431, 0.3213593839748566
0.2577826012452162, 2.624484597942085, 0.7169552323346606, 0.243909595552318
0.1361169817787171, 2.2829498769950027, 0.8263489775316645, 0.3863906156134233
0.10133089621294339, 2.301977085877903, 0.9337467835545151, 0.41867414283355686
0.10458673673387787, 2.2956412501478685, 0.9001335359804337, 0.40948423144065715
0.09990289598446336, 2.3251601563887996, 0.8744468878120679, 0.45982141569761437
0.1368024218883875, 2.592826080674984, 0.8282156417831497, 0.38165131130642027
0.2255669160907066, 2.178316518200481, 0.7378174980109893, 0.2581625603751433
0.1729022676643628, 4.032210476451785, 0.8504865255944385, 0.3140486315062565
0.09876049580167932, 2.305419140215596, 0.8728832038976814, 0.44750473218132897
0.16536242645798824, 2.393821741404032, 0.8199146665970989, 0.30984287062942756
0.09881761581081853, 2.3014588326193612, 0.8728406507061919, 0.4466585149910044
0.1675329868052779, 2.8981135462532515, 0.7859515617668896, 0.312583352195582
0.27097732335637176, 2.366354613513999, 0.766929594075105, 0.26245540616790847
0.25932484149197466, 2.3817060754284456, 0.7050186089606816, 0.27589361401358237
0.43896727023476323, 2.004286312387768, 0.5520511380971292, 0.19053074492346234
0.4372536699605872, 2.1349075054717397, 0.5472702899575738, 0.19598505550884246
0.4764951162392186, 1.7414581468462358, 0.5351238639921472, 0.17792830093848153
0.4218312674930028, 2.222885627278694, 0.5724958493091401, 0.21746040448517615
0.38064774090363857, 1.7881010058961293, 0.6120028328958044, 0.2542638213699671
0.32883989261438284, 1.5427448576442953, 0.6385551035874477, 0.21113107714493418
0.34980293596846973, 1.6936860122716482, 0.6487334751861308, 0.1911453060184623
0.5602901696464272, 1.5341859668533275, 0.4345315661088417, 0.14144102965066857
0.32626949220311874, 2.1045429324254052, 0.6448706369084551, 0.2211837094000602
0.3430056548809048, 1.6160046437305924, 0.6645458413475678, 0.2023545437829705
0.2769749243159879, 3.188422320519544, 0.6807229933868568, 0.25362042189520273
0.4417661506825841, 1.963416916258976, 0.5503434766927271, 0.18602854859560541
0.4248015079682413, 1.431484656642603, 0.5295365882886964, 0.18666806307993006
0.3665390986462558, 2.181966052456227, 0.5864201608848714, 0.2138859976644981
0.49380247900839663, 1.6478322507688985, 0.49283706356391876, 0.18329623176239423
0.5361855257896841, 1.2238769903945006, 0.47985435866921317, 0.15025300381739776
0.2798880447820872, 2.044220145707292, 0.6921360183490136, 0.23432336039010368
0.18872451019592162, 3.1501823668929125, 0.7643165730902767, 0.30026657253209393
0.36339749814359973, 2.171571946792854, 0.6262654621860531, 0.21460251047115184
0.38521734163477467, 1.7669123278679373, 0.6262167563442256, 0.1723394518226617
0.25646884103501455, 2.172709700776214, 0.7151283752488694, 0.29176822592671525
0.3622550979608157, 1.8260227268118163, 0.6121617639903182, 0.20355800300975363
0.3953275832524133, 2.3580395072420264, 0.5969082400832202, 0.2147232293917877
0.47055463528874164, 1.626597783860591, 0.5539305893079435, 0.15874383796146277
0.35414405666304904, 2.5729216727855153, 0.6511394951572511, 0.21990188513817524
0.4146341463414634, 2.186983226263258, 0.5610727926735035, 0.22141118709107607
0.32729765236762437, 1.7460231037505411, 0.6283325526428909, 0.22711447042429186
0.3630547780887645, 1.7319785320279448, 0.6232057819683006, 0.17120630755688754
0.4722111155537785, 1.5244368266057007, 0.5145721496415805, 0.15224206901891552
0.30953332952533275, 2.0650941902125672, 0.6714893961288422, 0.2781396836647577
0.2729194036671046, 3.545601264866484, 0.684814289496341, 0.24384559953598228
0.23316387730622037, 1.9401160837030087, 0.7572189441866797, 0.25303499659411155
0.35420117667218826, 1.7734433681652875, 0.6045818262781666, 0.20677056897937768
0.44827783172445307, 1.981121180169129, 0.5534270159830801, 0.16357516524232565
0.4251442280230765, 1.4297044543304605, 0.5473331383948621, 0.17394743747779104
0.3934997429599589, 1.7634356023451483, 0.6199010082924006, 0.20613917251468075
0.4407379905180785, 2.0626533755424754, 0.5453125708263805, 0.17721768748994732
0.4225738276118124, 1.9368634435637127, 0.5318030680061085, 0.20568720906901977
0.17313074770091963, 2.201313519086994, 0.7811404338433536, 0.3214036469754036
0.3032501285200206, 1.9392161544559412, 0.7016640382244191, 0.237325325621697
0.38396070143371225, 2.07743829074923, 0.6056881858499228, 0.21864306998462385
0.43074198891871823, 2.094484684814689, 0.5627168906334784, 0.19361497916167017
0.2526418004226881, 2.0908264404989128, 0.7021766205039757, 0.2607304314534447
0.3059918889587022, 2.0774094357260116, 0.6648613143276582, 0.2101308587214083
0.4281715885074542, 1.604383434988603, 0.5529090169931712, 0.20829304498354642
0.3556862969098075, 1.9881417210561059, 0.664566342557631, 0.22724392826992443
0.3946992631518821, 1.5295601053581644, 0.5834089278135283, 0.18579965611259477
0.4134917461586794, 1.789836711638106, 0.5801192298052618, 0.19359193447310388
0.3472896555663449, 2.099536141286934, 0.6384249070751538, 0.2336754955909682
0.43045638887302223, 1.4995811508263397, 0.5588667386315891, 0.16729581138896202
0.36471125835380136, 1.6766638523348056, 0.6613936531507941, 0.2187541136848413
0.37293653966984636, 1.8188226686905171, 0.5864890166523727, 0.21646683995040364
0.2633803621408579, 2.184922476415343, 0.7671204237014851, 0.2716432653096015
0.2743474038955846, 2.4366223790058372, 0.6918346808020497, 0.24787961108709894
0.34254869480779115, 1.952298052494061, 0.6917344468060959, 0.22458121093067693
0.33797909407665505, 2.207034735150685, 0.6518831074621811, 0.19625783074162242
0.3323813331810133, 2.6034705036483055, 0.665777057177172, 0.19748688430878988
0.4085794253727081, 1.5875920384582667, 0.5647989918412137, 0.2147651289464599
0.1683326669332267, 2.099362423508881, 0.8475476569466471, 0.3112568579551924
0.3594562175129948, 2.482258157730239, 0.6290861771197406, 0.23112887765401716
0.2698920431827269, 2.6785625135316997, 0.6891285348356362, 0.2551643403918455
0.5267607242817158, 1.5963196289869925, 0.4488958336991768, 0.13145476130489334
0.43079910892785744, 1.47956790976231, 0.5640825718028066, 0.1728308262237986
0.3625406980065117, 2.678938039432684, 0.6130830330367658, 0.22969893264167746
0.3809904609584738, 1.7250662569371338, 0.641646529501168, 0.207984129014423
0.37225109956017594, 1.797703515461411, 0.6028917433530788, 0.22197802276474862
0.28434340549494486, 1.9753460030216081, 0.6787192092323966, 0.2299675799712111
0.33763637402181984, 2.0836289532075347, 0.6084324749752978, 0.19512696234846272
0.2756611641057863, 2.077896149064374, 0.7785924523422679, 0.31326020780119446
0.24407379905180784, 2.364054222235492, 0.7596924382928953, 0.23695356752792002
0.22516707602673217, 3.391955389614467, 0.7962701752362427, 0.2848345998817695
0.3166162106585937, 1.8980422583286567, 0.6910121435379145, 0.20733292136307976
0.31753013080482095, 3.1747147538658513, 0.6561314537789565, 0.2850848945857739
0.2738333238133318, 2.7463588790939655, 0.6875756493052333, 0.2536846074038773
0.2869709259153482, 2.457704878489376, 0.6684754824188077, 0.23153620383623444
0.33061061289769805, 2.2370430658147282, 0.6224734517055748, 0.2199855757659884
0.4575312732050037, 1.7699630357431047, 0.5230374256523469, 0.17160269962761068
0.44736391157822586, 1.6709432751250994, 0.5251595082007886, 0.1629567972446763
0.43599702975952476, 2.304193990751869, 0.5879592427688787, 0.19503570510225304
0.45153367224538754, 1.965394250954725, 0.5579580307821365, 0.1618342111231251
0.30987604958016796, 1.796198673773147, 0.6867640578992334, 0.3231205146785001
0.3324384531901525, 2.067686684129933, 0.6874864587617692, 0.241063297734842
0.4175472668075627, 1.6933628993984813, 0.6005383373899891, 0.19827751740147936
0.09881761581081853, 2.3010986699037685, 0.8728406507061919, 0.4503077087432438
0.11161249785799966, 3.5305123543517336, 0.8567932876291815, 0.411784852773671
0.16947506711601074, 2.922377200158515, 0.786795723337793, 0.33765655464409816
0.15519506483121037, 3.5612933139101344, 0.8467662610843089, 0.30536357828682903
0.16650482664077226, 2.1907762636386354, 0.8256098783379627, 0.3117284882180408
0.28708516593362654, 2.1698282090669876, 0.7041045096738137, 0.2209181162967527
0.1607928257268521, 2.794627833364351, 0.8332523404909968, 0.33766449822744726
0.29491060718569717, 2.1932234058987867, 0.699122053300061, 0.23001621560475552
0.29142628662820586, 2.0059167520373595, 0.6827624654255866, 0.25837340267430975
0.1724453075912492, 2.1171386845006848, 0.837248097438351, 0.3100979043485326
0.256011880961901, 3.5438982402098183, 0.7005149731307002, 0.2610185524264982
0.3213000514080082, 2.335133806850689, 0.6450220803513504, 0.21239810917501586
0.15890786542525848, 2.299293283106919, 0.8603157378395829, 0.26944985403948457
0.12315073970411836, 2.4400443782224617, 0.8481825424851662, 0.33869066263168973
0.21745587479293996, 2.2871778053266913, 0.7635722941270754, 0.2490586993673678
0.20951619352259096, 2.2164328176960812, 0.7682570715052426, 0.31374842178902973
0.34980293596846973, 2.0354189767470916, 0.6373721799729528, 0.2281503143757996
0.19700691152110583, 3.289419249741104, 0.7913690557034364, 0.37765460961368397
0.2340206774433084, 3.3138157074506887, 0.7205701029334389, 0.2677583279407843
0.43171302907408465, 2.027320014067837, 0.552893938704492, 0.16436399658306197
0.4291426286628206, 2.2970372425308643, 0.5903283609757293, 0.19230717048713505
0.47912263665962185, 1.9318837179462056, 0.5166880878539881, 0.18837324894852078
0.5340720854515336, 1.5889316743957178, 0.45928654343778097, 0.15161741643404186
0.5749700119952019, 1.4555266185864673, 0.42697970105507776, 0.12693169785952355
0.3006226080996173, 1.999013063084659, 0.7080854972210218, 0.32442840530551725
0.11446849831495973, 2.7143539315420577, 0.8970344510552073, 0.43236309296231257
0.3822471011595362, 2.002085273565241, 0.6058519776946266, 0.1886924681833267
0.23864739818358371, 3.4078470190209034, 0.7545533541454685, 0.33981879654671465
0.3234706117552979, 2.1448832679572476, 0.6754798333844308, 0.27925500853604845
0.10041697606671617, 2.9971067807449634, 0.8721858331196625, 0.44806139411006385
0.288627406180385, 2.6240592657517086, 0.6683627549245329, 0.23421322833015043
0.34540469526475126, 1.8419082050164968, 0.6492599011703708, 0.22800277219691586
0.2293939567030331, 2.696033563819173, 0.7889100229161561, 0.27514642015297497
0.3553435768549723, 2.278242308594307, 0.6350922157605823, 0.2012191359725703
0.27925972468155597, 2.588824642300708, 0.6782491401472744, 0.25420062743868976
0.48740503798480606, 1.4980379011031526, 0.5158312684739393, 0.1655333666534313
0.3467755754840921, 2.107562557408847, 0.6657602962787742, 0.2202226864589619
0.4455931912949106, 1.4794365029186036, 0.5425746789266284, 0.2037839265216373
0.4846061575369852, 1.7355141425593055, 0.5022240587883225, 0.1669569295528912
0.32449877191980353, 2.3684523770747483, 0.6633990097009858, 0.25056108243250275
0.42280230764836924, 1.9349452186050395, 0.5662041374136655, 0.1714005252284941
0.2860570057691209, 1.8915116508322862, 0.706305638313437, 0.2952370641968624
0.3434626149540184, 2.0183469212333702, 0.650506791563812, 0.20583521909650812
0.3282686925229908, 2.048141387923288, 0.6534675950618266, 0.21414551188411282
0.3471182955389273, 1.8605803690653693, 0.6324971759311498, 0.2233001827430455
0.24007539841206374, 1.851694806251819, 0.7192042715324032, 0.2706444074774895
0.3889301422288228, 2.7222562408509994, 0.6035255759981993, 0.2296543509823632
0.2814302850288456, 1.9580473393097988, 0.6743810693124657, 0.24087838665797143
0.28040212486433996, 2.720508148075861, 0.7303594200674504, 0.27097930847803675
0.3473467755754841, 2.4328350044664364, 0.6458439452995428, 0.23048750871769882
0.2343062774890044, 2.7942777724035763, 0.7124277713441611, 0.2620260287744437
0.2969669275147084, 3.8600412981603074, 0.7107970872996727, 0.24486907108869665
0.3139886902381904, 1.9783114114316738, 0.6709307554910799, 0.21591205661904017
0.3639115782258525, 2.1010699575575305, 0.6253423150840017, 0.20952875247526187
0.39252870280459246, 1.829088367989685, 0.5979318872345388, 0.20214896425908666
0.3797338207574113, 1.8061706023342354, 0.6028672728963552, 0.19342178906864596
0.18495458959273434, 2.232354818327665, 0.8098210063919868, 0.37158270411096905
0.2618381218940995, 2.257388280863464, 0.7515083479513708, 0.27181199547096047
0.29393956703033075, 3.0159891063670154, 0.7154239822786824, 0.2393395291572134
0.4070943051350888, 2.1452764209031976, 0.5869460885726502, 0.18385495205227956
0.34837493573998973, 2.47024332028249, 0.6830574161423667, 0.23740893338684538
0.36796709887473583, 1.9163575087376963, 0.6157300726572764, 0.24487251231324403
0.26509396241503397, 1.9108709518808813, 0.7122281149922884, 0.2707924844188184
0.2232821157251385, 2.7984415516840326, 0.7669125021168275, 0.2852281115926241
0.10024561603929856, 2.15931426162565, 0.8879084757259991, 0.4373415989192016
0.1722739475638316, 3.3395223597194095, 0.7818883747289265, 0.3212219789768279
0.10024561603929856, 2.286153875263685, 0.887917531567916, 0.44268622437733623
0.19729251156680186, 2.701306988873337, 0.7584920420511724, 0.30130718719540645
0.10024561603929856, 2.310818336852554, 0.887917531567916, 0.4372171991632488
0.17038898726223797, 2.302975084185566, 0.8188674323255526, 0.30203227029893837
0.25681156108984976, 2.2779144106501206, 0.7472240610642642, 0.27349413659266364
0.11915233906437425, 3.338193070674369, 0.8677922836661359, 0.43359453259369085
0.27303364368538297, 2.121044871212669, 0.7075239876986802, 0.25726508309827234
0.2765179642428743, 3.4075195318606184, 0.6795558603551525, 0.24518174595308367
0.36105557776889247, 2.265672613187885, 0.6022245097023775, 0.22782259514412945
0.2781173244987719, 2.2578727917783694, 0.715379201314157, 0.3147613333597926
0.2646941223510596, 2.2795999515892102, 0.7726006499862096, 0.2676092610717472
0.1994059519049523, 2.9655160214086993, 0.7711080651427327, 0.3429474018110995
0.26235220197635234, 3.211374043649104, 0.749266180267249, 0.2568077485117486
0.41703318672530987, 2.2739553486537556, 0.5506996416314754, 0.21168125890679157
0.328897012623522, 1.8726342766110933, 0.6347272143919986, 0.23711717218001213
0.4499343119894899, 1.6371449044150577, 0.5337731073754978, 0.17044868944840444
0.09881761581081853, 2.301948196251851, 0.8728406507061919, 0.45393147584216526
0.09881761581081853, 2.3536346151683456, 0.8728406507061919, 0.44848357868062977
0.17484434797509568, 2.6258214100673576, 0.7767930107610026, 0.30780300704674995
0.25898212143713945, 2.8171779714410268, 0.7763274842796519, 0.26439667307969933
0.2603530016564803, 2.464963150269887, 0.7139732268882145, 0.265108644103771
0.43930999028959844, 1.7100421056441208, 0.542146873190386, 0.1962780869668915
0.336836693893871, 1.6410063517399562, 0.632852476835111, 0.22266776286126883
0.46290055406408864, 1.8201350670501726, 0.5193268125063051, 0.18918859079482703
0.2541269206603073, 2.6069260684831526, 0.7221500358473923, 0.26616773355272066
0.3580282172845148, 1.8713181134450168, 0.6094168494288666, 0.2125536049204677
0.35368709658993547, 1.9676811330804767, 0.654391093093313, 0.24507680387283695
0.20106243216998915, 2.7134146686410783, 0.7966111052625793, 0.3492698973288889
0.25469812075169934, 2.231974230710352, 0.8000192717473897, 0.27867060207139405
0.20608899297423888, 3.7703559363109043, 0.7960382263931202, 0.26871637824158234
0.27583252413320386, 3.2336670177487563, 0.7432415720173051, 0.23972328581681968
0.24664419946307192, 2.9289509934191957, 0.7402729727602388, 0.2621931162245836
0.29393956703033075, 1.9827592107402188, 0.6633165346710351, 0.246694578220305
0.2587536414005826, 1.929151411938519, 0.7232059474956798, 0.25458587204994415
0.42365910778545723, 2.052430267787003, 0.5549282890028266, 0.18268821714042496
0.3526018164162906, 2.4785434169866183, 0.6297811734787524, 0.24728655457429935
0.44245159079225455, 2.2234745984281528, 0.5451440616111676, 0.16490323488716432
0.3484891757582681, 2.1322001891071616, 0.6428799633775016, 0.2013580799243889
0.10024561603929856, 3.7410969398624245, 0.887917531567916, 0.4407800060879792
0.10018849603015936, 5.29005751677246, 0.8879540545774119, 0.44703493597420063
0.2102587536414006, 2.9781381514674763, 0.7458669054550195, 0.29101604885805216
0.36676757868281257, 1.8752735833039853, 0.6236683451352417, 0.20695661596110862
0.17238818758211003, 2.9914521290824654, 0.7820740046477676, 0.3157811395535433
0.14537042325926772, 2.2582646835849225, 0.8612356760767799, 0.3349273569879634
0.10241617638658822, 2.4693803026980277, 0.8829595656102018, 0.42737526488410094
0.16456274633003942, 3.563062340012622, 0.8029910989062158, 0.3367916310859561
0.2707488433198149, 2.123996250979556, 0.7124571358224422, 0.26979895138357857
0.12172273947563832, 2.296767300552226, 0.8861142593789643, 0.319975303938334
0.10024561603929856, 3.7110428070653656, 0.887917531567916, 0.4380838720577704
0.16907522705203634, 2.483354226290114, 0.8378166689899296, 0.29601142656939733
0.10018849603015936, 3.9360825096715004, 0.8879540545774119, 0.4421990108792263
0.1754726680756269, 3.2853628119103004, 0.7793166737124128, 0.3169471291387822
0.10738561718169876, 3.2664106235800965, 0.8819570801622856, 0.3746007131821554
0.1207516993202719, 2.2127554641497458, 0.890791045181541, 0.41360270794993415
0.26355172216827555, 2.6722375088624397, 0.7246383041809056, 0.25769199394753295
0.35334437653510026, 1.96522919445023, 0.6259441921145121, 0.2239550595975394
0.3250128520020563, 2.141519855189531, 0.6512842932128539, 0.22082645854424884
0.3424344547895128, 2.3354868290709905, 0.6121901233311455, 0.1913197587905192
0.3034786085565774, 1.945608859169236, 0.6877067946869332, 0.22514028026940286
0.23967555834808935, 2.1376302245002745, 0.7380677365929711, 0.30150365749716945
0.21380019420803106, 2.2995353336795756, 0.7936001814480115, 0.31454985744844144
0.2926829268292683, 2.3472948929538267, 0.6757408145019934, 0.2629593044523793
0.2777746044439367, 2.045216761903528, 0.6762398951268866, 0.25570740130272973
0.23756211800993887, 2.739838392229742, 0.7647499849528663, 0.29689425152112203
0.17838578854172615, 2.217064548976868, 0.774739816567581, 0.29668937473790363
0.273604843776775, 2.4267449199046, 0.6877354105031165, 0.254446565565859
0.19300851088136173, 2.6204554684523576, 0.7875167052092106, 0.3056632688808123
0.42805734848917576, 1.7177644621655528, 0.5448929885562122, 0.17478813028715967
0.3793911007025761, 1.8327531241484383, 0.63123621844326, 0.21372763951492207
0.14942594390815103, 2.074165218737258, 0.8535587639426335, 0.4270750489338531
0.10018849603015936, 3.579893962090565, 0.8879540545774119, 0.44457852239380574
0.2303649968583995, 2.1801074865428562, 0.7564691608465298, 0.26980417958703234
0.3016507682641229, 1.843235509651082, 0.696142090980317, 0.25997299936738316
0.4441651910664306, 1.8392664142969695, 0.5366540947173132, 0.1901272367653156
0.3543725366996059, 1.8982639500525837, 0.6116248605543533, 0.21663181938365272
0.3250128520020563, 1.8566304396384923, 0.6767100719613791, 0.23596400533461157
0.4063517450162792, 1.8133991574099861, 0.5934768474886929, 0.19324008786685332
0.2536128405780545, 2.448749891933565, 0.7397765291119569, 0.2653690614211099
0.3436910949905752, 1.9551024989383976, 0.6601121272700198, 0.25122785726825303
0.10024561603929856, 2.2832518718009363, 0.8846321834116179, 0.448053472850711
0.15382418461186953, 4.2342939413530845, 0.8347090543649005, 0.33400719208231033
0.29051236648197865, 2.506789397814085, 0.6624108040358092, 0.20856917324116403
0.10018849603015936, 4.164553701734493, 0.8879540545774119, 0.4413250529415419
0.10127377620380419, 3.786146141828288, 0.8871346147186964, 0.4057108813753043
0.33455189352830295, 2.835053221558419, 0.6648591618930448, 0.21421166300243102
0.09881761581081853, 2.261188023365592, 0.8728406507061919, 0.4497300983174418
0.17301650768264124, 3.237190234849718, 0.7799896542394869, 0.29983823423403033
0.12640658022505283, 3.5162522890056302, 0.8535671660057945, 0.37768534281895877
0.10024561603929856, 4.246933563498507, 0.8879115013859227, 0.4328156806201723
0.33552293368366937, 2.2031664976920053, 0.6535863805986868, 0.18597841308872098
0.2885702861712458, 2.3004857434145287, 0.6924576739121651, 0.24690191152975888
0.26669332267093165, 2.7180779248585827, 0.6924932023132386, 0.2567157335872381
0.3899583023933284, 2.180572948132091, 0.5969877727918924, 0.21327716287599358
0.412235105957617, 1.6858000036186676, 0.5462396305122528, 0.21836901848190265
0.10024561603929856, 2.260880027328287, 0.887917531567916, 0.4379372841885262
0.19443651110984178, 2.2164168243249684, 0.7822538841919321, 0.2977412564266768
0.10075969612155138, 3.5934208275332895, 0.9120914181893373, 0.43949260702063003
0.1918661106985777, 2.229458645136807, 0.7650835555556439, 0.3433957232692647
0.24030387844862056, 2.7670377524803804, 0.730046392441855, 0.2588574280093813
0.4143485462957674, 2.119432717696204, 0.5736600265097669, 0.20148195463531632
0.17792882846861255, 3.9333766640151775, 0.8288723202402553, 0.3706509552984721
0.09881761581081853, 2.296403440026708, 0.8728406507061919, 0.4502569506851204
0.16896098703375792, 2.4778271066936166, 0.8451270989703253, 0.3676925023639665
0.10024561603929856, 3.4809949882994538, 0.887917531567916, 0.4415257164364693
0.19397955103672818, 2.502662097952548, 0.7842164977117546, 0.31773128005443085
0.24841491974638716, 3.117132909353813, 0.7421938674470608, 0.34226225366700297
0.3976123836179814, 1.8175727768029315, 0.5964758734663381, 0.20393557089788944
0.36459701833552294, 2.613586161899534, 0.6279204401854634, 0.2229274322807358
0.2881704461072714, 2.2693867175194824, 0.719252153217091, 0.24887422568127054
0.39521334323413493, 1.7808779524273783, 0.5871125521095316, 0.20605382169156078
0.4847775175644028, 1.7893618031746386, 0.5030398391186559, 0.1721984146610322
0.2912549266007883, 2.4629209963470884, 0.7453172073327283, 0.2596871121638197
0.35454389672702347, 1.8829831133708899, 0.6239598081634306, 0.20944993230098863
0.19792083166733307, 3.1285295395859696, 0.8045325631021049, 0.3816876941323674
0.29993716798994685, 1.817615968323812, 0.7435427135849967, 0.25459745603729816
0.34214885474381673, 2.0297071857495665, 0.6120178797375203, 0.1837869824299046
0.25921060147369623, 3.123242591464962, 0.7201735997455485, 0.24427729114051674
0.1294339407094305, 2.6317878108010517, 0.8568701067391679, 0.35611898347725046
0.21614211458273833, 2.218668034846543, 0.7486514541515189, 0.2724205282817107
0.16878962700634031, 3.000580016126323, 0.7854340050589464, 0.31357042633700577
0.24555891928942708, 2.647427731041086, 0.7186169712470666, 0.2340688106810028
0.28000228480036554, 2.89740261654681, 0.7191541697865278, 0.2423246750279371
0.3201576512252242, 3.9637071712820386, 0.6638313854810851, 0.2152813055423522
0.3236419717827155, 2.216642958046575, 0.6317500727391576, 0.20538710118041723
0.3708802193408351, 2.1494961282666174, 0.6274845502495506, 0.21277762943925266
0.3869309419089507, 1.9345660114871202, 0.5826087473366992, 0.20683398313764614
0.23190723710515793, 2.2431189577549673, 0.760085259145219, 0.29565132420667134
0.2813731650197064, 2.560258314520769, 0.7340199263232583, 0.34134698543835496
0.28731364597018333, 2.5153111591464894, 0.6822902761777743, 0.24778721416765542
0.3625406980065117, 2.724843946019188, 0.6147574991628086, 0.25601433667378815
0.40806534529045524, 1.8427840750173994, 0.569896076166541, 0.21277242267265586
0.2768035642885703, 2.1540892327431713, 0.7274828553395215, 0.2707401253055596
0.10024561603929856, 3.5172016132354207, 0.887917531567916, 0.4395922296630504
0.33849317415890784, 2.0969890788586496, 0.6267405808248617, 0.2495283523441346
0.3644827783172445, 1.9966803926923677, 0.5911635656417553, 0.1969534671381443
0.3629976580796253, 2.769829515430519, 0.6238913442313292, 0.1937163128699436
0.45410407265665165, 1.6528101019046768, 0.5220300177318637, 0.1666444456018303
0.390129662420746, 2.1550265695400896, 0.6156810069040528, 0.20518523930981006
0.366025018564003, 1.8220561931679302, 0.642277194037512, 0.24177166846818884
0.41092134574741535, 2.011986380938136, 0.5760651913873651, 0.20319378968313218
0.26812132289941165, 2.1521336541508407, 0.7079702293479431, 0.26926423818759143
0.10024561603929856, 3.5232926743537973, 0.887917531567916, 0.4430079042331573
0.29633860741417717, 2.6409899974329627, 0.6602756187772063, 0.21923176077470058
0.14571314331410293, 2.990786788487527, 0.8448542419848127, 0.40385340230377026
0.2701205232192837, 1.993085534866624, 0.7260895546256124, 0.26218983025799153
0.27543268406922944, 2.2704350600109424, 0.7480639731191101, 0.23878328883956126
0.11218369794939168, 2.872906331047173, 0.8601892012620642, 0.4280084724807738
0.1016736162677786, 4.394500766389747, 0.8869294370532479, 0.4395527860589244
0.06700177072028332, 2.3013844705086934, 0.9288547069141148, 0.2837869583681545
0.18638258982121436, 2.874542108395779, 0.8630851494226794, 0.3011436406132094
0.1866681898669104, 2.997128752806325, 0.8381641224691985, 0.2998266709354087
0.2658936425429828, 2.957222121302597, 0.6937834298787426, 0.23401616902352723
0.3554006968641115, 1.7746158292569305, 0.6018935592409618, 0.21986953880640475
0.2683498029359685, 1.9319716929068413, 0.7582892677098017, 0.30277627910370325
0.2624093219854915, 2.351317034525415, 0.7587649929790815, 0.29249046399588247
0.41943222710915634, 1.8721687642234706, 0.5706332794868105, 0.17440539689447243
0.4423373507739761, 1.7637334363244057, 0.5530781265378828, 0.19504142187774717
0.4534757525561204, 1.985128403922856, 0.5394453182719832, 0.2053533270306657
0.3938424630147941, 1.773797491468847, 0.64714012704575, 0.19873638111865727
0.35574341691894673, 1.602431151193337, 0.6510389242949394, 0.1986047840440305
0.2772605243616839, 1.9574870335665586, 0.7617726839782764, 0.26335265495811994
0.3679099788655966, 1.9391605057013384, 0.62456672381885, 0.19900622784862682
0.2781744445079111, 2.5028095037100853, 0.6785204532788132, 0.2379020295831263
0.2698349231735877, 3.9669884712097874, 0.6884727987715937, 0.2617834050005773
0.12732050037128007, 2.300376091977411, 0.8513125385468652, 0.24917523966134417
0.13903010224481635, 2.336665368661648, 0.864415783939535, 0.3559698021343835
0.10024561603929856, 3.030479327961781, 0.887917531567916, 0.43607089958907
0.3522019763523162, 2.0910053117329577, 0.6440094705687895, 0.2274924602283946
0.1646198663391786, 2.512841863356292, 0.8050025785817045, 0.31246248735742843
0.17787170845947337, 2.838125364685233, 0.7737493447683021, 0.3176862071268932
0.18152738904438226, 2.0220552993922474, 0.8424874997432237, 0.3275860354406368
0.2722910835665734, 2.098683223873079, 0.7241051871517059, 0.2518703088197193
0.1714742674358828, 3.249754749102732, 0.8373336091145367, 0.31408680336207584
0.2845718855315017, 2.0113882774484693, 0.6761570404489283, 0.2518672547839535
0.27429028388644544, 3.0517338694455693, 0.7669416963368223, 0.2650660910399816
0.31404581024732964, 2.348272301151699, 0.7052478707048002, 0.23242929034209645
0.27766036442565833, 3.256538744841559, 0.6795832468813683, 0.24736387306617674
0.1673616267778603, 3.280791049561116, 0.8143217370773185, 0.3161549411043557
0.2266521962643514, 2.502463383948557, 0.7247699962528188, 0.23885425029187374
0.23733363797338208, 2.8152274636290753, 0.7652869070248837, 0.30959676884287174
0.14634146341463414, 2.0823831326713527, 0.8440518389429166, 0.39621595233700047
0.320671731307477, 2.155676112243693, 0.6992881840894454, 0.21602834392935283
0.3764208602273376, 2.7735665010326342, 0.5787788454204038, 0.2307545376627706
0.28005940480950475, 2.026979621129312, 0.7580208535465301, 0.258805583892249
0.10275889644142343, 4.610820895032968, 0.8860194773217384, 0.4309398004853623
0.2581824413091906, 2.175636691451175, 0.7346792980362319, 0.3354030491277044
0.22471011595361856, 2.871807182413364, 0.7619216478213139, 0.3422794943554477
0.3470611755297881, 1.8169185581863414, 0.6447759199837424, 0.26003433538694476
0.3585994173759068, 2.7164320212627637, 0.5933157537190169, 0.2282851389345888
0.38550294168047067, 1.7465784415486076, 0.5880606210674864, 0.2069093506688386
0.4375392700062832, 1.7780184110486883, 0.5169689793690299, 0.17734369009796075
0.40692294510767124, 1.7366060368908651, 0.5753928467805426, 0.18483312995925608
0.19180899068943852, 2.131798246330773, 0.7506691250547008, 0.27894070477094113
0.15051122408179585, 2.197504088193214, 0.812018313934006, 0.35278253372515295
0.3280973324955732, 2.235290291173921, 0.6709728429062551, 0.23070454420071168
0.3605414976866396, 2.057256266497705, 0.6196792959318458, 0.21751430716718528
0.10424401667904266, 5.738828318813321, 0.8848775488428661, 0.4175066484492015
0.2857714057234249, 1.8756627632643255, 0.7396768985994622, 0.23946659961732428
0.2991946078711373, 2.4791404247350326, 0.6545215097704329, 0.23301501525544815
0.3188438910150226, 1.8514170604739613, 0.6392646795627834, 0.20560170071272266
0.36676757868281257, 1.7390591826441184, 0.6252890628651765, 0.1946893099655217
0.3316958930713429, 2.7148922710581216, 0.6745766423433724, 0.2265112644961927
0.3520306163248986, 2.607029620456098, 0.6552074928577735, 0.20997501072531674
0.37842006054720967, 2.96630627068593, 0.5800507535937056, 0.20696556628445348
0.2508710801393728, 2.081922060602933, 0.7119511730825603, 0.30631314750615013
0.2827440452390472, 2.0878069958191388, 0.6987987600671551, 0.24942481629448593
0.3957274233163877, 1.629037314948577, 0.5963673239206957, 0.19966670079033333
0.3375221340035414, 2.4325786336610404, 0.6430605645734709, 0.21689742318940683
0.4147483863597418, 1.8012596986293725, 0.5804037852261902, 0.1985203729063157
0.3083909293425487, 2.564194389547702, 0.6745749104516168, 0.23125454455603828
0.26480836236933797, 2.172723881629218, 0.7318609585368459, 0.3331231698427346
0.3696235791397727, 1.9090742184292986, 0.6131846108005476, 0.2178446278509098
0.30370708859313417, 2.9534917059348897, 0.6724204226375614, 0.22972055157606452
0.2937110869937739, 2.557153719060662, 0.7611250572142068, 0.28545796807303214
0.241846118695379, 2.0199468636108286, 0.795229321449862, 0.27369384418661247
0.19740675158508025, 3.411805472994386, 0.7655371192817688, 0.3326740149608779
0.33375221340035416, 3.1404347434936133, 0.6452745032849608, 0.2541881440065269
0.36979493916719025, 1.9587872950849061, 0.6254986788926613, 0.19010201197930401
0.45501799280287886, 1.86573475162136, 0.5566223660162785, 0.189685532346261
0.3675672588107614, 1.7014081546483624, 0.6211061143992131, 0.2248390052913857
0.26423716227794597, 2.868342854085151, 0.6950380994922711, 0.2371612436825139
0.39704118352658935, 1.833906304126751, 0.582856356340171, 0.18216636146220044
0.415662306505969, 2.1871158613897776, 0.5756981905658057, 0.1933713318940085
0.38150454104072656, 2.01301529800292, 0.6094419969037705, 0.2103513569711976
0.3993259838921574, 1.632394865895086, 0.5991729237149098, 0.21534832876718463
0.19517907122865139, 1.9516184828626904, 0.8197549754131321, 0.3565043741183743
0.3510595761695322, 1.8306055069446372, 0.7104083093234028, 0.20714880390265775
0.5011138401782145, 1.5342507876326834, 0.4847838476966291, 0.1445206361515768
0.40469526475124235, 1.69241659843381, 0.5792602263752656, 0.18611133714762992
0.3559718969555035, 1.7585297648942253, 0.6436632567134271, 0.2248618741280232
0.3043354086936654, 2.4978073507759846, 0.6629742948289349, 0.2122746483424977
0.3166733306677329, 2.219211795270535, 0.6448910692825944, 0.25875833144115423
0.28805620608899296, 4.036166624572764, 0.7021991159139758, 0.22775678122680082
0.29445364711258354, 2.721143661639185, 0.7130053813545005, 0.2420917961089347
0.3780202204832353, 2.0736801366840893, 0.5880478674680855, 0.1902281678348458
0.2581824413091906, 2.7436551330189256, 0.6934518787726669, 0.22890037746656997
0.3550579768092763, 2.350911702393648, 0.615243835169773, 0.22454373722653315
0.25526932084309134, 3.1129856727646654, 0.7334302744177382, 0.32760910029527335
0.40538070486091277, 2.0299120503331727, 0.577216279810535, 0.1745334205674052
0.34683269549323126, 2.113080546502459, 0.6349538735847072, 0.1931620823232677
0.4028674244587879, 2.4043751157713404, 0.5968772701820835, 0.22667098116205459
0.26326612212257955, 3.112835901584851, 0.7420213211646781, 0.3003077532863404
0.34923173587707773, 1.7059395914212037, 0.6778578098344845, 0.2249735076545502
0.24047523847603816, 2.507865723171212, 0.7121437613620485, 0.2703814014220478
0.20083395213343233, 1.8910316683587338, 0.8151761021682116, 0.2993833691790582
0.32478437196549953, 2.0319604310873896, 0.6311686169795531, 0.2382637176167281
0.19826355172216828, 2.5907827403042925, 0.8280242850094724, 0.30533922638201466
0.23790483806477408, 3.0287898302388068, 0.7889087212224257, 0.28369934698812377
0.39772662363625977, 2.7532703226182496, 0.5923461059623472, 0.21866154802238214
0.1209230593476895, 2.299718228196501, 0.8804738886971025, 0.22638624039624072
0.31770149083223853, 2.581305715518393, 0.6871409782321477, 0.23534330373891219
0.25652596104415376, 2.2118547679614373, 0.7267680540978948, 0.30533038574621923
0.13497458159593306, 2.2994195043771715, 0.8452055236899774, 0.34573411172617075
0.11195521791283487, 2.786332793457624, 0.8773646818009647, 0.3742305268077998
0.25675444108071055, 2.191671893387878, 0.7045349591333055, 0.2765670990076752
0.2856571657051465, 1.9924244502270019, 0.6836814059730703, 0.2531068677357541
0.12012337921974067, 2.2860393580550395, 0.9269328998579404, 0.4266540570799654
0.10053121608499457, 3.717090825626809, 0.8709259003764966, 0.44458131524552025
0.20214771234363396, 2.27435034379672, 0.7767938423550909, 0.3247473156768775
0.27703204432512707, 4.154365572607067, 0.6800122775334383, 0.2392096609967243
0.33340949334551895, 2.530846211903711, 0.6540250996410031, 0.2185221404509033
0.3526018164162906, 1.9756931855703481, 0.5994322073060812, 0.22302159905271085
0.25978180156508823, 2.961455717095542, 0.6993812548396559, 0.25973350860858496
0.34494773519163763, 1.7785467814798595, 0.614339611190637, 0.20513680576829119
0.38887302221968356, 1.756006969476782, 0.5999540894135735, 0.1938172280010924
0.18861027017764323, 2.0836713932471183, 0.806824133318581, 0.3260122430765111
0.20197635231621638, 3.677216564606914, 0.7510677276822337, 0.279590134572849
0.3219283715085394, 2.160354583915858, 0.6622402461670844, 0.22278168316530697
0.186839549894328, 3.269095252589008, 0.8056446267220382, 0.296298815150844
0.29148340663734507, 2.104286182394522, 0.7200278013723763, 0.24524346409099512
0.16941794710687152, 3.673669481131748, 0.7859063250716561, 0.3313255673580574
0.1056148968983835, 2.942515493739834, 0.881176698408286, 0.41763440361671805
0.24281715885074542, 3.2500127895708126, 0.7274081706329136, 0.26073573024652386
0.31804421088707374, 1.7917370341006207, 0.6585675578456551, 0.21870572915468242
0.10024561603929856, 2.087416253738416, 0.8879115013859227, 0.43762365134395287
0.09881761581081853, 2.3028129039135123, 0.8728406507061919, 0.44727743196596004
0.16084994573599132, 2.7847965370548535, 0.8322948821307421, 0.3166102890219118
0.35574341691894673, 2.667981262557911, 0.6380328218082484, 0.23815989101013524
0.2456160392985663, 2.2944053236145945, 0.7206301638307135, 0.27177162068279215
0.19677843148454904, 2.1738907591758805, 0.8081117923209156, 0.4035126021877791
0.22596675615468098, 2.8099248778876555, 0.7476172474208151, 0.2593964544999752
0.17410178785628605, 3.3700214496646623, 0.7816063983768846, 0.3124060512541684
0.17364482778317245, 3.9289228793998823, 0.8210798346880077, 0.3773610425473545
0.41760438681670187, 2.477911308898421, 0.5765498482289722, 0.2109805512556727
0.3700234192037471, 2.0903750734703017, 0.6179061543093731, 0.18114780923917856
0.4135488661678186, 1.665877958599542, 0.5813969460166022, 0.1830157201389443
0.19706403153024504, 2.7935906178198535, 0.7621729761197744, 0.31569614431112136
0.31044724967155995, 1.8518289362144285, 0.7016333798245696, 0.24196610577493555
0.10287313645970184, 2.879100486307616, 0.8845184769905178, 0.42793204762387405
0.10772833723653395, 3.5186550218822403, 0.8811988663478016, 0.39399518892415436
0.3779631004740961, 2.197299334514981, 0.6121297174089362, 0.19507574289140095
0.461872393899583, 1.8869960560386925, 0.5352311995201363, 0.196287027821414
0.40806534529045524, 2.1535959618282376, 0.5840282443945718, 0.1954572505320498
0.4177186268349803, 1.6916809720002375, 0.5656978298324521, 0.19733494102898197
0.39035814245730277, 1.725371067137328, 0.5988183160705398, 0.22369804605309312
0.10035985605757697, 2.2996072147073265, 0.886964015441509, 0.39797834520589875
0.10053121608499457, 2.4014396328176253, 0.8877419804755661, 0.4396340939906131
0.11898097903695665, 2.2904476804450558, 0.862634357086731, 0.36938430380222653
0.09881761581081853, 3.49869832659514, 0.8728406507061919, 0.45484330722156685
0.16559090649454503, 2.886383361965052, 0.8004783627748046, 0.32659228023912656
0.17701490832238534, 3.4980369937452576, 0.7743381716246855, 0.31714309678278707
0.11435425829668133, 2.1671473386014366, 0.8733549935572098, 0.4388253471641114
0.3920717427314788, 1.825063040263718, 0.5627660588320085, 0.1890699876700785
0.3354658136745302, 2.994120471366101, 0.6230850272131805, 0.22292626763208867
0.485120237619238, 1.8880721330910815, 0.49455380078211997, 0.14848127667577327
0.3046210087393614, 2.9284122425594368, 0.6574001032035245, 0.2514980489533397
0.3029074084651854, 1.7446483891416251, 0.6597732324350738, 0.284670186664263
0.18581138972982236, 2.3251798150233935, 0.7802672212021984, 0.29549022192564517
0.3700234192037471, 2.6565038276237383, 0.5812110764693765, 0.21313650301137735
0.3978408636545382, 2.429268895563065, 0.6423278709769018, 0.20852176205330145
0.1757582681213229, 2.227669802535681, 0.8140005026842946, 0.4087795536980591
0.2067744330839093, 3.2758923052629423, 0.8015443240142016, 0.29560871315104686
0.2863997258239561, 3.2366192409068733, 0.68970784972998, 0.2973065403753028
0.358942137430742, 2.401470992416901, 0.6217702607094434, 0.23670383481022683
0.140629462500714, 2.2244015957958228, 0.8288586190716438, 0.42489667849973856
0.1681041868966699, 3.3075847481878804, 0.7850070009270146, 0.3313347949575224
0.16564802650368424, 3.29089325824487, 0.8046087860466009, 0.3105808739171405
0.19489347118295539, 2.9764187950216403, 0.7858642521105013, 0.32936741251503093
0.26772148283543723, 2.0711984212362986, 0.7833793800115925, 0.2761822793978638
0.2547552407608385, 1.9910288493480879, 0.72336164421938, 0.271426825955318
0.29428228708516596, 2.341346152111894, 0.6839119298786468, 0.2739060137915179
0.38950134232021477, 2.5690248640087208, 0.5557899561550025, 0.21268625379185627
0.423601987776318, 1.6224346698228336, 0.5656271209604321, 0.18895460985196427
0.25155652024904324, 2.0401686396884533, 0.7069373151226611, 0.27246124066516103
0.2943394070943051, 3.829719856270766, 0.7131500192088778, 0.23918264838619407
0.3469469355115097, 2.3819557474720243, 0.6456672478709548, 0.21988404663218067
0.1483977837436454, 4.34252836603136, 0.8403622350211778, 0.4121330078134453
0.32935397269663563, 2.0260641366360823, 0.6310959519614292, 0.23218378716878668
0.23007939681270348, 2.2581416316938583, 0.7685009124214645, 0.23956736468376438
0.39926886388301824, 1.8691314523807154, 0.5708444274040957, 0.21733127948097133
0.29142628662820586, 3.667563560767545, 0.718137240021806, 0.23724274317047206
0.21362883418061346, 2.109535530149109, 0.7777422654798707, 0.3562136330751825
0.1750157080025133, 2.279905628462116, 0.7909370785651423, 0.32244216649703594
0.1912377905980465, 2.534531995128944, 0.7719278294668057, 0.30960428275728996
0.35608613697378194, 2.0450131438573385, 0.6335951245933751, 0.21946063528459253
0.31535957045753127, 3.5386431780187597, 0.6480039390421674, 0.22247098563814763
0.40138230422116866, 2.339502182278933, 0.554254912505227, 0.21455702082355024
0.35637173701947794, 1.8766007778038643, 0.6067228722838836, 0.2233796256551087
0.13000514080082254, 2.2821679885011417, 0.9140923050781489, 0.3734355888548488
0.23710515793682527, 2.222952670534068, 0.760717349977375, 0.23008632751662322
0.31473125035700006, 1.982638219909474, 0.6532312850798763, 0.24257615364281276
0.12223681955789113, 3.267647930313956, 0.8569321959971724, 0.35938789370360846
0.2385902781744445, 2.2412534599104825, 0.71108881421982, 0.25788562278698024
0.1366881818701091, 2.23852895711541, 0.8548164619565457, 0.4046497173045697
0.23264979722396756, 2.179305411293484, 0.7798331237165196, 0.36948698706723865
0.2343633974981436, 2.201230284004268, 0.7612200039508972, 0.25770450260115607
0.14251442280230764, 2.098303598972747, 0.8614735740969689, 0.32310450702634363
0.3279830924772948, 2.69884115661365, 0.6553820251545713, 0.2518697741746113
0.29056948649111786, 3.036687117522561, 0.71615410426463, 0.2508439189417938
0.39521334323413493, 2.0143307735872695, 0.596189883046815, 0.2187649501064281
0.0777974524475924, 2.296073375971441, 0.9313058495792823, 0.32095744667720577
0.28405780544924886, 2.286534539665345, 0.7242188332859584, 0.23783878799822533
0.10024561603929856, 4.830700223492022, 0.887917531567916, 0.43594352213974574
0.33420917347346774, 1.8822773979277656, 0.633359228792487, 0.23273173592556567
0.24984291997486718, 2.453751228573563, 0.7665727354953017, 0.34795755387529226
0.3123322099731536, 2.2129098797228877, 0.7066893086841899, 0.24532638203288482
0.35574341691894673, 1.9588121923896717, 0.6204081126370771, 0.22566934269261957
0.1988918718226995, 2.4949597845809097, 0.7987665275230116, 0.28273503825982743
0.10133089621294339, 3.6960567249663008, 0.9115476294614304, 0.4338896189799958
0.2590963614554178, 2.0634251456819857, 0.7494695516902323, 0.2816438097823445
0.2716627634660422, 2.8211888924605253, 0.7669806530937004, 0.2591222425670029
0.4252013480322157, 1.585969171238843, 0.5337591936650105, 0.19303503480746118
0.5193351230936197, 1.471275368594848, 0.46928115530500836, 0.1635598579682014
0.36928085908493746, 2.094737073463977, 0.5806379726845966, 0.21818976618985855
0.47952247672359627, 1.4478827915247758, 0.47695944638458176, 0.1589677123907329
0.37773462043753925, 2.1775977440637377, 0.6160995288694695, 0.22079279591768786
0.34112069457931116, 2.335174964001219, 0.6801872406795632, 0.26717528528428514
0.3312960530073685, 2.7683158957110514, 0.6838326436741908, 0.30596902944983334
0.3641971782715485, 2.299923274817736, 0.6490498450019855, 0.19638064489387067
0.5565773690523791, 1.360414444493333, 0.4308769870460208, 0.14657457117903833
0.6031301765008282, 1.176321881497622, 0.3902471883137849, 0.11753185604634671
0.48129319700691153, 1.427137970502205, 0.5337385277938818, 0.15716267940117631
0.3318672530987605, 1.820024206057236, 0.6297234049274205, 0.21748414326042226
0.33672245387559263, 2.1668024034954163, 0.6565188959254408, 0.1939930661202009
0.5203061632489862, 1.6414501249105864, 0.47974914591532236, 0.1558152599431662
0.3659678985548638, 1.841328757271122, 0.6054624716435912, 0.22070692784103674
0.49300279888044785, 1.680072179784125, 0.5095500324738109, 0.16088448190585716
0.29845204775232764, 2.0043110395680355, 0.7107253620228102, 0.24676057916878383
0.2146569943451191, 2.4023825346814127, 0.7815824967881961, 0.3453963460743205
0.4284571885531502, 1.6595749771764552, 0.5619516717721902, 0.19446347924201104
0.31473125035700006, 1.906372155047507, 0.6728121684864317, 0.2484700676770109
0.3403210144513623, 2.3845916179766786, 0.6809501659615389, 0.24840622372639937
0.27092020334723255, 2.1731941475711, 0.7243183219690281, 0.2808350557204234
0.34563317530130805, 1.9192492811063229, 0.6519268529758369, 0.23353609967614442
0.4100074256011881, 1.5890522151242787, 0.5428772314971713, 0.17899020351886227
0.4667847146855543, 1.4732389862508648, 0.5351067316213377, 0.17258524830828273
0.4426229508196721, 1.7620244402871001, 0.5483760161154096, 0.18975108113451947
0.3551722168275547, 1.808590254373306, 0.6215934677433521, 0.18908645454384304
0.2151139544182327, 2.8942346920732165, 0.7567303959480014, 0.2807415991847889
0.1795281887245102, 3.1398767981978386, 0.8026858141194477, 0.31089072703472415
0.3488890158222425, 2.855861065807607, 0.6561172731821527, 0.21233236276937814
0.4923744787799166, 1.5257445572547055, 0.49070389770467104, 0.1776894070746971
0.44582167133146744, 1.6928045773957319, 0.5378905811242296, 0.17685781531617858
0.44450791112126575, 2.1000367069445938, 0.5628059050301887, 0.18409493493168788
0.1249785799965728, 2.3497258051800047, 0.8634093874378082, 0.3952159186620267
0.2851430856228937, 2.539773312292237, 0.7049364512828478, 0.3033287094251887
0.2648654823784772, 3.074819737005756, 0.7556840077090804, 0.27408839999379303
0.4025818244130919, 1.8614860897065708, 0.568984102000311, 0.20975602439731372
0.49071799851487974, 1.8389078685305764, 0.4985602494040691, 0.18238548375404776
0.4012109441937511, 2.3233077987548048, 0.6270957740983604, 0.20731078381677365
0.3188438910150226, 1.6872748123004053, 0.6963639641926587, 0.3010599080916988
0.23253555720568916, 2.0466785108116383, 0.756922121246895, 0.3484365213895585
0.23721939795510366, 2.2558218505549092, 0.7482641864986761, 0.2389648705343784
0.15913634546181527, 2.589755797478775, 0.849971840154699, 0.3950649266447206
0.1991774718683955, 2.9228130835197565, 0.7877546426642595, 0.2599637492903975
0.21768435482949677, 2.2572222355296327, 0.7764943499220289, 0.3107543884565171
0.24647283943565432, 1.9056908270037616, 0.7313474111256444, 0.26890935187940235
0.3526018164162906, 2.4092952105859675, 0.6433035767723856, 0.234071924078667
0.4028674244587879, 2.2831214129637085, 0.6429908101735236, 0.20359303679785956
0.3840749414519906, 2.069501783536014, 0.5986857327808164, 0.20274200740915757
0.4646141543382647, 1.725967897202141, 0.5151878884116684, 0.1948238842661991
0.36825269892043183, 1.655358917250682, 0.6612866773444892, 0.214175009312125
0.3669389387102302, 2.534177299094438, 0.6734988084011431, 0.2055731679908451
0.22476723596275774, 3.8561246831493188, 0.7652143819005107, 0.3516541405851535
0.32695493231278916, 1.9206540857206007, 0.6931135554344527, 0.24975691282867066
0.33003941280630605, 2.0321464771330917, 0.6259066762890254, 0.2406863683956304
0.3202718912435026, 2.964949187552239, 0.6391491403394685, 0.2229993827827405
0.26258068201290913, 2.149871378691034, 0.7288640687574847, 0.3167833730784236
0.19072371051579368, 2.1883942348143224, 0.7968676295830541, 0.38030826484820535
0.10704289712686355, 2.6767315904567246, 0.8808836408484175, 0.40017366975444774
0.2965099674415948, 2.37355790716153, 0.706318716377315, 0.2800998545819608
0.1686182669789227, 2.2978779174561517, 0.8129888678289217, 0.2899969246386046
0.2838864454218313, 4.186113416851537, 0.722230011224985, 0.24379430245398312
0.12160849945735991, 3.0847407809863556, 0.8658482329603661, 0.4219675041241465
0.4471925515508082, 1.935674704798981, 0.538531893698332, 0.18854935828271416
0.38179014108642256, 1.7156756514517497, 0.6338608554821044, 0.18968506509004354
0.38458902153424346, 1.624982256061204, 0.5669653570801734, 0.20676458160940964
0.3137030901924944, 2.1927236705446473, 0.6840203861554014, 0.22153067694245068
0.38875878220140514, 1.8319636457289294, 0.5986279349738269, 0.20804058411429915
0.219455075112812, 2.4276494803431103, 0.7669145795626391, 0.3390399307171207
0.4174901467984235, 1.8365539940582758, 0.5794388870707399, 0.20692052890013088
0.26366596218655397, 2.236212139638425, 0.7130473963531923, 0.23949446631701182
0.28400068544010965, 2.3919832174037277, 0.7489374959256719, 0.25268225417701773
0.36242645798823325, 2.0657403386404547, 0.6310748811800786, 0.21431693990066597
0.45964471354315417, 2.016933239744917, 0.5691191974328895, 0.1662116439469969
0.4109784657565545, 1.5486137705509875, 0.5886254539267753, 0.1818622818652875
0.22905123664819788, 3.252511818616469, 0.7606056499605579, 0.35655077433355664
0.3062774890043982, 2.6521364726764984, 0.7048038129372589, 0.24134548220339264
0.422459587593534, 1.6362292580474633, 0.5906270513053211, 0.18408758190819868
0.1956931513109042, 2.0632895588799913, 0.8350426397854678, 0.28676568771503896
0.19963443194150912, 2.7260898810454335, 0.7901328273162243, 0.2708033296116972
0.2848574855771977, 3.967578340116199, 0.6845995726402652, 0.21956625676162145
0.2226537956246073, 3.3865316124856943, 0.7654586048445701, 0.2712548056302694
0.3619694979151197, 1.683451275502879, 0.5904034061578722, 0.18667112773817784
0.23938995830239332, 2.340174546016613, 0.7477923420625037, 0.2605787103805397
0.20591763294682128, 3.213717328694871, 0.7791433046480755, 0.2895108968027399
0.3402067744330839, 1.9333984436184388, 0.6697467092053577, 0.226766661768289
0.31021876963500317, 1.862579276129759, 0.7193767124853359, 0.25991529604053004
0.2152853144456503, 2.292878949990133, 0.7713665156388179, 0.24014866101419735
0.24367395898783345, 2.3091103265182946, 0.7205968405327767, 0.24993141055357873
0.38076198092191693, 2.1059086872119517, 0.6179468603570919, 0.21607868363158378
