acuracia,loss,frr,fpr
0.05441671900873637, 2.3128449842916634
0.24513218751784388, 2.4698974829115437, 0.7933587973455725, 0.23982376857589646
0.10101067778221892, 2.308971545271916, 0.9173406739535681, 0.4918083556320589
0.22845885913321531, 2.178418623443361, 0.7606978720545863, 0.30414914790690417
0.2800205561582824, 2.5110537689546115, 0.7223692448713719, 0.25948304325352417
0.23588191629075544, 2.1292996795910017, 0.8081511087046094, 0.3543339246849093
0.1978530234682807, 2.159004818104611, 0.849678320957888, 0.37516729215502587
0.18180779992005938, 2.231507409260818, 0.8037958483853433, 0.4784452482880816
0.2477588077428196, 2.181663088664291, 0.7188134188254484, 0.2602399222811239
0.1003254725061383, 3.0088471110016983, 0.8623523483869725, 0.4736073194114666
0.29715068806029804, 2.238706988180983, 0.6970971627836315, 0.2795496716601259
0.2345115057385942, 2.0560698029601934, 0.8176400520426871, 0.35608908707362075
0.14058128247587506, 2.1967865051265067, 0.8225379292060812, 0.45841101719288524
0.3111973962199509, 1.7331649795602582, 0.734266920514625, 0.2765740285267363
0.2828184777022783, 1.7469957294424903, 0.7390962631482795, 0.28614693332182767
0.20242105864215154, 1.883179936704144, 0.7915215216719271, 0.3313675812939937
0.3524239136641352, 1.6670457104893488, 0.6717149932348142, 0.25965077313659646
0.2880146177125564, 1.8103223428634712, 0.6906455850972872, 0.2799102024072505
0.24005024838691258, 2.6245561441090617, 0.7504904700547368, 0.3278091267909
0.3389482099012162, 2.0774789866046617, 0.6560633534528147, 0.29984444699217644
0.4689088105978416, 1.5875532472044467, 0.5175764779617555, 0.19062963287976895
0.26665905327471023, 1.8571215510701886, 0.7263714443171759, 0.2792280897383063
0.2897847313424313, 1.864780181443161, 0.7737306845409337, 0.2769413663957803
0.38194484097527553, 1.7174218494762246, 0.6187127290313106, 0.2563115465158685
0.3272997202078456, 1.92546156465187, 0.6542736862062701, 0.25112948266853535
0.39405013418603324, 1.5040926792470772, 0.5876339559991944, 0.2548142843773327
0.4160338034602866, 1.466641212189714, 0.6469116014480785, 0.2284625814220793
0.2938388625592417, 1.6693464907152433, 0.6701910387584613, 0.28392666497193453
0.2941243647576086, 2.0012305054667063, 0.6660889732919252, 0.24952404088013455
0.2960657797065037, 1.953121012481427, 0.6656423723768561, 0.25428167343362806
0.26271912293724664, 1.6661481162621334, 0.7442563416249832, 0.2921353970393212
0.27328270427682294, 2.2753501894576917, 0.7466840442421778, 0.2930995131123129
0.31690744018728945, 2.1588314468608907, 0.6557911714024144, 0.24514361027294235
0.12961799805858504, 2.239492046120356, 0.8226657484550653, 0.38559671125198536
0.18066579112659167, 2.5488089456969636, 0.8441334899313289, 0.2932177002644511
0.11146005824244846, 2.3250489679891557, 0.9042654565344957, 0.4696443229995018
0.3158796322731685, 2.154623287126923, 0.7107246950733199, 0.25855000841731146
0.09964026723005767, 2.4590535585498956, 0.9125879098690868, 0.49513835744749135
0.20236395820247816, 2.1834569052572235, 0.8037109629177955, 0.3230182813375342
0.14143778907097584, 2.0898258685248847, 0.8849597758785525, 0.34418715657102966
0.2001941414948895, 2.282225500100726, 0.8019061280552806, 0.32808584623259973
0.2337120995831668, 2.2622507066053616, 0.7814061522714303, 0.33311977195464176
0.2490150174156341, 2.1086010937482986, 0.719250823753577, 0.275892056443596
0.26426083480842805, 2.1659756334723896, 0.7189141185572926, 0.27512558388432884
0.29155484497230627, 2.1089127903314617, 0.7247667997754337, 0.2364696529747415
0.12721977959230285, 2.444961687243319, 0.8975415117132641, 0.4895542198791813
0.29823559641409236, 2.2713818940962223, 0.6702087740986004, 0.23265475953342674
0.18980186147433334, 1.9731603375931344, 0.8399100561176663, 0.3782713315874171
0.1609090389996003, 3.0058650054079687, 0.8323033103383816, 0.4022343594689925
0.3598469708216753, 1.8288373181094708, 0.629304866168787, 0.19523129570039036
0.28573060012562096, 1.8927693736721323, 0.7094926201058114, 0.3098723320899356
0.22406212527836464, 2.001757170746561, 0.7903305888898723, 0.2993293024082361
0.10951864329355336, 2.3046715768708337, 0.8489984629210815, 0.47093306877262686
0.30166162279449554, 2.743517838333823, 0.7133070926129225, 0.2545396696063413
0.3439159481528008, 1.7884318468174276, 0.6797358045083179, 0.2169950027676349
0.3918803174784446, 1.8117533036451456, 0.6330754581515452, 0.21481071520702516
0.3271855193284988, 1.5859482845811905, 0.7003463732883308, 0.25660324495984116
0.3021184263118826, 1.9980516924142535, 0.6678600572661527, 0.2610201180417363
0.421115742591218, 1.7979074154373125, 0.6092398100233105, 0.20770374192270605
0.4122651744418432, 1.9203289157211567, 0.5808647824855319, 0.17906427000243086
0.5269228573060013, 1.5269309439236, 0.5065479429334172, 0.15248844981369117
0.4012447895848798, 1.5096689351556072, 0.5876019336515138, 0.22777084304192727
0.30680066236510023, 1.9933240378406014, 0.6730242925090779, 0.25872396123137764
0.10249528921372694, 2.3375247347952537, 0.9128082863602662, 0.46989787941363276
0.2954376748700965, 2.209714984296323, 0.7659278207381295, 0.31308547302329764
0.3076000685205276, 1.9286397778245252, 0.6846496089454379, 0.3188924537641287
0.25352595214983153, 3.132786415745787, 0.7301408357269895, 0.3154029156874131
0.3887397932964084, 1.9348508187720228, 0.6034672990860613, 0.20527172722991707
0.26117741106606523, 2.7874020862336764, 0.7045442596695326, 0.2706883323362032
0.31959116085193856, 1.739904703200459, 0.6659422986261816, 0.2208107701473157
0.29629418146519726, 1.9577524436164786, 0.6654863376088124, 0.26126397836793497
0.11602809341631931, 2.144897184597665, 0.8966272886657954, 0.44145769781049227
0.1632501570262091, 2.5565625726376857, 0.8642807443503544, 0.46984947352555306
0.2198937931822075, 1.9756658627510015, 0.7704822310867379, 0.3853643409619639
0.22331981956261063, 2.5841126246910147, 0.782795706831846, 0.2562223885271153
0.16924570319191456, 2.2234550067292473, 0.7972497696982827, 0.4211106037966685
0.25660937589219435, 2.131532045015635, 0.710199777008791, 0.26211313185205054
0.3639011020384857, 1.7115561132451316, 0.6555506868296239, 0.22123122000680523
0.30668646148575346, 2.0717331575978415, 0.6686217415539643, 0.275477229839055
0.380974133500828, 2.009035323529692, 0.6414794891106431, 0.19334020891104753
0.19665391423513962, 2.389501511019383, 0.8491909995141518, 0.3911417971311299
0.2602067035916177, 2.4472194046627846, 0.8020066707584892, 0.3426170431660822
0.28858562210929023, 1.9079164121599272, 0.732458687555193, 0.25321429055937145
0.27254039856106893, 2.0353337665199245, 0.6985545773689679, 0.26587784449782026
0.4012447895848798, 1.7501159372658077, 0.5968107609304617, 0.23884181190103076
0.3105121909438703, 1.9168817627380952, 0.7054613957594502, 0.22838988560498502
0.24981442357106148, 2.0609090803746786, 0.7711009171826111, 0.3441343431679628
0.3466567692571233, 2.3622454321539967, 0.648510768642174, 0.22930450066908756
0.32313138811168846, 2.1484055674624716, 0.7028440630186308, 0.25371422571235464
0.3296979386741278, 2.0647721336773213, 0.7112503591338282, 0.304177292104166
0.23068577628047737, 2.601149889476985, 0.8145233434767241, 0.34173517122353614
0.41780391709016157, 1.5530422960409043, 0.5986578719485426, 0.251528356339533
0.4659395877348256, 1.5703808235496237, 0.5714984652985311, 0.21765959239282112
0.33677839319362757, 1.765536131937037, 0.6416481911740928, 0.27262554646824344
0.2946382687146691, 2.004643499597244, 0.6817435423843149, 0.29094823513914003
0.3517387083880546, 1.6221805079952065, 0.6833040884357284, 0.23344661889513726
0.4409866955975561, 1.615585475926913, 0.565855103506407, 0.18488086130780051
0.4172329126934277, 1.7053858268569309, 0.5905504005962741, 0.18679928849507904
0.45805972705989834, 1.7269377204417937, 0.5534348953698396, 0.1950570915494752
0.29155484497230627, 1.970641280612763, 0.6780172237931634, 0.24797585406661474
0.2918403471706732, 2.0719414677668535, 0.6951713627146916, 0.2151811546012329
0.125906469479815, 2.3069147858635755, 0.8564145182399671, 0.3352676079689161
0.10209558613601324, 2.296400718820202, 0.8549653175140934, 0.5003473144645634
0.19762462170958717, 2.6285890980007265, 0.8044200353534581, 0.3713160685014245
0.2718551932849883, 2.2730245238020808, 0.7459341623535088, 0.253167894323984
0.17478444584023298, 2.540920302364587, 0.8373270574866594, 0.34144023051713224
0.27288300119910924, 2.4256288783510644, 0.7500519201039163, 0.2731394705970013
0.1997944384171758, 2.750211001070867, 0.8030882767566154, 0.35809898767747583
0.26734425855079086, 2.039407048949385, 0.7061953401647417, 0.23901430055789002
0.25940729743619023, 2.6296252909751456, 0.7313014957387007, 0.2897252493151975
0.1829498087135271, 2.179318268928197, 0.7625130779929684, 0.34101635161169197
0.1274481813509964, 2.046976393303648, 0.8940516046173566, 0.42784126478273804
0.2556386684177468, 2.109768645128177, 0.7348735310507677, 0.27813033789537084
0.22594643978758636, 2.077716545532345, 0.7693029180953989, 0.296505384153522
0.18306400959287386, 2.162995332368184, 0.8116883558204206, 0.36208933640602664
0.2867013076000685, 2.2696361110258474, 0.7379438796773872, 0.30740855565029845
0.11391537714840404, 2.3015527809284975, 0.905542100844186, 0.4979739452182333
0.16193684691372123, 2.2335756252856567, 0.8803929945762722, 0.3575726587033933
0.12208074002169816, 2.5003113641033967, 0.8997664100939378, 0.4402161234157883
0.1436076057785645, 2.1279992211084884, 0.8656284022039934, 0.3312422759177633
0.20007994061554274, 2.3203171223822348, 0.8012325253519375, 0.3595178769283522
0.19499800148461144, 2.0744090603439784, 0.7835272660802559, 0.2665748844755472
0.20362016787529263, 2.1565473813942004, 0.7879709503215151, 0.4430004106320967
0.2057328841432079, 2.215589446771807, 0.7926819486596932, 0.3397519969287354
0.19899503226174842, 2.1109456684597148, 0.8039130140119637, 0.3674310635418973
0.2741392108719237, 2.0506053695685247, 0.7548218934201826, 0.3559070026910208
0.19893793182207503, 3.381528175966101, 0.8352959489242389, 0.39489343113516556
0.31016958830582997, 2.245958582141143, 0.7587020825509836, 0.275313712432414
0.28298977902129846, 3.203298210235474, 0.773088716245937, 0.24951310991040637
0.32433049734482955, 2.138838329099679, 0.6582085900008295, 0.2731291350758233
0.38571346999371897, 1.7176187613009317, 0.6541043714196113, 0.2153758942027527
0.3508822017929538, 1.7391574618811338, 0.6847436169995194, 0.23852834088973102
0.39707645748872267, 1.577099110551886, 0.6557439070073359, 0.19123894014884377
0.3396905156169702, 1.5993295243671577, 0.6916108550728575, 0.24005031504550295
0.34454405298920804, 1.9004917864128883, 0.6944915512018972, 0.26732498729441134
0.10763432878433164, 2.1917261282625637, 0.8508659693004057, 0.4928031624630429
0.25426825786558555, 2.290322285648594, 0.8080476385211706, 0.3791158540240428
0.35116770399132075, 2.0710983064527864, 0.7282263440111404, 0.26721798263653385
0.29937760520756007, 2.006619681318476, 0.6773818663340297, 0.26966348817013763
0.22086450065665506, 1.962112437022622, 0.8201579105214221, 0.3075840887266426
0.24924341917432763, 2.0038281043150477, 0.7296143895996627, 0.30172809926912303
0.26494604008450867, 2.0870561253872713, 0.7272180671456175, 0.2698674731307821
0.2172100725175584, 2.6998451449112495, 0.8127209001803971, 0.31172092148227803
0.28818591903157653, 1.923836875845389, 0.7319078085747621, 0.2767652999924271
0.11362987495003711, 2.466731881541255, 0.905971939047029, 0.44526644067624827
0.1132872723119968, 2.0800105310184778, 0.9057020002184691, 0.4357085495420726
0.28881402386798377, 1.8585749339476745, 0.7702085312030473, 0.264706563747948
0.36755553017758236, 1.9434137145871064, 0.6415769383746184, 0.20948802858231885
0.4027865014560612, 1.7181738778878162, 0.6496446971632188, 0.22645904069545128
0.19768172214926055, 2.198743729291049, 0.8513384323771094, 0.35825637977499164
0.339062410780563, 1.8595610890227574, 0.663327654822407, 0.251376729272446
0.10500770855935591, 2.2281009111767633, 0.852552863192934, 0.4998990894001764
0.10101067778221892, 2.38765575532086, 0.9173406739535681, 0.49411990515896953
0.1514874664534917, 2.3916056804447874, 0.8476934075233695, 0.4063462783646662
0.20236395820247816, 2.3454593158473447, 0.8076739202079521, 0.360232469116045
0.27402500999257695, 2.242136435579724, 0.7473057057437205, 0.29833414486185683
0.19334208873408326, 2.1630184198612965, 0.8547774463969701, 0.3612583404769006
0.20036544281390967, 2.255119219965191, 0.8127067266260026, 0.37820183412263014
0.2984068977331125, 2.131710742720393, 0.7345853310897883, 0.27358914823416686
0.3140524182036202, 1.728432860181407, 0.6761819548243853, 0.2950241574686462
0.3343801747273454, 1.9209425993821463, 0.6799248174044983, 0.25742954621850467
0.21464055273225605, 2.1382522887616715, 0.8223314409604152, 0.2866958579865697
0.11185976132016216, 2.411780953080556, 0.8472379459231026, 0.4809881868103491
0.2753383201050648, 2.003631148912548, 0.7860820858085575, 0.32472996774744517
0.19859532918403472, 2.6812510658745805, 0.8491728358702705, 0.3320100030062894
0.3841146576828642, 1.8745949044666237, 0.6679135471475585, 0.23354310461861155
0.22080740021698167, 2.6741623324984207, 0.7840191966739819, 0.29916837307416133
0.24478958487980357, 1.898653018885035, 0.8016089369291585, 0.30441494396584917
0.3130817107291726, 1.9301893415602436, 0.6693615676126863, 0.2398776375755569
0.11876891452064181, 2.102470713231345, 0.9030814753127455, 0.4149075875426728
0.1920287786215954, 2.022276029999018, 0.8391127536697895, 0.3806422338851475
0.15988123108547936, 2.1706202643075416, 0.872746306652135, 0.4585387547292467
0.22280591560555016, 2.154837249028229, 0.831734627837627, 0.39277650728816427
0.1982527265459944, 3.474630321587731, 0.8355329806797389, 0.3953991595454561
0.12830468794609717, 2.1036881400510596, 0.833883734381432, 0.45194592239463793
0.2643750356877748, 2.3048793579239715, 0.7387305733544849, 0.37468257060390875
0.24244846685319477, 2.1845281471811586, 0.795653173229902, 0.2995547951800107
0.12002512419345629, 2.1903109214010867, 0.8620168096808823, 0.36746695112882016
0.22326271912293724, 2.134087919181482, 0.7898450081108754, 0.3475151844039131
0.2723690972420488, 2.117005559367605, 0.7680960897038078, 0.28267706224280886
0.2064751898589619, 2.0564233218215215, 0.805098458748082, 0.3663377785817836
0.18123679552332553, 2.1185750323735157, 0.7995820355968191, 0.3174375345977562
0.16307885570718894, 4.2293061822659626, 0.8368089394789944, 0.42898103190792075
0.19888083138240165, 2.0736303463699897, 0.8350786083785622, 0.3901062740243748
0.26848626734425857, 2.1208590691354963, 0.7542890897359905, 0.2911668724247061
0.18911665619825271, 2.087435392093762, 0.8433382736449779, 0.3996157481510153
0.34214583452292585, 1.8925774513820874, 0.7256066961840539, 0.2669490975735226
0.20830240392851024, 2.421227708524417, 0.818893247226233, 0.32775150310628176
0.25232684291669044, 2.161000374851586, 0.7880628194658146, 0.29122970350636485
0.2489579169759607, 2.132409468990047, 0.8093435915659652, 0.28019861007415575
0.3061154570890196, 1.9348104695110369, 0.7147287504683969, 0.283947727635184
0.15411408667846743, 2.091584382164467, 0.8385707902846733, 0.40113941364683453
0.14218009478672985, 2.1326711189942213, 0.8252421266838665, 0.4035189846154165
0.2010506480899903, 2.1781412778069233, 0.8450945133638917, 0.37179954551565986
0.10854793581910581, 2.292018831283329, 0.9123700462313856, 0.4898823389040167
0.1801518871695312, 2.1995850239728236, 0.8663520158578208, 0.3677119272571862
0.16541997373379774, 3.8478948154550476, 0.8500641805240224, 0.37034787910532574
0.23947924399017873, 2.242424675643747, 0.7713261938917062, 0.29512911097957695
0.2296579683663564, 2.0238758229599454, 0.8302843246009963, 0.314355629740711
0.10746302746531149, 2.3074857105106354, 0.9128580761500833, 0.4969874058992011
0.1908296693884543, 2.1514825405293365, 0.8474169404229841, 0.3427912643518761
0.10141038085993262, 2.68443486753383, 0.9170695072743605, 0.4669059620101228
0.048135670644663966, 2.3007918601509014, 0.9568588453319103, 0.3453599231054485
0.18426311882601495, 2.453693107004503, 0.8404584833089326, 0.36163243752868557
0.10101067778221892, 2.2762478625067146, 0.9173406739535681, 0.49352509952952694
0.2651744418432022, 2.288939774213387, 0.7167139674540539, 0.2527903152393903
0.19614001027807915, 2.1974283914974997, 0.8372081998300878, 0.3627132581687461
0.2096728144806715, 2.179753854417286, 0.8091978332211955, 0.32155786716000817
0.24718780334608575, 2.1723785211839415, 0.7568036264937342, 0.28119850332737384
0.09895506195397705, 2.274605737907082, 0.8785863671557299, 0.45244554962445643
0.24987152401073487, 2.1492168584447433, 0.755829511122984, 0.2938732799385543
0.19465539884657113, 2.016192882196326, 0.831698506890584, 0.3240531242180109
0.25546736709872664, 2.0670385406519722, 0.753657898001546, 0.22537624570459322
0.3374635984697082, 2.0527921194798915, 0.6644995797920786, 0.2062580210567811
0.28030605835664935, 1.8212958897282585, 0.7611480069778704, 0.2728223967038286
0.18848855136184547, 1.9274578841880354, 0.843676871559172, 0.4187862625805133
0.19608290983840576, 2.186799049683752, 0.7831316298699222, 0.35034219163303304
0.2572374807286016, 2.040566369037751, 0.767416675787753, 0.3255667746816672
0.30240392851024955, 1.769683754928093, 0.7452560292240556, 0.26893540121658954
0.30086221663906815, 1.7423434237631168, 0.6655714075004726, 0.2525315401166941
0.36829783589333637, 1.8320998919654776, 0.6453090905115025, 0.20047654660170738
0.19996573973619597, 2.366317497615586, 0.8344208770345876, 0.3954745889920437
0.2773368354936333, 2.8295237959979387, 0.7400295067407834, 0.2630934362031695
0.2699708787757666, 1.9418855819221308, 0.7407046320965853, 0.28524379207687994
0.1502883572203506, 1.9852771063912285, 0.8123114839913541, 0.44773448266289695
0.21743847427625193, 2.122355099980375, 0.7535280622000773, 0.33607433231297806
0.23748072860161024, 2.14111890678763, 0.8186214322632891, 0.39032914859545154
0.23085707759949753, 2.054320486855386, 0.7388211486579995, 0.29924263840763377
0.2761948267001656, 2.233989355827953, 0.6927405508611689, 0.27196615951982034
0.30754296808085424, 2.0396678253454383, 0.6542963081113806, 0.24724706723501938
0.2819619711071775, 2.054231531690443, 0.7390295702280989, 0.28641914702082744
0.2594643978758636, 2.2355962152491426, 0.715257751192256, 0.29134511910166816
0.41631930565865355, 1.8346776189186282, 0.5781870197507633, 0.198199769020231
0.2360532176097756, 1.9475551048256592, 0.7316883803043743, 0.3282275273121124
0.311654199737338, 2.1790835971143214, 0.6578669032480926, 0.2322841608565457
0.29823559641409236, 2.14775750795383, 0.6621189623893867, 0.26073835102237164
0.10101067778221892, 2.254193624287243, 0.9173406739535681, 0.4923219779454122
0.20733169645406269, 2.5839585356768704, 0.7694441759352377, 0.3015153048197484
0.2583223890823959, 2.0616180222399167, 0.7626084197171664, 0.3214760303942189
0.2610061097470451, 2.493522604283849, 0.7933265078962071, 0.38939149932373845
0.2772797350539599, 1.9727014563605465, 0.7444619850043447, 0.2353492010083067
0.19996573973619597, 2.1674132761851523, 0.7771013516982693, 0.4169032168859913
0.3708673556786387, 1.7664029677315278, 0.6255052648112585, 0.2741765266388573
0.3296408382344544, 1.6934560228645212, 0.7305079177903602, 0.32579241150941907
0.33569348483983324, 1.6146661404783829, 0.6445513511433762, 0.20746435817528322
0.36367270027979215, 1.5655529342716414, 0.6414445664770116, 0.23041523053375004
0.4196311311597099, 1.703255124500312, 0.6049303593204739, 0.20940245436308605
0.23896534003311826, 1.8351980661369776, 0.7882379977591666, 0.3215445867966315
0.1848341232227488, 2.3895328717260202, 0.8466991527759056, 0.40743591680427044
0.34568606178267575, 1.7213906000650625, 0.6783795412348088, 0.21397650306182386
0.29315365728316106, 1.926404432560752, 0.7715530139367646, 0.2909486485843241
0.2733969051561697, 2.073957542531298, 0.7332878537881153, 0.3922697951119051
0.2512419345628961, 2.038196611709368, 0.7446954603903152, 0.29839795577939743
0.10238108833438017, 2.2185225836153695, 0.8546006870403129, 0.5047669842020154
0.27550962142408497, 2.323300303995851, 0.7364866911013075, 0.2706828781461349
0.23816593387769086, 1.9601814679808696, 0.7886468993838174, 0.3271366044859036
0.2340547022212071, 2.1895841151681816, 0.7905293712302955, 0.30008673611391057
0.34797007936961116, 1.9268088522673756, 0.6611231836363703, 0.22458965087360122
0.254039856106892, 2.2511261679801775, 0.7844200325990702, 0.3451789766738841
0.2061325872209216, 2.159321389641841, 0.7730156540185881, 0.43645415707228363
0.28498829440986695, 2.112681850090717, 0.6814479484582799, 0.2882772364214362
0.3764631987666305, 1.992901916418956, 0.6165711331773589, 0.211688767392585
0.3025752298292697, 2.0830323713153733, 0.726745788498883, 0.24411126513989667
0.19448409752755097, 3.1687739106198123, 0.8536360508158236, 0.32991513222907576
0.3887397932964084, 2.031326198042114, 0.6778377100657684, 0.23314947942292955
0.23770913036030378, 1.9622733611501837, 0.749297192327199, 0.3171698647690521
0.22012219494090104, 1.8934086367682754, 0.8109301662370638, 0.32498013688591276
0.27750813681265346, 2.0906490605220913, 0.7868776584733467, 0.3569371239743626
0.19819562610632102, 2.0113996188716015, 0.8483924552069141, 0.38704116079089895
0.28378918517672586, 2.0043683382776365, 0.6918495427683434, 0.28146143764548287
0.3411180266088049, 2.0427199912521843, 0.6412232664651236, 0.22566798321085152
0.4677668018043739, 1.7432326546083177, 0.5429324645841376, 0.19821849826420213
0.2671729572317707, 2.15604265309538, 0.7554285215712666, 0.2335570252896007
0.2655170444812425, 1.9241214017704158, 0.7668713518131238, 0.2551846557230878
0.3584194598298407, 1.91231330001347, 0.6365168642311249, 0.2569854122018912
0.32707131844915205, 1.7987949366484568, 0.7424584832459384, 0.36270818877773653
0.48866556272483297, 1.6005041882236632, 0.5843858827999097, 0.20419161532382563
0.2844172900131331, 1.8401518578206166, 0.7387764084233212, 0.2686261513724681
0.19642551247644607, 2.070154435969649, 0.7829013708567586, 0.34035584048137724
0.23154228287557815, 1.9504822321610087, 0.7858371239246861, 0.3348364860089176
0.24947182093302117, 2.0002412033034767, 0.7201827671837548, 0.3235117107713065
0.26534574316222237, 2.206412465481281, 0.7199581523118754, 0.25102629031481627
0.4095243533375207, 1.7821948211734777, 0.6359938141805721, 0.2015769273780231
0.3451150573859419, 1.8835697948936052, 0.66404151357747, 0.22517177808832897
0.2942385656369554, 1.9113038207954665, 0.7141517182429392, 0.27738491806393284
0.310911894021584, 1.826033412491255, 0.6960569537458643, 0.24567437700487024
0.25232684291669044, 2.136696641009382, 0.7363558358900992, 0.30677206967911996
0.196711014674813, 2.051802492356822, 0.837046989150176, 0.4020713890432841
0.16798949351910009, 2.3648183298622842, 0.8024286718061738, 0.4351328208291946
0.21030091931707875, 1.9271966253935844, 0.7657557394869821, 0.40791399159239267
0.16456346713869696, 2.46670788560995, 0.8653888207362457, 0.36015606076714485
0.30748586764118085, 1.8493889108181514, 0.6909921268302847, 0.2509355368214988
0.23074287672015076, 1.766836694589839, 0.7957776811459725, 0.3266270183679953
0.35465083081139726, 1.7330377919917743, 0.6223338149190176, 0.26442588166120723
0.2788214469251413, 2.020491351014589, 0.6899892350952357, 0.31167571466991095
0.4024438988180209, 1.372403206461019, 0.6041842003059543, 0.22821283452047597
0.35071090047393366, 1.865836331207612, 0.6702453877473944, 0.28892178194060814
0.32941243647576085, 1.7403135417510105, 0.6886952291466255, 0.2697715724202533
0.2325129903500257, 1.9039450884443943, 0.8094160758389479, 0.3865866204140331
0.2950379717923828, 1.81406160110015, 0.6640504951865238, 0.27259706255387095
0.38314395020841663, 1.7050934177997525, 0.615426726695131, 0.24776235426763943
0.27802204076971393, 1.9273785455150798, 0.740496331027401, 0.26931197905938725
0.3058299548906527, 1.8639771378762526, 0.7442803316574574, 0.2722722090922691
0.16056643636155998, 2.3032818356947824, 0.8628688024103737, 0.24280496979692295
0.10209558613601324, 2.296601247850099, 0.8548123153085776, 0.5029514599521365
0.09895506195397705, 2.7538263133678567, 0.8785863671557299, 0.4523553694201568
0.1003254725061383, 2.3000225035377664, 0.8623523483869725, 0.4740287935361163
0.1482898418317821, 2.83368535380929, 0.8758601682335294, 0.4259053294468454
0.28110546451207674, 2.2132436145497563, 0.7741987745412313, 0.27045072003209514
0.3721806657911266, 2.1761512548424427, 0.6860837840638302, 0.20554461792640444
0.16901730143322102, 3.4744809057087274, 0.8117222436604699, 0.4867258325314194
0.2037343687546394, 2.0715726058895485, 0.8051356919794939, 0.33386026611301
0.10495060811968251, 2.20220049025364, 0.9110420007866372, 0.4800789140585942
0.20224975732313138, 2.163221824271603, 0.8444646026478757, 0.34622037754913226
0.29052703705818533, 2.0995212477101513, 0.7041729855309559, 0.29443366209203076
0.2788214469251413, 2.243983694174645, 0.7305412017107086, 0.3275580235189209
0.34991149431850627, 1.9153860752180807, 0.657477184231661, 0.2547047370212637
0.34134642836749846, 2.0248178260143823, 0.6872393111119692, 0.28630424422582595
0.2462741963113116, 2.6646378357702583, 0.742129450481171, 0.3003866579279639
0.32438759778450293, 1.71961650778686, 0.708954493118373, 0.2729881693699878
0.20207845600411123, 2.150057974143262, 0.8402579935017442, 0.3665045170528024
0.34180323188488554, 1.7348399726108243, 0.7313738136072266, 0.2600157619422646
0.36247359104665106, 1.6271733330157594, 0.7139002817966781, 0.24225684588196902
0.3240449951464626, 1.9179644307849866, 0.6808689445259763, 0.2172316080464701
0.3832581510877634, 1.6691562890983496, 0.6087907077806365, 0.22161048031709946
0.3324387597784503, 1.8701154399025701, 0.7187717071306126, 0.30520297203529523
0.28350368297835893, 1.950665243319269, 0.7265443155187776, 0.3064468198401515
0.25455376006395247, 2.0695432651963914, 0.7453468483352477, 0.4000393953572548
0.2812767658310969, 1.862316994897671, 0.772787827549432, 0.32802772895780563
0.2671158567920973, 2.0892555404620174, 0.7549894561398018, 0.3026810159561897
0.316393536230229, 2.006513518016397, 0.7256362054788973, 0.2675726491851259
0.2289156626506024, 2.783970118881, 0.7686853519111295, 0.3098537116227741
0.3222177810769143, 1.9775020671532018, 0.6806602752514691, 0.24386862721020988
0.13076000685205277, 2.1202344655759164, 0.8798808452520724, 0.3827698148603107
0.2582652886427225, 1.9099339251497693, 0.7539940321429304, 0.27218381903951827
0.4285387997487581, 1.58662436063317, 0.5400716267930188, 0.22229128205497423
0.2610061097470451, 1.9127243950155552, 0.7870138216961305, 0.3914026093322525
0.28967053046308455, 1.7392999115519403, 0.7156061045891304, 0.33608721142336445
0.27750813681265346, 1.7498686785670845, 0.7596397731470892, 0.23030614703409732
0.44041569120082225, 1.3623793735999794, 0.5660067456963926, 0.23176541517670163
0.3922800205561583, 1.7495594864630015, 0.6119338555772516, 0.23389198066819036
0.3431165419973734, 1.557503706613995, 0.6757001273244494, 0.21981706461107672
0.27482441614800435, 1.9489420856188198, 0.7391368408159184, 0.28262573233912114
0.1994518357791355, 2.0500963225136246, 0.8347145194342994, 0.38811402242607346
0.25118483412322273, 2.204795350586266, 0.7512252902457284, 0.3065424026576535
0.2859019014446411, 1.9945536869308607, 0.6860439059843978, 0.2479162610165746
0.10101067778221892, 2.2509952069472416, 0.9173406739535681, 0.4946526771331441
0.09958316679038429, 2.3444673643047924, 0.9126102512453155, 0.4923177414369899
0.2579226860046822, 2.141161632770638, 0.7438600177365899, 0.27626269904483947
0.20470507622908696, 2.2899765782256063, 0.7784767648710307, 0.27607271448441134
0.27996345571860903, 2.0221646049678452, 0.6902349296343872, 0.2760530132145143
0.346314166619083, 2.080336031769179, 0.6758617807975325, 0.2605666193676573
0.3060583566493462, 1.9450133145791448, 0.7265858664266509, 0.2796933433062814
0.17946668189345058, 2.0043532637888717, 0.844364968080401, 0.3827797980755131
0.28150516758979044, 1.9394446672462338, 0.7398874744003365, 0.28273373154973686
0.21612516416376407, 2.243505724226667, 0.8060982508426966, 0.30491617341915617
0.14349340489921772, 2.2802554700707187, 0.8809294298768237, 0.45618552132183715
0.30794267115856794, 1.8097059586901303, 0.7477763576048828, 0.23979774124386627
0.24090675498201336, 2.1113477861943197, 0.799656430997852, 0.30989672947038793
0.21150002855021985, 2.2071432580424015, 0.766959988730195, 0.3576672768482541
0.177011362987495, 2.466420704140993, 0.8020111326385377, 0.35181957028497046
0.18049448980757152, 2.710883672581281, 0.7925340652974124, 0.32785940409139275
0.20830240392851024, 2.242544236831456, 0.7979763641051055, 0.3497648145197044
0.21024381887740537, 2.457604338188797, 0.8009672710023571, 0.3068343360248382
0.16604807857020498, 2.2095642065509074, 0.8647338747621867, 0.3889863186650474
0.33803460286644205, 1.9625534733637937, 0.6626172843316754, 0.25498120789553563
0.3022897276309028, 2.261878919051443, 0.7195114389102657, 0.23548258715653664
0.17569805287500714, 2.152607460218828, 0.8183509612878694, 0.3211718554546237
0.10101067778221892, 2.5353176213274646, 0.9173406739535681, 0.49400141566556854
0.10397990064523496, 2.7033882993218397, 0.9116885373155602, 0.47545834129222164
0.28344658253868554, 1.9344555195085953, 0.703066620919064, 0.31256613181920123
0.3112544966596243, 2.209388926360633, 0.6992143433461396, 0.23608499069326122
0.20127904984868383, 2.147173363253179, 0.785038495959959, 0.3127780373913853
0.39199451835779137, 1.518979359015483, 0.5820373015909922, 0.23273869108815476
0.2941243647576086, 1.777605230338718, 0.6689186397398742, 0.27917130837550475
0.40101638782618626, 1.8866546352673168, 0.6018071853394601, 0.24520102244511466
0.2434762747673157, 2.5688807961258653, 0.7971908686713072, 0.37520360668235714
0.41512019642551246, 2.0905649183356414, 0.573937468000288, 0.23890313403160546
0.3481413806886313, 2.02854187499732, 0.6552334715830991, 0.24383689257818847
0.3450579569462685, 2.010429592494151, 0.6494964753586862, 0.24162346651761948
0.196711014674813, 2.1038406697222447, 0.7857628848538938, 0.3812896650345505
0.19288528521669618, 2.6060167491999278, 0.8519949574394546, 0.4439222091701424
0.3295266373551076, 1.8336066848606982, 0.664591624622236, 0.27033889089901014
0.36801233369496944, 1.4545347037936431, 0.6699913666612516, 0.23992802665988083
0.4132929823559641, 1.4911269296252299, 0.6161333401848486, 0.2054405552870414
0.30748586764118085, 2.008730164023321, 0.6619899492042862, 0.24783734739926927
0.2805344601153429, 1.8846521878687663, 0.698505061024279, 0.3134361298256752
0.26220521898018617, 2.043818116507974, 0.7159575577977688, 0.2835410619481013
0.308399474675955, 2.169059811072117, 0.6878663804295702, 0.25090807484225824
0.26026380403129107, 1.8570710480032782, 0.7721145327480669, 0.31284774262229814
0.16541997373379774, 2.1407392632101563, 0.8650753976239614, 0.3738395358312745
0.12801918574773025, 2.3883968458751252, 0.8175441533796765, 0.36377687910113626
0.35385142465596986, 2.1368309694256644, 0.6711982440375612, 0.2532171611867124
0.14246559698509678, 2.709599836615079, 0.816547073613281, 0.3732545508586906
0.31382401644492663, 1.9357411811661218, 0.7203985563640358, 0.26445844748067193
0.20676069205732883, 2.254104931374399, 0.8396555438726025, 0.3635452733858108
0.19939473533946211, 2.107609602453632, 0.7986114129353116, 0.3863327593749901
0.28310397990064523, 2.089641452623086, 0.7280268618910262, 0.26147214230626886
0.4187746245646091, 1.7299132935087203, 0.6387192035066082, 0.24513295008980046
0.24810141038085992, 1.9020972467126358, 0.7210141769194064, 0.3693897960141156
0.23154228287557815, 2.4528919674899843, 0.7389666490886878, 0.3890147089807664
0.27722263461428653, 2.2033073131588723, 0.7145032679063383, 0.30350986250720396
0.20150745160737737, 2.1812069992795022, 0.74460214726322, 0.33730710195041813
0.3331810654942043, 2.21834858958088, 0.7438009420503457, 0.21067726365499465
0.0987266601952835, 2.3021018496655876, 0.8902811459352336, 0.4978563872400554
0.10078227602352538, 2.465656756252018, 0.9139710591862359, 0.4978594265203709
0.12048192771084337, 2.2010518653616193, 0.8993985401367299, 0.4358665981062229
0.1963684120367727, 2.2770981741667624, 0.8002295605797188, 0.3146992186448709
0.15588420030834238, 2.325117110869113, 0.8884589724695557, 0.36133037413336877
0.2735111060355165, 2.2646675887620002, 0.7877517345181364, 0.2979259513411382
0.10101067778221892, 2.297344032050282, 0.9173406739535681, 0.4937185485530855
0.23833723519671102, 2.347145510061555, 0.7848271185563673, 0.3255588099984198
0.10500770855935591, 2.4786045121308, 0.9139816763730939, 0.44248557333993344
0.1381259635699195, 2.410000536590602, 0.8811704713919735, 0.4770951448755044
0.15354308228173358, 2.3406233965707304, 0.8675169311556393, 0.36146629677047853
0.13013190201564553, 2.1431219262425496, 0.8315723116851508, 0.4742129988182121
0.19539770456232514, 2.313457555401395, 0.7949889677612637, 0.45118145177561286
0.15822531833495118, 2.1797774516214945, 0.8615278200101324, 0.2880008137883959
0.19625421115742592, 2.7008785008771534, 0.8221520181407325, 0.35342346486363707
0.23068577628047737, 2.0023046531145217, 0.7996688054404893, 0.2886843040025309
0.19534060412265175, 2.9007984757647844, 0.8533558083997013, 0.3431149963547371
0.26277622337692, 2.2288565802986318, 0.7619971763447209, 0.2769388198924289
0.28807171815222976, 1.7267016555739791, 0.7340167963121872, 0.27956056199201373
0.2961228801461771, 2.072156424953073, 0.6942968225254011, 0.27086034790375113
0.1735282361674185, 2.055586776353301, 0.8372117800133829, 0.3141837157678122
0.2758522240621253, 2.0558244491579165, 0.7442285167320634, 0.29207021945697786
0.19368469137212357, 2.6643501082273056, 0.8522632740013764, 0.42007844016898843
0.2353109118940216, 1.8403005351634245, 0.8181337357056074, 0.2658450078538894
0.21698167075886485, 2.049503172600432, 0.8354441344207739, 0.4279769887738748
0.19899503226174842, 2.3243588381673175, 0.8462959814371305, 0.40954592295846287
0.23782333123965055, 1.775155577454447, 0.8005438622137593, 0.3234593888429055
0.27825044252840747, 2.022220756845186, 0.7093103045860687, 0.29070862601598696
0.25466796094329924, 2.1035721440893287, 0.7311384363756395, 0.2817111486396408
0.2563238736938274, 2.15923755388982, 0.7130138702832944, 0.284935554928795
0.1310455090504197, 2.1960059434119334, 0.8426362356282848, 0.36782251301604174
0.12048192771084337, 2.2222409987853977, 0.8707245273793085, 0.3899471138556856
0.18945925883629303, 2.214507355495597, 0.7947818787221906, 0.3551118857739897
0.1003254725061383, 2.3363819138855226, 0.8623523483869725, 0.47298310804979016
0.11831211100325473, 2.4666075346805187, 0.8848703341558078, 0.3476081073179075
0.12322274881516587, 2.3279768174552142, 0.8762454948720277, 0.34468857466862185
0.09895506195397705, 2.3563790896261114, 0.8785863671557299, 0.449662418856561
0.15377148404042712, 2.9392543277687113, 0.7979468433044009, 0.3268278090395751
0.31844915205847085, 2.1853963418955233, 0.6620707106403227, 0.21127121518728073
0.10101067778221892, 2.393622673695264, 0.9173406739535681, 0.4920324961343602
0.19859532918403472, 2.219349733120791, 0.8353590951990947, 0.38846829234394487
0.1963113115970993, 2.209352423127385, 0.8506014422762285, 0.42730001520627486
0.19990863929652258, 2.26460326139954, 0.7925296490985957, 0.42762230523616707
0.22902986352994917, 2.0754571484925846, 0.7652994417095352, 0.33744058624644213
0.26506024096385544, 2.0954589418522778, 0.7219058410565916, 0.26202090161820313
0.18734654256837777, 2.560152493803555, 0.8454600255286921, 0.33389036773329417
0.24364757608633586, 2.117690487706545, 0.7634430648677621, 0.2534157183609885
0.10786273054302518, 2.1915925111999615, 0.870700381163482, 0.3791540421594838
0.24964312225204133, 2.260414015921426, 0.7714206791958793, 0.28028724834502294
0.1066065208702107, 2.2160472191769385, 0.8516533468974338, 0.4817511824261027
0.21498315537029636, 1.9695755533683867, 0.7956585954146418, 0.3168325829360699
0.11819791012390796, 2.7264270585478934, 0.9000779368173705, 0.4483598113385142
0.170045109347342, 2.0113947710617617, 0.8006485254505853, 0.42241973914416436
0.1828927082738537, 2.4984978601708305, 0.8520817711109376, 0.40070411237269815
0.30280363158796325, 2.208752165473468, 0.711103611730932, 0.25357785596120175
0.27984925483926226, 2.1635480191443093, 0.7820932294978431, 0.27038546953643244
0.19693941643350654, 2.445548458395942, 0.8502561405037335, 0.4203384397809322
0.17101581682178954, 3.1353581065042624, 0.8318312136426226, 0.41611561959826704
0.18688973905099068, 2.6853950584863244, 0.861364208303319, 0.4527952723940964
0.18620453377491006, 2.1875624876199864, 0.8394546442784089, 0.3537299062643416
0.1514874664534917, 2.138805572462335, 0.8291923221680857, 0.3284902408007686
0.2175526751555987, 2.2499891341886347, 0.7586612920236396, 0.36457601015550134
0.27122708844858107, 2.0034522217998485, 0.7056599318889243, 0.2883733322778893
0.19893793182207503, 2.130857819930712, 0.8363401286776855, 0.3486235379487252
0.20310626391823217, 1.953419930231889, 0.8314261686040982, 0.36765772308534655
0.1659909781305316, 2.0449159141203013, 0.8298828451777707, 0.3291322338533116
0.15948152800776566, 2.204601414572714, 0.8695959816600393, 0.37705824083276773
0.1998515388568492, 2.15381608323545, 0.7645604344243094, 0.3884359675071452
0.10968994461257352, 2.3237181932018274, 0.9078647701991309, 0.4849662690894426
0.2415348598184206, 3.115860571279496, 0.7820259212648293, 0.28856201954665445
0.20082224633129675, 2.219131751682092, 0.8373947392323082, 0.3955791747104156
0.2513561354422429, 2.1638610438359005, 0.7703968211925127, 0.3029385594712554
0.19345628961343003, 2.1965460301276, 0.8391713679461377, 0.3369967364578151
0.276994232855593, 2.258706602031647, 0.6846618993161622, 0.2821228167272519
0.28698680979843544, 2.2104381518491105, 0.7752065589197386, 0.2888236525403177
0.3316393536230229, 2.162983003627469, 0.7404241819624254, 0.2683234138252921
0.19528350368297837, 2.22789291093795, 0.8357160726671122, 0.3101190150452179
0.17461314452121282, 2.1247344118043245, 0.8374944288899571, 0.3423230339491032
0.19853822874436133, 2.0136826228477394, 0.7928926643576125, 0.42111118497379413
0.2041911722720265, 2.3543961493433807, 0.8291645194456368, 0.33171606162726897
0.25027122708844857, 2.467153505443872, 0.788613270214509, 0.3105652885758148
0.19768172214926055, 2.1503000104406236, 0.8496151148053533, 0.4102961012261753
0.29355336036087476, 1.9861352336894762, 0.7179601447626542, 0.24823738984256444
0.1601096328441729, 2.2144335643803923, 0.8387680569193676, 0.42802856797789907
0.11928281847770228, 2.2327853888928404, 0.8408063347719823, 0.45916120860293297
0.20053674413292982, 2.5814430385824614, 0.8121613743794924, 0.27630384109867057
0.15297207788499972, 3.384651729299634, 0.8141277885496125, 0.442494884397029
0.18163649860103923, 2.645659510102188, 0.852138688952955, 0.38622643515826416
0.2595785987552104, 1.9081927929536229, 0.7228642985237836, 0.29622162812629516
0.3272426197681722, 1.8557523446795616, 0.6553290111199291, 0.19854667468507406
0.380231827785074, 1.6543756463992862, 0.607715278342074, 0.19130395801605082
0.40033118255010564, 1.586176264095363, 0.6174289706267393, 0.2030114203919812
0.2680294638268715, 2.852865907769003, 0.7623142134196186, 0.29948740352091635
0.32044766744703934, 1.6769369512393093, 0.6935349735965627, 0.24304295722918604
0.19494090104493805, 1.9295029202854246, 0.8322028975298709, 0.362740975242314
0.28778621595386283, 1.9660066177780608, 0.7721761878964291, 0.25940130573268616
0.28618740364300804, 2.040017354296418, 0.7786516534460733, 0.3066294650878676
0.18083709244561183, 2.1490995455447117, 0.8038865561465485, 0.47494488357267917
0.19060126762976076, 2.26627960597428, 0.7650916000685025, 0.3145859171599016
0.2624336207388797, 2.124813331920824, 0.7571152808219783, 0.2708441681436069
0.2329126934277394, 2.3479521438408804, 0.7951084367996536, 0.2957410616622236
0.08947638896819506, 2.302146166455825, 0.8746950473163932, 0.27324728789393105
0.19248558213898248, 2.422236211069959, 0.8555631278221053, 0.33074583527980517
0.09895506195397705, 2.6161246484857377, 0.8785863671557299, 0.4532753303192011
0.2988637012504996, 2.2116156624595953, 0.7650218461134631, 0.27990841455197535
0.18694683949066407, 2.412602377524621, 0.800611177583245, 0.3361854129271287
0.25032832752812195, 2.3024892198006266, 0.7805722542157586, 0.2682270252836714
0.2938959629989151, 2.025556061290724, 0.7166611278838086, 0.21945082778952152
0.3817735396562554, 1.7458368758039486, 0.6551180706171856, 0.22679519793450006
0.2647747387654885, 2.2104091458167243, 0.7757061809402157, 0.30079695784083127
0.3214754753611603, 1.8326414409825567, 0.7075529843160642, 0.2619031368847071
0.32233198195626106, 2.0583100491744464, 0.7071741694366497, 0.2653779136215043
0.4196882315993833, 1.7227843811928338, 0.622844654003324, 0.22000163272202072
0.3371209958316679, 1.6698857754756509, 0.6952937400049601, 0.23512227769774383
0.3126820076514589, 1.881065994709788, 0.7301055578807498, 0.284405976004467
0.3965625535316622, 1.4570174592813065, 0.6787302494038119, 0.20651010289834018
0.34300234111802663, 1.462286387387001, 0.683639204247217, 0.23658569784110955
0.34688517101581684, 1.6220294886260114, 0.6396596680474561, 0.24430626407532988
0.3767487009649974, 1.8325632468273507, 0.5968452972176095, 0.2626046501596189
0.30640095928738653, 1.8255074298212313, 0.7070385850204584, 0.2843275727249966
0.28578770056529434, 1.7468546125730462, 0.7772717351183775, 0.36910776765162173
0.34134642836749846, 2.053263411901805, 0.6450939689458601, 0.24184318272081998
0.4279677953520242, 1.508448384629457, 0.5780058414259114, 0.2346350721796297
0.5253240449951465, 1.5262675882066494, 0.46826665876512247, 0.17997280976788602
0.32981213955347455, 1.7147093443679133, 0.7342579498047167, 0.30205025090314175
0.2938388625592417, 1.9372058465182593, 0.7186255408282911, 0.2598528483912049
0.26077770798835154, 2.0296391704833563, 0.7808226253482968, 0.3207715787967153
0.4959744190030263, 1.4221531250829706, 0.5430458754076686, 0.16087742369591954
0.3895391994518358, 1.4900411984649315, 0.6534772327307655, 0.24671527740489804
0.35305201850054246, 1.4865144586492318, 0.718947169596237, 0.2938916060174704
0.2041911722720265, 2.135576661776783, 0.8319455033973189, 0.4076125622455014
0.17541255067664022, 2.1399283038414723, 0.8035717185644886, 0.32585344571517366
0.19756752126991378, 2.3015909723298087, 0.8015141128044576, 0.2940109822040939
0.10101067778221892, 2.3673375412036424, 0.9173406739535681, 0.4925634152481793
0.09895506195397705, 3.3072611994278573, 0.8785863671557299, 0.4487366229404367
0.1987095300633815, 2.215643704699904, 0.847735188345467, 0.38176503360750375
0.13675555301775824, 2.3136743910307342, 0.8819417756344773, 0.37989586670092135
0.1979101239079541, 2.3894277547623273, 0.833273645194731, 0.3763684671606801
0.2804773596756695, 1.8094210786060965, 0.7381412868583392, 0.2884434076515612
0.368240735453663, 1.7053545808721322, 0.6390755011354468, 0.2464494693452063
0.22954376748700964, 2.647310459394873, 0.7844251748527086, 0.3382862868554071
0.33169645406269627, 1.920441673980825, 0.7157202975687869, 0.23439113620431345
0.3167932393079427, 1.747661386893218, 0.6970881409557249, 0.26111032840996923
0.22349112088163078, 1.8856048370758143, 0.8219197871857084, 0.34284846445286504
0.3061154570890196, 2.053318918993572, 0.7600435463778881, 0.33508393741846887
0.22314851824359047, 2.149943105233619, 0.7749035244912565, 0.33519162193076346
0.13207331696454064, 2.363089818409371, 0.8520898123354828, 0.3738603682819911
0.2474162051047793, 2.2504400097087687, 0.7117691541841121, 0.27351380992181973
0.2711699880089077, 1.7407060353656434, 0.7751130904899178, 0.27708247720023743
0.2844743904528065, 1.97874096146059, 0.7377351277195123, 0.2647976788799237
0.3104550905041969, 1.9626959024394648, 0.7223391564913609, 0.23847820064596476
0.26157711414377893, 2.759569746141944, 0.8015428516289193, 0.3854021481960798
0.33809170330611543, 1.558498781187397, 0.641186459026142, 0.2719360198583965
0.33021184263118825, 1.732837590026752, 0.6973040161325305, 0.30501358176425575
0.36007537258036887, 1.6068269628443261, 0.6839204984247299, 0.2242717071119502
0.27870724604579455, 1.804189505684228, 0.7309408967728781, 0.24685821605700084
0.24924341917432763, 1.9464562838924868, 0.7547930339432318, 0.24129348198268846
0.11214526351852909, 2.219330547225269, 0.9050018887004418, 0.44723938150484593
0.26460343744646836, 1.9420602501871542, 0.7743619863269751, 0.3130344716073643
0.19625421115742592, 2.5391287835455154, 0.8024478025566927, 0.28923337336404054
0.29326785816250783, 2.627968928703135, 0.7210833691691654, 0.22992968780651077
0.23867983783475133, 2.232258484407784, 0.7423704373923871, 0.282688433495185
0.15868212185233826, 2.0200894997583183, 0.8467069617849358, 0.3331902591206335
0.26106321018671846, 2.2090375288944015, 0.7601263524347895, 0.27756710187236866
0.2878433163935362, 1.8517957608492732, 0.7749851171476989, 0.2772983251414651
0.20875920744589732, 2.1208240098114093, 0.7857748205535271, 0.4204908802765546
0.1979101239079541, 2.3517393860952143, 0.8490379823312513, 0.3363453762276141
0.2037343687546394, 2.119225256189671, 0.8238997492187072, 0.31850340869674165
0.1931707874150631, 2.1501520676689907, 0.8391682260678162, 0.3383428821230319
0.2684291669045852, 2.1916764155485464, 0.7826848469231459, 0.30050442915472764
0.09895506195397705, 2.3175329824630166, 0.8785863671557299, 0.4541738626952488
0.14920344886655626, 2.2153360222324356, 0.8715300286397449, 0.40875788674671937
0.32284588591332153, 2.003583658398753, 0.7242725987113863, 0.26036451561117624
0.3026323302689431, 2.4841340717653817, 0.717464440867157, 0.24083166427984812
0.3420316336435791, 1.8785820069879655, 0.6573321782638731, 0.23930402264059966
0.1990521327014218, 2.060110154929537, 0.8501272849575866, 0.3291541498744509
0.2458744932335979, 2.164599944385743, 0.7691299213542948, 0.24287451415065978
0.18637583509393021, 2.558037255355634, 0.8074326748350735, 0.3599673285963504
0.3085707759949752, 1.952748396283234, 0.6643052007036488, 0.2666388811311882
0.2687717695426255, 1.835336636701902, 0.7433101806725612, 0.24899202336079324
0.2946382687146691, 1.798412229382712, 0.7610371677248596, 0.2532332481404055
0.24553189059555758, 2.413843059755021, 0.7618817629487108, 0.2456348936279488
0.24142065893907383, 1.852349427015343, 0.8038917785782868, 0.26895337566893357
0.36835493633300975, 1.7272833869076467, 0.6674947463757228, 0.22622772916324366
0.29475246959401585, 2.034597061309415, 0.7512978624307001, 0.23469586309408266
0.34728487409353054, 1.9275722049131172, 0.6802481783767484, 0.20543063226543418
0.36361559984011876, 1.8553756072479959, 0.6641868643415777, 0.22632238258219334
0.3062296579683664, 2.0415020494085865, 0.673699738225624, 0.27087272858450834
0.3756637926112031, 1.6746163763059496, 0.7047252327590632, 0.23756870155501844
0.31616513447153544, 1.8461174434698104, 0.7276651580989819, 0.25019356738889265
0.19448409752755097, 2.259883186353687, 0.8514941583558752, 0.4333299607917687
0.4264831839205162, 1.9263978009798985, 0.5724062584226342, 0.22125503714465836
0.28219037286587106, 2.114377985595942, 0.7573987511399466, 0.32691625713114547
0.25107063324387596, 1.7185766808937517, 0.7628078695444971, 0.2251166479235053
0.26220521898018617, 1.9756174428754454, 0.7852390546668183, 0.33175338942854504
0.19077256894878092, 1.9328854203748314, 0.8391388067824552, 0.39196391498621364
0.271512590646948, 1.949077285990848, 0.7942051960063043, 0.35823579907068753
0.345571860903329, 1.9382312385493954, 0.7004240553682, 0.2701650137225721
0.2714554902072746, 1.8338857665840933, 0.7526185998209673, 0.27682518969541736
0.21241363558499401, 2.3377167102148766, 0.8120924357598828, 0.3310798052682491
0.261291611945412, 1.847113522485112, 0.7717062403808618, 0.29871072133256926
0.2333694969451265, 2.009206207837423, 0.8208551378630394, 0.3940202402551159
0.10049677382515845, 2.305326689564575, 0.9174674938651821, 0.4618312514256739
0.1727288300119911, 2.4095486617882003, 0.8562134892245586, 0.35507790676865697
0.09895506195397705, 2.3021182081982947, 0.8785863671557299, 0.45209199252825305
0.10101067778221892, 2.494472444346758, 0.9173406739535681, 0.49086631869159947
0.10101067778221892, 2.4739246356870503, 0.9173406739535681, 0.5013770434123052
0.16798949351910009, 2.0866661506670368, 0.8692438890742347, 0.42823662121903094
0.10106777822189231, 2.2559215433830495, 0.862014705179244, 0.46754623122171346
0.2048763775481071, 2.3653247176916765, 0.7532365276600217, 0.309467101487351
0.17175812253754355, 2.2726017456164143, 0.8311898965044111, 0.32873192974492127
0.24924341917432763, 2.290532062866833, 0.7932809910576436, 0.3087054711981768
0.09958316679038429, 2.6255419901060852, 0.9126100337628922, 0.5006234913938663
0.22126420373436875, 2.317088341373287, 0.8175539347205307, 0.3028950053531994
0.09901216239365043, 2.2668539391098714, 0.8785640257795011, 0.4501966918383665
0.18740364300805115, 2.474278376016068, 0.8456119316698769, 0.33247221433089413
0.10192428481699309, 3.4829224971648607, 0.8550240265285639, 0.5145254232956058
0.1970536173128533, 2.1756391962271717, 0.8502718237466282, 0.42139956288773384
0.18597613201621652, 2.0718750001048263, 0.8023949143487995, 0.33388089198837995
0.11283046879460971, 2.6889601640553447, 0.8933740483627426, 0.3776236400172417
0.2644321361274482, 1.80482306432351, 0.7800091346311461, 0.265861155619849
0.21058642151544568, 1.9607487377329187, 0.8138088307895511, 0.35505526869056137
0.19699651687317993, 2.4570802748756337, 0.851984438137908, 0.39579989456767384
0.3179352481014104, 2.0540445764169752, 0.7541421050533957, 0.29556683171635395
0.42322845885913324, 1.5252035116064333, 0.5712216924881349, 0.18876281041545762
0.32193227887854736, 1.7800082597248301, 0.6937410202080457, 0.2460615662878273
0.37389367898132814, 1.9851694101814348, 0.6113947945594337, 0.2133424069915518
0.2647747387654885, 1.791419633736461, 0.7820488356995119, 0.30538350463568464
0.3497401929994861, 1.782250497067927, 0.6614649744533897, 0.23386713838762024
0.4157483012619197, 1.5081582065585106, 0.6256315725434225, 0.19498335941253525
0.3859418717524125, 1.6821695706859032, 0.7005744804063814, 0.2587648187976694
0.4585736310169588, 1.532173072039989, 0.5360451221549647, 0.19553501174633728
0.2587220921601096, 1.9343972429041791, 0.6980735989115746, 0.289104625613056
0.4001027807914121, 1.672115731923753, 0.6170109508307092, 0.20147533965343628
0.4183749214868954, 1.564564470937089, 0.6039696501281278, 0.19481066410838824
0.4416719008736367, 1.479958532829992, 0.5653248730125103, 0.20473030888373503
0.3299263404328213, 2.0623008296560426, 0.711064808667329, 0.2845372681587615
0.3763489978872837, 1.5906386560464392, 0.6584625765508669, 0.26360528070896
0.416833209615714, 1.5292530729530733, 0.6337508125574031, 0.2386950191984521
0.468965911037515, 1.4397819758177124, 0.5177552756116891, 0.1963096026295419
0.3805173299834409, 1.647779965009469, 0.627764710614684, 0.23590184557202973
0.3131959116085194, 2.060753435095571, 0.7042784598165956, 0.2872956052737666
0.15177296865185863, 2.1494957381392616, 0.8733513141580712, 0.42435440925131146
0.21658196768115115, 2.163209602528594, 0.8144917619936617, 0.33256524591247233
0.19888083138240165, 2.169020651804416, 0.8351326686674515, 0.3772386841285534
0.24376177696568263, 2.0982755665224215, 0.7923219503098642, 0.29138586015650636
0.28110546451207674, 2.1264067151208446, 0.758899355764054, 0.33221749353935315
0.2644321361274482, 1.951692841557809, 0.7036687427611128, 0.2823282320873599
0.26220521898018617, 2.1155807742429835, 0.7460752640429906, 0.23878854410911443
0.248558213898247, 1.7957807489971966, 0.7765990459343288, 0.28063669362718296
0.3095985839090961, 1.6740303410623771, 0.7196795572019699, 0.26017720440164316
0.3025752298292697, 2.079856328913705, 0.700416536305794, 0.27354008018627896
0.44698224176326157, 1.5781891431625639, 0.574230171698264, 0.232436616876229
0.3502540969565466, 1.6683990648266807, 0.6632109051493794, 0.22081572833876678
0.4019299948609604, 1.6028931139363851, 0.5843723323902066, 0.2403584541462474
0.3845143607605779, 1.596178252531379, 0.6595036537370487, 0.25792850816419494
0.35076800091360705, 1.748302588842042, 0.6217254880699, 0.2790898813172651
0.32353109118940215, 1.9592665154162503, 0.6895616472207373, 0.2844403689273753
0.44087249471820933, 1.4718847378470676, 0.6153652762513433, 0.22633648113549176
0.535773425455376, 1.1534122455691143, 0.5126946374110206, 0.16863781656808285
0.5349740192999486, 1.187223130579165, 0.5285184090671962, 0.19276125654572837
0.38965340033118256, 1.9297778303779893, 0.6283899631890849, 0.22704911486210472
0.2706560840518472, 2.0058640747511944, 0.7686527503026707, 0.30150728241250757
0.2317135841945983, 2.2957340336896594, 0.7615646171085001, 0.3309960467820404
0.2828184777022783, 2.0970415052087987, 0.7550560292558425, 0.2849711310325055
0.24576029235425112, 2.0839934505006203, 0.7411132272940714, 0.32742704985803867
0.2121281333866271, 1.992170191611649, 0.7820904484003912, 0.3265483997586969
0.26351852909267404, 2.0042611985219403, 0.7815741933031004, 0.3199431780402324
0.1018671843773197, 2.192068256915538, 0.9167506477303131, 0.49076426188832933
0.10923314109518643, 2.2583290534078553, 0.8553296296613437, 0.42961144617745245
0.10129617998058585, 2.4906500048962217, 0.912570430585359, 0.4945170712106153
0.19842402786501456, 2.4327527252970094, 0.7784623720380619, 0.41542093171879324
0.11437218066579112, 3.38347613184407, 0.8451681827043755, 0.4685953704286317
0.294923770913036, 2.225686270568118, 0.667778287954503, 0.24717557709946547
0.21070062239479245, 2.0019483270047767, 0.8054624500141199, 0.33892764255138114
0.4323074287672015, 1.6189839377202047, 0.581670153581104, 0.1949986287082725
0.29161194541197966, 2.8850146536081436, 0.7300812666419761, 0.268224614824053
0.20481927710843373, 2.2416210951202635, 0.8239901647788817, 0.3846258535435367
0.2893850282647176, 1.7426164512365268, 0.7233908641569176, 0.27734430739385524
0.2918403471706732, 1.983992281521159, 0.676819686506885, 0.2835089655340925
0.4749043567635471, 1.296187056922929, 0.518132015240672, 0.18181766231375596
0.44584023296979386, 1.3610734050151234, 0.5720251438076213, 0.20814585476935893
0.40347170673214183, 1.284377184954892, 0.6232378885245733, 0.2442438873453281
0.4444698224176326, 1.4080571903714902, 0.647092718912072, 0.21326143545872878
0.3611031804944898, 1.533536936957805, 0.6679629095301658, 0.21350720417243374
0.4873522526123451, 1.9970835256105501, 0.5204482170805761, 0.16999513886618983
0.19488380060526467, 2.7642726434535856, 0.8538242813312641, 0.3670319846367579
0.39050990692628335, 1.5442789149155967, 0.609349844981593, 0.2296404559218706
0.37543539085250954, 1.8475050888021771, 0.6243994294744845, 0.23822023115240273
0.19579740764003883, 2.694950038884238, 0.8510123256629883, 0.42964776525584797
0.31770684634271684, 1.7692254747845917, 0.7147996738210226, 0.25452433944152675
0.33129675098498257, 1.6681474493988262, 0.7029769592289098, 0.26261121168531243
0.2772797350539599, 1.953492992334606, 0.7545278857111901, 0.28413535526468864
0.4426426083480843, 1.8223775096672876, 0.5600043279903016, 0.20078877699144076
0.23473990749728774, 1.9515016137624477, 0.8092239343882854, 0.301935204641591
0.12910409410152457, 2.761234096265946, 0.836504154320256, 0.4704901799970821
0.2735111060355165, 2.0768342568856935, 0.7773962096012635, 0.30184061670947276
0.33797750242676866, 1.853290469137391, 0.6363917908486371, 0.20112649767549812
0.3837149546051505, 1.820561507829408, 0.6365330516159331, 0.2212727862725042
0.3487123850853652, 1.8088897259541445, 0.6496413965270393, 0.25991778536268456
0.42745389139496376, 1.3765754247813768, 0.5967568544548228, 0.22197100963513844
0.47536116028093417, 1.4720250714691745, 0.5559851025036491, 0.1943013035585925
0.5121338434305944, 1.284059649969484, 0.48470044316667416, 0.18141886519268
0.045223548221321304, 2.3055094307551127, 0.9514422858239404, 0.2693244400736612
0.09958316679038429, 2.4697498276430663, 0.9126100337628922, 0.5080433748561336
0.10101067778221892, 2.5620974223399866, 0.9173406739535681, 0.49859031502749307
0.12065322902986353, 2.282677243725601, 0.8317169695200646, 0.3707773469862235
0.11539998857991207, 2.4217857770438416, 0.839012520302869, 0.34772087005792407
0.19305658653571633, 2.415818604268251, 0.8397660385676122, 0.3360809309542979
0.1986524296237081, 3.13867379083599, 0.8320807904497188, 0.31173501931660963
0.2113287272311997, 2.5339100577431974, 0.8100752881835949, 0.3016311518389562
0.22628904242562667, 1.9710987066741688, 0.7986250813114362, 0.2628174850239452
0.26625935019699654, 2.1417198458808038, 0.737255762433848, 0.39673003624352843
0.30474504653685835, 1.86513102594043, 0.7264559115028691, 0.26683330140302397
0.3158225318334951, 1.840068535326087, 0.673604482155737, 0.257981705747922
0.10483640724033574, 2.1933556782799744, 0.907942811938363, 0.4341252623814874
0.24958602181236794, 2.1601302361861703, 0.774636656556254, 0.2880591889509022
0.2508422314851824, 2.1917380068627934, 0.8008217207067873, 0.38327036218182964
0.3147376234797008, 1.8098201797995923, 0.7025756628581977, 0.281677738794454
0.29709358762062466, 1.8343415433006067, 0.7248613402068831, 0.28050630479078703
0.3058299548906527, 1.987366213404165, 0.752384163614946, 0.28338312472493926
0.3560783418032319, 1.4657049751316453, 0.6561241839363378, 0.2263936581474602
0.4905498772340547, 1.5551490077917685, 0.519427345142706, 0.1881342952546067
0.2829326785816251, 1.797136093342467, 0.7740151454383926, 0.30973824805923
0.37263746930851366, 1.4480545978921067, 0.6555103450140974, 0.1942979244576524
0.21960829098384058, 1.8934205352072235, 0.757825230120753, 0.41997888801571853
0.22765945297778792, 1.940782956156597, 0.7802407787629825, 0.28333294381088786
0.33769200022840173, 1.8983732083839904, 0.6250598561516798, 0.2421713046031188
0.38188774053560215, 1.7163338069605922, 0.5895966998291342, 0.22306930031041777
0.3197624621709587, 1.640021587877552, 0.6389217310369906, 0.23866379736211235
0.3370638953919945, 1.9150301866603048, 0.6732387955245269, 0.2429728620617131
0.1997944384171758, 2.477637207403261, 0.8344889186473013, 0.3860046676234305
0.4047850168446297, 1.6366179689508866, 0.6193064922881761, 0.20866288203074287
0.37298007194655397, 1.7300673141400804, 0.6653058120635797, 0.24723807118041186
0.40375720893050876, 1.4541392369783022, 0.5976191401781771, 0.23123607440752436
0.400388282989779, 1.458606069094653, 0.6152923182081786, 0.2010612885908441
0.41637640609832693, 1.6007787546391068, 0.5957382128456284, 0.24952838581190276
0.36093187917546965, 1.808397353719904, 0.6203961355211385, 0.26067290577719204
0.16661908296693884, 1.9573581549262684, 0.8422774233941202, 0.35445856481740906
0.3796037229486667, 1.8692150677059798, 0.6155938145692482, 0.1981986073332005
0.2948666704733626, 1.9227879461321562, 0.6932816647669943, 0.24046013411120679
0.1932278878547365, 2.0961391006046037, 0.839139324333712, 0.3343176041876877
0.2583794895220693, 1.9015270964137383, 0.7436184213367427, 0.3964979215673546
0.3770913036030377, 1.6444056216853475, 0.6459957115961734, 0.2019928607856964
0.3821161422942957, 1.7028789940896234, 0.5732916275341144, 0.22841000771190817
0.41706161137440756, 1.4651294224543228, 0.5775412475195789, 0.1939546842512707
0.37309427282590074, 2.170682466262236, 0.6052248212648628, 0.22125248081140794
0.28424598869411294, 2.0508414311281844, 0.7374923127184749, 0.2705035672678062
0.28110546451207674, 2.0714266243499915, 0.7574265629569222, 0.29555727827409817
0.19916633358076857, 1.9868402923051303, 0.7984595212262227, 0.38838035282614225
0.19265688345800264, 2.2788816786064916, 0.7912622239312415, 0.36651342415281174
0.3210757722834466, 1.8148285834281346, 0.6773772645296988, 0.2130415614627462
0.20322046479757894, 2.34130646126731, 0.8438203968451969, 0.3944565562906608
0.39639125221264204, 1.521001652779084, 0.5820647892245238, 0.23181208859645416
0.36641352138411465, 1.4611164177591645, 0.6394659189285024, 0.21907823602614984
0.409124650259807, 1.6150201813781078, 0.6002623413185698, 0.24924169667395685
0.3494546908011192, 1.6536878982923335, 0.6438731580996947, 0.23927924797205585
0.34922628904242564, 1.6109502379710334, 0.6530431355654209, 0.2769771106356246
0.41991663335807683, 1.4636282592608547, 0.5688143010089323, 0.22677881761600832
0.4315651230514475, 1.6476333667670666, 0.6028459811477671, 0.22027729029875204
0.3377491006680751, 1.9822028757659602, 0.6616472604515716, 0.2090758442826773
0.3154799291954548, 1.9304018912240561, 0.685309037495194, 0.2837949556068248
0.22520413407183235, 1.9745883767529815, 0.7964014933989192, 0.3800688159615531
0.34768457717124424, 1.9177517078117907, 0.6700931764064072, 0.20994531497486837
0.2713983897676012, 2.046122716460584, 0.7454087553811648, 0.2936631820493905
0.24844401301890023, 2.1590120613741752, 0.8086149060927905, 0.3931174080786025
0.24330497344829555, 1.8910828338306227, 0.8112383470698928, 0.3112967098649382
0.26037800491063784, 1.6995695700060325, 0.7238683420165273, 0.38873866012678804
0.2813338662707703, 2.0052527700661624, 0.7854205436892824, 0.30137837572811677
0.2612345115057386, 1.7205038595763196, 0.7918806130932139, 0.2633641562089423
0.340832524410438, 1.7236380787522805, 0.6597114380953644, 0.28732469354600076
0.19528350368297837, 2.0074582706537223, 0.8242497165320553, 0.2616092522976369
0.5019699651687318, 1.4273554065396592, 0.5233989504838551, 0.1792477589909268
0.2583223890823959, 1.7455017553560603, 0.7333290212710283, 0.36320134977052304
0.3945640381430937, 2.052539027847419, 0.6268987707635821, 0.2345361175293465
0.28298977902129846, 2.260234244715335, 0.7290914926270143, 0.31882855595896037
0.18038028892822475, 2.223643305190986, 0.7976482302813536, 0.36461360238540047
0.10209558613601324, 2.6534013159712195, 0.9162107944549375, 0.47739915202140343
0.1195683206760692, 2.5544632095085222, 0.8439032308952639, 0.5101068927659459
0.21389824701650204, 2.286755304585544, 0.8183043682282719, 0.3828428551998807
0.2187517843887398, 1.9838038851884952, 0.816376827473911, 0.3454554897311847
0.15674070690344316, 2.168022357225622, 0.8112699170270933, 0.44954431540431816
0.19528350368297837, 2.562950547403593, 0.8378287193976307, 0.34481852615413483
0.2616342145834523, 2.1666519749050908, 0.7187101329593433, 0.30743251973289587
0.2203505966995946, 2.8149319716388828, 0.8104329340487768, 0.3422672145519781
0.35402272597499, 1.785823683926443, 0.6863270119328818, 0.26625785655637213
0.30600125620967283, 1.7306568057105658, 0.6498118008724493, 0.264130571252808
0.23502540969565466, 1.8910794907564277, 0.7382769738513073, 0.32971638081122734
0.45177867869582594, 1.588284907908597, 0.5547524541609955, 0.19571354650735776
0.4079255410266659, 1.7068658694637664, 0.6449301491217406, 0.23621817374839654
0.49660252383943354, 1.652716344069803, 0.5545335764806664, 0.19096548543590358
0.2804202592359961, 1.8200710170910768, 0.7351236042044712, 0.24633572585073252
0.2168103694398447, 1.8977557491165018, 0.8316707461557596, 0.39717359024199156
0.22874436133158224, 1.9792403477573628, 0.8043237670099522, 0.304633021874984
0.19208587906126878, 2.1035108986338154, 0.8342288006520084, 0.3972571516093727
0.3292982355964141, 1.9444690185632478, 0.6678377533888095, 0.21914509837296192
0.26431793524810143, 2.0538329788321112, 0.7587018709811246, 0.3075466564485176
0.3820019414149489, 1.6124922084994178, 0.6689317470922759, 0.21885669131022673
0.31656483754924913, 2.133627694889104, 0.6639603344704733, 0.2937087706107455
0.3221606806372409, 2.1140398606168738, 0.6918093176747689, 0.28174705156370045
0.10123907954091246, 2.189429656691304, 0.9171355787435205, 0.49229133803276026
0.18038028892822475, 2.6949520942615237, 0.8608036483763574, 0.4579353145606085
0.2241763261577114, 1.9656429031700762, 0.8155601675110364, 0.3921575285669374
0.33963341517729684, 1.6599591633638173, 0.730370580977381, 0.26465982684459954
0.10066807514417861, 2.297851249722814, 0.9176711088232687, 0.47751569098270147
0.20401987095300633, 2.2853062159941726, 0.7624945355196028, 0.29723268876434616
0.3091988808313824, 2.283520086286873, 0.7325928792148337, 0.2982071600769716
0.19762462170958717, 2.254412171444234, 0.8511342052510017, 0.3712879829817848
0.21167132986924, 2.1803434172560445, 0.790231309259348, 0.3287365103694042
0.10038257294581168, 2.784363084787482, 0.9143692856727605, 0.4985375409834896
0.20087934677097014, 2.4145549423982, 0.7697577328192227, 0.38872479975230406
0.26380403129104096, 2.4118362353403224, 0.7546542123736584, 0.27268324517687115
0.25580996973676695, 1.9732676468713426, 0.7836287246302563, 0.2832592133056805
0.15902472449037858, 2.5090333624711922, 0.8187838899165006, 0.4958333913206811
0.29355336036087476, 2.1408396875852183, 0.7273260187792946, 0.254639869618083
0.18494832410209558, 2.187010325615229, 0.8577238872655573, 0.4494302986688748
0.33015474219151486, 1.8220943455685759, 0.6941079626769395, 0.21573082986316955
0.2824187746245646, 1.7545693355816079, 0.7060723751849196, 0.2442340687038019
0.19305658653571633, 2.0820488528890024, 0.7792382034488412, 0.3904592032373803
0.10043967338548507, 2.2489399411912063, 0.861632030365213, 0.446405853443986
0.2559812710557871, 2.269699246251167, 0.7208603537177657, 0.2754066809049031
0.2156112602067036, 2.011056489706012, 0.7851108546824278, 0.3484095699797519
0.16502027065608404, 2.823241810492879, 0.8142287710991878, 0.490869036452353
0.24576029235425112, 2.358266407465095, 0.7360390279105263, 0.2988254862173191
0.35470793125107064, 2.128650151753435, 0.6534327673708593, 0.21550059922687326
0.402900702335408, 1.7773781798421326, 0.610978510438527, 0.1881240054744109
0.2899560326614515, 1.887657230545178, 0.7104651882261444, 0.2802806330021972
0.2504996288471421, 2.1143501358983015, 0.8091859962554422, 0.39848326968779524
0.33597898703820017, 2.0708595916653514, 0.6889379456767067, 0.27067324238881785
0.28727231199680237, 2.0786882505788253, 0.738913300174881, 0.26301560280465447
0.24598869411294466, 1.8779669767280216, 0.7683736352839439, 0.343814353360088
0.1904299663107406, 2.142462552999406, 0.784594033651297, 0.3979716946270468
0.2800205561582824, 2.067945036220093, 0.7428122304650525, 0.2947722411036535
0.3717238622737395, 1.624194415838287, 0.6467359993370267, 0.21897178048807625
0.2583794895220693, 1.8536139205042845, 0.7169513287053306, 0.2804785365192091
0.28418888825443955, 2.0991275200108395, 0.6817449092169932, 0.27951424653741397
0.23748072860161024, 2.1416972710153317, 0.7363790294329045, 0.26413229715354647
0.36218808884828413, 1.9070318485510476, 0.6246063353492557, 0.2240779601355325
0.2883001199109233, 2.2526419014632038, 0.678283634027295, 0.2845672064357228
0.18580483069719636, 2.1962602144100947, 0.8042769763786799, 0.32640437464092864
0.24655969850967852, 2.1858267701891267, 0.713342691581322, 0.2802529859575359
0.23628161936846914, 2.0737383384179915, 0.7508051375442724, 0.2630124487202715
0.22514703363215896, 2.0492477217481864, 0.7442525841497173, 0.28717446031798993
0.24279106949123508, 2.3413104354207417, 0.7411549888164728, 0.24314076255397338
0.25860789128076284, 1.8779242148351978, 0.7178344944920143, 0.2816744893694191
0.34568606178267575, 1.690995884958942, 0.6694070502294668, 0.22735966579018524
0.3583052589504939, 1.6571610431637653, 0.6434735874288573, 0.2837137157987094
0.3257009078969908, 1.71746376979251, 0.6636395283691993, 0.2463820839651915
0.2707131844915206, 1.8092408763179977, 0.7702624902599673, 0.30920551890508924
0.2659167475589562, 1.8792759842380617, 0.7063582114275905, 0.28303896545818275
0.2426768686118883, 2.4716472931375124, 0.7398927656794716, 0.2993420639033867
0.37069605435961855, 1.942506219930449, 0.6452788450763635, 0.22458288865462941
0.25655227545252096, 1.9987882173279872, 0.7647907025720146, 0.33690358875756965
0.23947924399017873, 1.9423867363051113, 0.7700656736732692, 0.2868903548909759
0.25067093016616226, 1.9700332978779793, 0.7279584789154526, 0.2909070581476074
0.25815108776337575, 1.8266605672473903, 0.7175671946713038, 0.2792557230628413
0.2715696910866214, 2.233341029122849, 0.698950897866738, 0.24525283131539571
0.3879974875806544, 1.966072203005115, 0.6177779999370482, 0.2290835348885702
0.32113287272311997, 2.141761438357716, 0.6555067217909487, 0.2828124406047327
0.19653971335579284, 2.1765877156896662, 0.8037429735825027, 0.369712567519085
0.2780791412093873, 2.098182926446579, 0.7555336465540042, 0.2984056178311987
0.21018671843773198, 2.2964700421073045, 0.7932980155222386, 0.34943075514039634
0.2731114029578028, 1.7985150802893075, 0.7013713141664033, 0.257360030276673
0.24810141038085992, 1.9604761478582755, 0.7542544894234675, 0.2830924514967389
0.19956603665848227, 2.1944593852437464, 0.8285272516332819, 0.3571639868005134
0.18066579112659167, 2.076147553044425, 0.8599657773403898, 0.4470990570189996
0.2136127448181351, 2.2455968098122643, 0.7604845410620586, 0.30822070023871545
0.2964654827842174, 1.7571618602888879, 0.6751661057269415, 0.2503790146206881
0.2780791412093873, 2.396578723836701, 0.6910238620289916, 0.2588307963208615
0.2733969051561697, 2.133971557512089, 0.7280750810305838, 0.24768426435755964
0.1876320447667447, 2.4743645030141304, 0.8491459183825214, 0.45634816087239394
0.39245132187517845, 1.5387372513956994, 0.605452710180817, 0.22653926615554204
0.3537372237766231, 1.6029917267397662, 0.6882457788768075, 0.275009298174859
0.29440986695597554, 1.717525040184261, 0.7428458518258382, 0.2668753289024775
0.3315822531833495, 1.7356050034383705, 0.6712860384034418, 0.28778140592372964
0.3386627077028493, 1.752886444736928, 0.6480804565589181, 0.2746220395538239
0.3057728544509793, 2.0016388738134263, 0.6914398228613123, 0.22156527954420277
0.27488151658767773, 2.1150954365423975, 0.7411786596391521, 0.25022952187357345
0.22880146177125563, 2.099503237543731, 0.7290798023605464, 0.2957215061403854
0.1097470450522469, 3.2958904738116632, 0.8491914581840101, 0.4948040963294235
0.33917661165990975, 1.8513374704422387, 0.6517425590020997, 0.2968059524190994
0.2922971506880603, 1.8521047342679886, 0.7598481768837283, 0.2915554294792268
0.41078056301033516, 1.5030647201669596, 0.5842331819708652, 0.2392368123492183
0.4327642322845886, 1.5335632257466858, 0.5676387811227688, 0.194025719491428
0.4740478501684463, 1.4804864694963535, 0.5403771905635677, 0.19893503385129438
0.3720664649117798, 1.5851914917116001, 0.6318713600508722, 0.22125487035542996
0.42477017073031464, 1.6089970797295234, 0.571490457094667, 0.22991009459062878
0.414606292468452, 1.9491795007174968, 0.6118378953742345, 0.21042528166755767
0.2914977445326329, 2.0477291991605426, 0.7377425756566376, 0.25977593146458144
0.34214583452292585, 2.1776400247442727, 0.6496360703112787, 0.24459923167845105
0.2537543539085251, 2.2347303831699143, 0.762147181275274, 0.28938991615404197
0.24838691257922685, 2.3228785507187393, 0.7642740311805025, 0.29557377302142107
0.100725175583852, 2.7239133738177443, 0.9120036733484156, 0.4558820635351782
0.2895563295837378, 2.190167899741129, 0.6825011936497951, 0.2647243974083349
0.15645520470507623, 2.2491832757019297, 0.864299750062275, 0.4090306076011553
0.2540969565465654, 2.2432762831287847, 0.746425483878354, 0.4095801912033704
0.10169588305829955, 2.5443893343896016, 0.8552046442301903, 0.5212509067886975
0.14155198995032262, 2.2840108187502364, 0.8296463144327385, 0.5054488828562694
0.17152972077885, 2.406447349974833, 0.8662403697824101, 0.46980034844058194
0.12756238223034316, 2.238679025812083, 0.8895526827497461, 0.41002580642395553
0.16507737109575743, 2.327476041910412, 0.8140382566509613, 0.3570286924860453
0.13567064466396392, 2.221621884526691, 0.828204435228766, 0.4572031752056466
0.19065836806943415, 2.3601454513145663, 0.7896695069968042, 0.3679020339836578
0.2664877519556901, 2.0566638418174596, 0.7498905986770722, 0.28182498382008403
0.21475475361160282, 2.0747956231381957, 0.7830257291183382, 0.3744898848235647
0.09964026723005767, 2.2974880132929476, 0.9155240098809232, 0.37023347153137415
0.2692285730600126, 2.296450923091305, 0.7071448206175723, 0.26225221027100337
0.24558899103523096, 2.242437134088294, 0.7813500180661999, 0.30589906734940303
0.10101067778221892, 2.415184085872685, 0.9173406739535681, 0.49655092200924367
0.21178553074858678, 2.182495165128517, 0.8183554901346719, 0.3053405450696961
0.19608290983840576, 2.6672403776995535, 0.8372224247048748, 0.3466293529349302
0.11117455604408154, 3.014947945394474, 0.8477535021865213, 0.47247328928715665
0.2788785473648147, 2.0275041344048317, 0.7093161475652827, 0.28245404437540655
0.27122708844858107, 2.1022938937195526, 0.7516678535220207, 0.2793567277095283
0.1632501570262091, 2.3988989098982954, 0.8059573287988083, 0.437749983863036
0.27950665220122195, 3.025542109155583, 0.7436981948535853, 0.27307048255201904
0.2261748415462799, 2.8450572796458213, 0.7548709522329234, 0.2883409001649156
0.2711699880089077, 1.8672912578242964, 0.7020724856622407, 0.26266894896494114
0.289442128704391, 2.045938653675825, 0.6836851726240251, 0.28935501899224747
0.26974247701707305, 2.239388037114537, 0.688765472835553, 0.28565424933271
0.2977216924570319, 2.191782964305113, 0.6599887711350851, 0.2371941524137784
0.12248044309941186, 2.176538586664164, 0.8323853005787131, 0.4928166220752742
0.318620453377491, 2.2254965342562127, 0.6384063860825275, 0.20652072750680905
0.2655170444812425, 1.9308476237589647, 0.7197025618780806, 0.30721647380991357
0.2785930451664478, 2.433425858343702, 0.7454015748450176, 0.30019242226195797
0.19014446411237368, 2.7123352477870157, 0.7745670453171256, 0.30732423920304686
0.33300976417518413, 1.9240820700262198, 0.6941290049135849, 0.24564175770718372
0.2504425284074687, 1.8538977578822655, 0.7756874611265079, 0.33171782292988605
0.1639924627419631, 1.9593266724369374, 0.858406846696583, 0.37526438107877397
0.16958830582995488, 2.2289083539428782, 0.8585336971391444, 0.40497072106967924
0.24438988180208987, 1.773230041331991, 0.7678646111178098, 0.27085480546056445
0.22765945297778792, 2.060835161834252, 0.7404748265294561, 0.328133037106103
0.2269171472620339, 1.992560338772855, 0.7722839236026248, 0.30754799772619534
0.2621481185405128, 1.9012850203530027, 0.7478217354720422, 0.3405394241861985
0.4496659624279107, 1.5649874160646005, 0.589689634245497, 0.18514804265248447
0.34214583452292585, 1.8400805955991504, 0.673384091787726, 0.24496763923164697
0.1003254725061383, 2.2602738890568657, 0.8623523483869725, 0.4700077332590908
0.1003254725061383, 2.297961732426778, 0.8623523483869725, 0.47276421040469774
0.1003254725061383, 2.6692121778612425, 0.8623523483869725, 0.4701293623211879
0.2179523782333124, 2.3746662876705775, 0.775060705907357, 0.31888455429471446
0.24684520070804544, 2.2218781748470366, 0.7533301845227773, 0.2663434967150339
0.10169588305829955, 3.134830348479961, 0.8552046442301903, 0.5189438934380138
0.18392051618797464, 2.1926056371862117, 0.8079762691363312, 0.34680327321198084
0.1860332324558899, 2.203924823908669, 0.820591833390145, 0.40366759761094756
0.09895506195397705, 2.290361049507031, 0.8785863671557299, 0.4346269679178897
0.10038257294581168, 3.180504663088045, 0.9143692856727605, 0.49764297019766984
0.19014446411237368, 2.835531078488756, 0.8418845066287923, 0.33573570322427676
0.14760463655570147, 2.1961046004427405, 0.839422030465804, 0.3677725587270814
0.10101067778221892, 2.2775160672084285, 0.9173406739535681, 0.4946912765904001
0.12099583166790384, 2.343102585164618, 0.8725194567922661, 0.42378075788843966
0.1612516416376406, 2.3399617028646165, 0.8688186815964032, 0.39791268932185747
0.10238108833438017, 3.250200318203099, 0.9163598636236502, 0.47612977402803214
0.19693941643350654, 2.462485214234273, 0.8361938805363721, 0.34949999038676755
0.19574030720036545, 2.4499839761708744, 0.776008101481863, 0.4060587885437446
0.21349854393878834, 1.8657388419622507, 0.7680538789205233, 0.40544366406065924
0.15171586821218525, 2.135680392645744, 0.8153018801482117, 0.4446191879500012
0.1168274995717467, 2.308483533214503, 0.843176888919103, 0.46175388626737535
0.20875920744589732, 2.0879080840523385, 0.7468946697019281, 0.3232141023223315
0.2160109632844173, 2.086311804048884, 0.7995229167441433, 0.2964021655442402
0.27402500999257695, 2.0716349406188392, 0.7483499787390191, 0.29707013637538426
0.24473248444013018, 2.270059724471247, 0.8020186379321224, 0.3073493570339445
0.272997202078456, 2.048304153280947, 0.7679272835949077, 0.27915038329221165
0.27568092274310513, 2.1856516081888087, 0.7003174181977966, 0.2973085568664776
0.43733226745845943, 1.6078412746781388, 0.5510973619851682, 0.18530460946540786
0.3615599840118769, 1.5095477189035056, 0.6688331133254024, 0.2638316480285861
0.443784617141552, 1.4943686395752527, 0.5355646977967069, 0.19599423212070952
0.2675726603094844, 2.00147792632032, 0.7130535134433702, 0.3374898301960025
0.5012847598926512, 1.3696298225254904, 0.4911519585555794, 0.1996886911979209
0.505567292868155, 1.2976202486733928, 0.48823232571064745, 0.21039644402402163
0.35122480443099413, 1.7445561527246098, 0.705723842008177, 0.2771966582333947
0.33757779934905496, 1.702921038984143, 0.6687092556017465, 0.23692586046546396
0.2695711756980529, 1.950953513411093, 0.70460020035984, 0.2818813024527222
0.34768457717124424, 1.9911792804361281, 0.6066707219335102, 0.2124119794525699
0.3665848227031348, 1.5604942546510645, 0.6343015467528168, 0.22403102853224155
0.3721235653514532, 1.5994979088874668, 0.6073394477278458, 0.2112441453238519
0.2548392622623194, 1.893222019346071, 0.7532242757343824, 0.31902579248679264
0.10169588305829955, 2.299495613582469, 0.8552046442301903, 0.518105130823298
0.10169588305829955, 2.3083502324108176, 0.8552046442301903, 0.5169651970657841
0.09901216239365043, 2.639963339698762, 0.8785574654216258, 0.4504177731594862
0.10854793581910581, 2.2842004149548094, 0.8496009477488771, 0.47085892817420943
0.26545994404156914, 2.183429611492952, 0.7124371505742136, 0.2543311248709975
0.16022383372351967, 2.110629605884821, 0.8623018606399551, 0.39209301353846526
0.19562610632101868, 2.125478789616181, 0.8375735493620633, 0.37658977381041997
0.1959116085193856, 2.1137408867630674, 0.8061009880187481, 0.36526905605818566
0.2632901273339805, 2.0530107946015503, 0.7162402361354733, 0.2884194046349912
0.26157711414377893, 2.2366762897489494, 0.7391506264920298, 0.31711152957920025
0.10552161251641638, 2.2851679194207017, 0.9128882391993205, 0.4258070358278686
0.10181008393764632, 2.7121476486477567, 0.8551134991563991, 0.5065480744792091
0.10169588305829955, 2.2521875474234196, 0.8552046442301903, 0.5136307838760732
0.1307029064123794, 2.2757154948597176, 0.8718713940762781, 0.3331010359959078
0.20773139953177638, 2.2379646108566114, 0.7589518186854795, 0.33029459558084956
0.18340661223091417, 2.1779116058937724, 0.8011560733116999, 0.34776288602730693
0.11591389253697254, 2.213100395183305, 0.8980410786289943, 0.3946456835947743
0.09895506195397705, 2.542923930812684, 0.8785863671557299, 0.45009219620958724
0.32752812196653913, 2.2957424580155763, 0.6258627311855868, 0.22795818615940916
0.11945411979672244, 2.565944215616017, 0.9056142107733616, 0.48870908596161594
0.10997544681094044, 2.824552671689333, 0.9112628226232378, 0.48879586555617627
0.1490892479872095, 2.4784417954155837, 0.8757498086317004, 0.41064744522592356
0.24518928795751727, 2.321324078024645, 0.7808626005427958, 0.29809405241958536
0.265288642722549, 1.9087768396672058, 0.7404331884626523, 0.29255535988591214
0.36869753897105007, 1.821240767134609, 0.6381498854933598, 0.2677047298934092
0.30788557071889455, 2.180991268658947, 0.6830567071146929, 0.23952374525075787
0.14720493347798777, 2.6681828810009387, 0.8487658765859974, 0.415594989390374
0.11465768286415805, 2.4507891260521855, 0.9064729466589789, 0.4080404989944765
0.20784560041112315, 2.0422254876080856, 0.781527736483959, 0.32891350418089943
0.16296465482784217, 2.522346676536122, 0.7876470333954115, 0.402786894273582
