acuracia,loss,frr,fpr
0.05702054794520548, 2.3126389158915166
0.14794520547945206, 2.2974018213003196, 0.843150437407883, 0.4663100344497921
0.10028538812785388, 2.5815307416736264, 0.9046734337117323, 0.5017989139745506
0.10918949771689497, 2.311671045844413, 0.9125870537115555, 0.5127231849287829
0.11284246575342466, 2.4595137798010485, 0.9118190097628086, 0.5013225976576715
0.10313926940639269, 2.4384575037107075, 0.8944962397010902, 0.4953463260272853
0.15918949771689497, 2.661412599866521, 0.8663343771765334, 0.4130297532964564
0.11992009132420091, 2.4948359267556506, 0.8495615080958625, 0.44516401484348017
0.14977168949771688, 2.263562204113834, 0.8332642435990424, 0.4318578649546218
0.10319634703196347, 2.4381456671682393, 0.8944724867319691, 0.49559728271126174
0.09863013698630137, 2.3751484895065493, 0.838701960772793, 0.48267345560662733
0.22899543378995435, 2.207667490424903, 0.7913804874666179, 0.2835822280939942
0.2605593607305936, 2.2767840765790854, 0.7172536271173658, 0.2658736713749018
0.11284246575342466, 2.282741511861483, 0.9118190097628086, 0.5020950932345053
0.09805936073059361, 2.400585958116675, 0.936737740817903, 0.523626733852676
0.20713470319634703, 2.2808838428155473, 0.8347540746068056, 0.3440950097238155
0.2278538812785388, 2.267535473263427, 0.7859516465436448, 0.29516733565408876
0.09697488584474886, 2.2921353570674654, 0.8825692670621323, 0.5043041020720128
0.09697488584474886, 2.307404958466961, 0.8825692670621323, 0.501875616015493
0.09777397260273972, 2.3093930934662144, 0.9060329964979384, 0.5120036085662488
0.10313926940639269, 2.3061642268068714, 0.8944962397010902, 0.4952647240283063
0.10313926940639269, 2.3058856331322293, 0.8944962397010902, 0.49512199726305073
0.09777397260273972, 2.4579613590009135, 0.9060329964979384, 0.5103030705397988
0.10365296803652968, 2.424480932678806, 0.9177940053179371, 0.5168887914492977
0.09977168949771689, 2.412467700569597, 0.8992324786510553, 0.5059610001849225
0.10313926940639269, 2.773968487090036, 0.8944962397010902, 0.49483831724064653
0.10028538812785388, 2.6294890835064733, 0.9046734337117323, 0.4980908848492924
0.18715753424657533, 2.588417605742744, 0.8282391209924643, 0.314759697874555
0.12448630136986301, 2.6685635997484263, 0.8787110012881973, 0.4820218030050294
0.1528538812785388, 2.437367273975997, 0.8523199078209417, 0.39112802596974133
0.17831050228310502, 2.276063720099458, 0.7690209076620469, 0.30007777679226644
0.1603310502283105, 2.269164512568413, 0.8229912542511028, 0.39121300168237255
0.12351598173515982, 2.2956384928259133, 0.8850875307752288, 0.35468797186550255
0.1937785388127854, 2.295902041920788, 0.809788284380201, 0.34690010532442633
0.11335616438356165, 2.5027355557026927, 0.8913789819778954, 0.4078444196756751
0.11284246575342466, 2.317069301152066, 0.9118190097628086, 0.5040742548234662
0.2704908675799087, 2.4627678571430516, 0.77318767547495, 0.24571164775453586
0.19497716894977168, 2.429695275126527, 0.830451048940393, 0.31433470843453054
0.18350456621004566, 2.2775959410351705, 0.841705553928293, 0.3390241145283133
0.19703196347031962, 2.290632657618283, 0.8362227827544452, 0.3736803371760263
0.13721461187214612, 2.3024820813033133, 0.8415166621475818, 0.41575683011968534
0.10365296803652968, 2.419240792748863, 0.9177940053179371, 0.5161202617312477
0.17631278538812786, 2.55600492838583, 0.8252149000361118, 0.3153787071256912
0.17083333333333334, 2.5351109614553247, 0.8139428871322023, 0.3732482217265978
0.22425799086757991, 2.2769302542759404, 0.7906134422093634, 0.28462472219779744
0.2100456621004566, 2.217495532483543, 0.8140818117182252, 0.3160486830597144
0.20513698630136987, 2.286606193650259, 0.7811476614567249, 0.3852977498380842
0.12408675799086757, 2.405630061227709, 0.9010095708687949, 0.49536950635782345
0.15131278538812784, 2.34746530666335, 0.8345215764083325, 0.31239852549085817
0.10176940639269406, 2.6204782318136735, 0.9035929113455629, 0.49987057766815385
0.20787671232876712, 2.396930650492373, 0.8149373965780936, 0.33205076327511857
0.2528538812785388, 2.242554859626511, 0.7682078828870886, 0.26524490062023653
0.2309931506849315, 2.296609848781944, 0.7825392628859, 0.32063134590827064
0.23264840182648402, 2.231920384210811, 0.7623770890213847, 0.2924095166020423
0.19777397260273974, 2.3047066139235888, 0.8108816134931937, 0.30162530694349604
0.20873287671232876, 2.219240121720316, 0.813688270369264, 0.34155207551163236
0.20993150684931508, 2.1805753333859794, 0.801601582352393, 0.27431340566427426
0.12722602739726027, 2.2856306553703467, 0.8672390384469114, 0.4316427040646408
0.12368721461187214, 2.5212214658487606, 0.8875665796265727, 0.46130726013568757
0.11284246575342466, 2.8350988155834753, 0.9118190097628086, 0.5010072392181251
0.09720319634703196, 2.679030077734358, 0.8823194483770957, 0.5047411267825873
0.2079337899543379, 2.560889067856348, 0.8060999611632421, 0.3266926540985604
0.38453196347031965, 1.8456915812949612, 0.5987320613565636, 0.1991929933944624
0.26244292237442923, 2.007526991832746, 0.7315329610589109, 0.34589114999943327
0.30547945205479454, 2.078470646715872, 0.7141105959432096, 0.2654597164561557
0.11307077625570776, 2.229882623928867, 0.9116808643160051, 0.5044193769113321
0.1045662100456621, 2.291070833489231, 0.8935119327901322, 0.4954616531856717
0.15045662100456622, 2.296424504393312, 0.8691326553705829, 0.4723373178326928
0.09018264840182648, 2.361844839305366, 0.9067816421278164, 0.5020082476376129
0.10313926940639269, 2.4437044201852522, 0.8944962397010902, 0.49581341228910764
0.11284246575342466, 2.3161407741917865, 0.9118190097628086, 0.5035742976279274
0.09777397260273972, 2.519591526972921, 0.9060329964979384, 0.5150133679923762
0.10028538812785388, 2.8822144473626463, 0.9046734337117323, 0.5027045610513344
0.16523972602739725, 2.5555245774929927, 0.8602262241758836, 0.4000300427200542
0.11284246575342466, 2.2820894517991097, 0.9118190097628086, 0.5059604238364819
0.21324200913242009, 2.3506956019834297, 0.8165591461023368, 0.34998841344687326
0.13401826484018264, 2.3995056197523525, 0.8902043084446939, 0.4703546174767498
0.11478310502283105, 2.2451217952044042, 0.9093762686635368, 0.5017680878832236
0.19937214611872145, 2.4027668201896155, 0.7839903594450917, 0.353932405736608
0.24121004566210047, 2.2465572533406077, 0.7433763445824196, 0.266035118797809
0.09697488584474886, 2.71798130506522, 0.8825692670621323, 0.5040295546544448
0.23881278538812786, 2.2945290538410075, 0.7808888861958667, 0.3079104917678579
0.21963470319634704, 2.19046160470201, 0.7952312722692011, 0.32079043337233704
0.22146118721461186, 2.150258367409989, 0.737645375123966, 0.2606047709725679
0.26889269406392696, 2.0615097522089196, 0.7016359583080193, 0.22037971222367367
0.19908675799086759, 2.2255812756632154, 0.8269030114159327, 0.29589672709858467
0.3726598173515982, 2.0398000001431056, 0.6380968613532484, 0.19494575125824867
0.17431506849315068, 2.266503781270763, 0.8185883922418075, 0.39196603394796026
0.16832191780821917, 2.412593152962591, 0.8662166647486079, 0.37494355351435904
0.18384703196347033, 2.2799328842868, 0.8567599359301838, 0.38119479121953637
0.241324200913242, 2.282274023086241, 0.7801321214745071, 0.3625594605595229
0.21969178082191781, 2.379684624314036, 0.7251600875858324, 0.2800442344364666
0.10776255707762557, 2.29399375331048, 0.8714058693070343, 0.4540828933230578
0.17614155251141553, 2.5681177867465914, 0.8263771829321481, 0.3161993114629573
0.19360730593607306, 2.4885189738005535, 0.8301845086328515, 0.33564801219111123
0.13521689497716896, 2.2354329851562302, 0.8501583753979736, 0.4492452988475453
0.10622146118721461, 2.2474155303550094, 0.8933661015723665, 0.48755297005350584
0.37825342465753425, 1.9787784466868665, 0.6163714021785867, 0.18961759496376593
0.27031963470319637, 2.0267297286285113, 0.7335314895689302, 0.30850661920692457
0.19526255707762558, 2.0266536799944155, 0.8290591245497076, 0.3100156975023506
0.1459474885844749, 3.004108606427738, 0.8691354352685142, 0.4264619702487477
0.10439497716894977, 2.3132688122252896, 0.8796172018903029, 0.33978090879582323
0.20759132420091325, 2.2973041437804427, 0.7988133358364451, 0.2690709696575253
0.09731735159817352, 2.356016235257665, 0.8398631863495862, 0.4818747334344858
0.12676940639269407, 2.4393761033813157, 0.8582968527962892, 0.45000610514414446
0.24503424657534248, 2.3467102937094153, 0.7090456974383437, 0.28942215320031467
0.2120433789954338, 2.129564027692357, 0.8387725938438447, 0.30898147778720103
0.12437214611872147, 2.228646840315023, 0.8862406950368106, 0.4868102387140441
0.43732876712328766, 1.8114786419422115, 0.5946884577349272, 0.1784457814565934
0.3252853881278539, 1.9082737370917242, 0.6771954581295059, 0.23357439844279804
0.3110159817351598, 1.9820087485049414, 0.6769082907734676, 0.3004613862553216
0.16792237442922375, 1.9766160532798125, 0.8294186189428483, 0.45145463125482155
0.28590182648401824, 1.8522059728837994, 0.7282071956308195, 0.28294383745200385
0.35296803652968034, 1.7174319621651821, 0.6703956820027731, 0.26317355854907537
0.25079908675799084, 1.8511662777190068, 0.773471238014117, 0.32069418043235737
0.47585616438356165, 1.9048924234223692, 0.5194439716860199, 0.14434378597140082
0.36238584474885843, 1.9453537251783288, 0.6456908309195074, 0.19775655969796205
0.23156392694063926, 2.1280636541103117, 0.6956671853290203, 0.35268751405905574
0.09811643835616439, 2.2196351031938644, 0.8813645149083048, 0.5013089605656109
0.24531963470319634, 2.1864230174996537, 0.783435954937956, 0.3620520060217969
0.26809360730593607, 1.9906039082296363, 0.7331674999020589, 0.288143761508922
0.2531963470319635, 2.1968390411301835, 0.7902699049111859, 0.326896700964214
0.43567351598173515, 1.8003480576318964, 0.5827722973222399, 0.16464798843642817
0.5448059360730594, 1.5114798508295322, 0.47318745002848184, 0.13894125326582035
0.4132990867579909, 1.7726379643088062, 0.6300120997508623, 0.1844063307801155
0.254337899543379, 1.9689750093405378, 0.7764839644513809, 0.3327176142049324
0.31044520547945204, 2.1060070355750247, 0.7102621803409299, 0.23306767329870592
0.48704337899543376, 1.809501402372639, 0.5555638362955183, 0.15676206308190685
0.3735159817351598, 1.8852963995664767, 0.6493625288470247, 0.20550162777904596
0.33801369863013697, 1.8914030798800188, 0.6818216543661519, 0.2022420405416109
0.2856164383561644, 2.0199168942502985, 0.7586059380292882, 0.2825761267613593
0.46592465753424656, 1.9349343776770922, 0.5623729851982808, 0.16471713490592824
0.225, 2.0937321863149942, 0.7925216655359025, 0.35178179811991017
0.2271689497716895, 2.246306462075612, 0.6962396115704941, 0.2820250762241855
0.2957191780821918, 1.9376167994485871, 0.6674842157824712, 0.23475179223652062
0.2843607305936073, 1.9625354610553616, 0.7602808519877787, 0.280144815116
0.34863013698630135, 1.8972509126787045, 0.699435300745367, 0.2237847560790085
0.30348173515981736, 1.9609390822345536, 0.7183370182447733, 0.28249712790822223
0.31118721461187215, 1.874575542423823, 0.6788023781003959, 0.2546760165356002
0.36461187214611873, 2.1995136097549848, 0.6635364085628056, 0.2133360479557883
0.18829908675799087, 2.106773058267217, 0.8010828528477968, 0.34095507984582357
0.2803082191780822, 2.000421253404661, 0.7683656665528896, 0.2957801918981066
0.216324200913242, 2.6724314793312844, 0.815322890437872, 0.35618821918981686
0.30353881278538813, 2.0166088450717057, 0.7214125248425092, 0.24133075038547502
0.39743150684931505, 2.0248709879271245, 0.6750912364881329, 0.18948841237642944
0.42391552511415526, 2.111134231988698, 0.6291693833007015, 0.199119077245314
0.44452054794520546, 1.8100687698403706, 0.5898554003023254, 0.1807897115593939
0.3626712328767123, 2.0533708247127804, 0.6878264316917404, 0.2247370826743506
0.4053082191780822, 1.7053195268902333, 0.6376640831937537, 0.19692768663803156
0.3187785388127854, 1.9320283182407623, 0.7094425136955047, 0.2779111288294308
0.26672374429223744, 1.9870468166320836, 0.7391100046711776, 0.25719093697277434
0.4360159817351598, 1.524280949693054, 0.6046595163279508, 0.175889641471714
0.4498287671232877, 2.0078906460575863, 0.5589293757155602, 0.18125783084056368
0.20125570776255708, 2.3252196246222274, 0.8202277025154947, 0.36251754984735224
0.1990296803652968, 2.031798953627615, 0.825794875568617, 0.3298999107315241
0.22945205479452055, 1.9998423773353093, 0.8297700053642754, 0.28945666926215
0.18875570776255707, 1.94169205806503, 0.8123168252985962, 0.42513296652517946
0.2641552511415525, 2.032869232529094, 0.7901678138276088, 0.28679709462373765
0.19046803652968036, 2.2530895022496784, 0.8386011412415028, 0.35925942794858107
0.14126712328767124, 2.234754274213967, 0.8683277658744385, 0.42420092330283965
0.14474885844748858, 2.7680716003355097, 0.8696523971733922, 0.4184586415525503
0.22756849315068492, 2.7564511021182416, 0.7941084316870836, 0.28145835152927445
0.22220319634703195, 2.075311999002548, 0.8132578481891289, 0.29852274627206965
0.2824771689497717, 2.1129606812716073, 0.7365768811411922, 0.2305949602432861
0.4204337899543379, 2.0297318603248082, 0.6177989349316378, 0.1843078373937429
0.27151826484018265, 2.037336136006057, 0.7279251381753098, 0.33582907987533617
0.3655821917808219, 1.9386461776068868, 0.6835067045463643, 0.2311486614239674
0.3224885844748858, 2.000929443770807, 0.6955828652020465, 0.2176616303772289
0.4936643835616438, 1.5933790253755982, 0.5011138590602205, 0.1485733506709565
0.4160958904109589, 1.8673984784275701, 0.584495134024309, 0.20475521163409469
0.5736872146118721, 1.7800505943698426, 0.4832173518170004, 0.13000876762718
0.37796803652968036, 1.8111414287596532, 0.66941807884754, 0.22961958411475128
0.10542237442922374, 2.392698888087722, 0.8757283736941006, 0.4844179187414015
0.2820205479452055, 1.8205838484298353, 0.7285375659427277, 0.27061644494140163
0.29240867579908675, 1.8853102134481141, 0.6847661438580268, 0.240482226795986
0.2892123287671233, 1.8924524008275168, 0.7204153438747478, 0.2820803043302
0.31866438356164384, 1.7967464701565978, 0.6362014162892349, 0.18828111976206474
0.2816780821917808, 1.9502447673719223, 0.7261742553149724, 0.3211069268249714
0.19486301369863013, 2.4980710485469566, 0.8543105515978692, 0.3980229118493665
0.39509132420091325, 1.769612193079963, 0.6510808897964467, 0.20643047523009092
0.47922374429223746, 1.4384345246249275, 0.5619746738589416, 0.16898653991553533
0.42631278538812784, 1.4936251536692113, 0.523542664633248, 0.22223037938759382
0.30439497716894975, 1.864392964341614, 0.720370575042977, 0.2695198242813834
0.365810502283105, 1.7527745181822205, 0.6496780979743426, 0.2353326027468594
0.47385844748858447, 1.440173899252648, 0.551129410285271, 0.15917921707832108
0.46158675799086757, 1.4900982385390698, 0.5699870836920649, 0.17167626850692397
0.40970319634703195, 1.573924622101471, 0.6114047960207872, 0.1705172163626394
0.4006849315068493, 1.4880685649293404, 0.602560699583505, 0.2261462989156178
0.5790525114155252, 1.3204291765922553, 0.4637999290490811, 0.1322544509543286
0.35547945205479453, 1.6161583755284412, 0.67943110668901, 0.23156896179120715
0.48304794520547945, 1.355899685682712, 0.5174634188824954, 0.1554229192637243
0.5775684931506849, 1.2272370225639342, 0.4721770135394047, 0.13614915706629183
0.6475456621004566, 1.5026807760334995, 0.39336573787245777, 0.11911082559193273
0.21084474885844748, 1.9067326703164131, 0.7840774397589654, 0.3833954128987521
0.49297945205479454, 1.6376435504418259, 0.5078089608816858, 0.1563574311832255
0.2948059360730594, 1.7164505001484973, 0.7167923087095496, 0.268025465834842
0.2827054794520548, 1.6656428756919524, 0.746186036375876, 0.2770821450259539
0.5910958904109589, 1.470135408912075, 0.4321621188296719, 0.1349074716984356
0.3881849315068493, 1.7097717376842618, 0.5768067607593137, 0.17414867496453304
0.3667808219178082, 1.7706942311398788, 0.623767279607137, 0.21149325239095323
0.11210045662100457, 2.029419452664719, 0.8685695209233457, 0.4887971402138354
0.3502283105022831, 2.071794792479032, 0.6555714506013726, 0.23340346997003375
0.11489726027397261, 2.297912617674157, 0.8542802554185829, 0.22675472644337424
0.09697488584474886, 2.452576942262176, 0.8825692670621323, 0.5008761131892314
0.14092465753424657, 2.2964270333381003, 0.8532094450961253, 0.39395378182618657
0.10028538812785388, 2.2961246413251035, 0.9046734337117323, 0.49950517098243324
0.09731735159817352, 2.5388316244907574, 0.8398631863495862, 0.4817288458150398
0.10028538812785388, 2.451299235149878, 0.9046734337117323, 0.49928833600295086
0.16621004566210046, 2.6116777681800873, 0.8380253659976634, 0.35136779724628653
0.20776255707762556, 2.259223025071022, 0.7794292593096634, 0.28501959675655086
0.09697488584474886, 2.5833695601416777, 0.8825692670621323, 0.5030025353256588
0.15462328767123287, 2.2952829929247294, 0.8218579713979591, 0.3178084396895764
0.1749429223744292, 2.2093660456268753, 0.8467862806456289, 0.3856324550214872
0.18184931506849314, 2.320481138125266, 0.8437890135333933, 0.36833815239664935
0.26335616438356163, 1.9588840559056904, 0.7754831327046707, 0.3511424211665161
0.2095890410958904, 2.116029831549348, 0.7709467906532224, 0.31606760704711634
0.1139269406392694, 2.280601480256205, 0.8700163727847479, 0.39110662369267585
0.09977168949771689, 2.2753608468324624, 0.8992324786510553, 0.5053835421089915
0.11284246575342466, 2.3466107012542414, 0.9118190097628086, 0.501109594565076
0.11632420091324201, 2.3737647986439265, 0.8835326135621099, 0.49436911632339
0.22128995433789955, 2.438472998271522, 0.766401364591473, 0.35711290128131523
0.09708904109589041, 2.5583168565410457, 0.8824171758073792, 0.49085420006272584
0.10850456621004566, 2.302091752795596, 0.8897345648574462, 0.48567116146307576
0.10028538812785388, 2.909780865203436, 0.9046734337117323, 0.49930895793823427
0.11912100456621004, 2.6839499679330276, 0.8847970859138183, 0.43248790512730956
0.23384703196347031, 2.108322716371654, 0.7911291613413854, 0.28995022571036677
0.4054794520547945, 1.9510614400210717, 0.6169789295130341, 0.17537305320096885
0.3093607305936073, 1.9147523451451909, 0.6817582240465836, 0.24555136088007146
0.3142123287671233, 1.8640766236420772, 0.6558123415211645, 0.24960285502720833
0.5367579908675799, 1.4912908556688254, 0.5077195759076752, 0.14001385042892248
0.31501141552511414, 2.0317644240713113, 0.6855211461567761, 0.21661690243913764
0.44081050228310503, 1.7916015560632428, 0.5663072566805977, 0.17060092671892005
0.271689497716895, 1.8618128742529376, 0.745501510644455, 0.2802277689088385
0.28093607305936075, 1.9704401791623058, 0.735206304643011, 0.28646410055303345
0.48247716894977166, 1.854883537696649, 0.5128919896687641, 0.15431217809705358
0.13276255707762558, 2.364687577801752, 0.8775161231029038, 0.3647942950728061
0.28926940639269405, 1.894845892801949, 0.7428182017714126, 0.34588384986095244
0.3317351598173516, 2.029218744367497, 0.6605881091029256, 0.22657343750251635
0.15319634703196347, 2.1121174585805638, 0.8483582114375602, 0.46204308606048544
0.20017123287671232, 2.2063319137107293, 0.803382629555022, 0.32016162078843047
0.1733447488584475, 2.5824528868714154, 0.8122014049016432, 0.38579765178962633
0.183675799086758, 2.833208493095691, 0.8189271606668472, 0.316553489672344
0.2732876712328767, 2.3496795175180316, 0.74130281145244, 0.26411236893983925
0.28761415525114153, 1.9491326872480514, 0.7319507145652274, 0.28403618659681323
0.29355022831050226, 1.8478902861033673, 0.6967242433008284, 0.2855560042136583
0.2965753424657534, 1.8442625120443772, 0.712715126188741, 0.22676096718365746
0.4463470319634703, 1.4656563642515577, 0.5804542155821039, 0.1748707298210296
0.38253424657534246, 1.5936557476821283, 0.5894057973475175, 0.20235133404995892
0.5084474885844749, 1.7528183544845615, 0.4507896614761724, 0.13832468312371404
0.3904680365296804, 1.8518862227190576, 0.5827781778715199, 0.17982011597833644
0.4482876712328767, 1.5471486066149114, 0.5289458523585744, 0.18647746736560836
0.4170662100456621, 2.0143444207909447, 0.5959217809955699, 0.22785244590404116
0.33184931506849313, 2.0238670841233644, 0.640332142885386, 0.24599847437702935
0.30861872146118724, 2.033846033157007, 0.6899169618971537, 0.257720655846722
0.3873287671232877, 1.9397758419519147, 0.6032277597689678, 0.25004629453255306
0.3085045662100457, 1.8283873777683468, 0.6815230104689904, 0.21334495266874565
0.42128995433789956, 1.6269168918705694, 0.6135956413505238, 0.1853197045894531
0.39457762557077625, 1.7841035345475695, 0.6306783228888401, 0.18911635099338564
0.382134703196347, 1.8196054028117494, 0.5923864418873506, 0.19512706222747048
0.47848173515981735, 1.5804220074898303, 0.4782680529705481, 0.14748825324155884
0.38881278538812786, 1.6659547836421968, 0.5935662849811697, 0.1903000814181881
0.46335616438356164, 1.5500560168772255, 0.5653186408108845, 0.17005553268621434
0.4024543378995434, 1.6576876906652565, 0.6133710350131356, 0.1824812616857684
0.4252283105022831, 1.9177520077930739, 0.54384222648117, 0.18717844234014172
0.34001141552511416, 1.8806282624806443, 0.6600694283222177, 0.2445890083888077
0.35970319634703196, 2.0853831184032847, 0.5861308276853613, 0.20635194206060561
0.09811643835616439, 2.2355943023069806, 0.8817406000924681, 0.5025933679566262
0.09720319634703196, 2.7054928025528446, 0.882340255494094, 0.506533471066501
0.09731735159817352, 2.4212744031084457, 0.8821981593297066, 0.5015655711798407
0.1740867579908676, 2.2903680511805566, 0.8116371152694171, 0.39631609638719106
0.1909246575342466, 2.2772302962601456, 0.760140534802145, 0.29220819042650353
0.19417808219178082, 2.5057699618682467, 0.8300932378581767, 0.32523041403671693
0.13470319634703196, 2.6707035207976353, 0.8652762298358695, 0.47492291235010403
0.32294520547945205, 2.0318597183039744, 0.6962597806283839, 0.29512169024634166
0.24680365296803652, 1.9816747994362016, 0.7771390525397969, 0.28087791179681
0.36883561643835616, 1.8134181034959616, 0.5745031420366, 0.17147899695590227
0.2848744292237443, 2.086051398787869, 0.7218578232488224, 0.26898941369984686
0.33955479452054793, 2.133801865768215, 0.6780692445644173, 0.24173065971032398
0.18550228310502284, 2.2495440733419163, 0.8176517711790897, 0.33414260868150486
0.10376712328767124, 2.293778746381198, 0.893958632616566, 0.4958662021087579
0.13259132420091324, 2.3061718085993372, 0.8726483649517408, 0.3417166698889181
0.17442922374429223, 2.2985325566982024, 0.8191792425215283, 0.3677324295714628
0.09018264840182648, 2.413774080220695, 0.9067816421278164, 0.5028765454526115
0.1261986301369863, 2.5612265688847735, 0.8675000631941713, 0.47377968710133733
0.10759132420091325, 2.2786543773053443, 0.9135960202301555, 0.5123723251390373
0.10313926940639269, 2.6000870302693757, 0.8944962397010902, 0.4951443597472258
0.22585616438356165, 2.220853168098894, 0.799598588260988, 0.3092065217496144
0.1685502283105023, 2.2048928171396254, 0.8216460614835819, 0.38090139356271485
0.13310502283105022, 2.263002453499461, 0.8005851350509791, 0.4527382508149879
0.1934931506849315, 2.2604527267623165, 0.810637275762409, 0.3837249261345791
0.10702054794520548, 2.494041960264586, 0.8686818069800545, 0.46708804476105714
0.319634703196347, 2.1134817597800737, 0.6216093696747085, 0.2159048405243859
0.20976027397260275, 2.229394890238705, 0.8050836375659357, 0.31531929653360263
0.35570776255707764, 1.981919452772565, 0.6259911919756369, 0.20201330782569374
0.18019406392694065, 2.093707716315304, 0.851955829023063, 0.43563881016962197
0.15490867579908676, 2.407720462880927, 0.830234228502049, 0.377321402824158
0.3073630136986301, 1.897209660072713, 0.6257797791757853, 0.218124294169129
0.2723173515981735, 1.802951837082704, 0.7356234610180956, 0.34896420837418324
0.3221461187214612, 1.8684837064684525, 0.6672214008755607, 0.2191098800723488
0.3687214611872146, 1.7927898342036492, 0.5939795210168222, 0.18271871520599298
0.4718607305936073, 1.493935252879172, 0.5471292348037029, 0.20639715345784534
0.3892123287671233, 2.2146485717193176, 0.5948041559880997, 0.18248400821776248
0.18202054794520547, 2.334869114564706, 0.8532379152498736, 0.4137072224955665
0.1481164383561644, 2.3092817617469725, 0.8850389946103918, 0.34394206761699875
0.10028538812785388, 2.383659147753563, 0.8364551973899484, 0.4769463113263892
0.23299086757990867, 2.333767878009032, 0.7657970589853497, 0.27707403798496977
0.10028538812785388, 2.5784505869223646, 0.9046734337117323, 0.49924609840110423
0.09960045662100457, 2.3885005711326928, 0.880258525515274, 0.5074760514656148
0.30981735159817353, 1.9731013229244376, 0.7232317509328752, 0.23532204905983675
0.2776826484018265, 2.08578246340802, 0.7641234308160798, 0.2818629552199651
0.2933219178082192, 2.0048782868123696, 0.7509732830894694, 0.26567924252036657
0.4697488584474886, 1.5721065429273193, 0.5644429968438566, 0.17516040618060752
0.42962328767123287, 1.4711046646429933, 0.5718723453599562, 0.19426173118420118
0.6249429223744293, 1.2242603674943486, 0.42859065103895516, 0.12852722998853663
0.6116438356164383, 1.167289554424686, 0.4374483500489674, 0.13044310971099263
0.6453196347031963, 1.0988117491567007, 0.3373727283447897, 0.10997493291817108
0.6255707762557078, 1.054915571917852, 0.400518545557175, 0.13598518361906614
0.5434931506849315, 1.2570040633685071, 0.5131304254577022, 0.16554880198732
0.693607305936073, 1.2725756626082882, 0.3166038921168229, 0.1062642325239402
0.3638698630136986, 1.6024825408774084, 0.6865185574004531, 0.27986749198110455
0.6831050228310502, 1.4211453328495973, 0.30252777962159544, 0.10692963372096091
0.4098744292237443, 1.7307369175294762, 0.612488436641713, 0.2631834872724057
0.24006849315068493, 2.156306968615752, 0.7510658497879245, 0.2814206565066543
0.17528538812785388, 2.2322408380301577, 0.8268778414009722, 0.380611518119928
0.17711187214611873, 2.3287485998855333, 0.7650910502124669, 0.3705329794751551
0.29343607305936076, 2.021380453859562, 0.7564355177851627, 0.28257960115031167
0.26934931506849313, 2.127260456625457, 0.7338305512908915, 0.24535243798776932
0.18458904109589042, 2.1135799493487566, 0.8291890582155206, 0.37287043390625163
0.20679223744292238, 2.016675937373072, 0.7960203627350279, 0.3208636049218221
0.15993150684931506, 2.080254939946954, 0.8417276433973495, 0.4477639767122181
0.1281392694063927, 2.085575943552468, 0.8455381717948101, 0.4671210730192176
0.2535958904109589, 2.299712721163356, 0.7930790061452231, 0.3154812171536982
0.4872146118721461, 1.7101696423709938, 0.5698228879837517, 0.17444637601393495
0.4091324200913242, 1.8298750907727028, 0.601833237153702, 0.17733460929507466
0.3699771689497717, 1.839423220822392, 0.673474858065484, 0.21386320407280038
0.5231164383561644, 1.8112341209701752, 0.5065077717810671, 0.1597979614857183
0.21141552511415526, 2.0243625750212364, 0.7897798522753134, 0.397233475517677
0.18167808219178083, 2.039139051840866, 0.8517464907578822, 0.3260164507713654
0.12089041095890411, 2.119862561349727, 0.888002545452687, 0.4604357345244081
0.21244292237442922, 2.0158936881141303, 0.8381703849641073, 0.3199947484230471
0.45308219178082193, 1.8931591312022513, 0.5226779871083813, 0.14889557591919536
0.24914383561643835, 1.976337535658928, 0.7965006843344898, 0.3308290509167865
0.19714611872146118, 2.235278253170521, 0.8298995196477015, 0.3193765858209015
0.3481735159817352, 1.731935281517435, 0.6438723072552933, 0.22863555741749728
0.47990867579908675, 1.5281621151080687, 0.4756450795195096, 0.14703572438462578
0.3934931506849315, 1.6935319153277297, 0.5864798309470772, 0.2098805515887562
0.43641552511415527, 1.788164352125501, 0.6015257289885146, 0.18030087727922767
0.37631278538812785, 1.5976933363399821, 0.6425923234009683, 0.20168306522548288
0.2691780821917808, 1.7677731639063454, 0.7611112847678796, 0.28405216231299885
0.392351598173516, 1.9171040216673454, 0.5550518810012378, 0.22855566056779536
0.32494292237442923, 1.7724222586851686, 0.6746303254251552, 0.23028765149307454
0.3728310502283105, 1.7848202939583286, 0.6136772257514269, 0.23808761242800408
0.36170091324200915, 1.7297742866541017, 0.6265353637167014, 0.2810202611877342
0.25205479452054796, 2.1042134509215633, 0.7690298516695242, 0.30239285962075013
0.43190639269406395, 1.546426775445949, 0.6216432366123981, 0.22404151610353254
0.3352739726027397, 1.7446425121328601, 0.7224532314992704, 0.25614619182106063
0.28984018264840183, 1.7339776285571051, 0.7326031327501806, 0.274446880303635
0.5627283105022831, 1.3993724328146813, 0.40934575800003487, 0.1306751659771664
0.45610730593607307, 1.4955787183542537, 0.6034549826409787, 0.2124913649723087
0.5659246575342466, 1.2674889848929018, 0.43158556037289914, 0.12882831935320113
0.6054223744292238, 1.5168106867468247, 0.4225274321896637, 0.1359562041018691
0.43761415525114156, 1.7133888154541521, 0.5813262175341375, 0.1864304933175229
0.31889269406392695, 1.7786577005534683, 0.6875414278460685, 0.25004344890039404
0.17751141552511415, 1.9218327956741939, 0.8129545027837065, 0.41925698053043314
0.4816780821917808, 1.4945273711358849, 0.5744985082100242, 0.18843273110695635
0.48299086757990867, 1.5278934613516615, 0.5638043582355807, 0.16269519229817309
0.346175799086758, 1.6672642778367077, 0.6725483814189093, 0.23159508755199987
0.49840182648401826, 1.7163160570238007, 0.4553143577807124, 0.15286390206660008
0.44988584474885845, 1.8461537019370897, 0.5866706911316176, 0.16412088719775397
0.2050799086757991, 2.0200564631996634, 0.8144445651683457, 0.29039814807854003
0.252796803652968, 1.9161385112735507, 0.6723094625632581, 0.29182312240532143
0.4289383561643836, 1.7346085066596666, 0.5924800480241192, 0.17649239008525094
0.5388127853881278, 1.529836946269965, 0.47648975498816737, 0.14630674509926306
0.3881849315068493, 1.6170549109748238, 0.6662492598971907, 0.2260961130872731
0.3766552511415525, 1.5650372857202406, 0.6186053347353451, 0.2541531703130988
0.5415525114155251, 1.5648853600603532, 0.4899413518381058, 0.13998769227081057
0.45559360730593607, 1.6290433346068478, 0.5625459975921103, 0.1634651370450657
0.28687214611872147, 2.224156121627245, 0.71566620906154, 0.3243389232894677
0.45416666666666666, 1.4448465516076308, 0.5673697076957289, 0.20165355342840893
0.42197488584474885, 1.5276655988720964, 0.5745572568108763, 0.18660497679551802
0.45702054794520547, 1.677320858278231, 0.5386248576901087, 0.17835585440608115
0.34001141552511416, 1.729021553812574, 0.6151583628769963, 0.2303607273070607
0.34628995433789955, 1.7418622619179014, 0.6956151978737247, 0.22267412765985223
0.26181506849315067, 1.8129258584835009, 0.7736771052792492, 0.3063889382895412
0.5321917808219178, 1.5087724656240853, 0.5199902363988119, 0.14724242071083887
0.5940068493150685, 1.3566174030971616, 0.47281566070428, 0.13323711956008025
0.5840182648401826, 1.3069222649482832, 0.4062093921806506, 0.1340369467546691
0.5786529680365297, 1.1754218995122485, 0.3900051814046208, 0.13010415275649906
0.5934931506849315, 1.1674515319622407, 0.4557700640371478, 0.13709441662597027
0.4083333333333333, 1.4815492109595436, 0.6028726891805314, 0.2529784794555359
0.42168949771689496, 1.53888929247618, 0.5922677894728872, 0.22874861571058602
0.44332191780821917, 1.3735006899168911, 0.5832500913509555, 0.2071960639278542
0.48093607305936076, 1.5169709018138173, 0.4774942381332754, 0.1491201892093021
0.42363013698630136, 1.5875199204965678, 0.6448043641261019, 0.19776082274976203
0.6751712328767123, 1.1800509881330272, 0.3042348311478309, 0.10708683121174133
0.5649543378995434, 1.2445439466160455, 0.44309454224693534, 0.1406065105950722
0.6144977168949771, 1.2186811430150106, 0.4333641656335888, 0.14025025703157065
0.4772260273972603, 1.418753458516987, 0.49300968789749655, 0.16103730474785327
0.5117579908675799, 1.4671481422637696, 0.5390236925925938, 0.17075348499555584
0.5594178082191781, 1.57773175106201, 0.5013078008864065, 0.14616975223936943
0.48561643835616436, 1.6393473109902312, 0.5646303206070598, 0.16674100192538102
0.4204337899543379, 1.4962310864517814, 0.6400580915352255, 0.2011079639293258
0.5601027397260274, 1.3737332687462303, 0.4366669051516013, 0.13752607504579056
0.5277397260273973, 1.2914428015805135, 0.5348372313187217, 0.15485481015997826
0.09788812785388128, 2.3063084336312394, 0.9069311145897294, 0.47961307841552864
0.10313926940639269, 2.3902797853293483, 0.8944962397010902, 0.497527620773588
0.1516552511415525, 2.5570084138207783, 0.8731339754661207, 0.4546465702576477
0.1035958904109589, 2.2730926713238566, 0.8944356214653895, 0.47871850944788735
0.2110730593607306, 2.743018266225242, 0.8141939645564698, 0.31003509521992606
0.24337899543378996, 2.2917585960193856, 0.7618901979344327, 0.24614276800971013
0.09697488584474886, 2.34246405148581, 0.8825692670621323, 0.5021706606893719
0.0978310502283105, 2.1841794095150955, 0.8819575898933588, 0.5009802193344188
0.19720319634703196, 2.1334695818319442, 0.7937556304615494, 0.34510655745772134
0.3663812785388128, 2.061033603373796, 0.6935588968084652, 0.21793155541106518
0.35011415525114153, 1.900846023061504, 0.6979741557521525, 0.19877250875906338
0.25724885844748857, 2.1480748691991582, 0.7685617083869039, 0.25014550619646436
0.38224885844748857, 1.5605382154555354, 0.6336517354709775, 0.24657316299135953
0.4808219178082192, 1.585325182028557, 0.5858407463727502, 0.184155634442192
0.37031963470319634, 1.6520928695661836, 0.6649617720881487, 0.22235184083267096
0.27779680365296805, 1.8413711425240182, 0.7354711892340852, 0.38291997338863576
0.5730022831050229, 1.5735487150002831, 0.37726718826926203, 0.1252841440907795
0.3458904109589041, 1.7810223062322836, 0.6453151554753954, 0.28564349242487497
0.1577054794520548, 2.072455377145309, 0.8413513610088272, 0.4642276952137294
0.24748858447488584, 2.139033983487925, 0.749818524364469, 0.2906413460996419
0.2562214611872146, 2.0853985514917057, 0.7920059364071049, 0.3129450190586869
0.2820205479452055, 2.243223744675891, 0.7277027805396235, 0.2456152922717671
0.42734018264840185, 1.6093663740818087, 0.6116142727918884, 0.21143983509346126
0.34726027397260273, 1.7817439928582814, 0.6824046547413942, 0.2362726247489619
0.3312214611872146, 1.7143673545931843, 0.6892560243481541, 0.24165873596993173
0.5458333333333333, 1.672495454304839, 0.4753168031113448, 0.146179335880718
0.2719748858447489, 1.6940902316749318, 0.7115226681746957, 0.35172827034111614
0.5652397260273972, 1.4734429279112653, 0.46482868342442335, 0.14241019312276965
0.4526826484018265, 1.522209539764548, 0.5481261228492635, 0.1797291614243165
0.49811643835616437, 1.509473448898218, 0.494542806609792, 0.15142387845054572
0.4631849315068493, 1.4449118090096063, 0.5576030764178328, 0.2549908521319422
0.449486301369863, 1.487765302529482, 0.5905905118655748, 0.19543738363520555
0.6240296803652968, 1.1041378026530486, 0.34360380652696926, 0.14162270827458176
0.5859589041095891, 1.1578372100134249, 0.42375997424384415, 0.1587047349256624
0.6601027397260274, 1.182360962744309, 0.3692052106919017, 0.12816448870905206
0.5287100456621004, 1.5295188983451558, 0.41674359259278154, 0.15809759969393908
0.5607305936073059, 1.5176570191503116, 0.4096107840924153, 0.1291152993306455
0.38287671232876713, 1.7978842456965414, 0.6304443805835607, 0.23313197462105706
0.41284246575342465, 1.9705967313894943, 0.6447390156584407, 0.2242548730569185
0.21324200913242009, 2.0340304257458746, 0.821190751986919, 0.30243128283470616
0.2303082191780822, 2.364553201499663, 0.799776202083875, 0.29499603501974125
0.33264840182648403, 1.9594085997268218, 0.7007403193258473, 0.24311088399385405
0.4853881278538813, 1.8999104881191362, 0.5289928522239986, 0.17910759358640108
0.19703196347031962, 2.0557811617034756, 0.8277350903515545, 0.3403931670272921
0.19098173515981734, 1.985757421606888, 0.8027887934626051, 0.4208683355549265
0.3430365296803653, 1.9028625753533828, 0.6414342917909583, 0.2082357378443311
0.34029680365296805, 1.8062402466388598, 0.5924817420541139, 0.2710158701120973
0.27442922374429224, 2.00789691489445, 0.7737684703836263, 0.2862381065845052
0.22779680365296803, 2.023906293075923, 0.809851124553, 0.32682789965548037
0.2457191780821918, 2.189855303741209, 0.7704315913919021, 0.3691677730949128
0.27094748858447487, 2.184235883194562, 0.7819448736572008, 0.29073579292148216
0.19611872146118722, 2.2517715776687885, 0.8173403834310307, 0.41883462932408255
0.12203196347031964, 2.3953961319234818, 0.8750577548481229, 0.41335279388837876
0.2970319634703196, 2.0857799199822287, 0.7235557755393252, 0.25473089376815805
0.17728310502283104, 2.2381242409110342, 0.8003588691422077, 0.305197112684536
0.2018835616438356, 2.056227996836514, 0.8042333858457356, 0.4043217221769941
0.18470319634703197, 2.0932771551146354, 0.8416492326977252, 0.36742273573245504
0.24834474885844748, 2.081374694645133, 0.6812878318284237, 0.24778928994991364
0.20536529680365298, 2.0984091979387687, 0.8215406822174472, 0.3077376211018646
0.3976027397260274, 2.0746971644427132, 0.6378676689177742, 0.20757301493775834
0.2406392694063927, 2.0691214703057454, 0.7990137932053563, 0.28703706332922857
0.22557077625570776, 2.150412792641006, 0.7696308020671685, 0.3445640063887133
0.28156392694063925, 2.1928187086293685, 0.7268589424273708, 0.24964219342791352
0.20268264840182648, 2.298160138141075, 0.7884869747248926, 0.3570074750580218
0.14457762557077625, 2.210618982880831, 0.8874368745692568, 0.42882182887873976
0.21963470319634704, 2.1630006708578975, 0.7989795661582579, 0.3469710531546361
0.191324200913242, 2.2992797933552906, 0.8300226132981453, 0.3706472284346543
0.1812214611872146, 2.1345894643364978, 0.7934147918558457, 0.3846239546178492
0.27488584474885847, 2.015822141852281, 0.6602121691687602, 0.26529025058929995
0.384703196347032, 1.986260307481572, 0.5712444801899563, 0.19973662270719622
0.2365867579908676, 2.0120715501594897, 0.7644287283602891, 0.3538352602926039
0.22294520547945204, 2.121978927095799, 0.7828811081928503, 0.36587516118158603
0.4740867579908676, 1.6493755556030634, 0.5561281810198323, 0.19184714771900965
0.45045662100456624, 2.004580371939156, 0.5956565462190384, 0.19587559836622767
0.3190639269406393, 2.145267779009255, 0.7022975664217209, 0.28741552521171526
0.3507420091324201, 2.0683983509467074, 0.6708091585103055, 0.22892065365367528
0.20331050228310502, 2.057917704031756, 0.8245073216963344, 0.3156489481913156
0.241324200913242, 1.989047862507709, 0.7466821434671567, 0.2830670559042763
0.3117579908675799, 2.0544115112507586, 0.7247023548751108, 0.26992554777042355
0.40393835616438356, 1.762490718753915, 0.5638461879489172, 0.18301205058426442
0.2751712328767123, 2.288996757873117, 0.7402168111043408, 0.2644519027619457
0.09697488584474886, 2.3103611348766715, 0.8825692670621323, 0.49925799302765383
0.18944063926940638, 2.3517305677612077, 0.8344187220437445, 0.3357470011495199
0.138013698630137, 2.310702417396247, 0.8867905497996393, 0.4775490130486279
0.10308219178082192, 2.274437500026128, 0.834307351589474, 0.4164904495497746
0.09697488584474886, 2.319337454084392, 0.8825477173475623, 0.49863224311668736
0.09731735159817352, 2.3189001457059764, 0.8398631863495862, 0.48305416644477617
0.18281963470319634, 2.5592877745220104, 0.8392165864557012, 0.3567580110522105
0.09697488584474886, 2.3551517592105147, 0.8825692670621323, 0.5064394866601166
0.1785958904109589, 2.246890340378023, 0.8226972732450665, 0.3868870635063983
0.10114155251141553, 2.8601704411769973, 0.8785828231798009, 0.4795002297128764
0.21409817351598173, 2.2172425677412995, 0.7752382708345107, 0.3403571742732385
0.3378995433789954, 2.0399762078983597, 0.6352437303638014, 0.1913866603357612
0.21592465753424658, 2.172373837729295, 0.7889424101443541, 0.28743132930890997
0.18441780821917808, 2.2928798145423195, 0.8417550832593207, 0.36361603505560736
0.22968036529680366, 2.151976169006193, 0.7007159986953301, 0.3573473699891237
0.29868721461187214, 2.1001817239848175, 0.7518946543526188, 0.27074712511409077
0.11512557077625571, 2.5710634140357307, 0.8651746328085187, 0.4718809932074496
0.3601598173515982, 1.8699463972898378, 0.6328904229283523, 0.19542676162126962
0.31210045662100455, 1.8883620827743723, 0.7531138022888758, 0.2607931757706611
0.5241438356164384, 1.7322099908369861, 0.44772191774660747, 0.13961554347124022
0.0642123287671233, 2.3102874794779305, 0.9501182310222616, 0.25669394513483285
0.16672374429223744, 2.386177534974057, 0.7583498403416982, 0.4144587362443587
0.12106164383561643, 2.397161277176038, 0.8731702908610027, 0.4773524865206917
0.19069634703196348, 2.547186461764656, 0.789508185266623, 0.37559699202004304
0.09982876712328767, 2.478356097645411, 0.8991977564288329, 0.5040281341808927
0.11860730593607306, 2.219773349829324, 0.8487443818814091, 0.4410136673572139
0.23778538812785388, 2.171065301573984, 0.7080296230847464, 0.34506609398066357
0.1557648401826484, 2.129543424993073, 0.869449978734872, 0.3713537081667208
0.31170091324200916, 1.9505935145839708, 0.6496958151085189, 0.2046634274063519
0.44988584474885845, 1.754541849685178, 0.5242294732102638, 0.16292476990138474
0.41678082191780824, 1.7488182628199833, 0.535326973624736, 0.1691986200718231
0.5274543378995433, 1.8048028298368737, 0.4943439644007947, 0.1506731809799771
0.41358447488584477, 1.9672510099159255, 0.5966345230362361, 0.18398397297368455
0.4113013698630137, 1.950200746007706, 0.592123687808652, 0.18891215791397728
0.33567351598173517, 2.038282641088037, 0.6584868672373045, 0.311265204204798
0.29697488584474885, 2.190356821366097, 0.7111419274864713, 0.2237624508049784
0.09697488584474886, 2.637401670488831, 0.8825692670621323, 0.5015607792706812
0.3430936073059361, 2.1379987371974885, 0.6392383671897441, 0.18959818431597097
0.3290525114155251, 2.2686943994809505, 0.6642323532447344, 0.241710593829952
0.13681506849315067, 2.3693567627096828, 0.8633208595317179, 0.47659801602189944
0.13373287671232878, 2.3076422658276883, 0.8460980406405547, 0.43960703154595343
0.10313926940639269, 2.8065906688809124, 0.8944962397010902, 0.49923430451346723
0.2627283105022831, 2.679796663974518, 0.7630174855882446, 0.26094526932209433
0.10131278538812785, 2.2513042874260036, 0.8790527114997088, 0.5017237323589523
0.16632420091324202, 2.2758503158410934, 0.8640420408736122, 0.45096015459121935
0.09697488584474886, 2.237917821374658, 0.8825692670621323, 0.5013477569008284
0.14914383561643835, 2.298757320492779, 0.8310914333496222, 0.31933014865211584
0.0910958904109589, 2.617827056644306, 0.9058497424977375, 0.5036618000752787
0.09703196347031963, 2.53983990988911, 0.882493221434756, 0.5015097444541774
0.13567351598173516, 2.2603660055491477, 0.8448174917216484, 0.325281524154668
0.3373287671232877, 2.1145996543676615, 0.67441987229145, 0.2542211294097632
0.22385844748858447, 2.1603677635391554, 0.7702370471150204, 0.32089827538367777
0.2651255707762557, 2.158191695761735, 0.7512349753977093, 0.29146116311778864
0.09697488584474886, 2.2754020881367056, 0.8825692670621323, 0.509733364623045
0.13732876712328768, 2.2705176945758736, 0.8865642876446962, 0.4489470594313397
0.21621004566210045, 2.297654541088566, 0.7857113794692009, 0.30759542555306185
0.18179223744292236, 2.596293845657072, 0.7990249103350631, 0.3089999880253767
0.2603310502283105, 2.337913310350893, 0.7537896228777708, 0.30140802073045797
0.27985159817351596, 2.009743547283079, 0.6858238224055756, 0.2482162159985249
0.2946917808219178, 1.8568868615447658, 0.7207445391061771, 0.22940005608087227
0.25662100456621006, 1.8934858807894193, 0.7622901529571057, 0.29149616175288906
0.4428082191780822, 1.746858237794341, 0.5351623826361357, 0.15199556273824727
0.4759703196347032, 1.7240829198702012, 0.5324358990789717, 0.16838532080609067
0.40907534246575344, 1.6909345405559018, 0.6027405571103988, 0.1886618658635161
0.37009132420091323, 1.9662364867043822, 0.6277975607354347, 0.22168805902200006
0.35742009132420094, 1.874716633398375, 0.6415175678360544, 0.21932250115340338
0.39651826484018265, 1.7305853860150835, 0.5970941472694088, 0.18717383118944178
0.36170091324200915, 1.7847224780651805, 0.6489902741988319, 0.20864114670162756
0.3242009132420091, 2.1418623405780863, 0.6790557516014631, 0.2881057404895779
0.3476598173515982, 1.791523777914646, 0.6663946952522757, 0.216358735036221
0.4235730593607306, 1.7079441341124986, 0.6009959159679739, 0.21533460047863684
0.46963470319634704, 1.613860784858448, 0.5018772546672732, 0.1570444106307142
0.4377283105022831, 1.628304336699721, 0.5945093486363178, 0.1856493313497386
0.5264269406392694, 1.4747162294170084, 0.488742504729684, 0.1490533033402447
0.4315639269406393, 2.1594472490693337, 0.5191204664960987, 0.20429783582223265
0.27631278538812787, 2.309669955435409, 0.6674639705976376, 0.24700012656800777
0.16615296803652968, 2.3829901773907824, 0.8213221301151944, 0.4423391714484631
0.2238013698630137, 2.2038175178989428, 0.7667385833271311, 0.34926667111139265
0.28812785388127854, 2.1745897813202584, 0.6954070486028117, 0.26671507977669084
0.20981735159817352, 2.414125771065281, 0.7756951697621198, 0.3928968118537062
0.3139840182648402, 2.1852588411811826, 0.7083002028204151, 0.2467421438201224
0.1934931506849315, 2.1344851222178436, 0.7668718658102613, 0.2774313325151523
0.1235730593607306, 2.22476070165362, 0.8821491323752259, 0.421603296374445
0.14583333333333334, 2.3072194354583138, 0.8464287004639448, 0.4489114394108204
0.1432648401826484, 2.271870402005165, 0.8360161908652509, 0.3181828186550764
0.12848173515981734, 2.29857292541358, 0.9021230869727245, 0.4957765543780013
0.11284246575342466, 2.668378276857611, 0.9118190097628086, 0.5034133764725833
0.20776255707762556, 2.2857372505343667, 0.8071450084320759, 0.3360967952872172
0.17391552511415526, 2.292405278205055, 0.8228531121871647, 0.442045993642172
0.20821917808219179, 2.289752057232133, 0.7756511453924498, 0.39433986328456494
0.22990867579908675, 2.1603037136942826, 0.7859579066941508, 0.3346941045933523
0.21986301369863015, 2.6071949313526557, 0.7341526048399121, 0.29735325113600247
0.2190068493150685, 2.27060775431596, 0.7276211306244302, 0.2424788849438354
0.28133561643835614, 2.169280878056402, 0.711419912450656, 0.29018353483039566
0.11529680365296803, 2.269191334852481, 0.8792582927308698, 0.4800538797333712
0.24800228310502284, 2.1694840017723167, 0.7925423242488563, 0.3094276557459889
0.09703196347031963, 2.3789707248647733, 0.8825332310260963, 0.49186989337499354
0.25587899543378995, 2.3288191121360753, 0.7551510898710457, 0.3375296274682016
0.24748858447488584, 2.4234237089515003, 0.7605753445585356, 0.2951367528711998
0.3065639269406393, 2.490593506875512, 0.6793434479258471, 0.2555366133602801
0.35776255707762555, 1.8347130364070745, 0.6282938268862384, 0.1987600282557371
0.32585616438356163, 1.7570515343417588, 0.6871245485442103, 0.31138821850053694
0.28264840182648404, 1.8087180834586762, 0.674154842597724, 0.22333629772768204
0.37391552511415527, 1.7825956522159652, 0.6085925744169532, 0.18429990352977377
0.40907534246575344, 2.040045983109572, 0.57384590120369, 0.16058143121710255
0.24794520547945206, 2.2307190496032234, 0.7547514657359586, 0.34868296276089694
0.43110730593607305, 1.9585996603618745, 0.6183340755317966, 0.18958192090975612
0.4340753424657534, 1.7562621298071728, 0.5147294453200288, 0.1780600880299604
0.3115296803652968, 2.0399089166469295, 0.7121710588283361, 0.2660095475874711
0.5545662100456621, 1.6913009981416405, 0.4459398253831005, 0.13576888018706346
0.38858447488584474, 1.733199201905292, 0.6043061938394705, 0.1800552944110615
0.26307077625570774, 1.884827835748576, 0.7304752916531921, 0.3039845394048657
0.4383561643835616, 1.686519453310531, 0.6050000266841734, 0.20907640664959642
0.4425799086757991, 1.4723741241428814, 0.5823887732079279, 0.21866733278417005
0.4021689497716895, 1.6818484148631494, 0.6118166003100338, 0.17003892114306596
0.4215182648401826, 1.7126932960054646, 0.5921352034536495, 0.1842004309733834
0.44560502283105025, 1.7207423009386618, 0.570014249615178, 0.1757485984036788
0.37990867579908677, 1.7349192114759526, 0.6075288474519774, 0.20374616500720466
0.39714611872146116, 2.1071497130475634, 0.5561096457651554, 0.18856681571727346
0.23886986301369864, 1.9940951515210275, 0.7606038757795963, 0.3077694667561037
0.32659817351598175, 1.898198886739609, 0.6739201318188208, 0.23715974937611287
0.10759132420091325, 2.2986023303852776, 0.9019090518191858, 0.4330662719661902
0.1791095890410959, 2.4004100553589325, 0.8582008563622497, 0.3338444751448561
0.18858447488584476, 2.637301732062205, 0.8340864118050102, 0.3837739632837653
0.15639269406392695, 2.1505519462910963, 0.8396689454913165, 0.39128648319604353
0.43418949771689497, 1.8887836742891024, 0.5943461485972914, 0.19611420651569275
0.3980593607305936, 2.0280778064018277, 0.645604632747003, 0.21588044168264076
0.42505707762557077, 1.6042943392833482, 0.6051847293487583, 0.22914785383704203
0.5200342465753425, 1.6215632399067827, 0.5153552545676481, 0.18469645021235537
0.6392123287671233, 1.3694338683277096, 0.37005804487414534, 0.1157992841378979
0.5723744292237443, 1.2193585991952993, 0.4705489167991466, 0.1688000364877373
0.5884132420091325, 1.3276416072297679, 0.4501449137531314, 0.14002999847960745
0.5965753424657534, 1.1946812463239618, 0.4508974986204898, 0.15798699352185513
0.6199200913242009, 1.175956788197262, 0.43742587441423536, 0.13794700605025814
0.7044520547945206, 1.2926810323885858, 0.32166035082333133, 0.10629005547013902
0.2990867579908676, 1.750887114864234, 0.7209676211564893, 0.2680250509638596
0.3918949771689498, 1.6726910668523072, 0.6269331123210446, 0.20813419533542038
0.26952054794520547, 2.0101628512722445, 0.7532507867745756, 0.28618660743561064
0.26067351598173516, 1.911801078361055, 0.7317208088815551, 0.32670422996030324
0.31860730593607306, 2.082674724569536, 0.690709375004489, 0.2525015861516137
0.31495433789954336, 2.0145042524218013, 0.702922622914421, 0.31290193608552164
0.14349315068493151, 2.039663966285856, 0.8366546872693629, 0.420699047357337
0.2606164383561644, 1.8333901243394912, 0.7623525508376902, 0.2890966339597524
0.12779680365296803, 2.1613597678781815, 0.8612537368089022, 0.47148973730811433
0.29549086757990867, 1.9104953144757784, 0.7457689817780525, 0.32626456521234715
0.5732305936073059, 1.428825640646086, 0.4849885314619005, 0.1580873612629547
0.5530251141552511, 1.9096574636627006, 0.494224330438676, 0.1419662747130132
0.14845890410958903, 2.0781082280966787, 0.8033418949658164, 0.3628856773428084
0.1908675799086758, 2.113857705931107, 0.8084587352711601, 0.3602648278707281
0.14035388127853882, 2.1346091921368964, 0.8553411423685653, 0.45430489556465115
0.24805936073059362, 1.9864515160622935, 0.7686706687910357, 0.2740919380951066
0.45365296803652966, 1.7803421665306234, 0.6178943723083872, 0.18038925233317676
0.3522260273972603, 1.7615911142585892, 0.666176911384902, 0.24045592424247275
0.31666666666666665, 2.0033434860546517, 0.6906490975849683, 0.25912957964828887
0.5125, 1.3546470634622252, 0.47980357132076745, 0.1817736989611168
0.4410958904109589, 1.7979602320281338, 0.5956247914505584, 0.22081299690770745
0.4477739726027397, 1.935168961602259, 0.5857328092760317, 0.17617527389807525
0.2893835616438356, 1.8716869936516023, 0.7067812869777664, 0.26846755316662063
0.35462328767123286, 1.8728767158131894, 0.6678846495034162, 0.23681983110300103
0.182648401826484, 2.254897110054235, 0.8212523091285013, 0.41318957492336233
0.37482876712328766, 1.6559546430931176, 0.6690311705985726, 0.22123845255441932
0.4900114155251142, 1.5807308100623219, 0.5531638054229303, 0.16962940313011235
0.4309360730593607, 1.5717676437821357, 0.5611378982529395, 0.17852446101156133
0.4468607305936073, 1.5486824083497075, 0.5681916958439794, 0.17517976482277858
0.528310502283105, 1.233193842362034, 0.49751269523192365, 0.1848877118881399
0.6052511415525114, 1.2138757160575593, 0.4473717668464284, 0.13442370625498246
0.5884703196347032, 1.1149247962852822, 0.46102008860321775, 0.13827986620828525
0.5166095890410959, 1.3124079938892905, 0.521876447264129, 0.15925490248997345
0.5152397260273973, 1.245394069087781, 0.5026682128273093, 0.20277996981434568
0.5687214611872146, 1.3437118516137747, 0.47999733025681984, 0.14029212291115736
0.3968607305936073, 1.801701918584571, 0.5992614409289071, 0.24341436513078452
0.33007990867579906, 1.9288826387562708, 0.6873825613574591, 0.2375305124042425
0.49480593607305934, 1.5122151680120595, 0.5461881559530601, 0.1712860932269925
0.5041095890410959, 1.5396898679996598, 0.5394391914011523, 0.1562480519668547
0.5615867579908675, 1.34392740832276, 0.47933087036325117, 0.13335713325128717
0.5828767123287671, 1.2988848303040685, 0.4384996375823006, 0.13357904072825508
0.42488584474885843, 1.4651504657124956, 0.5844105407422749, 0.2017173267236858
0.5672374429223744, 1.1752578850199795, 0.479424180638864, 0.13415644894889212
0.5340753424657534, 1.2186128829174236, 0.4928686189657911, 0.17926026073661472
0.6142694063926941, 1.1226232931789726, 0.41725247594798004, 0.12511578961577458
0.54412100456621, 1.6005250440544734, 0.4385079679130884, 0.12994167886712257
0.23304794520547945, 2.0036539353804503, 0.7659117210753724, 0.2879222045708048
0.12037671232876712, 2.4308082927294823, 0.863290237051488, 0.47644157010028637
0.4794520547945205, 1.6818403895774252, 0.5672548267852766, 0.18040998849771664
0.5828767123287671, 1.6431118951319423, 0.4800451023391901, 0.1298365438343705
0.4295662100456621, 1.6356360661010492, 0.5952230586299585, 0.2036773541802711
0.5656392694063926, 1.2837602340259067, 0.45886792456400033, 0.14212572451801625
0.6574200913242009, 1.3467924362482273, 0.37188005435729793, 0.1108310156740221
0.3875, 1.5761397242375976, 0.6296048155848893, 0.2425790107300613
0.6131278538812786, 1.2515278023540055, 0.4185048065461336, 0.12177759527914574
0.5231735159817351, 1.5831071436524256, 0.5406690453064508, 0.15780706988900206
0.47442922374429225, 1.4927395459881145, 0.5766449630366555, 0.179303418687495
0.348458904109589, 1.5088822792773242, 0.6925459809700478, 0.24011897500697202
0.4717465753424658, 1.468199767857858, 0.5800337502178214, 0.16958636974051897
0.5045662100456622, 1.7245679516804544, 0.5283590847790705, 0.14312885832698663
0.3234018264840183, 1.8061506880013503, 0.7215619061124581, 0.24707456008296286
0.3745433789954338, 2.0616926953604775, 0.6806187406658205, 0.22020678214874476
0.14434931506849316, 2.360149334297945, 0.855365939537538, 0.4638612583594109
0.1377283105022831, 2.2544864342126942, 0.8522513631206131, 0.4616867525836561
0.25993150684931504, 1.9422255994726534, 0.7638217171001951, 0.359497480945169
0.34320776255707763, 1.852940160725861, 0.6925689286421823, 0.21924693323568273
0.5288812785388128, 1.4721656517266002, 0.44537947399959066, 0.1476850769049882
0.553082191780822, 1.432806946460974, 0.505589961128068, 0.14896320234949384
0.4679794520547945, 1.6278514575775602, 0.5757745826390743, 0.16171319530624806
0.5208904109589041, 1.400657870605605, 0.5131598149447514, 0.14976102777305672
0.3481735159817352, 2.1309293637536975, 0.6780740243193677, 0.31416467496713374
0.4078196347031963, 2.2070692871191184, 0.6212511238081473, 0.20165857526981537
0.09948630136986301, 2.3906491993616026, 0.9354558775026842, 0.45493503692413584
0.17557077625570777, 2.139163235132689, 0.865287263969081, 0.37572473344674256
0.17026255707762558, 2.302831615786574, 0.8507398070721454, 0.38617691192482384
0.46963470319634704, 1.873296906611963, 0.5795709744609921, 0.17516316288146516
0.2708904109589041, 2.1049380886585336, 0.7800462827263297, 0.26197387176571785
0.4269977168949772, 1.5974517170084666, 0.5809785188823837, 0.18355645931755146
0.2928082191780822, 1.8236499838496996, 0.719250815354484, 0.2618180674396753
0.3575913242009132, 1.8549346514216296, 0.6435224436899261, 0.21777689237084197
0.10810502283105022, 2.0563013678340063, 0.8713619646479573, 0.483926475221379
0.2997716894977169, 1.8914439066019777, 0.751120008074594, 0.2717306122329594
0.2697488584474886, 2.0830554288884278, 0.7635673740006687, 0.25175577185641784
0.25416666666666665, 1.9651750977555094, 0.7904397886725846, 0.30899120201988395
0.3176369863013699, 2.066877285309442, 0.7031330047816671, 0.22435368667764333
0.15154109589041095, 2.152544440009278, 0.8407396995781372, 0.33007099780343496
0.34406392694063925, 2.1311340607396545, 0.6811640233106924, 0.20105583543693745
0.10924657534246575, 2.3041458528880114, 0.905996769391567, 0.30958410979093937
0.09018264840182648, 2.306323064979353, 0.9067816421278164, 0.4996704874878312
0.09018264840182648, 2.4598794540313826, 0.9067816421278164, 0.5026351158418614
0.09697488584474886, 2.706931003200137, 0.8825692670621323, 0.5033868561096524
0.09018264840182648, 2.8163656152818843, 0.9067816421278164, 0.4988920604765854
0.09018264840182648, 2.6429686905246346, 0.9067816421278164, 0.4999219659446405
0.09720319634703196, 2.295422844983399, 0.8824005710287909, 0.5022129590409018
0.10039954337899544, 2.395155135395864, 0.904603989267288, 0.49697233623398157
0.19155251141552512, 2.299533445963032, 0.8107378498125803, 0.316268714953853
0.10325342465753425, 2.8660658011697744, 0.9020721841682834, 0.48564586126673154
0.17893835616438356, 2.45452318735863, 0.8468470228957089, 0.37414276682575137
0.21449771689497718, 2.1348562624560645, 0.8107621021471271, 0.30041336840027794
0.1113013698630137, 2.4316267755290824, 0.8692523212121211, 0.48638621556324557
0.19440639269406393, 2.2187462170952803, 0.7418334296669881, 0.2861320687191681
0.34092465753424656, 1.713825090151263, 0.5951227186249806, 0.21179885246225547
0.38858447488584474, 2.0812872702536516, 0.61337761619089, 0.19966761350105394
0.17368721461187214, 2.1394820237608805, 0.802171309749056, 0.3576880210163271
0.24275114155251143, 2.242107193940851, 0.7491393579934179, 0.3571297954736894
0.3526826484018265, 2.056987537083016, 0.6387301139097525, 0.2886919160060396
0.29811643835616436, 2.273414581279232, 0.6401472471096779, 0.189326700080641
0.1509703196347032, 2.405719915597134, 0.849021285193367, 0.4553906254294217
0.19046803652968036, 2.243938204544048, 0.7501321056961144, 0.35152952113978714
0.19765981735159818, 2.5416313628831957, 0.8272486650505393, 0.32628553066303284
0.1327054794520548, 2.793835330882097, 0.8677985161696214, 0.4559334870734777
0.26244292237442923, 2.1212301921524688, 0.7503187958534648, 0.28394244745129793
0.2623287671232877, 2.217737512957288, 0.7089552869804018, 0.27774886471554733
0.10136986301369863, 2.2914576909789757, 0.8967009815617496, 0.4922942754693417
0.1187214611872146, 2.296240934715968, 0.8848922256169091, 0.49515445101505556
0.1558219178082192, 2.303482128931507, 0.8419705425643228, 0.22884508324633898
0.09765981735159818, 2.34854545099278, 0.8819462813439743, 0.49765695837734675
0.09697488584474886, 3.288938890227444, 0.8825692670621323, 0.5027258503967018
0.16986301369863013, 2.721940079086447, 0.8504987725839777, 0.374518313267387
0.10587899543378995, 2.293943581121153, 0.8920060961276518, 0.4940271287980711
0.09714611872146119, 2.8271056399906063, 0.8824231014779356, 0.4998427512451766
0.17676940639269406, 2.521040863921381, 0.8308285757952149, 0.3364015925426102
0.1952054794520548, 2.4506575281455363, 0.8301046683927592, 0.3151619209709583
0.17888127853881278, 2.4332221817820585, 0.8054237144788913, 0.32387943805285063
0.33424657534246577, 2.1193350245215035, 0.5984483444886028, 0.21274364485742517
0.21649543378995434, 2.2466184592614433, 0.7593240652214129, 0.2591205479343903
0.11603881278538813, 2.359134880528194, 0.8647863943024464, 0.4816624072337556
0.1714041095890411, 2.328610712949816, 0.8314048771462393, 0.3311683897768223
0.252796803652968, 2.283379814171628, 0.745709165018497, 0.3136516782908547
0.17100456621004567, 2.2702160865816894, 0.8128969972887071, 0.3118980968833461
0.19223744292237444, 2.3654272665648155, 0.8285958256353128, 0.31949202126330634
0.16729452054794522, 2.4982467459999533, 0.8412082452634451, 0.27571572521545706
0.19703196347031962, 2.253427528675016, 0.823455687637458, 0.360296634317564
0.11535388127853881, 2.2500325689304908, 0.8886322615985067, 0.46372950923679895
0.19337899543378995, 2.29792364562211, 0.8173820571501121, 0.32124478489553937
0.11906392694063928, 2.479689192496342, 0.8851574909521628, 0.47876360755318353
0.2642694063926941, 2.135544840794176, 0.7137498415748412, 0.2663850451352492
0.273972602739726, 2.0730658592358573, 0.7572073054019419, 0.30577001274803844
0.2816780821917808, 2.064029324605857, 0.7075813861852407, 0.23109268258844146
0.28521689497716896, 2.0733374676815997, 0.6411218232790974, 0.2660718562810019
0.2386986301369863, 2.277920821281873, 0.7815017402522859, 0.28380035491854183
0.19800228310502282, 2.217329920445607, 0.8283815918173368, 0.31270717102876094
0.22060502283105024, 2.2486881201840156, 0.7622501357383663, 0.26750604982675086
0.2719178082191781, 2.1208944696967054, 0.7618393870313863, 0.26083548640475385
0.3462328767123288, 1.7801366379390977, 0.6733149639311723, 0.22999316382268073
0.34001141552511416, 2.1401486800889993, 0.6660215701226643, 0.21696637798780993
0.2922374429223744, 1.9379657493615055, 0.7013001131030444, 0.2585737114921278
0.3926940639269406, 1.726649116408335, 0.6128893302060539, 0.2188734176689489
0.2704337899543379, 2.097596905002855, 0.716913768688738, 0.2968260536308421
0.31267123287671234, 2.1122715984373333, 0.7105143009732648, 0.22250230159940051
0.32945205479452055, 2.063431526053714, 0.6522445132832331, 0.2149587743046263
0.2531963470319635, 2.464182358468164, 0.7522416569095732, 0.2505627505418628
0.2973744292237443, 2.1807586114232738, 0.6944859456513889, 0.21093202597996882
0.2937214611872146, 2.056225085571476, 0.7064588357468462, 0.2820115602355254
0.345662100456621, 1.9551141522620639, 0.6520688191587071, 0.2278900727589294
0.4406392694063927, 1.7822913930772646, 0.5117214756254781, 0.19152069689660967
0.2913812785388128, 1.8072222263386397, 0.6997918415032558, 0.25917760943190016
0.44788812785388127, 1.5358484131815635, 0.501319772999009, 0.16119647670380058
0.3909246575342466, 1.5944578429352338, 0.6008975257912766, 0.23479923330506103
0.4220319634703196, 1.4933910500725995, 0.5776951152911513, 0.19816171561244872
0.46906392694063925, 1.395254454713689, 0.5370763396288603, 0.21497115412842394
0.44817351598173516, 1.3723086992716715, 0.5620640404141397, 0.18629902155368544
0.6634703196347032, 1.1098714149165814, 0.34784270671750006, 0.10761663398075962
0.5469178082191781, 1.2089992454488119, 0.4245888233009967, 0.14777790625242831
0.47157534246575344, 1.725318728251272, 0.5493608361592883, 0.18813427169840288
0.23036529680365297, 2.012661222344664, 0.7237839578487335, 0.31092992064827835
0.4037671232876712, 1.9864847244397146, 0.5660588454427906, 0.1892386043566123
0.19857305936073058, 2.239351369896436, 0.8022305880507256, 0.42766659331662515
0.17973744292237442, 2.251038075629707, 0.7631925069421023, 0.34231485059326106
0.14126712328767124, 2.614225544191931, 0.8473005215760844, 0.4561510495527629
0.13658675799086759, 2.2239837308503585, 0.8491409333043717, 0.36629258636818035
0.22985159817351597, 2.018680748915019, 0.799911686450079, 0.29985520604444543
0.4252283105022831, 1.7331890262552796, 0.6032664412521632, 0.18132347760754752
0.35011415525114153, 1.8677946144757478, 0.6259135409354328, 0.23770342475334924
0.2747716894977169, 2.2029867172377293, 0.7297884157423898, 0.26958723474494584
0.3531392694063927, 1.8931319002147136, 0.6435065144800051, 0.2386730227436431
0.19914383561643836, 2.1121788994838657, 0.8254295164155397, 0.32683688239630126
0.1892123287671233, 2.26064767420428, 0.8098965694222232, 0.3488312421814988
0.17722602739726026, 2.1502951383896884, 0.8275107261056229, 0.37413972091907227
0.2452054794520548, 2.0998988594026327, 0.7396799504404246, 0.23731180921247186
0.11518264840182649, 2.6743384467021105, 0.8891495985331963, 0.4243301301297669
0.4183219178082192, 2.0078009124896297, 0.5589487783619856, 0.21122040891636457
0.3870433789954338, 2.0206232715142916, 0.6252815560349254, 0.19046821272175798
0.23430365296803654, 2.1793510356926484, 0.769699912772673, 0.31773867388669963
0.26381278538812786, 2.105691352473002, 0.7649478302480596, 0.29481527564906984
0.420148401826484, 1.856885779155716, 0.571818685105448, 0.15985922996027674
0.2023972602739726, 2.030303697532987, 0.8065706165761379, 0.3074734599138704
0.3110159817351598, 1.9392203298605741, 0.6528652524899408, 0.20811939815977773
0.09686073059360731, 2.3139559560442624, 0.8831620269238216, 0.4967867004279285
0.20690639269406394, 2.311988323008361, 0.8369844576228163, 0.310133565253463
0.14417808219178083, 2.341510122674241, 0.8741320292559445, 0.47387224604346634
0.14092465753424657, 2.308264735381897, 0.8402712860486985, 0.37714253682987503
0.10028538812785388, 2.6168786235119654, 0.9046734337117323, 0.49799900507171363
0.15348173515981736, 2.341483379798393, 0.8414777978297487, 0.452638487220865
0.09697488584474886, 2.3573863958114902, 0.8825692670621323, 0.507773467818333
0.09731735159817352, 2.31814743370226, 0.8398631863495862, 0.4815962928865962
0.10028538812785388, 2.6695188516895523, 0.9046734337117323, 0.5009712088371439
0.09805936073059361, 2.3706614670552075, 0.936737740817903, 0.511621663727003
0.225, 2.95592078514159, 0.8285012158596302, 0.28573196479623136
0.217351598173516, 2.424499725213606, 0.8389440504339615, 0.32319430219122686
0.1004566210045662, 2.295373256742682, 0.9343956470061944, 0.4603378989952382
0.20610730593607307, 2.5364048036198095, 0.8519511491625349, 0.31298400545188215
0.19440639269406393, 2.2741898459998984, 0.8332711812589605, 0.2885497354864183
0.09703196347031963, 2.764799106566737, 0.8825190158058508, 0.500195851903975
0.22397260273972602, 2.2688927893224915, 0.7969149432978407, 0.25382055617801275
0.1909246575342466, 2.2731543304577264, 0.8330675410155828, 0.34310000685472347
0.199486301369863, 2.1728337542923617, 0.8170649736693139, 0.3460173030042122
0.10313926940639269, 2.3125514457895333, 0.8944962397010902, 0.4962799482853601
0.19811643835616438, 2.276746778822925, 0.8194193768841279, 0.3392862255151019
0.10627853881278539, 2.28476745789726, 0.8926763748663066, 0.48972993608371723
0.1190068493150685, 2.2885702919606206, 0.8905262146173305, 0.46654523478313265
0.11284246575342466, 2.398220991455529, 0.9118190097628086, 0.5028448772314948
0.19400684931506848, 2.285968647271259, 0.8319400604602327, 0.3119272612720335
0.10302511415525115, 2.5465431348475964, 0.8945698679819319, 0.46049548773628346
0.141837899543379, 2.5138785713985903, 0.8559142368436367, 0.41866868178600725
0.1353310502283105, 2.2848217686799837, 0.8460845639216693, 0.3882020701219735
0.15730593607305937, 2.2201491361067176, 0.8476035384619052, 0.3823797587801351
0.4509703196347032, 2.0633855823784657, 0.5744789534877586, 0.17513904411544953
0.2816780821917808, 2.0908226193392387, 0.7025116174849875, 0.22834119425953145
0.3399543378995434, 1.9860979611674945, 0.601973009819345, 0.19881561164219036
0.28019406392694063, 2.105818847124571, 0.7537130680688162, 0.267742144188282
0.28858447488584477, 1.9756827441788358, 0.6813900488617687, 0.2316071984267937
0.22363013698630138, 2.238731829583917, 0.7883924225171325, 0.3226079902257924
0.16204337899543378, 2.268931753858584, 0.880318892215882, 0.4331901082492321
0.21569634703196347, 2.1456123673888645, 0.8420169959909809, 0.31068170228393127
0.1574200913242009, 2.3822359539806572, 0.8191542452612315, 0.34917455263087666
0.2170662100456621, 2.275970791546058, 0.8402881353170575, 0.3063634694357692
0.2391552511415525, 2.0711163601306475, 0.8022679524551822, 0.3216237965600755
0.17414383561643837, 2.3553033153692335, 0.837584977413552, 0.3197179377628927
0.18567351598173515, 2.192040690823913, 0.8329857241350197, 0.3083959355723362
0.10753424657534247, 2.270031518206749, 0.8756748448412162, 0.4158538344659442
0.09771689497716896, 2.6687102538333636, 0.9000254390977137, 0.4938092573726103
0.2454337899543379, 2.2423148121123444, 0.7371539423198311, 0.2803083597234726
0.15034246575342466, 2.1484384980988285, 0.8384314962962347, 0.3851255619508048
0.17420091324200912, 2.491716740290596, 0.8514749373709914, 0.4052644107439372
0.28407534246575344, 1.9633211117288838, 0.7158959053356597, 0.28179037780545124
0.27848173515981733, 2.031766098258022, 0.7416938317710181, 0.24465794030851057
0.44075342465753425, 2.2223408523351633, 0.543932958420969, 0.1560332903160844
0.1343607305936073, 2.261019669799772, 0.8072374902075555, 0.4417759293140771
0.1867579908675799, 2.2649823921728354, 0.8112907996671984, 0.39923071208663663
0.16929223744292238, 2.2684646826764765, 0.8562388279246764, 0.411646102855173
0.1271689497716895, 2.387263794059623, 0.8729131775612619, 0.46257325233840846
0.24920091324200913, 2.4037888597543926, 0.7383869814471409, 0.3258815237440454
0.10536529680365297, 2.2761126849545192, 0.8731375139971302, 0.4822367231675262
0.16113013698630138, 2.199468927575301, 0.8802273598342191, 0.4271011099180844
0.22197488584474886, 2.201870745644994, 0.7810622285081279, 0.24228310869169514
0.1886986301369863, 2.209056012509348, 0.8083565281085515, 0.3405900922243116
0.33641552511415523, 1.9263697649245937, 0.7011247985424335, 0.2190768218970638
0.25519406392694066, 2.1006504577044485, 0.7696407231649871, 0.2804666279842954
0.11883561643835616, 2.258063569430211, 0.9065801234296349, 0.4812044186576632
0.2728310502283105, 2.182957497324165, 0.7112730353977339, 0.2568566992046044
0.23687214611872145, 2.007164876884249, 0.7813355532734403, 0.31682989969260217
0.2113013698630137, 2.402968657050775, 0.809823238983394, 0.31533382365358276
0.36404109589041095, 2.0582142868746907, 0.5985434471388154, 0.18835153182097092
0.11261415525114156, 2.324471152040546, 0.8678151622798448, 0.4405992570292663
0.14937214611872146, 2.223231578642103, 0.843025453862051, 0.43227443943659166
0.10079908675799087, 2.3571438907896547, 0.8786659303095736, 0.49242463162873207
0.1733447488584475, 2.373610364846443, 0.8114757165168851, 0.4002205822251069
0.11284246575342466, 2.3416125541612436, 0.9118190097628086, 0.5054920947963958
0.2107876712328767, 2.360480705849384, 0.8050919295828696, 0.3293464469809795
0.18881278538812785, 2.4360714554514513, 0.8378179826274298, 0.3476348306805703
0.14337899543378996, 2.262810611928979, 0.886739045262525, 0.4670753465827545
0.20702054794520547, 2.276133783757006, 0.8187920487422004, 0.3357421968825072
0.2202054794520548, 2.129099861066363, 0.8028387593477858, 0.30811201111646386
0.2713470319634703, 2.19439974337408, 0.7738437308898262, 0.2883618265784344
0.17511415525114155, 2.5011483446052765, 0.8506951338985665, 0.3917989036378999
0.2585616438356164, 2.233263114002878, 0.7906295758047973, 0.296684295624401
0.296175799086758, 2.1208980500868195, 0.770273041254837, 0.2523105748394742
0.38538812785388127, 1.8950861196437654, 0.6403932500104649, 0.20137344564811915
0.2305365296803653, 2.0219016398690197, 0.8282132138521021, 0.2957958507054915
0.3389840182648402, 2.058555381510356, 0.6933839279722733, 0.20975177177417506
0.1889269406392694, 2.2466784620972255, 0.8297763138250766, 0.3721632178950525
0.17254566210045663, 2.2846602742734565, 0.8010272147505261, 0.40031917814620777
0.25376712328767126, 2.0779846885092725, 0.7531899279826197, 0.23916293937345837
0.25667808219178084, 2.078951085341848, 0.7567289577826766, 0.2826007601780362
0.20199771689497717, 2.306225712406853, 0.8165887449146705, 0.3482213490104684
0.24708904109589042, 2.1780257066881887, 0.797266667560133, 0.3578174041343516
0.1872146118721461, 3.004741735202707, 0.82346026964361, 0.3906011941994084
0.27945205479452057, 1.9646137855912997, 0.727281534054914, 0.24841014703352948
0.321175799086758, 2.010724141669872, 0.7336192448716196, 0.23228204175231076
0.17323059360730594, 2.0434320051852426, 0.8720308339568235, 0.42325640512317714
0.2509132420091324, 1.9639365351295361, 0.8097743759897149, 0.2703853594145642
0.3144977168949772, 1.9981299946637459, 0.7197708189818798, 0.22088869775915285
0.19965753424657534, 2.2220118462154854, 0.8274153273427186, 0.3135655012904159
0.19651826484018264, 2.1881529811514566, 0.8272606199284405, 0.32722806353098194
0.1435502283105023, 2.6676992482042206, 0.8454775703611495, 0.4289133255318804
0.23230593607305935, 2.2689813210675704, 0.7774826125268168, 0.33977548404012653
0.09697488584474886, 2.5856094017556814, 0.8825692670621323, 0.500058694987198
0.11221461187214612, 2.33731878765914, 0.8960568979859999, 0.4800430538848881
0.10844748858447488, 2.3025572889743873, 0.9115709979746174, 0.3411578710843635
0.09971461187214611, 2.3904954399420246, 0.9351857494764377, 0.5226472887324556
0.195662100456621, 2.250567379621066, 0.8283234409213894, 0.32989936266277253
0.09697488584474886, 2.82647311907925, 0.8825692670621323, 0.5002718449874899
0.10901826484018265, 2.296653355450527, 0.8947077115241118, 0.4395609045226079
0.11569634703196346, 2.1606112090283878, 0.9078375398642321, 0.5000378623908798
0.1944634703196347, 2.160717429492844, 0.8199582291169549, 0.31390159441528387
0.23441780821917807, 2.0990281476958157, 0.7558868853687993, 0.2712508157946524
0.2522831050228311, 2.055706141477442, 0.7988258455668945, 0.2896398676208991
0.3245433789954338, 1.9501397019175635, 0.7323474107097474, 0.2502876606116323
0.23795662100456622, 1.9527450536569095, 0.7461800983497944, 0.29448908748439695
0.4408675799086758, 1.7607598700649933, 0.6049053375244103, 0.18378307482857337
0.3370433789954338, 1.830958738259665, 0.7097142757188198, 0.22755986309055148
0.3607305936073059, 1.8705345428629554, 0.6819146096933606, 0.23020716841939293
0.41672374429223746, 1.632857326443677, 0.6021283206837194, 0.2167281259509802
0.1439497716894977, 1.9429664204645578, 0.8425790185294193, 0.41500421364317375
0.43424657534246575, 1.654920724458295, 0.5866037333598372, 0.17061023225712701
0.5018264840182648, 1.3694094109676405, 0.5440291346536528, 0.17089595975616942
0.49275114155251143, 1.370107371673056, 0.5362427206322141, 0.17038022799699817
0.4559931506849315, 1.4700010340890453, 0.5008293649515185, 0.16682665392196305
0.46643835616438356, 1.4202399073876695, 0.557089872490865, 0.1925916430760837
0.649486301369863, 1.2549210602051863, 0.4061088795374318, 0.13176019814556347
0.6426369863013699, 1.1632895279658713, 0.3470596822360139, 0.11666484760112866
0.44360730593607306, 1.3534995961849277, 0.5003248182375721, 0.19695242595092866
0.5697488584474886, 1.3408710452791763, 0.4448989141449891, 0.16575224965552526
0.6304794520547945, 1.132342534791253, 0.41497508617582646, 0.12837569629921772
0.6085616438356164, 1.3519239470362663, 0.4358155583039814, 0.13430133064448047
0.4465753424657534, 1.739081022742132, 0.5555678253173738, 0.19067223545919304
0.36598173515981736, 1.9702664960669056, 0.6482091057258296, 0.21194440764576541
0.20445205479452055, 2.1524381123857412, 0.8133369142157236, 0.3475906654908385
0.31860730593607306, 1.9194373508430507, 0.7232017140033247, 0.26300591912340776
0.2595890410958904, 1.9111635957057822, 0.7589448412196442, 0.2577392081920127
0.33156392694063924, 1.6614046442420243, 0.668784501263716, 0.24950581077372594
0.445148401826484, 1.567518980448989, 0.5862619466891312, 0.18556557945101881
0.46792237442922374, 1.5488452021148456, 0.5899760140852568, 0.17816452144943887
0.6804223744292237, 1.1160318692406155, 0.3340831032898299, 0.10671123063762952
0.6801369863013699, 1.1247533753293153, 0.35075351611795014, 0.11028461222252757
0.5504566210045662, 1.206770353869282, 0.4946033524045269, 0.13359419634677447
0.604337899543379, 1.080627181042798, 0.4227791305659373, 0.1312336728493486
0.6485159817351598, 0.9870826642888015, 0.39516093277986514, 0.12787422262323728
0.6093607305936073, 1.110582872862464, 0.4264144956810326, 0.1275568664191951
0.5884132420091325, 1.1940298525327349, 0.43390032778258025, 0.1487308844669478
0.5029680365296804, 1.3732211380448516, 0.5528880657394015, 0.1979984686630792
0.5438926940639269, 1.547346446578089, 0.49601717596376893, 0.15368255448269738
0.3398401826484018, 1.6722603263784217, 0.6884618055084732, 0.2857717686397555
0.4291095890410959, 1.6931611164945037, 0.6183589361280427, 0.21001970282339347
0.3230022831050228, 1.828949516330799, 0.7270822370289284, 0.25737869848731976
0.5021118721461187, 1.7379677140447376, 0.543278390069386, 0.18057855081036842
0.23430365296803654, 1.9310709725470032, 0.798095165026232, 0.3433127151267854
0.4343607305936073, 2.163298581969248, 0.6027136098084851, 0.22680082968962922
0.22505707762557078, 2.1145840669739737, 0.7833286880492548, 0.313290705058022
0.20770547945205478, 2.350663033774182, 0.7986336014744991, 0.2959589932766127
0.20114155251141552, 1.9948081425982251, 0.8233577500106856, 0.3240235635583214
0.3875, 1.7744258523633762, 0.6086111185107632, 0.18028261209603855
0.4251712328767123, 1.6400533291183785, 0.5401786810515692, 0.18510287156825267
0.47442922374429225, 1.451300561979209, 0.4827808661317505, 0.160009108560093
0.395662100456621, 1.7420705735241169, 0.6574811829436215, 0.21837550591177396
0.3208904109589041, 1.842869640162138, 0.6929265864251559, 0.28387341168377594
0.26649543378995433, 2.107905690766633, 0.7529396225817793, 0.2953599086314352
0.11797945205479451, 2.201016050515926, 0.8629175430133378, 0.49103142314286274
0.32351598173515983, 1.8985973813150028, 0.6179691285556441, 0.2673374887923589
0.10610730593607307, 2.0923785810465136, 0.8735797730296346, 0.4900976460956011
0.2684931506849315, 2.0922626670228834, 0.7717831432971256, 0.3140169574109533
0.3704908675799087, 1.9520286503379747, 0.5695072703761261, 0.18006237410213566
0.3230022831050228, 1.9735036803911266, 0.6738443541268835, 0.2698185127387249
0.28978310502283106, 1.8890307469387033, 0.7166763395782683, 0.2586827950205956
0.29069634703196345, 1.9433856690668216, 0.6794573830095745, 0.23463015306530188
0.5199200913242009, 1.7776616134531966, 0.48541236619581907, 0.1357083093930105
0.33812785388127853, 1.9339269456730042, 0.6233164063017953, 0.19976507826543213
0.2202054794520548, 2.0548464201118577, 0.791136235210844, 0.32751811598502684
0.28207762557077626, 2.0026042740809045, 0.7135749329285597, 0.30746229546656756
0.3158675799086758, 2.042889243207838, 0.697094686078534, 0.2233912854873895
0.20970319634703197, 2.068205242001847, 0.7560498201440494, 0.3568526158174384
0.2740296803652968, 2.130872172777239, 0.678901849853883, 0.25313281547498645
0.30827625570776257, 2.197978898399769, 0.767664770935753, 0.25121944398919316
0.38396118721461187, 1.9270982302180981, 0.6161585109928673, 0.1755751572031636
0.26449771689497714, 2.0254221075882106, 0.7228673193695117, 0.3256879731097319
0.295662100456621, 2.0604386678229183, 0.7048310288358551, 0.32148652796937277
0.21969178082191781, 1.9293794704252454, 0.7930382559832306, 0.3228779678100889
0.4714611872146119, 1.8613132570126014, 0.5724036458467272, 0.1573482411272707
0.29263698630136986, 1.8832108939109056, 0.7137076646431088, 0.2518615452622031
0.3319063926940639, 1.9304935464465387, 0.7144961980430656, 0.2288557835448563
0.454851598173516, 1.5952333511087244, 0.6031095042703409, 0.1792296554903733
0.28544520547945207, 1.894668329922593, 0.727033820723693, 0.261398087345554
0.4110159817351598, 1.6109763751529396, 0.6114785459532542, 0.20012303812915558
0.4523401826484018, 1.5760940993536416, 0.5409428870164349, 0.22836937618773911
0.3396118721461187, 1.66343312873824, 0.6798921148980726, 0.22736333198174216
0.48567351598173514, 1.4777978915568084, 0.5623267848196649, 0.17946067448209363
0.3916095890410959, 1.542952993433055, 0.6026795942912075, 0.24145567843855376
0.4429223744292237, 1.4939498643828855, 0.6024529432484098, 0.19897050528010282
0.46757990867579907, 1.667921540678636, 0.5072857863739499, 0.16453744266187498
0.3224885844748858, 1.8055053260857792, 0.6124981228093336, 0.25112909407811845
0.4160958904109589, 1.6993373419868347, 0.5831300715875973, 0.20329937224113837
0.40587899543378997, 1.7164264078894163, 0.5896588861000055, 0.22423915454711893
0.5718036529680365, 1.4279179363626324, 0.4561298657623442, 0.14939604698090345
0.33116438356164385, 1.6106481946685849, 0.6896725234307871, 0.2587295961444042
0.40176940639269404, 1.484695282634603, 0.6142193030071482, 0.22967638653949457
0.4466324200913242, 1.4629275680183684, 0.576588564975464, 0.19071858517899667
0.5957762557077626, 1.2596149269944337, 0.4425754039878021, 0.1375515167383123
0.47876712328767124, 1.415179001847835, 0.5725369584979887, 0.2058045610349828
0.6404680365296803, 1.079226608632226, 0.37240238039957446, 0.1101834192439672
