acuracia,loss,frr,fpr, removed, n_clf, tp_removed
0.08695652173913043, 2.2991601543396896
0.2505175983436853, 2.1654253095141605, 0.8509569478547339, 0.3753840609683406, 0,0, 0
0.2639751552795031, 1.9724617858666071, 0.8427086317514048, 0.35829271806465335, 0,0, 0
0.19409937888198758, 2.048134030145641, 0.8720433333193276, 0.4301504500798309, 0,0, 0
0.40631469979296064, 2.2150853698915083, 0.73981217297104, 0.2455404900886868, 0,0, 0
0.19409937888198758, 2.250401354092125, 0.8720433333193276, 0.4289231657931567, 0,0, 0
0.2696687370600414, 2.004743780053797, 0.839285040092519, 0.34748563017494505, 0,0, 0
0.4730848861283644, 2.0624346925759416, 0.6362901713700578, 0.22515940406928467, 0,0, 0
0.5056935817805382, 1.6437125699459643, 0.6827730130752222, 0.19617549194359152, 0,0, 0
0.32712215320910976, 1.94901290582975, 0.803809919469453, 0.29132634585701744, 0,0, 0
0.5471014492753623, 1.4078551290815169, 0.6560416056836689, 0.1899448812369453, 0,0, 0
0.26242236024844723, 1.9650171495950925, 0.7623357524848132, 0.2783052169160512, 0,0, 0
0.6066252587991718, 1.2079696076677238, 0.4984088866801631, 0.1563742145010321, 0,0, 0
