acuracia,loss,frr,fpr, removed, n_clf, tp_removed
0.084, 2.3009686923623085
0.1875, 2.5842362831234933, 0.8848389999873948, 0.4283305054804014, 0,0, 0
0.3845, 2.4109426751136778, 0.7739287026925392, 0.2637181730287038, 0,0, 0
0.243, 2.050298959761858, 0.862920076598672, 0.38488252249735927, 0,0, 0
0.12, 2.2784215742349625, 0.7855813463175395, 0.3747237993707553, 0,0, 0
0.2355, 2.581357292339206, 0.8074535626663991, 0.28949835974206783, 0,0, 0
0.176, 2.0177769436985256, 0.8962587618751121, 0.4270692544478735, 0,0, 0
0.243, 2.349566030584276, 0.862920076598672, 0.3822272844607082, 0,0, 0
0.2495, 2.3575795467942955, 0.8048101566585549, 0.29606568197602706, 0,0, 0
0.246, 2.126337256409228, 0.8589133240377436, 0.37510236400280494, 0,0, 0
0.333, 1.8478882525637745, 0.7805608562266994, 0.299338474025435, 0,0, 0
0.4655, 1.7255677529722453, 0.7233542549963555, 0.23413082036642874, 0,0, 0
0.5065, 1.5167464907951653, 0.6991752863966346, 0.20217189306224842, 0,0, 0
0.565, 1.4189034613743425, 0.5578445198444202, 0.18026976955183724, 0,0, 0
0.5185, 1.418910054385662, 0.5278666261876064, 0.17179827753934943, 0,0, 0
0.5315, 1.3668187109716237, 0.564403092548292, 0.17125494646365969, 0,0, 0
0.5145, 1.4573547204509378, 0.5339741267935756, 0.17421973856378256, 0,0, 0
0.724, 0.9169762242659927, 0.37677212219013423, 0.11812144268253984, 0,0, 0
0.7025, 1.0007191790957004, 0.3786522953521766, 0.11363587827412047, 0,0, 0
0.709, 0.8941497799495701, 0.32604170254569875, 0.1101288252201535, 0,0, 0
0.7315, 0.7722642331509851, 0.3614746302397694, 0.11381072517514293, 0,0, 0
0.76, 0.7677330805417151, 0.3252355855646991, 0.10757949924518742, 0,0, 0
0.7475, 0.8526698709363117, 0.3268172812060394, 0.10790716603757496, 0,0, 0
0.6645, 1.0321937968488784, 0.3010721156563996, 0.1004458869857651, 0,0, 0
0.779, 0.7729046663349727, 0.25294129694430667, 0.08874499953243836, 0,0, 0
