acuracia,loss,frr,fpr
0.06069083642592064, 2.312827775221772
0.12640593776762774, 2.293057801496836, 0.8616194523133464, 0.3396603783823112
0.17076791321724236, 2.6241987696484843, 0.8503997677638819, 0.4332048391569813
0.14456180416785613, 2.264669078920284, 0.8633221124799373, 0.4239250539808455
0.2568655438195832, 2.2670822422605834, 0.7661726816379294, 0.22220735686080156
0.22032543534113616, 2.269660525658183, 0.7946358013448281, 0.24364870779163378
0.20371110476734228, 2.8935789981723476, 0.8198526706276492, 0.2996270058044221
0.21684270625178417, 2.7346042475239605, 0.8073051647463855, 0.2934649201263092
0.29426206109049385, 1.8938438285292132, 0.7322573333615213, 0.23472246629151713
0.44493291464459034, 1.5241524688178494, 0.5636981380372588, 0.176621926455271
0.38064516129032255, 1.7081937715798285, 0.6488343909816243, 0.21513137204212662
0.34147873251498717, 1.8207599921909177, 0.6784420084542347, 0.2316066416035914
0.566257493576934, 1.232648349773057, 0.42179647898061157, 0.14678083155112454
0.6143876677133885, 1.172252006610138, 0.38757699666116924, 0.1255551863658137
0.6196974022266628, 1.3890208072111738, 0.39099163774952883, 0.12058634947655392
0.40787896089066517, 1.6880160128665318, 0.6066616087628965, 0.18469762843504958
0.19303454182129604, 1.979975023720219, 0.8190903221040271, 0.4099710385293548
0.3312589209249215, 1.9120379093712205, 0.6572718625388452, 0.2636669827617123
0.15209820154153583, 2.2163858897237483, 0.861180432090776, 0.41728154521063743
0.44601769911504424, 1.4961084533428555, 0.5266159326690345, 0.1924077595258677
0.5177276620039966, 1.5882019709696813, 0.4536519125792311, 0.16501287656949032
0.26223237225235513, 2.0201578354447562, 0.7582416459585157, 0.3165048366438695
0.3710533828147302, 1.815112213475208, 0.6355692816225995, 0.20260864835125542
0.40376819868683983, 1.6178495156145627, 0.5638714695159195, 0.1748944686501915
0.5616899800171282, 1.2099419881795224, 0.4420674858958023, 0.15125966948402014
0.6561804167856123, 1.1107100401244911, 0.3573824896872241, 0.11733038565948475
0.43768198686839854, 1.4572151535763047, 0.5798857301202771, 0.18875482851902808
0.5467884670282614, 1.8021553602417366, 0.4725925395277802, 0.14973570559237354
0.3398230088495575, 1.7041742870408128, 0.6658783959763018, 0.21526127714663978
0.3798458464173565, 1.8195739840022538, 0.6317798529523524, 0.19702729401249658
0.5170425349700257, 1.4018262049650638, 0.4962884607131155, 0.14146988245544284
0.5116757065372538, 1.365820161350414, 0.48057177808253704, 0.14261789585506152
0.3474735940622324, 1.7418846381167516, 0.6608552073635274, 0.23319966647690213
0.7043676848415644, 1.0325443474032983, 0.29753490207190436, 0.09641397865416926
0.40787896089066517, 1.8111149449706452, 0.5886734607123689, 0.252770246511551
0.3338281473023123, 1.632812008626659, 0.648971347615531, 0.2641829239922549
0.5614045104196403, 1.6915145365878101, 0.4572205010131383, 0.12852426331396266
0.46080502426491576, 1.56427327412862, 0.5148036171231501, 0.16297393770010504
0.4785612332286611, 1.5402648856596983, 0.5158237360761584, 0.16366535249731334
0.49386240365401085, 1.2790117439234594, 0.5076464770390442, 0.17153634367612308
0.7289751641450185, 0.9988471251639373, 0.27221410222442277, 0.0927495053336688
0.5558664002283756, 1.964450274070535, 0.431612415243025, 0.15699523683478828
0.09940051384527548, 2.173633828484396, 0.903737908925472, 0.4536320487362577
0.09911504424778761, 3.6510425845123327, 0.9040923873955423, 0.45874626522536877
0.25246931201827005, 2.230389390242226, 0.7382552787266716, 0.3183888599260179
0.15158435626605765, 2.3049920200586933, 0.8561639831857659, 0.3537013920358434
0.21792749072223808, 2.1113570883925425, 0.7825903746738633, 0.32977568534062807
0.24270625178418498, 2.5236593785802874, 0.7606639657436671, 0.32247554232684555
0.3689980017128176, 1.6426484362141698, 0.6377465470770208, 0.19169296474124203
0.4215244076505852, 1.6245163205055009, 0.5895774029240857, 0.16508015491302594
0.41455894947188127, 1.7714744141943755, 0.6049848886019397, 0.205665277503446
0.36031972594918643, 1.8225657977548764, 0.6119165538672366, 0.20658168056441656
0.1864116471595775, 1.8047317743397102, 0.7928250442449806, 0.3670688055852523
0.5430773622609192, 1.3405170931455037, 0.42968063754780667, 0.13525202287059457
0.671081929774479, 1.1106262379957885, 0.32054844021427076, 0.103159569202633
0.48506994005138454, 1.9545016593399505, 0.48783426241402134, 0.1411770613555125
0.18172994576077647, 2.0338930059697606, 0.8363914770456985, 0.3340686487315786
0.2385954895803597, 2.364494837531695, 0.7784702674936731, 0.36437729418245923
0.45201256066228945, 1.4777122777239309, 0.5747943629094563, 0.15521893200572018
0.508821010562375, 1.2951879143459675, 0.5083080503512485, 0.15050223360633191
0.3516985441050528, 1.665376953847011, 0.6580595074341152, 0.26079806338852046
0.561575792178133, 1.1303693803953012, 0.4372543976851294, 0.15076887665104938
0.664801598629746, 0.9737842708307098, 0.33245427789332777, 0.10134661395982927
0.4553240079931487, 1.3339858820837904, 0.5609825864645586, 0.17560507110884296
0.7032829003711105, 0.9862232129747548, 0.27993078767179835, 0.09942882280963236
0.657151013417071, 0.9851392034221097, 0.35671101806099736, 0.1139630041054783
0.6266628604053668, 1.0229992202240383, 0.39124811242522844, 0.12805880926908048
0.7123608335712247, 0.8635120937343906, 0.29055876436900624, 0.09602920865592335
0.7277190979160719, 0.7975732431262349, 0.2679551654125686, 0.10083374622214854
0.6871824150727948, 0.8534203309626399, 0.29853697424871617, 0.11179273448863222
0.7508421353125893, 0.8019169552967935, 0.23712056219371885, 0.09064853811954485
0.6230088495575221, 2.1622078243950384, 0.3691279699758896, 0.126571027000135
0.38464173565515275, 2.143562721471054, 0.6402627291267977, 0.18794806927936428
0.2678846702826149, 2.186843675420926, 0.7374079366357064, 0.23059357253923368
0.11041964030830717, 2.516015707279252, 0.8923962870852191, 0.3714144545132788
0.2920353982300885, 2.3634609331820577, 0.703517891438218, 0.2754757257553774
0.33565515272623464, 1.7779145101224085, 0.6772298104327905, 0.22570618230994074
0.354210676562946, 2.096555947337343, 0.6578970092807765, 0.23759152853434612
0.5302883242934627, 1.450301038429392, 0.48963845961316704, 0.1336737028271328
0.574707393662575, 1.27546188489832, 0.4564098746224854, 0.12280986998836547
0.523437053953754, 1.5325275469125763, 0.4829439204089761, 0.14791055324286786
0.37830431059092207, 1.592907493138463, 0.6255312526916634, 0.19169346651193783
0.673765343990865, 1.2073556363021105, 0.3166718944269348, 0.10153186625165674
0.5558664002283756, 1.3705165250783575, 0.45234234012567703, 0.13911955845000085
0.7244647445047102, 1.6109774636773087, 0.26404123687417536, 0.08595332527072784
0.3519840137025407, 1.7737213842942992, 0.634398726235203, 0.21968155958127392
0.4919212103910933, 1.363043669447656, 0.5100838533515148, 0.17682037914125764
0.6749643163003141, 1.2092889040138528, 0.34359118686602597, 0.11681463122571037
0.6533828147302312, 1.146764233249819, 0.3580625324824046, 0.11946533419613167
0.5926919783043106, 1.1000747388289922, 0.4043962184130809, 0.13406819520423477
0.5104767342278047, 1.3966788940809087, 0.4951121775816514, 0.16379487929078412
0.4775906365972024, 1.441576097365187, 0.547310987565618, 0.15199789815636028
0.5752783328575507, 1.9265394601146733, 0.45100799982431355, 0.1298424118811668
0.09911504424778761, 2.49200523363848, 0.9040923873955423, 0.45255631620815
0.4315158435626606, 1.735958556280863, 0.611562278257856, 0.17219914683018908
0.46051955466742794, 1.5374645767886062, 0.5504561969360163, 0.19008577732169535
0.3920068512703397, 1.646478444391443, 0.6059041323039456, 0.16991116193607822
0.451270339708821, 1.557373518713059, 0.5575450385986309, 0.1663082747206029
0.5318298601198972, 1.265938012330848, 0.4622638494592981, 0.19055847119267896
0.4276334570368256, 1.4673456276455097, 0.5693743724114392, 0.2089401914917488
0.6771909791607194, 0.9996962456636146, 0.31561303498125964, 0.10445865680551081
0.10665144162146731, 2.3025821874320695, 0.9097412249073136, 0.31914914065766953
0.09962888952326578, 2.792847660491033, 0.9145053685436, 0.47769225053962894
0.17984584641735654, 2.348461481948393, 0.8297759157111431, 0.2877186388064118
0.3638024550385384, 2.2223522974564762, 0.6209360068117256, 0.1890773622228868
0.2439623180131316, 2.0161933788053994, 0.7843284534491667, 0.2754017714404625
0.4146160433913788, 1.5879468966340324, 0.5488144167760913, 0.20111994851656417
0.43648301455894944, 1.7297174367229495, 0.5599515014174278, 0.18195418376705844
0.4448758207250928, 1.7044199304957748, 0.5473140495526128, 0.16763495749532747
0.4047387953182986, 1.6369597861622525, 0.5821507397554675, 0.17882108955017414
0.2613759634598915, 2.014130034189445, 0.7529063828818079, 0.2835047011357417
0.5331430202683414, 1.5657327702751236, 0.4777270114735508, 0.14028142216530332
0.4043391378818156, 1.6395586097168984, 0.6136300902432459, 0.1791062626449665
0.3798458464173565, 2.0087821097976986, 0.612837271783847, 0.2333924354705478
0.20736511561518697, 2.155146720121494, 0.790305708866607, 0.2990032154537402
0.306423065943477, 1.9241682702393115, 0.6884802955194121, 0.23213578637758117
0.3570082786183271, 2.248493404807685, 0.6152678166611661, 0.19960081964760817
0.1088210105623751, 2.2537064768946107, 0.8876580199442001, 0.40988000750613096
0.10088495575221239, 2.2789932012285736, 0.9122772797801442, 0.452921537647053
0.11218955181273195, 2.296865312909522, 0.8998711504616675, 0.4522648584624963
0.09717385098487011, 2.3114721753411454, 0.915068829813037, 0.46294566212721244
0.10082786183271482, 2.337089947676815, 0.9123138294877465, 0.45884982036498556
0.10134170710819297, 2.4134455664308283, 0.8648718936808178, 0.46209142885062393
0.1821296031972595, 2.8241675087223386, 0.8227956628005583, 0.3369187465187911
0.20182700542392235, 3.0131246733386416, 0.8000190581863242, 0.2897119076282141
0.09911504424778761, 3.98756562298897, 0.9040923873955423, 0.4539972043108372
0.2101056237510705, 2.22572449359627, 0.7666959631087711, 0.3180465419715155
0.23140165572366542, 1.9298889855129733, 0.7657471290541507, 0.3094810534395927
0.25532400799314875, 2.157695936809565, 0.7563957129098601, 0.2610476143067555
0.1015129888666857, 2.345169667713716, 0.9114086486727444, 0.4581290517303686
0.180188409934342, 2.472738763681487, 0.807733718070681, 0.3487946666789222
0.3549528975164145, 1.8483421022708912, 0.620177730245129, 0.1928923301462204
0.2459035112760491, 1.9812659057249111, 0.76483163994297, 0.2572717756456061
0.35403939480445334, 1.7035931380381082, 0.6408215587220718, 0.2029187764953527
0.42683414216385956, 1.6196375286914333, 0.5709954881302105, 0.19233803780658978
0.2834713103054525, 1.9857928663058313, 0.7334130404180585, 0.29075487523010024
0.18863831001998288, 2.279749082171369, 0.826927245663696, 0.28714249909244155
0.2099343419925778, 2.313097037831409, 0.8023239714346377, 0.36632481972275094
0.18612617756208963, 2.0526362261362427, 0.8380532824596113, 0.2958888617997733
0.3675135598058807, 2.214910790677279, 0.6268133028881528, 0.16628579891810957
0.1499857265201256, 2.528632135824105, 0.8611913058551834, 0.3172633686456822
0.2600057093919498, 2.202924800385348, 0.7491338542685628, 0.23664224133939057
0.2814159292035398, 2.185715499000484, 0.7022605705778366, 0.26559924214816366
0.3123037396517271, 2.127739788320042, 0.6814194704030899, 0.203657343091575
0.14467599200685127, 2.6938520642559496, 0.8664222844607756, 0.41971478514299665
0.27850413930916357, 2.294428296315306, 0.7289589138490605, 0.23522181308426596
0.43802455038538396, 1.5769911770050844, 0.5588838642406462, 0.16117510930073986
0.35398230088495575, 1.816826152012003, 0.6328501035042151, 0.22510865804355587
0.24995717956037683, 2.136656366107874, 0.7521110191317626, 0.29295767137814976
0.15466742791892663, 2.543670668887507, 0.8491342703297008, 0.4127396406316454
0.2650870682272338, 2.0766653312195245, 0.7264377862481747, 0.26814364577104405
0.10579503282900371, 2.183970204520627, 0.8986043381101683, 0.4083353503304397
0.1256637168141593, 2.2595201714325386, 0.884607874502605, 0.4474873148277611
0.09951470168427062, 2.3234116614494464, 0.9126887825830213, 0.40211057608272727
0.10082786183271482, 2.4464095959212826, 0.9123138294877465, 0.45878477731706846
0.10373965172709107, 2.5035048642261963, 0.8861268920362292, 0.39231246926300806
0.15209820154153583, 2.1646505781558116, 0.8448406447963434, 0.3580247041842636
0.14644590351127604, 2.390406050036847, 0.8743072919981918, 0.36696028809313114
0.1381101912646303, 2.4445377204406613, 0.8617847035150697, 0.3983420003686288
0.3587210962032544, 1.9590747997687947, 0.6482305143615233, 0.17874138285535848
0.325834998572652, 1.7880630020546702, 0.667249674928096, 0.23868230838736126
0.44573222951755637, 1.589792368533167, 0.5557160164136898, 0.18960726580096882
0.4015415358264345, 1.5824080865314407, 0.5827383914411585, 0.21708114643542645
0.35403939480445334, 1.8504760439195804, 0.6566701311956983, 0.22251120561971507
0.2736511561518698, 1.9156809319386032, 0.7233494505542579, 0.3064717501445723
0.4564658863831002, 1.6533459989013177, 0.5332289489009062, 0.19477666098817512
0.22061090493862404, 2.2824304625069733, 0.7832745419005291, 0.28050563586547433
0.29580359691692837, 2.2010272089699288, 0.6890610214546593, 0.2769934175017909
0.09911504424778761, 2.5153050407354676, 0.9040923873955423, 0.4551789668774022
0.293976591493006, 1.9452636824789435, 0.6820620956876168, 0.2375133411757576
0.2259206394518984, 2.1280200431593954, 0.7730957180751642, 0.25832785262922914
0.2497858978018841, 2.3673717421257527, 0.7681084005501639, 0.26290959746086434
0.17202397944618897, 2.5497703454237883, 0.8298287078956742, 0.2908385914470334
0.3256637168141593, 2.1573911229984915, 0.6904096619984805, 0.2373806185525918
0.1773908078789609, 2.3445199601758455, 0.8379600846053711, 0.40927220483410975
0.22883242934627462, 2.175140026416773, 0.7922302567783315, 0.35044044194331514
0.2585783614045104, 2.256323131043469, 0.7486346493088984, 0.28350816880439644
0.09911504424778761, 2.3175946651238766, 0.9040923873955423, 0.4523299966361442
0.1447901798458464, 2.296716454871001, 0.8595510114233542, 0.41376485530686785
0.09911504424778761, 2.3314434845720466, 0.9040923873955423, 0.4542861114799256
0.1504424778761062, 2.6608805643909834, 0.8484193533420141, 0.3804318339032107
0.09774479017984584, 2.854684559706106, 0.8849430205824182, 0.3915930388822416
0.1366257493576934, 2.2520584532168466, 0.8563135049895259, 0.37492121326414146
0.13177276620039965, 2.3291043207980957, 0.8648652075639269, 0.3577444599909678
0.34039394804453327, 2.047285004959357, 0.6802482593757845, 0.19754388960686467
0.2627462175278333, 2.0367700183898627, 0.7544083181383012, 0.276451160722146
0.16174707393662574, 2.171653584909208, 0.8489852022018439, 0.4121838340336149
0.2728518412789038, 2.033515232864394, 0.7390357763515094, 0.2378132207866353
0.2316871253211533, 2.190361900702906, 0.7680713093460187, 0.30502026450464403
0.3394804453325721, 1.8224109547498257, 0.6242545149705501, 0.20926942783759023
0.27524978589780186, 2.1062076654973247, 0.7190212693887835, 0.255391591282713
0.16100485298315728, 2.225942232143937, 0.8585421048654652, 0.3918438869866837
0.23528404224950042, 2.0489800251486505, 0.7218760170276032, 0.2300602285569176
0.1418212960319726, 2.263934270470543, 0.8578852247769282, 0.3342262846842155
0.1053953753925207, 2.346214080544291, 0.8850404698967829, 0.4248789639564863
0.28872395089922925, 2.1659924125181345, 0.7301932332431306, 0.23650942532219338
0.16991150442477876, 2.1965438286236547, 0.8386529230132315, 0.3791832428868569
0.2997430773622609, 1.953677204738778, 0.6873043934433437, 0.2480380864815804
0.3629460462460748, 1.716557861208201, 0.603719043356744, 0.19418790502897892
0.4237510705109906, 1.984230195029681, 0.5649988579972888, 0.16184541119191292
0.13868113045960606, 2.0977873846969364, 0.8519090223856475, 0.4131623576904798
0.298258635455324, 2.125515785205034, 0.7311642286852764, 0.2532133751134066
0.08546959748786755, 2.3065159071863226, 0.9236758551382801, 0.32225586859608724
0.11007707679132173, 2.3220686862239353, 0.9029743587764376, 0.4396608093876474
0.09717385098487011, 2.579915572880269, 0.915068829813037, 0.4624195420988575
0.0965458178703968, 2.3030684388299822, 0.892985046302565, 0.46357827844440475
0.09152155295461033, 2.435928895941061, 0.918345239081866, 0.4751916403573951
0.19012275192691977, 2.2607413298465033, 0.8328965658669054, 0.41008010359287905
0.09911504424778761, 2.760100280118948, 0.9040923873955423, 0.4546456574411498
0.19925777904653155, 2.413938883332365, 0.8159809577950338, 0.34682705235827804
0.3165286896945475, 2.0158039964924805, 0.675279773959838, 0.20574565615764778
0.2793605481016272, 1.9664662350552986, 0.7427640855099125, 0.22817602101706336
0.4510419640308307, 1.7449110664625083, 0.5589084722015651, 0.15453478322886097
0.40502426491578647, 1.5806469913949601, 0.6247683459801335, 0.20686806788217585
0.4669711675706537, 1.4316866184985453, 0.5558684950034845, 0.1561483640005742
0.5664287753354268, 1.1723197165163046, 0.45534724385550174, 0.14211288841683262
0.5493576934056523, 1.2392043011099507, 0.45863912514232297, 0.1383433350235291
0.5318298601198972, 1.2380740512903476, 0.4948390487045581, 0.1346001075960306
0.586069083642592, 1.3352076209301, 0.4190766880385488, 0.12273994212421502
0.42603482729089354, 1.66907558913688, 0.5923492791577532, 0.17036238747969026
0.5845275478161576, 1.1517075256562823, 0.4370871734235262, 0.1307186603202962
0.5901227519269198, 1.0654063284692767, 0.3887286380902931, 0.15066234642594983
0.6879246360262632, 0.9362189535743363, 0.3195194445905657, 0.10164160918897185
0.7081929774479018, 0.8283875560208777, 0.2935227913705455, 0.09859117733824989
0.7459891521552955, 0.7516555659385739, 0.24489448811705167, 0.08373093640248457
0.613531258920925, 1.3198522643041788, 0.40540054769682843, 0.13219136680531934
0.3872109620325435, 1.5495135882178648, 0.6273246302232584, 0.22847179594396777
0.5950328290037111, 1.1942066196149124, 0.4110355673860561, 0.12186176237916475
0.657151013417071, 0.9911684847933214, 0.35648264022513493, 0.11233482617311123
0.48615472452183844, 1.3261402265422095, 0.5216614056843902, 0.17887968168618734
0.6848986582928918, 0.9477651556566922, 0.3340885703942264, 0.10266228459723441
0.620610904938624, 1.009439407815333, 0.4037814143063036, 0.1291618359607311
0.5570082786183271, 1.667192980629221, 0.47266706598497316, 0.1505056178401094
0.377105338281473, 1.4098411977563352, 0.6373015652399523, 0.22517129911919595
0.37898943762489296, 1.90284687757424, 0.6191656933179418, 0.19914950132357717
0.4581787039680274, 1.6627708376236654, 0.5647697696117199, 0.17087731822417104
0.48952326577219524, 1.4640231908269519, 0.5091234933736473, 0.19834370991965525
0.5111618612617757, 1.3829071809913376, 0.4796970055375622, 0.14302758342645916
0.782871824150728, 0.8326076082815077, 0.20985851566824526, 0.07570574507245323
0.690094204967171, 0.8751387400152238, 0.31414017123839205, 0.09968013368310949
0.7498144447616328, 0.7509205624800417, 0.2334653172122442, 0.08244114356130613
0.5723665429631745, 1.174975546600221, 0.4365678654302897, 0.15264461133204313
0.37168141592920356, 1.669571273857071, 0.6494257504028187, 0.19313948890493554
0.329717385098487, 1.8493421372165517, 0.6997593253628567, 0.21250989493963193
0.6234656009135027, 1.112667964155542, 0.38432876607505506, 0.1208726313143037
0.2793034541821296, 1.747350910512713, 0.6979406627105427, 0.33992347678678536
0.5708250071367399, 1.1383237352400652, 0.4352572082110407, 0.1631287218651183
0.6376819868683985, 1.1127311007745293, 0.3741115961296565, 0.12736862863019136
0.6094775906365972, 1.3730663064511, 0.411919690139695, 0.13657074974547692
0.48113045960605194, 1.828558086654713, 0.5246040521655104, 0.17720272045037008
0.39257779046531543, 1.6751343601998212, 0.609167894153369, 0.18920112119332763
0.36894090779332, 1.7432639228372004, 0.6085849188452597, 0.2071214957582578
0.3847559234941479, 1.6725721626325298, 0.6352788746589997, 0.20945452326144057
0.5216671424493291, 1.5184540094595584, 0.5122324995205807, 0.17058759728412676
0.4394518983728233, 1.786045634835031, 0.5790863391517087, 0.21753688649404448
0.3854410505281188, 1.808914961680119, 0.5868431083033944, 0.1898321447838764
0.3521552954610334, 1.9411662192743504, 0.6656754646204025, 0.20057762694777032
0.16574364830145588, 2.7062848908781514, 0.8417820081523549, 0.3964742455668026
0.43437053953753924, 1.8504709515092104, 0.591128258594027, 0.16747422542839957
0.5012275192691978, 2.0222260399882943, 0.527141591562571, 0.15153872789711378
0.37858978018840994, 2.0329202782246782, 0.636559019588508, 0.17672988531740985
0.35752212389380533, 1.8302756155554716, 0.6668919772410703, 0.199763195103397
0.44687410790750787, 1.3725401097077525, 0.5717503716899343, 0.161146796663675
0.2459035112760491, 2.0407669938430764, 0.7565412892132505, 0.25340568379983835
0.19646017699115045, 2.0280036486355604, 0.7760944726653517, 0.28705509416195657
0.30682272337996, 2.043474426570362, 0.6681056495566682, 0.23405934045886675
0.29774479017984584, 1.9050759289440278, 0.6872096827448729, 0.26351351442027326
0.33788181558664004, 1.9184022467280333, 0.6629519307912697, 0.22376858939561134
0.3991435912075364, 1.9836528357117305, 0.5566878695783942, 0.22649467188581482
0.15529546103339995, 2.5628581228403067, 0.8414311988163876, 0.35729944197041785
0.35015700827861834, 2.1962242651353248, 0.660041743117375, 0.23010253983390397
0.24076505852126748, 2.1850644655470384, 0.7607750557045808, 0.2514110383579336
0.4907222380816443, 1.6848323013998256, 0.5154032777796045, 0.1546121467611692
0.5369683128746788, 1.6088364701389484, 0.4591546212992544, 0.1460179082118891
0.4068512703397088, 1.6658075225138849, 0.617281801308126, 0.18900281687423617
0.22032543534113616, 1.967541831234949, 0.7761194256829691, 0.30712000789190785
0.40593776762774764, 1.8178962423261695, 0.6139833609255236, 0.1768646774289524
0.3514701684270625, 1.9104661015163582, 0.6464305608880779, 0.1966787398116119
0.5829289180702255, 1.3610415197936527, 0.4265557469794704, 0.12378259856017745
0.5745361119040823, 1.1971222936647672, 0.4259399492782722, 0.12176036361940512
0.33959463317156724, 1.7829646545173847, 0.6666516293509012, 0.29206958502854513
0.40844990008564086, 2.099002262037072, 0.5824758922284387, 0.18144924309722027
0.15278332857550672, 2.2691891661787453, 0.8570475727993493, 0.4229271280068289
0.24830145589494718, 2.312290270792019, 0.7640367491223533, 0.22525191550327728
0.09911504424778761, 2.3772254284231997, 0.9040923873955423, 0.4539036572738654
0.180188409934342, 2.7963987281517815, 0.8341170278409804, 0.30996548807105984
0.21090493862403653, 2.204508157964778, 0.8066932191407009, 0.3312933689461522
0.20119897230944905, 2.403798008927304, 0.8146028377581939, 0.3683617536589584
0.2705680844990009, 2.074828767061846, 0.7552347359022132, 0.2709491988000005
0.22729089351984014, 2.1205342752267184, 0.7423094266149488, 0.3253991862223309
0.2487582072509278, 2.1751896807884035, 0.7116232097681328, 0.23788172232754956
0.36517270910648014, 2.1961243493128872, 0.6202630486601964, 0.21289355600844012
0.44778761061946903, 1.643256646832874, 0.572544823771638, 0.1636923468047765
0.5064801598629746, 1.3467555023076838, 0.48229565709510097, 0.14328272321786167
0.37230944904367685, 1.5881939340149918, 0.6464932081957446, 0.2406696435020575
0.41975449614616045, 1.751327956223963, 0.5905037067684034, 0.19023920511723152
0.5078504139309163, 1.3567055404866861, 0.47791513093668164, 0.1953476711716361
0.6703968027405082, 1.4216994205339275, 0.32531565827503117, 0.10822184819179965
0.37476448758207254, 1.7784713186706487, 0.6485465384670547, 0.21258187494471295
0.6428204396231801, 1.1004759919603415, 0.34661196589897414, 0.11844167315208554
0.5091635740793605, 1.4474586567094658, 0.49369003778639725, 0.15715121993933795
0.28626891236083357, 1.626962191464984, 0.7213018141332167, 0.2942052217177052
0.387153868113046, 2.140780841143785, 0.5950455101788303, 0.17470368958710175
0.0659434770196974, 2.305750848986304, 0.9223558550634541, 0.3080827878123992
0.10082786183271482, 2.6219553232397175, 0.9123138294877465, 0.4598834395407739
0.22660576648586925, 2.5229934930495115, 0.7922499552010703, 0.29870122849834313
0.20262632029688837, 2.5053085125602044, 0.8223052574523665, 0.37996165043571783
0.1902940336854125, 2.257417316892608, 0.8331016339651957, 0.39745390698196814
0.16071938338566943, 2.1041972090848815, 0.8496703509167546, 0.28238131537438554
0.28438481301741364, 1.981634420617594, 0.6932788970573501, 0.3341041930302868
0.22786183271481586, 2.181132487164475, 0.762446928703028, 0.3229931345839564
0.1006565800742221, 2.2888042984912644, 0.9118115232616797, 0.454283042166357
0.09911504424778761, 2.5267725004661163, 0.9040923873955423, 0.4537426246456359
0.09962888952326578, 2.6137338732230195, 0.9145053685436, 0.4757709333344902
0.2944333428489866, 2.251965949877718, 0.7306916532729586, 0.2812139855903802
0.12766200399657437, 2.842781967237749, 0.8824359626656373, 0.4408172133021032
0.19189266343134456, 2.26511302762395, 0.8314065300460156, 0.3334630223149683
0.3232657721952612, 1.9398925372814404, 0.6823296769797469, 0.19422032521542432
0.38070225520982015, 1.8823850384038958, 0.6390979209138201, 0.17764682126938514
0.3579788752497859, 1.9459687056862691, 0.637468246215622, 0.191067497698426
0.3513559805880674, 1.8250714564983619, 0.6475045438218758, 0.21825221580458107
0.5912646303168713, 1.492271318535719, 0.4017222229442135, 0.12323387869299929
0.36905509563231514, 1.6013637323414227, 0.6552415659231354, 0.19743589970766115
0.43825292606337424, 1.3763447549897043, 0.5716201508927397, 0.1784419188595048
0.4336283185840708, 1.556669694637439, 0.551869392664716, 0.20473611660982596
0.39132172423636885, 1.708508483681412, 0.6035067379346724, 0.22686055316910894
0.5249214958606908, 1.3598090915068402, 0.4890040622781335, 0.15704130157548485
0.3453040251213246, 1.6758895257860635, 0.6497734166559258, 0.25388853589138777
0.44150727947473595, 1.7582775752611783, 0.5794515098068048, 0.1656561618296665
0.44259206394518985, 1.8223450908176293, 0.5489587738728448, 0.20884951626699683
0.1916071938338567, 2.221845113673858, 0.8044048161420283, 0.32338656594190607
0.38412789037967454, 1.8227343461256929, 0.6225765791944461, 0.18856938991973898
0.4, 1.691801143288102, 0.5825323280474631, 0.1854900168486502
0.5354267770482444, 1.4803238552858107, 0.4681123251358571, 0.14101470334352653
0.35363973736797033, 2.024837719387041, 0.6208736025147413, 0.2670174392493051
0.533999429060805, 1.1731480764531932, 0.4546127784653682, 0.15391095463083077
0.39063659720239796, 1.8970175922231745, 0.6013613695538976, 0.210765637720609
0.4969454753068798, 1.4723414986830097, 0.5172395830248017, 0.16149311467878574
0.5246360262632029, 1.2250790537832943, 0.480801305511119, 0.15524840250384947
0.6268912360833572, 1.0808441315259962, 0.35904780299175676, 0.12083045530795296
0.4465315443905224, 1.6789032296218296, 0.5516013691112767, 0.19373489891237217
0.45743648301455897, 1.5169356049025975, 0.5251842013801716, 0.16094934205972464
0.4863831001998287, 1.3606948787761761, 0.5043355055486047, 0.17773454460668903
0.5229232086782758, 1.3394467496881306, 0.49349549815663474, 0.14313461547232767
0.3653439908649729, 1.7141814120371206, 0.621965218601758, 0.19597757403515048
0.368141592920354, 1.6393247540834934, 0.6369609652430653, 0.2518101109349604
0.42986011989723094, 1.66168582694312, 0.5688539055681796, 0.2167322074540264
0.45315443905224095, 1.516624676711196, 0.5581906243353388, 0.1738538913444976
0.5489009420496717, 1.317429709438763, 0.44390995337328365, 0.124740961195835
0.6075363973736797, 1.2516633056978346, 0.3615418336709329, 0.11231274854132459
0.42534970025692265, 1.5642711588035063, 0.5404426506445554, 0.1849833182218666
0.5351984013702541, 1.3690589816152385, 0.4741284855406742, 0.13835499757100106
0.542563516985441, 1.4106071537370652, 0.46701843932413134, 0.15803563284274083
0.5496431630031402, 1.2503241942953525, 0.4495651831926046, 0.1757636591213276
0.6928347131030546, 0.9665100718625879, 0.32345209699674077, 0.11032905770627069
0.5310876391664288, 1.32940242569314, 0.48573786879537373, 0.15078181834761306
0.5274336283185841, 1.2265027284436087, 0.48957624348008866, 0.18042186055857795
0.6174136454467599, 0.9999133006797462, 0.397169991306736, 0.1218770129449547
0.5466742791892664, 1.431945904073564, 0.48198959588303464, 0.15558590508152878
0.3709391949757351, 1.7107718002377597, 0.6573401996151511, 0.21763407030680737
0.6186697116757065, 1.827350202758347, 0.38791221301520784, 0.11610221223808366
0.3290893519840137, 1.7492489022423192, 0.6788436014108749, 0.22198601311489016
0.3186982586354553, 1.618923426152569, 0.690466441912888, 0.231320210615223
0.19337710533828148, 1.9527603805490539, 0.824232177491376, 0.36954288057470375
0.16911218955181273, 2.2155000480024296, 0.8361703700999943, 0.34546760575139235
0.3910933485583785, 1.9258154737721367, 0.6272348534765165, 0.17621086729306595
0.30516699971453043, 2.072409761224241, 0.7233878931920998, 0.23783088317667334
0.34387667713388526, 1.5408421347830727, 0.6537857296750949, 0.24658686099082483
0.3964030830716529, 1.7092561148760015, 0.591658996789832, 0.2189539285738932
0.4487011133314302, 1.4479899957346434, 0.551665174649676, 0.16362285351259817
0.3019126463031687, 1.8824362783645718, 0.6840248545667802, 0.2549368047999358
0.4521838424207822, 1.887192174090408, 0.5491787642660153, 0.15580434511147614
0.4083928061661433, 1.7703968415694546, 0.580505910836941, 0.23596800693740047
0.3721381672851841, 2.111969271313283, 0.6201951611537768, 0.19208281043190428
0.1948615472452184, 2.327357196188504, 0.8214347133590081, 0.3141114500044281
0.25743648301455896, 2.024174741789371, 0.733267015506302, 0.3085339221457574
0.25418212960319725, 2.049702317164076, 0.754881251341538, 0.2844406897099875
0.40599486154724523, 1.6335554994304555, 0.5973874560288022, 0.17693364918660992
0.2806737082500714, 1.7676882492310824, 0.7262023013507048, 0.2913585200529524
0.2368255780759349, 1.9450468445050522, 0.7772269735631874, 0.2732299933726882
0.37613474165001426, 1.75666585425343, 0.6330043708685608, 0.20116375832012143
0.459035112760491, 1.6866330710438842, 0.5587616011945076, 0.20257197045352546
0.27856123322866116, 1.9693162965257272, 0.7500344105309519, 0.26095436689242935
0.29922923208678276, 2.05042042419157, 0.6908244795606865, 0.22140604006919284
0.2023979446188981, 2.181716652539945, 0.784657190603373, 0.35990331938916625
0.10082786183271482, 2.60843028176896, 0.9123138294877465, 0.4556391656919093
0.1730516699971453, 2.846933207820219, 0.8415434771475729, 0.30341874592528495
0.24904367684841563, 2.12660577620842, 0.7757228850319444, 0.28226433894103997
0.2529831572937482, 2.1777214121025628, 0.7556852400331158, 0.25994808031280126
0.2560662289466172, 2.00836426371205, 0.7510422224830803, 0.30931638422737967
0.34581787039680273, 2.0025459006756265, 0.6370351395624585, 0.23417656673561563
0.12269483300028547, 2.651207811813541, 0.8918511613890981, 0.4153136539850726
0.11104767342278048, 2.1578240351577573, 0.8917260250793951, 0.39299607719774377
0.1437053953753925, 2.2462697478913594, 0.8602414020620015, 0.3361941151630977
0.27467884670282616, 1.9199690546703243, 0.7393492458759899, 0.2471603017270846
0.34513274336283184, 1.8903194166611441, 0.6305955485023278, 0.2089950328930096
0.29129317727662, 1.9700773200817254, 0.7119204487614121, 0.3181320466532765
0.5330859263488439, 1.5611801323671528, 0.476353333174353, 0.13064097456775475
0.35786468741079075, 1.685265513123477, 0.6484158796494779, 0.20636924714644667
0.41438766771338853, 1.793570458440016, 0.595773393434834, 0.18070288598248982
0.29317727662003995, 1.8877978826195316, 0.7130995876484185, 0.26381742328316915
0.24898658292891807, 2.03081479539471, 0.7325883968032071, 0.2854218401703879
0.12771909791607194, 2.370853159273144, 0.8886234470906997, 0.39698684312749305
0.27981729945760775, 2.140266489371755, 0.7493630272315206, 0.2684930621500176
0.11578646874107908, 2.3067143407849424, 0.8750564391243321, 0.3244100971227874
0.11321724236368827, 2.301267017257782, 0.8984848216211525, 0.4408258220108915
0.10391093348558378, 2.489049754080145, 0.8930032346507396, 0.4490338618565521
0.11218955181273195, 3.712542207471446, 0.8998711504616675, 0.45425804909156237
0.09152155295461033, 2.306021982963991, 0.918345239081866, 0.4745083493291327
0.11218955181273195, 2.739062196715641, 0.8998711504616675, 0.45081442167007435
0.09717385098487011, 2.559415264671406, 0.915068829813037, 0.4639527607218751
0.1523265772195261, 2.5170727132083415, 0.8635943693763876, 0.3081071617905548
0.11139023693976592, 2.295147000154086, 0.888397394787494, 0.42119226226064743
0.1898943762489295, 2.767394072656253, 0.7802190906697201, 0.32268155414652544
0.09974307736226092, 2.8880338576464117, 0.9144511973626681, 0.479084768469897
0.17562089637453612, 2.328693646667278, 0.8335904969032788, 0.37868888517595156
0.1758492720525264, 2.2642500305325517, 0.7952495997458114, 0.30976919517380724
0.328518412789038, 2.013029806742558, 0.6773062788644401, 0.19038193791264485
0.2616614330573794, 2.06298538229311, 0.7521492922761663, 0.23903203094063818
0.20393948044533258, 2.005791947243896, 0.8026158323136736, 0.2696713061137314
0.20057093919497573, 1.9334373924550485, 0.810418178828084, 0.2798453612242928
0.3723665429631744, 1.8388041066350918, 0.6272475646778419, 0.23844912246557345
0.3042534970025692, 2.0697849174720573, 0.6725564415408822, 0.2201561729001805
0.12012560662289466, 2.1372079321972617, 0.8950950305989231, 0.40140993551579973
0.3099628889523266, 2.0940243352660786, 0.693824336114907, 0.25386431800874015
0.1888095917784756, 2.1912712923805953, 0.8128701285793604, 0.3558775134121918
0.2708535540964887, 2.028495196174153, 0.7014614834703072, 0.24583164865600052
0.3703682557807593, 1.569869722884075, 0.6167625079486072, 0.21052743678890035
0.33605481016271765, 1.8390661830863646, 0.6595036231184719, 0.25354977427896447
0.35009991435912075, 2.0491000195622204, 0.6544207449564176, 0.20958684906484942
0.3187553525549529, 2.1566808886028443, 0.6939007589169858, 0.21568922329247023
0.2441906936911219, 2.46731740715859, 0.7798537914729956, 0.2843724266498725
0.3787039680274051, 1.6553116858930732, 0.6357254975511135, 0.18813142387972823
0.3159006565800742, 1.828612709019515, 0.6801488248859698, 0.21450785665735556
0.44944333428489863, 2.0442191995214536, 0.5431480988394854, 0.16022218082086984
0.4170139880102769, 1.9999488840435289, 0.5628293323653906, 0.16939174884902636
0.24042249500428203, 2.2059032444269224, 0.7620326402299569, 0.32695842059165964
0.17504995717956037, 2.4684788973781338, 0.8372534950326213, 0.40499304804389596
0.2375107051099058, 2.2600620106734652, 0.7392286872040519, 0.2952097815893508
0.21267485012846132, 2.2255031494967707, 0.8012421207221001, 0.3366788144510281
0.12606337425064232, 2.5464703497990793, 0.8791135258595777, 0.39369093052791626
0.10550956323151585, 2.2572670290138666, 0.8916470767732644, 0.4246804207614412
0.16071938338566943, 2.8558510026692185, 0.842977769886571, 0.4105459051652899
0.31464459035112763, 2.2713434613332932, 0.6740067877545859, 0.24185670772583356
0.13959463317156723, 2.261716710476408, 0.8504420725014372, 0.40331801070606427
0.1396517270910648, 2.3021915758605553, 0.8662028161660965, 0.4225529682020466
0.12709106480159862, 2.2418263089204222, 0.8575086135168897, 0.3973779256053394
0.10082786183271482, 2.3402532242312963, 0.9123138294877465, 0.4596108891018823
0.14233514130745076, 2.4181599025279836, 0.8682858798876637, 0.34996994702078765
0.09152155295461033, 3.141091867067322, 0.918345239081866, 0.4715777091434063
0.21729945760776478, 2.184174601969772, 0.7908579936217424, 0.27929032199542847
0.14279189266343134, 2.8946541282208758, 0.8544103935928223, 0.4086444946754961
0.21341707108192978, 2.0885879556757705, 0.7973837559512487, 0.33184107236708865
0.33885241221809875, 1.9200300558070065, 0.6299516585692104, 0.19557141889670016
0.41136168998001715, 1.6204387568045846, 0.5725204215007772, 0.18645333232144623
0.29814444761632886, 1.8392507662372932, 0.6833091238081429, 0.26168553799299576
0.29877248073080215, 2.0537869281031016, 0.6915888190104599, 0.28141956131164914
0.10962032543534114, 2.7163441540784508, 0.9024341833517976, 0.43145204363944806
0.3700256922637739, 2.1115157262618087, 0.6258293061447906, 0.20822049299841283
0.3443334284898658, 1.683449189134778, 0.6718603638470815, 0.20279160364360008
0.49277761918355695, 1.4441908260290024, 0.5190823349377858, 0.15063915544923567
0.3933200114187839, 1.6279447600373091, 0.6101950531649457, 0.23869076584081403
0.5257779046531544, 1.3644360939583675, 0.4601601658253081, 0.14673846439535138
0.5443334284898659, 1.225522679311061, 0.45731873246498855, 0.14870791918237652
0.5955466742791893, 1.0752573571927992, 0.3933666381921974, 0.1311798693196113
0.6808449900085641, 1.9638169344377423, 0.30005683835874875, 0.1020535629887774
0.29300599486154727, 2.222270324935989, 0.6897746784166227, 0.26266201081511087
0.2148444190693691, 2.140115059677819, 0.7820960706988698, 0.3369181026059923
0.15432486440194118, 2.237144763548647, 0.8616516027687698, 0.4344358617534221
0.40844990008564086, 2.1078757232984, 0.5812345516971033, 0.2149194391227108
0.12372252355124179, 2.4443476138712508, 0.8822581598433956, 0.3829462572669449
0.27205252640593774, 2.1195346545431226, 0.7297360380623481, 0.2174052493355761
0.3988581216100485, 1.7289783444773494, 0.610083495185912, 0.20320461015455177
0.44076505852126746, 2.2036911723343535, 0.5777104704576134, 0.17989659540059935
0.10082786183271482, 2.258874543693928, 0.9123138294877465, 0.457278945518953
0.19411932629174994, 2.4120797755409913, 0.8228565122730913, 0.25815898398793874
0.09922923208678276, 2.620728442725406, 0.9040005020515295, 0.45346846911353306
0.168141592920354, 2.3368988053188846, 0.8436116906619487, 0.2988085231807943
0.28244361975449617, 2.106345689477085, 0.7223842849543604, 0.30572853595078586
0.2994005138452755, 2.1180889140732657, 0.7139424418799571, 0.2237384306133241
0.14770196974022268, 2.2553823654358296, 0.8744911016082237, 0.3604589776061053
0.19217813302883244, 2.273835514832523, 0.8275501751748717, 0.3007909017713983
0.2250071367399372, 2.379299136117428, 0.7920873082539261, 0.2903022635458402
0.2441906936911219, 1.960429418328623, 0.7731648361238824, 0.28600296096431266
0.4125606622894662, 1.9429442249636224, 0.5856818386945746, 0.17994679634502497
0.4029688838138738, 1.915394935133523, 0.6173499538003793, 0.166365613331903
0.21827005423922352, 2.2541576159266685, 0.7967401890783988, 0.2641064478247951
0.48118755352554954, 1.573350929703469, 0.5281284994775836, 0.16491094181246563
0.2743362831858407, 1.8638044427896343, 0.7330336831529264, 0.27283005724500636
0.21221809877248074, 1.939884717332408, 0.7957870435671704, 0.2967370968662839
0.33782472166714245, 1.8435325283137112, 0.6962010414366546, 0.23507202276745268
0.3094490436768484, 2.01471764942152, 0.7196526144815584, 0.2440878845676783
0.35752212389380533, 1.7817762386108036, 0.6441427266503832, 0.23909961009099803
0.402683414216386, 1.7394674329290791, 0.626237161747642, 0.17701364860706562
0.20736511561518697, 2.1152302275920913, 0.8086246504307522, 0.2778208840668415
0.2723379960034256, 2.1205093085953006, 0.7473439677185939, 0.2620065269312159
0.3952612046817014, 1.6829289942852197, 0.5996579322245348, 0.22375170555774176
0.37396517270910645, 1.5326412796901867, 0.6376461509287747, 0.23373068104753134
0.5273765343990865, 1.344874684379045, 0.49359369264789094, 0.13496215715477203
0.38561233228661146, 2.0148633721008866, 0.6308933950509262, 0.2586318760456289
0.3534684556094776, 1.7260900584384777, 0.6597644726773353, 0.20183250558148771
0.2545246931201827, 1.9114085157462744, 0.7276516674500217, 0.27807402768156797
0.39708821010562373, 1.8237628310774179, 0.6016956383018063, 0.20212256537743206
0.5561518698258635, 1.3112340658792523, 0.45268535744062044, 0.1307986532443156
0.3528404224950043, 1.9124497900645443, 0.6295009968317647, 0.24930171946374724
0.09922923208678276, 2.307504174548015, 0.8839027727381552, 0.3641031555358636
0.19194975735084213, 2.337968163935416, 0.8161965069722165, 0.2959525412097875
0.11510134170710819, 2.9719430883986386, 0.8970241849998167, 0.45756505564653205
0.2656580074222095, 2.2709800557208135, 0.762073558411857, 0.315756885967886
0.17116757065372537, 2.2841726183993387, 0.8262367308612573, 0.30725604950714513
0.09962888952326578, 2.7391245804750475, 0.9145053685436, 0.47868016961171983
0.11156151869825863, 2.30250073972512, 0.9025207296357246, 0.45430110075022556
0.20656580074222095, 2.45715621243604, 0.8174902909902269, 0.2900763613576035
0.1659720239794462, 2.1816813368610815, 0.8472433133593963, 0.4269422774119458
0.22580645161290322, 2.8939169335732826, 0.7926061141126922, 0.33367563725586014
0.23111618612617757, 2.694279391999385, 0.7905867752005646, 0.3097553842383439
0.17487867542106766, 2.06839624301318, 0.7960998075793738, 0.40420268792997466
0.19663145874964316, 2.0853954263680192, 0.8071017463820278, 0.3722129025330223
0.5124179274907222, 1.6695905114356837, 0.4826467721442131, 0.15963541684470878
0.4680559520411076, 1.3208458154687466, 0.5196747371886172, 0.20716445054548943
0.4961461604339138, 1.4658115013919149, 0.5122597390705326, 0.16743269869662983
0.37539252069654583, 1.8831440841746678, 0.6534677860087265, 0.2196823447155766
0.43351413074507567, 1.40469791530678, 0.5799947884100215, 0.17666178269968727
0.5810448187268056, 1.150712093024491, 0.4419526394035981, 0.12444086928140652
0.43437053953753924, 1.3646797133343256, 0.583373098138558, 0.20329765171977635
0.6320867827576363, 1.0966883959575144, 0.37273419717023815, 0.12961893526997215
0.5949186411647159, 1.067580281907776, 0.4138374501758892, 0.13470027068784227
0.5560376819868684, 1.2013446722172207, 0.47207344622594266, 0.1531894358798387
0.5612903225806452, 1.2608604314044445, 0.4717910914873741, 0.13876535232935316
0.5958321438766772, 1.2511943712377511, 0.42544988345545753, 0.13236596131303038
0.5168712532115329, 1.4945167734961113, 0.49591064897176274, 0.16934285921071746
0.38481301741364543, 1.7010835215700308, 0.6378125119616826, 0.26006914553290394
0.3138452754781616, 1.867507813142226, 0.705205828449164, 0.2457081309473969
0.3131030545246931, 1.9274061169099916, 0.7124322828850912, 0.2496370615327513
0.49842991721381674, 1.8016151876950517, 0.5054114940508914, 0.15269345881903484
0.4133028832429346, 1.7070830189191442, 0.6071860384414813, 0.20137696385116724
0.48181558664002283, 1.5030540201337617, 0.5209547293732124, 0.17250026484684816
0.5329717385098487, 1.4729183596728224, 0.4865669116455568, 0.1612837457930563
0.6755352554952897, 1.3939250936073948, 0.32009407445776505, 0.102699699359764
0.3084784470453897, 1.831479947519407, 0.7027837593560351, 0.2381144160924083
0.5206394518983728, 1.4013269895800957, 0.4977906836584295, 0.14352741409221925
0.3958892377961747, 1.6870737543182308, 0.6261849414004801, 0.23311938003761795
0.5587210962032544, 1.3187022541693507, 0.46772503085342043, 0.14047721026309978
0.6382529260633742, 1.1107856649432204, 0.38119499169979565, 0.1108224904914781
0.7183556951184699, 0.8714316560487738, 0.2899193794957712, 0.09484737239222128
0.45269768769626034, 2.050992326487346, 0.5529293133987935, 0.16298573991208226
0.18441335997716243, 2.166161849054309, 0.8047436564640804, 0.3857156884104842
0.11555809306308878, 2.27642277073867, 0.8978034716112504, 0.4480052088380487
0.1814444761632886, 2.733600247045806, 0.8312679844229628, 0.33047985710782996
0.11218955181273195, 2.2903966755857477, 0.8998711504616675, 0.4507985744164801
0.18761061946902655, 2.6330919629466423, 0.8301678119564182, 0.30364044230426435
0.18698258635455323, 2.7075703646399587, 0.8277291058883562, 0.29859922560666646
0.29837282329431913, 2.111974738563363, 0.7330488067714142, 0.25411604436761426
0.30510990579503283, 2.391480318494535, 0.7187347222053702, 0.22807071696574838
0.34387667713388526, 1.9768170787029493, 0.6758553425699972, 0.2062837012604933
0.29300599486154727, 2.1795435267254657, 0.7345324991788603, 0.25512328482587365
0.4168427062517842, 1.705040503752902, 0.5712671540822625, 0.2148092869956577
0.3710533828147302, 1.8645400415922007, 0.6235062036151123, 0.2312755084544869
0.15997716243220098, 2.1048541502853206, 0.8003643071499875, 0.38136660200763456
0.10402512132457893, 2.4382627192817687, 0.9089346876757467, 0.4583083283631371
0.27485012846131884, 2.057625783294601, 0.7290628531339073, 0.2805855742151836
0.4424778761061947, 1.7175823060233628, 0.5514267075847662, 0.18359121945191456
0.24379103625463888, 2.0788001396236266, 0.7790106663743804, 0.3005840074244649
0.2673708250071367, 2.000417654241387, 0.7367423108016153, 0.24828909375827127
0.5130459606051956, 1.3318911058438478, 0.5055569972900561, 0.14406588426551897
0.5474165001427348, 1.1936823505854015, 0.4317982336859233, 0.15429610390165385
0.3970311161861262, 1.6443375102901268, 0.6189504578357627, 0.19367640205335224
0.37836140451041966, 1.6282983505331106, 0.640329554559504, 0.2052022390128229
0.4367113902369398, 1.576963808962423, 0.574786383609578, 0.17375971278438906
0.4936911218955181, 1.5107873080867786, 0.5183462070986506, 0.16323282001579875
0.398801027690551, 1.9355157725455554, 0.6342026391972112, 0.18200871647942005
0.6321438766771339, 1.5354481341360366, 0.38319031612471194, 0.12392466994186546
0.5374250642306594, 1.715139664311835, 0.45928032339876906, 0.12657347832616267
0.47913217242363687, 1.541657594002862, 0.547957689798203, 0.16177586538809344
0.5012846131886954, 1.5625872404536043, 0.5025311529105604, 0.15943168781918665
0.5801313160148445, 1.2432492100476555, 0.43099162378336076, 0.1334470246512849
0.5908078789608907, 1.2524072929225647, 0.4083250886849446, 0.12876349299032033
0.520753639737368, 1.1457226706093937, 0.4680052538410277, 0.17939830000801676
0.6479588923779618, 1.6627549018514112, 0.35409633807865937, 0.11458505675151669
0.36391664287753356, 1.6252801920987863, 0.6563255698418232, 0.22850914878443546
0.5260062803311447, 1.3203453196943775, 0.47758154952250126, 0.1609838863191784
0.528918070225521, 1.6867398087004406, 0.47410992106763505, 0.1701278334273923
0.549528975164145, 1.721295703440913, 0.4261470384503391, 0.13403206481100755
0.4068512703397088, 1.878384523278742, 0.5866936720652726, 0.18909728943512386
0.4528689694547531, 1.8014142613648483, 0.5400858080020614, 0.1553747547371376
0.24339137881815587, 1.9959508074591612, 0.7601555021805334, 0.30079545916852585
0.41712817584927203, 1.7551205362172815, 0.6162074118647529, 0.2002978372405148
0.3978304310590922, 1.3583448174372081, 0.618883289273719, 0.21834268094120152
0.618612617756209, 1.1267948090043232, 0.37626109637513505, 0.1201314960097059
0.6331715672280902, 1.1050265985820735, 0.3594376034119366, 0.1105203721096879
0.6177562089637454, 1.8869114980063302, 0.38837849598564733, 0.11199099937400629
0.21524407650585212, 2.0065485483198686, 0.8018710423278895, 0.32812086165697435
0.3938338566942621, 1.6614541239236769, 0.628401333833528, 0.18656109066599208
0.31104767342278045, 1.8727285252684631, 0.7083604697459116, 0.29512053549578693
0.6153011704253497, 1.512904755874528, 0.3827550062174031, 0.13192303831742844
0.27290893519840137, 1.851418672866594, 0.7492623034564497, 0.31978654074715485
0.5113902369397659, 1.4945070614839941, 0.4930840798544377, 0.19159594603061655
0.32275192691978305, 1.713407217295824, 0.6732610150153627, 0.26496364660492533
0.46708535540964885, 1.6572856408083674, 0.5507275717403778, 0.15600460534707605
0.5139594633171567, 1.9066270887664547, 0.5078734991276808, 0.15075788493927872
0.3980588067370825, 1.894521411170355, 0.6150242333365894, 0.19958034966919247
0.3776191835569512, 1.8348365661376822, 0.652556353167835, 0.19441150076916297
0.5002569226377391, 1.3098247615756085, 0.5225808963902584, 0.18131871090540413
0.3429060805024265, 1.7078827589803462, 0.6730703390799188, 0.28261069398308214
0.43271481587210964, 1.5126638095139981, 0.5817098936724632, 0.21565874019587036
0.41689980017128175, 1.5648687559640173, 0.6093728368833351, 0.19783678439017846
0.08963745361119041, 2.3049308167979476, 0.9205913087701403, 0.3917566998844443
0.09962888952326578, 2.5938010168490737, 0.9145053685436, 0.47638067599059397
0.13942335141307452, 2.481422433732681, 0.8627146773358831, 0.3668713869607855
0.24972880388238652, 2.209877792039055, 0.7828731058145552, 0.25188842154561775
0.2545246931201827, 2.331543596914554, 0.765507891477909, 0.2481719486313556
0.3180131316014844, 2.3151988159340857, 0.6798167055608125, 0.24394770270873156
0.0965458178703968, 2.2527056121907845, 0.892985046302565, 0.461600829812055
0.19057950328290038, 2.3818718396490928, 0.7896922013956298, 0.32147137602594433
0.1941764202112475, 2.3748558879817447, 0.8296451014342647, 0.3817554765893231
0.21244647445047102, 2.9492904309967125, 0.8023396447710415, 0.3725721945643295
0.31532971738509846, 2.096904143337995, 0.6701588781202666, 0.27855814722482714
0.2711390236939766, 1.876194923341087, 0.7320192846179051, 0.25357104887341775
0.35934912931772767, 1.7430048355911925, 0.6444582762993687, 0.20388707906356926
0.2913502711961176, 2.053584567172644, 0.7224150980397486, 0.25978580439835464
0.30893519840137024, 1.9991249888582363, 0.6973550869064471, 0.2270152816806769
0.2103339994290608, 2.1118901003718955, 0.7717733182626296, 0.32084967215764293
0.4188409934341993, 1.644338767507435, 0.5730570692547128, 0.19796893265693052
0.5058521267485013, 1.5473664306416839, 0.5085497643403883, 0.1645496403577249
0.5349129317727662, 1.391410475245313, 0.47057919391246433, 0.15265712460060465
0.5117328004567514, 1.2643638916366822, 0.490179978666421, 0.18981597551638135
0.41992577790465313, 1.6363743773684685, 0.606715863467935, 0.1854320868838149
0.47136739937196687, 1.4397805384166438, 0.5486305396791213, 0.20090160297576465
0.3519840137025407, 1.664627327660884, 0.6808770348760553, 0.23215536602109074
0.5282900371110477, 1.5161602424785745, 0.4909395549808077, 0.13487470504257718
0.4152440765058521, 1.6023070533118893, 0.5736314213643288, 0.1746236625629275
0.5072794747359406, 1.7112977259437459, 0.48912811044896837, 0.17605056762641863
0.5103625463888096, 1.5296858953640116, 0.5134670865073329, 0.1515857882397026
0.45229803025977733, 1.4752981783797188, 0.5428704857886412, 0.14959756888872305
0.2687410790750785, 1.8883801898308357, 0.7495827755738301, 0.3266922701598247
0.1403368541250357, 2.176787414844806, 0.8748448430647606, 0.44546856448098343
0.18578361404510418, 2.1626406136697067, 0.8267756853717982, 0.34551225565294885
0.2090779332001142, 2.2527095480302792, 0.8163914778361516, 0.29869731164689056
0.23225806451612904, 2.2105632135468554, 0.7853794259392175, 0.2512244799626779
0.16768484156437338, 2.3836045081177133, 0.8417300251837512, 0.3654091031458805
0.18007422209534685, 2.6030370604173476, 0.8419534589815296, 0.35746323055156887
0.5964030830716529, 1.4564244366376153, 0.4212280397722141, 0.11966415742147733
0.3752783328575507, 1.5403436574379852, 0.6186722357650422, 0.22090889827275478
0.26194690265486725, 1.8898986845510946, 0.7464443651765214, 0.27349991752092256
0.3148729660291179, 1.7429276690157165, 0.6895801922826317, 0.23658297995833885
0.4025692263773908, 1.4360564318871858, 0.6119207748106125, 0.21346050963135346
0.5161861261775621, 1.2679490021913562, 0.5011783817881346, 0.1635001873160888
0.5024835854981444, 1.439610561632341, 0.4949937129706833, 0.15161838964456925
0.4948330002854696, 1.4146684751658993, 0.5117386071896683, 0.15693836115577747
0.40245503853839565, 1.661150105668074, 0.6095664327927597, 0.2005712402396377
0.5933200114187839, 1.1975958655433863, 0.40730972953751954, 0.1324113703123111
0.3204681701398801, 1.7211450443926655, 0.6897226327257207, 0.29968976522333207
0.368541250356837, 1.627662178537538, 0.641313806662449, 0.22794257950123922
0.4262061090493862, 1.4551189947882925, 0.5957119963495237, 0.16106349639492382
0.59811590065658, 1.2042027133143427, 0.3990012284747458, 0.12861577332670165
0.5167570653725378, 1.6764781165184242, 0.5048116372885337, 0.15795207451555293
0.340565229803026, 1.63759746750763, 0.6705707047397702, 0.2290103657106195
0.40496717099628887, 1.70371174919524, 0.5941845337713186, 0.16814774915470074
0.3999429060805024, 1.6192460157294086, 0.5866686857572916, 0.18994336562578357
0.44499000856408794, 1.574122545360464, 0.527416885428806, 0.20897456351999782
0.29431915500999145, 1.8213025315298614, 0.6900002931410593, 0.26254515707284737
0.2670282614901513, 1.9952348361279397, 0.727311742635403, 0.2549227370466499
0.1842991721381673, 2.371839492292684, 0.792721681038684, 0.3624987312119561
0.3959463317156723, 1.7922315927822692, 0.6118413380536741, 0.20141694781724886
0.5781901227519269, 1.420274462201001, 0.4232172266802955, 0.13967074207377672
0.3573508421353126, 1.5747974444152013, 0.656969633498431, 0.27356212086186243
0.47896089066514413, 1.3093785644660174, 0.5264578648370133, 0.1658077215121001
0.565857836140451, 1.2719260297092478, 0.432638216351953, 0.14731223290162057
0.25914930059948615, 1.9987197644227988, 0.7490371490664903, 0.28375362695986645
0.1846988295746503, 2.15742554133734, 0.8292092292957705, 0.3281588776713721
0.32269483300028545, 2.007811548558093, 0.6582166687193868, 0.21956886148940927
0.33354267770482443, 1.97177264231326, 0.643454446386854, 0.20852826614531753
0.10362546388809592, 2.162040723809643, 0.8986582262814533, 0.4541522115086932
0.3075649443334285, 2.030387014638959, 0.7003146245315953, 0.2164486054292139
0.2799314872966029, 1.9736168482662302, 0.7046879127458154, 0.24799152629097704
0.30099914359120755, 1.9426761212125696, 0.724440392391624, 0.24741040735798644
0.39080787896089064, 1.7471123265302968, 0.6080899199720069, 0.21789644885234333
0.41341707108192977, 2.0105185343747545, 0.5581166599635013, 0.18326145077460532
0.2723950899229232, 1.9738033088792435, 0.7244035407735028, 0.21710438853480762
0.13245789323437054, 2.152445395913187, 0.8750656458730772, 0.3281692596481681
0.2310019982871824, 2.0890542696662675, 0.7723343647422035, 0.3513601517892647
0.4061661433057379, 1.6486203602244778, 0.6247585406919061, 0.17917067715578514
0.5200114187838996, 1.3593620212910824, 0.4727112847928108, 0.1611994807461688
0.42597773337139594, 1.5950482184795305, 0.6033080354587751, 0.19489179827803568
0.45338281473023123, 1.6601977471956788, 0.5819596935114784, 0.190388250711149
0.5471881244647445, 1.2217475821618484, 0.47922205981616467, 0.15688917519734152
0.6974593205823579, 0.9383087574425354, 0.30320873112927466, 0.09990719684938476
0.6610904938624037, 1.0087089256370982, 0.34446274126295223, 0.11103878430913858
0.7166999714530402, 0.8163613795589676, 0.28527326623826044, 0.09449095832629699
0.493576934056523, 1.4664292459604766, 0.5273404117260655, 0.1720902051105338
0.6715386811304596, 0.9344696342979927, 0.34561240433192697, 0.11400004900466185
0.7001427347987439, 0.8645025559584311, 0.29952827859164954, 0.10196414433698811
0.7332572081073365, 0.9193271867299195, 0.265931260542872, 0.08847107610343222
0.603482729089352, 1.2925867885155504, 0.41422547703577317, 0.1381319139855396
0.40770767913217243, 1.6809086912535205, 0.6111100450401097, 0.22180207224559556
0.5854981444476163, 1.7482323857603363, 0.4026380497979695, 0.13911758287781556
0.4405937767627748, 1.4819418126502923, 0.5499964839178142, 0.20634105334041566
0.3000856408792464, 1.9534314684159342, 0.6877578102480678, 0.24781130423127426
0.44755923494147876, 1.402163848312385, 0.5505673326532781, 0.205515877382303
0.5175563802455039, 1.2789250851009288, 0.47368693534931816, 0.14684256226149542
0.628375677990294, 1.0806530607880744, 0.3802697727977276, 0.11351630228530148
0.6018270054239223, 1.0529240401445237, 0.38885319813119407, 0.13231040397666236
0.6766200399657436, 1.0318340749480097, 0.3173190824792186, 0.11138887146507251
0.4786754210676563, 1.7411579443120018, 0.5111212814207289, 0.15157117133967818
0.4150727947473594, 1.9078560219333747, 0.606927784082538, 0.1749806005405516
0.16043391378818156, 2.0957398823659963, 0.8357926393396102, 0.40657636869955593
0.19834427633457036, 2.481643189002778, 0.8170767358449375, 0.3270943760726103
0.09705966314587497, 2.3031806216456365, 0.8860102147276985, 0.41054554213909605
0.2027976020553811, 2.391740360108233, 0.8222422244468447, 0.37836400852915536
0.2852983157293748, 2.809887348765004, 0.739829111756985, 0.2329575188346172
0.09911504424778761, 2.6167364822160915, 0.9040923873955423, 0.4542099639098751
0.20976306023408506, 2.210638793230125, 0.8051422356021851, 0.2794787500291099
0.09717385098487011, 2.3890985059254923, 0.915068829813037, 0.4587168641781335
0.290493862403654, 2.1529134373919403, 0.7073341071855661, 0.2438809584947589
0.4027405081358835, 1.9853002912753859, 0.5830406224439786, 0.19308628921062362
0.21284613188695403, 2.0230247996413566, 0.8001787961938606, 0.31070690828797665
0.19017984584641737, 2.088392158627272, 0.8315348974790986, 0.3754824246715496
0.2866685697973166, 2.39239406799193, 0.7394206228377156, 0.23277954890075683
0.2962032543534114, 1.830258575302918, 0.7237939554679114, 0.21599500213077144
0.47913217242363687, 1.7531990629381837, 0.5355237837349114, 0.14534881482810227
0.2885526691407365, 2.5035880179200007, 0.7383539712894829, 0.24342813173440686
0.2808449900085641, 2.4009435176301155, 0.7472990826815662, 0.25481428552368446
0.42809020839280615, 1.5936067150553193, 0.5948658896712541, 0.1913280234052695
0.6677133885241222, 1.0433728020147974, 0.34261403025521536, 0.10616313819526031
0.46817013988010275, 1.527524616420822, 0.5634759195561256, 0.17030278378814864
0.36665715101341706, 1.5298955948947328, 0.6596282187918375, 0.24862753595016848
0.53976591493006, 1.3169840196388434, 0.4668437419497667, 0.16166248852285597
0.39080787896089064, 1.5178471537826403, 0.627137091665326, 0.22033781079044887
0.5958892377961748, 1.2424860707230818, 0.43560465553289607, 0.11991641950917284
0.6199828718241507, 1.0805236453971556, 0.3859892555485396, 0.117672758036415
0.7051099057950329, 0.9993471758204581, 0.30021123996836, 0.09525907911013834
0.7100770767913217, 0.893140141269904, 0.2704551644323961, 0.09328244627269347
0.759577504995718, 1.049210083876002, 0.2314936842370204, 0.0871492926090868
0.4593205823579789, 1.4484775248622506, 0.5607045346824764, 0.1963255477174062
0.6507564944333428, 1.2632126177749121, 0.33221535689855874, 0.10375296962006968
0.511104767342278, 1.311831407226003, 0.4741057612033691, 0.1456743989864578
0.7148158721096203, 0.9083253258293165, 0.2770217687583579, 0.09632371723864613
0.715386811304596, 0.8446765786850925, 0.2705590133599206, 0.09318960234806459
0.8059948615472452, 0.776486469217787, 0.18222070254531064, 0.07044116137762212
0.5620325435341136, 1.1907403808992112, 0.4337342763158577, 0.14894037442997043
0.47524978589780187, 1.358883927538757, 0.525703435736124, 0.1744199428566722
0.5636882671995432, 1.1637601918593803, 0.4456716962898287, 0.14893881897990763
0.5101912646303168, 1.236264747959731, 0.4994791346616513, 0.15500409419429745
0.5182415072794747, 1.431568076823767, 0.486751840638825, 0.16538958752673466
0.5743077362260919, 1.3246017899814075, 0.4362343220753406, 0.12688470615267658
0.39132172423636885, 1.6419842364207493, 0.6231982183428874, 0.2523020081993693
0.26263202968883814, 1.8638961399278742, 0.7501432029194536, 0.30869098514002036
0.37162432200970597, 1.764278018100242, 0.63534164827916, 0.2152451887579528
0.31584356266057667, 1.7485850450262967, 0.7019330790944049, 0.28058338812745964
0.5184127890379675, 1.3582600804777987, 0.452397502387059, 0.1368121584641584
0.7053953753925207, 1.0423493300765847, 0.2788291524417549, 0.09629382307315988
0.594518983728233, 1.263963255365338, 0.3897769249668585, 0.1255187481927942
0.475363973736797, 1.2663049733795304, 0.5211099724023465, 0.16577713298459018
0.5322866114758779, 1.3355457109747155, 0.47538957484900396, 0.13716596859912938
0.7158435626605767, 1.1033678984726254, 0.2909574416799909, 0.09710043634758309
0.6272337996003425, 1.0293512912633553, 0.3512805149038855, 0.11479606791591741
0.5341136168998002, 1.2864112720059355, 0.45378006273808785, 0.1523561153454376
0.7153297173850985, 1.3849138186823937, 0.27607501088657443, 0.09197350707709759
0.3685983442763346, 1.707100149801747, 0.6562111013286377, 0.22383655364236663
0.38224379103625467, 1.6515105825371652, 0.6382211200843712, 0.20442220038177927
0.5002569226377391, 1.41163333709193, 0.48763809772761074, 0.17198658163083416
0.5079646017699115, 1.3608989593848615, 0.4931980880399176, 0.17012827886508972
0.4968883813873822, 1.6318424094958608, 0.5238112707058622, 0.15523725375774305
0.41410219811590065, 1.6545678350845814, 0.5900662351271648, 0.20133490389062816
0.1131601484441907, 2.013493672245542, 0.8917956449113552, 0.38550553613389615
0.34598915215529547, 1.8636522408040963, 0.6732303659231615, 0.226012365876894
0.46291749928632603, 1.6919955271441631, 0.5585635523266101, 0.16564379578424976
0.3651156151869826, 1.7260311958332455, 0.6498003108722273, 0.23247348565851245
0.29928632600628036, 1.8213697330801275, 0.7114523781981722, 0.26168553031403324
0.18635455324007993, 2.0631908115440867, 0.8269782233012387, 0.39406841269043913
0.38110191264630316, 1.7305165633623034, 0.6088263752820042, 0.1923926378837167
0.4915786468741079, 1.8799482151708569, 0.5209827976508076, 0.14383149728374817
0.34456180416785614, 1.8637670180149635, 0.6821812088153462, 0.23008781465598757
0.5806451612903226, 1.5785069371202214, 0.3942766012954793, 0.1183990720361435
0.23996574364830145, 2.0515971647445226, 0.7596372463559564, 0.29004727779136497
0.4931201827005424, 1.721046240929362, 0.5027251658440165, 0.14636588106230575
0.43739651727091067, 1.7223881912842296, 0.5953870876739293, 0.20048168121675386
0.45869254924350555, 1.5437798033535157, 0.5609637298853623, 0.18725279515388385
0.2810733656865544, 1.8594375899203532, 0.7297870423646545, 0.2798002942803314
0.30528118755352557, 1.6956206282079134, 0.6937825596784795, 0.23875761515295452
0.5926919783043106, 1.1805073144871985, 0.40877778617386207, 0.12322630562248064
0.5788181558664002, 1.1795411201462451, 0.4081741188286524, 0.13122394189590816
0.5335426777048244, 1.3149743726023462, 0.46275177491511077, 0.14843421400683154
0.5188695403939481, 1.2838268123777137, 0.4876939814074862, 0.14447524070521686
0.6086782757636312, 1.3907569430247395, 0.38896644480593234, 0.12700332569204348
0.3294890094204967, 1.6080813920620405, 0.677731936683184, 0.23037948346098683
0.5230944904367685, 1.364113158622266, 0.45475181565863254, 0.14288324263657232
0.3095632315158436, 1.7226974126692758, 0.708187606582704, 0.2649753910971912
0.5970882101056237, 1.100943154180191, 0.3987526881108114, 0.1334269135287271
0.5097916071938339, 1.3074149803590542, 0.5020028576634268, 0.15809125728045983
0.5749357693405652, 1.3053381705757143, 0.4306511335341704, 0.1202096412892268
0.5356551527262347, 1.500775582636216, 0.48508800676016095, 0.14586258692696322
0.5048815301170425, 1.406307222898555, 0.517820065903363, 0.16061235549685732
0.45897801884099343, 1.5077161050490693, 0.5576662932683637, 0.19055707977934344
0.6835854981444476, 1.0985567438969979, 0.3172291776179708, 0.11457442748177094
0.7000856408792464, 0.9911823749087076, 0.3115222074317439, 0.09931478494070914
0.36808449900085644, 1.5645832225973866, 0.6558301211938298, 0.24781527804258077
0.3116757065372538, 1.9146120917723073, 0.7207085117833639, 0.25719090463890915
0.3998287182415073, 1.727103563863279, 0.6272831747245928, 0.20825897563273607
0.41044818726805593, 1.3974001921111436, 0.5949414314623714, 0.24991128920589456
0.5912646303168713, 1.1385399827602298, 0.41906925238380144, 0.142842722471763
0.525834998572652, 1.4093476611641247, 0.4788734977550284, 0.15206116557425586
0.7113331430202683, 0.8569606268419526, 0.2708570169672756, 0.10712435527604643
0.6817584927205252, 1.0922178508893035, 0.3118667055463224, 0.11904521946092583
0.6209534684556095, 1.359783268107573, 0.3816431151014534, 0.1452702805348186
0.4439623180131316, 1.5503670595201329, 0.558222630482898, 0.17898228531385615
0.5313731087639166, 1.7389919543279908, 0.4715567828427443, 0.15989049329012578
0.34136454467599203, 1.9550718741419653, 0.6970604116125697, 0.23362036469036113
0.0946046246074793, 2.304472084110749, 0.9081208596881577, 0.24631040910042037
0.2125035683699686, 2.379943992524633, 0.7748033962557495, 0.34651081281825624
0.20525264059377676, 2.1775744188182395, 0.8187784516922164, 0.2959940493703729
0.113788181558664, 2.3166484509813015, 0.8944563810464183, 0.4347931102819582
0.4840993434199258, 1.9591978927322908, 0.5198427762978046, 0.1552652066371641
0.17447901798458465, 2.2740759563546433, 0.8263376587261659, 0.36820584511751947
0.442706251784185, 1.6233846823828173, 0.5752592639330618, 0.17057929454043133
0.514187838995147, 1.571294323532557, 0.5032229650590387, 0.16821364180502446
0.5147016842706251, 1.2614007893789696, 0.4871926369088927, 0.16069081958760897
0.3773908078789609, 1.5738688848370352, 0.6390807416565828, 0.21619911394071392
0.4813588352840423, 1.5026079748101295, 0.5488482199259368, 0.14479135056062478
0.4818726805595204, 1.547719624760217, 0.5227931906269963, 0.14838403749058524
0.4593205823579789, 1.5575453600337632, 0.5351043131159032, 0.1727652402849184
0.5273194404795889, 1.3653924728653073, 0.48162024608353493, 0.14119015309606522
0.6070796460176991, 1.2091667874749987, 0.3870556931581895, 0.11965162781805672
0.33268626891236086, 1.6935088246566268, 0.6776689812686476, 0.2303952157491617
0.39817299457607763, 1.6471941618775763, 0.6287505152933013, 0.18586433625138385
0.46645732229517556, 1.4499647466609928, 0.5346974302651362, 0.16371183166786105
0.38761061946902653, 1.5971062400801808, 0.6238316856126063, 0.21136937966768596
0.5592349414787325, 1.1975890795120403, 0.4208856610472506, 0.16259907267102208
0.5107622038252926, 1.2892227970478434, 0.4856685672215648, 0.16786156981642014
0.43516985441050526, 1.4879416137206327, 0.5738102695157881, 0.20965861680169112
0.6067370825007137, 1.0529121118693132, 0.4126369167007347, 0.12056480311874465
0.6188980873536968, 1.0074305785881037, 0.39262580754565723, 0.12095774747615178
0.7054524693120182, 0.8440789868933386, 0.28709779047463224, 0.09428329880644129
0.6493291464459036, 1.5206989077374216, 0.3507352970039582, 0.13737312430340184
0.47770482443619755, 1.7301679626315654, 0.517837527145104, 0.18284843561980085
0.4306023408506994, 1.5877780892612114, 0.567322103873712, 0.18234769277900878
0.5820154153582644, 1.516655981704027, 0.41852283535163426, 0.12734805491447856
0.2316871253211533, 2.2406424632990936, 0.7852071419110537, 0.33906025942746976
0.48118755352554954, 1.4564963153127157, 0.534997085062254, 0.1582529506728905
0.600799314872966, 1.2742914731271593, 0.41445815163429395, 0.13823548179923617
0.35461033399942904, 1.6028614893772586, 0.6638896851603723, 0.2747051146336079
0.5926919783043106, 1.3484146215295982, 0.4371501234007814, 0.12880036410230758
0.5684270625178418, 1.8477417476579459, 0.4344146378713627, 0.15600576141556755
0.3658007422209535, 2.1200038234948635, 0.6707433092157478, 0.1870237504925637
0.35295461033399944, 2.184712022289425, 0.6420521588991008, 0.23499491499927344
0.12126748501284614, 2.57162250828954, 0.8949868312155511, 0.4113697924673656
0.1821296031972595, 2.4858265553649206, 0.8404521356186914, 0.3080451296820371
0.24356266057664858, 2.16099364701047, 0.780500427987706, 0.2826109409527079
0.332400799314873, 1.9260341722600092, 0.6932899954139722, 0.21039832564110766
0.487011133314302, 1.9351208043105257, 0.5199455649586477, 0.16706856466887182
0.26868398515558095, 2.0421414898287864, 0.7113712702897405, 0.29680012006973344
0.23893805309734514, 1.9938979695924104, 0.7785956552589874, 0.2816612036734999
0.4172423636882672, 1.6431302752472352, 0.597913208040964, 0.18372021649493805
0.5217813302883243, 1.6924407403128099, 0.48371375726877036, 0.1423049922626499
0.47233799600342563, 1.5916008338455536, 0.5446531715458038, 0.17111225073954037
0.4669711675706537, 1.7049999785082335, 0.566359704318516, 0.17511229618107435
0.4122180987724807, 1.6213500050325378, 0.6029238611763996, 0.21971737096970528
0.3808164430488153, 1.7274561174828564, 0.6317580730280699, 0.24150366133066506
0.3756208963745361, 1.7968815781067617, 0.6487032242566723, 0.21953638839620243
0.36071938338566945, 1.6947982011234763, 0.6351293828174642, 0.20306278147781484
0.4721667142449329, 1.7205417949915818, 0.5269151610933039, 0.17194769285394812
0.17824721667142449, 2.692175519162039, 0.8286050421323212, 0.37448666155468385
0.5139023693976591, 1.5250406034480086, 0.5130525475897818, 0.15396357515090045
0.4255209820154154, 1.6324467468688804, 0.5869866026403108, 0.21174499298902538
0.25481016271767054, 2.31526028895732, 0.7682645467173574, 0.31216998636060805
0.4774193548387097, 1.579154941540019, 0.5407894514142112, 0.16649758181989954
0.45589494718812446, 1.484864820586318, 0.5473165772783817, 0.19878346820654996
0.4323151584356266, 1.5582101167796716, 0.5672277419551743, 0.21991135224323405
0.41541535826434484, 1.6542236025388535, 0.5965323298430757, 0.19414736597849047
0.5117328004567514, 1.9239229774325364, 0.48948355248795294, 0.13826558877599393
0.4315158435626606, 1.9252625403899721, 0.6106016864537409, 0.182034620033682
0.21866971167570654, 1.9597244846660888, 0.7722965601538033, 0.33225740695023054
0.3430773622609192, 1.963092930338024, 0.636125826161878, 0.20897895623128382
0.309506137596346, 2.1384104733224802, 0.6932953473498201, 0.2524450211515413
0.2980873536968313, 2.333712369016399, 0.7286812185649724, 0.22668853546576645
0.31087639166428777, 1.7383680332942313, 0.6710815313874142, 0.2654346605972382
0.4054810162717671, 1.8326435911563543, 0.6071360409761567, 0.1855268302436327
0.29129317727662, 1.98540031171478, 0.7159227905424261, 0.2647024414798893
0.3495860690836426, 1.9327837387655518, 0.6330918625732317, 0.19079491973382195
0.48712532115329715, 1.842805114630934, 0.4861225137483041, 0.1513357515559493
0.2670853554096489, 2.17574065887278, 0.7570786722674793, 0.2568361207499648
0.25829289180702253, 1.937565045202932, 0.7518041620417318, 0.3382342921700716
0.1937767627747645, 2.3484614997574713, 0.8326189514725991, 0.3066119682956979
0.4157579217813303, 1.7890819835622005, 0.590039252100395, 0.18590730053944995
0.47142449329146446, 1.7116123964811711, 0.5302175863772333, 0.1676174273468014
0.4595489580359692, 1.6910585754859662, 0.547694340482145, 0.148590239967712
0.33222951755638025, 2.2218730697559863, 0.6675685599872998, 0.2554741763522169
0.3088210105623751, 1.7085560637288797, 0.6946763962153157, 0.22989748104031854
0.30157008278618325, 1.783151092532785, 0.6881101377815915, 0.2712726473440011
0.3162432200970597, 1.6957865312163776, 0.7036784533137774, 0.23202980467465814
0.3571224664573223, 1.8987941526937853, 0.6482447358610587, 0.19064560475752018
0.4487582072509278, 1.8138654944150066, 0.5504327561848018, 0.18703490767705003
0.29214958606908364, 1.9181802515528592, 0.6955384412803978, 0.26861382712379406
0.4879246360262632, 1.5306715063144574, 0.5060708716755616, 0.14896301029977324
0.5487867542106766, 1.2078469719702674, 0.4405600131868489, 0.15609234326581656
0.6070796460176991, 1.1831553093342484, 0.39474422512546126, 0.12285481201389108
0.6233514130745076, 1.173830731410683, 0.38157783736117457, 0.12017739320097065
0.5326291749928632, 1.2440029169669704, 0.47436203531772464, 0.17541721530148385
0.5864687410790751, 1.2135865725622605, 0.4277684898493315, 0.14672049921832014
0.6415643733942336, 0.9860501617414953, 0.3665274158323797, 0.12302185237446048
0.6957465029974308, 0.8755943068494324, 0.3096356999760302, 0.10128364984859495
0.7350271196117614, 0.7896601164741683, 0.2658623817971384, 0.09828388769878187
0.7550670853554097, 1.0218362622045973, 0.2385551941934486, 0.08395477297318542
0.6043391378818156, 1.075723405830645, 0.3743784629175392, 0.14296622243205265
0.5169283471310305, 1.4731150296052251, 0.4708569718612562, 0.16533831358040285
0.546046246074793, 1.2118663766028164, 0.44747667548319814, 0.15846813328738454
0.5224664573222951, 1.1989453887772703, 0.47559350918546484, 0.15683973186491493
0.695175563802455, 0.9633538162643625, 0.3136909191432613, 0.09807082425494314
0.6769055095632315, 0.9501371684106391, 0.33583242754412546, 0.10708323911179514
0.11407365115615187, 2.306182346458337, 0.8645983107817792, 0.3204654257040112
0.17813302883242935, 2.366238436745195, 0.8057202594938649, 0.2800335085603184
0.17419354838709677, 2.271833583221686, 0.8233567846722121, 0.3905571054687419
0.10082786183271482, 2.3530707157240096, 0.9123138294877465, 0.4601322017048462
0.09968598344276335, 2.334035648283467, 0.9144730270170799, 0.4795767283264497
0.31715672280902085, 2.101474151671222, 0.6592312538240226, 0.2414144352836543
0.3523265772195261, 1.9402961243162011, 0.6379398215845038, 0.22781302980847035
0.17784755923494147, 2.163908092702691, 0.8047134789599252, 0.39050040624704885
0.09911504424778761, 2.315485899127826, 0.9040923873955423, 0.4558527269486207
0.23025977733371397, 2.3403108114825977, 0.7480665180267415, 0.2825445268198714
0.27216671424493294, 1.9332793644180375, 0.7084998347990028, 0.28977308165592824
0.5202397944618898, 1.9033121457142113, 0.4553411996196896, 0.14935385009900098
0.25954895803596917, 1.9989911914994776, 0.7359848243229609, 0.2987493074270569
0.3717956037681987, 1.7792624412895168, 0.640425309929794, 0.19516314109357966
0.2204967170996289, 1.9176240633053334, 0.804208554446865, 0.29653187390983266
0.39023693976591495, 1.7199492439504287, 0.6241318889113636, 0.2044277378834168
0.4919783043105909, 1.4157325053713576, 0.4987882381081806, 0.19213583057231012
0.39360548101627174, 1.6468263959428633, 0.5788071368755286, 0.20407909037238672
0.39514701684270626, 1.7173008783745691, 0.600760374552804, 0.19212306506581306
0.4129603197259492, 1.7309536410775859, 0.6116311161545005, 0.18630210875549705
0.427576363117328, 1.6713740729686706, 0.5809657216542755, 0.2188882041111686
0.34102198115900656, 1.6101419711909293, 0.6394319043972113, 0.2564115974288023
0.4177562089637454, 1.9807566264000342, 0.5671307905991773, 0.2024965182877966
0.20765058521267485, 2.094740737713033, 0.7896961606072216, 0.38095176423984073
0.2638880959177848, 1.7969074456037673, 0.7351124013058158, 0.3161278310166867
0.4558378532686269, 1.477658150558842, 0.5240456383395212, 0.16093997044232117
0.574707393662575, 1.271923414748582, 0.40773724305438047, 0.13667707618848274
0.6496146160433913, 1.0809479454677429, 0.3592635453114026, 0.12563935554701205
0.7248644019411933, 1.0221890337401514, 0.2709581318396389, 0.08617153181093282
0.5202397944618898, 1.5034957299156255, 0.50402521365869, 0.18333373267299835
0.1662003996574365, 2.011720665977949, 0.8441833614177698, 0.39224393854920486
0.4609763060234085, 1.5580641614720374, 0.5525096516499999, 0.1788721467436865
0.5647159577504995, 1.2606122316580448, 0.43758256308808796, 0.1293281957887596
0.6611475877819012, 1.0970851798485746, 0.3202665892686259, 0.09956343646684954
0.6561233228661147, 0.925644259284113, 0.3292204960444428, 0.12381390805765154
0.6316871253211533, 1.1540609524245267, 0.35195489895847165, 0.12787468539244368
0.7401084784470454, 1.1709384821633968, 0.24202567180446768, 0.08048795866868261
0.6370539537539253, 1.4982430987551387, 0.36288345864217264, 0.11840967150217616
0.5664858692549244, 1.2514166757000742, 0.4257675833618276, 0.14691125408876857
0.5825292606337426, 1.2088172424449568, 0.40573107702447675, 0.13536669638500037
0.5923494147873252, 1.2075026152967607, 0.3749686178674827, 0.11749915450864164
0.7129317727662003, 0.8684289254160938, 0.27970599921574907, 0.09402352268913886
0.7876106194690266, 1.011008259549401, 0.21349143939059237, 0.07731182543433959
0.681130459606052, 1.0111316858029114, 0.30565147256862035, 0.11297713359244357
0.7442192406508706, 1.7525476489855227, 0.24791853611129738, 0.08384868758144502
0.4053668284327719, 1.839116558850305, 0.5698470514696308, 0.17827811195108706
0.2501855552383671, 2.178830127601381, 0.7233316880896605, 0.26643261511687816
0.4687410790750785, 1.3066540582007147, 0.5160916245750379, 0.16517073041193397
0.5361119040822152, 1.4191429673366263, 0.4723000114939236, 0.1416229097722343
0.4676562946046246, 1.353189241717262, 0.5436481883072437, 0.19637162825409024
0.6068512703397089, 1.156165767644827, 0.4013664194311243, 0.1256896205970759
0.6053097345132743, 1.008108054688921, 0.38327977999688534, 0.13332876926320852
0.5956608621181844, 1.0500043775721462, 0.3786802705840748, 0.13625223626760688
0.5727662003996574, 1.146714962600743, 0.4345968177741775, 0.1416212945054126
0.5137310876391664, 1.5218402272729985, 0.4784527419911358, 0.16880611381102156
0.29877248073080215, 1.787301691589851, 0.6694083579263461, 0.25997047768736997
0.3966885526691407, 1.955564510866536, 0.5943780546687552, 0.2020118313425777
0.3178989437624893, 1.970035283799652, 0.6737441052101844, 0.21391766295955109
0.45635169854410507, 1.5453681784427544, 0.5507294328547316, 0.17546649281791663
0.44601769911504424, 1.4285258032621877, 0.5473366533660466, 0.1769026694729916
0.38110191264630316, 1.8806634622541727, 0.6319647386324793, 0.2285648709023877
0.2812446474450471, 2.0105954062418023, 0.7018612388302637, 0.24421246492749052
0.3021981159006566, 2.0301386128382584, 0.7025389719918552, 0.22452013952107036
0.3070510990579503, 1.9932146744560657, 0.7137974151432943, 0.2824892204744624
0.21672851841278903, 1.8918312981899146, 0.7889054206445962, 0.2828168999751309
0.21216100485298317, 1.9851225945725293, 0.7983571721334266, 0.3952130128736718
0.32018270054239223, 1.8206022941212023, 0.6881447469609643, 0.2157088921712637
0.36797031116186124, 1.9414922088214475, 0.6512047598702153, 0.21718941616184811
0.420211247502141, 1.5022846993798022, 0.5912756026801597, 0.20172652514686074
0.4096488723950899, 1.9618567178857997, 0.5993537622166252, 0.21629095637186868
0.5574650299743077, 1.1186789542840714, 0.45105153764610717, 0.1529211092079933
0.7192121039109335, 0.9063563650569132, 0.2783358129684562, 0.09732532433622448
0.7281758492720525, 0.8657462077623149, 0.27433554101408514, 0.09375279794288142
0.6195832143876677, 1.0673897827829493, 0.37904354023820985, 0.13207044101354343
0.5578075934912932, 1.212369622162626, 0.4537974307113579, 0.14237988910649174
0.6802740508135884, 0.8615050560237253, 0.31692170580350504, 0.1046131500506694
0.642706251784185, 1.1151855109624784, 0.36538196448562354, 0.12091689120417601
0.7649443334284899, 0.9434766631874397, 0.22865403561411454, 0.08875091450180098
0.6610333999429061, 1.5275145455322843, 0.3346831009608836, 0.1030234079154924
0.35181273194404794, 1.6520574071170464, 0.6532844577848079, 0.2697821457597693
0.6070796460176991, 1.1879444490678985, 0.39127523536620556, 0.12027255195698842
0.6940907793320011, 1.1034563231070043, 0.28526044292960795, 0.09190748277980978
0.5807022552098201, 1.3225301293940706, 0.4242890225639229, 0.1488328113942443
0.3971453040251213, 1.594352963690141, 0.5936397762210618, 0.18263290954628394
0.6102769055095633, 1.2348872755544886, 0.3965427659732852, 0.12661214178466093
0.3699685983442763, 1.6352465278381556, 0.625181516455673, 0.26854996478779924
0.44499000856408794, 1.6219566805070718, 0.5644598126793816, 0.16622027226034417
0.4340279760205538, 1.4550331502195737, 0.5607793732451523, 0.1809270102582403
0.5001427347987439, 1.2627428519395703, 0.4851143860029481, 0.14505662462351432
0.5445618041678562, 1.520758094850214, 0.455614416098192, 0.1491525116929541
0.48952326577219524, 1.3514973450176655, 0.5268297143510272, 0.1635806843323788
0.6181558664002283, 1.222702523364515, 0.4095019952808304, 0.1270468089935736
0.69129317727662, 0.98356451466871, 0.2994816652906169, 0.10857174930709483
0.49734513274336284, 1.378492787812153, 0.5258061084694727, 0.19287232197002535
0.6199257779046532, 0.9729440687725689, 0.38792576108250687, 0.12670250624939602
0.6629745932058235, 0.9301814494051556, 0.3322994774967817, 0.1201513329668324
0.6423636882671996, 1.0391040613530234, 0.3731793721268017, 0.13316549682618142
0.5681415929203539, 1.1688758612631935, 0.43915793254111024, 0.17145624286575925
0.548729660291179, 1.2030349208241424, 0.46816198679209214, 0.14351133687196402
0.7312589209249215, 1.2080039255914434, 0.2772664917423828, 0.09632519365462357
0.4023408506994005, 1.5114786616443328, 0.6072129642540575, 0.20335260646045902
