acuracia,loss,frr,fpr
0.09380825565912117, 2.3040032824250893
0.09933422103861518, 2.4693876725141597, 0.9184179034232867, 0.47290014775924805
0.09973368841544607, 2.6787174168344183, 0.9179893714093498, 0.472474798619811
0.10279627163781624, 2.5387211068809905, 0.8524136922145722, 0.43115526823507105
0.10845539280958721, 3.1667838131143315, 0.8477203773107655, 0.40449334810538695
0.10126498002663116, 2.7212782415525414, 0.85339999363446, 0.451507754611648
0.13941411451398136, 2.493842699413452, 0.8791324515487934, 0.2846654028236534
0.10126498002663116, 2.793363174732611, 0.85339999363446, 0.45029171661900735
0.18575233022636484, 2.3806376926987847, 0.8381605426688027, 0.23160578530268022
0.18761651131824233, 2.248814256872223, 0.841371782087991, 0.23107054425945406
0.1752330226364847, 2.2798699675641267, 0.8190847224505748, 0.25974900681786367
0.1751664447403462, 2.35252715403167, 0.8293800800587622, 0.2548449148642563
0.1814247669773635, 2.2070729737672283, 0.8318725986875706, 0.2641611617171798
0.23282290279627163, 2.087822404904626, 0.7738780153523106, 0.2112426880324575
0.17137150466045273, 2.5159161378754757, 0.8666322108212899, 0.26110270594066165
0.12336884154460719, 2.4813190200079616, 0.8346626625592337, 0.38310695365630776
0.20139813581890811, 2.145053105802336, 0.7698999424836822, 0.25973713043546814
0.1799600532623169, 2.5647915880308645, 0.7949553865814994, 0.2633050879149729
0.1626498002663116, 2.325563343331595, 0.7968773291448455, 0.28030213187158654
0.264780292942743, 1.9888741880536238, 0.7581789040150372, 0.18527378933533747
0.26131824234354195, 2.268064239422745, 0.7336699927011479, 0.1809641827582568
0.2570572569906791, 2.019224679589113, 0.7588520768240958, 0.19153477164897617
0.16757656458055925, 2.4101777717252864, 0.8013631430156023, 0.27831955077500986
0.24427430093209054, 2.2654095734840385, 0.7571020482323011, 0.20993313999768148
0.24733688415446073, 2.1482409622356515, 0.7645561804102249, 0.1880090067484037
0.27976031957390146, 2.057941635312158, 0.7139290624957734, 0.1851969393472822
0.25825565912117177, 2.204528111542827, 0.782242159866545, 0.20822052834783367
0.14713715046604528, 2.505366397140109, 0.8140972363565078, 0.33835830696363717
