acuracia,loss,frr,fpr
0.010388226676433375, 4.606346116526717
0.013717786508623559, 4.606852762437322, 0.9862550901365269, 0.11297618092401757
0.010321635479789572, 4.648318716218629, 0.9898088397536258, 0.1432610312513421
0.008856629153625891, 4.707033669749327, 0.9917232850356971, 0.14746829076975052
0.011853233002597057, 4.758468222171971, 0.9881332478835537, 0.14197700154543397
0.012053006592528467, 4.736983602243995, 0.9873253105576384, 0.12511480078444154
0.014183924885130185, 4.675439160364068, 0.9851790455732932, 0.1168843478731775
0.019977358993141108, 4.639232674205145, 0.9796451039094727, 0.12587264359988531
0.023373510021975095, 4.5638025869595715, 0.9769723253550591, 0.11464352725125342
0.02936671771991743, 4.508902206904817, 0.9703127049930855, 0.09784223894972886
0.02943330891656123, 4.453552451568429, 0.9699626466929004, 0.10331351377220316
0.022707598055537057, 4.447474998807656, 0.9783617287150609, 0.11526398924727926
0.028767396950123193, 4.47038661613599, 0.9711067748397414, 0.09737882087889822
0.03349537191183326, 4.438693348589977, 0.9664645493762595, 0.09366124475772972
0.043017913031897184, 4.427448046479712, 0.9568644454166737, 0.08497714784032791
0.04601451688086835, 4.356051991622045, 0.954071185313318, 0.0870017762351443
0.046813611240593994, 4.408541835131559, 0.9538323540403411, 0.09041184758355261
0.04834520876340148, 4.375175118644807, 0.9525150154239255, 0.08579311414730245
0.05067590064593461, 4.31112505625637, 0.9500730626759902, 0.09186586689548855
0.058400479456615834, 4.294255540383166, 0.9416423050461339, 0.07987920811025019
0.05866684424319105, 4.261461844288367, 0.9421532092781584, 0.08200948576604462
0.04621429047079976, 4.250308056173625, 0.9548861574789543, 0.08745538619990427
0.05094226543250982, 4.2106754298914115, 0.9489035707531976, 0.080855795537145
0.061330492108943195, 4.202815708311038, 0.9392694996708784, 0.08031653306785419
0.05853366184990344, 4.177663600499568, 0.941906850711422, 0.0800561320565581
0.06585869348072185, 4.144693426804226, 0.9349909813578655, 0.07929294098749284
0.06226276886195645, 4.185595542103154, 0.9384197952160109, 0.07776405005707689
0.06272890723846307, 4.11152618482442, 0.9377965877199901, 0.07911309604160721
0.06998734767263767, 4.130299658815656, 0.9309782220123886, 0.07384595268925227
0.07538123460078577, 4.099010254767268, 0.9246945659903782, 0.07537172297401204
0.07271758673503363, 4.101402857955035, 0.9282174712812672, 0.07457172640098947
0.07245122194845842, 4.095624668791711, 0.9281427563927831, 0.07435080275982062
0.06212958646866884, 4.11248389615782, 0.9381110985032541, 0.0803557455433927
0.08250649264167277, 4.073530755268795, 0.9187157103690595, 0.07221534049779571
0.08257308383831657, 4.0993620077779545, 0.9186609912924248, 0.07240397716864085
0.07558100819071718, 4.106328720670808, 0.9251343559057448, 0.07537070367532776
0.07990943597256443, 4.090798099848945, 0.9210358310119432, 0.0776136365745427
0.07391622827462209, 4.090354743918018, 0.9262423489776626, 0.07966866740617194
0.0795098887927016, 4.058715078534938, 0.9209524603595038, 0.07389205419457844
0.08197376306852235, 4.0289731790311825, 0.9190093290260626, 0.07668408937549773
0.08257308383831657, 4.000872446938663, 0.917789043326535, 0.0756787878731446
0.08923220350269695, 3.9948760588048278, 0.9114153280012619, 0.07300781880937153
0.08963175068255977, 3.9878573889991786, 0.9115457968477371, 0.07491902536510268
0.09788905906639142, 3.966580550219888, 0.9021820823117538, 0.0693935592192887
0.0884331091429713, 3.9866251098003844, 0.911750643487649, 0.0730210762083158
0.08756742358660186, 4.026118777575724, 0.9125574190483269, 0.07207188243440407
0.09316108410468137, 3.9561355462950347, 0.9071806497610495, 0.07130843481030613
0.09875474462276088, 3.9309067246027523, 0.9016133589266816, 0.07255188854438684
0.10088566291536259, 3.9341321753830027, 0.8997818031175346, 0.07072557367507222
0.09888792701604848, 3.931890436278414, 0.9010704951540228, 0.0742403168189521
0.09495904641406407, 3.958891085145667, 0.9046732480497671, 0.07203740393903672
0.07751215289338749, 4.026591130465779, 0.9230893926066542, 0.0762525268806939
0.10308317240460811, 3.941636019130279, 0.8983299238927991, 0.07057369812847411
0.0938269960711194, 3.959344392722382, 0.9073050270028744, 0.07333314515483438
0.1027502164213891, 3.953634307650741, 0.897926608075761, 0.07381179298023534
0.09689019111673437, 3.889744916165122, 0.9035316505011372, 0.07440003809380005
0.10354931078111473, 3.887204263740098, 0.8976129661082836, 0.0729782910007364
0.10441499633748419, 3.8954399182649304, 0.8963074145829253, 0.07072360185880751
0.10308317240460811, 3.8880591905330575, 0.8973195143264889, 0.07195029783925885
0.11087434241193314, 3.871770433986791, 0.8901259848002124, 0.07133252903859845
0.10488113471399081, 3.8841246439294967, 0.895712696415726, 0.07012603754666877
0.11773323566624493, 3.8099325754246047, 0.8827885722735457, 0.06861494232284499
0.11720050609309449, 3.806993274283233, 0.8824336552769283, 0.0717641424502106
0.1100086568555637, 3.866507189199373, 0.8914721611372876, 0.07146078019907938
0.11393753745754812, 3.8240925957552165, 0.8876885204312732, 0.07002740114783819
0.11287207831124725, 3.854511011390638, 0.8886179805456144, 0.07094080952818098
0.11620163814343744, 3.862691333642088, 0.8850737457282123, 0.07010739443611046
0.10754478257974295, 3.8569910274631867, 0.8933579367354098, 0.07501184625233531
0.11513617899713657, 3.8402104824116585, 0.8854025724916074, 0.07056493713413681
0.11693414130651927, 3.819154724011355, 0.8840439623164907, 0.07032188668742041
0.1353133115802091, 3.755994559104365, 0.8664163753556351, 0.066885484229767
0.1245255377239129, 3.8014727515101696, 0.8762933989801535, 0.07020459263571953
0.12212825464473596, 3.796052599394616, 0.8783305931587878, 0.06912576241692603
0.12585736165678899, 3.797873942847416, 0.8753902924237502, 0.0679372899549771
0.13771059465938604, 3.789173574305378, 0.8628073139822641, 0.06697960109583241
0.1372444562828794, 3.7280408959497646, 0.8635971458215498, 0.0670855296874423
0.13371512286075782, 3.7673608964139045, 0.8668351391268562, 0.06819752707865495
0.129919424652061, 3.7503553946373698, 0.8703882100097902, 0.06934032743731322
0.1301857894386362, 3.7604118088490877, 0.8707277109819753, 0.0685769778146836
0.1246587201172005, 3.775224028045188, 0.8750268621907782, 0.06923127547345281
0.13404807884397682, 3.7466197338054714, 0.866325821461115, 0.06935092953663984
0.11799960045282014, 3.758900686262006, 0.8822857953873637, 0.07001358723479661
0.14496903509356063, 3.6614131626152773, 0.8553203408480518, 0.06661773319835604
0.12212825464473596, 3.7491174675839285, 0.8794279968359472, 0.0701294051378064
0.14769927415595657, 3.656268194741524, 0.8535040933237397, 0.0673155747099178
0.13404807884397682, 3.726459288998784, 0.8664252383102885, 0.06938389345033165
0.13038556302856763, 3.702523938823796, 0.8699464648224056, 0.07083022956453981
0.14476926150362923, 3.6345936249359365, 0.8548777450875652, 0.06680825085330043
0.1517613371512286, 3.6252930595386266, 0.849339712107255, 0.06639404728173602
0.15189451954451622, 3.602624742884908, 0.8484638878437599, 0.07116282067351876
0.13371512286075782, 3.6941174020333465, 0.866581266749878, 0.07033550796273784
0.15295997869081707, 3.623186579757662, 0.848636984258925, 0.06606049088401264
0.14503562629020444, 3.662425978829764, 0.8566847561506499, 0.06907805873449832
0.14749950056602518, 3.6452341817496516, 0.8533080687082513, 0.06750160006215827
0.15189451954451622, 3.631407741200966, 0.8490328278927322, 0.0661333858377274
0.14403675834054738, 3.662130760544823, 0.8564577883368716, 0.06883836780823994
0.15822068322567756, 3.6272307688254624, 0.842648842264223, 0.06548428071695504
0.15981887194512887, 3.614631707717363, 0.841306653276254, 0.06701195951400477
0.15615635612971965, 3.6273383862281467, 0.8452806568086833, 0.06650942644731284
0.16707731237930346, 3.5612715293383594, 0.832939199574583, 0.06488394197222581
0.16308184058067524, 3.5493499182937165, 0.836551482753425, 0.06555837637559528
0.010321635479789572, 4.606490125603417, 0.9892358938977662, 0.10102727754212801
0.011453685822734235, 4.62884138230121, 0.9885488756980546, 0.14618613176961298
0.012186188985816075, 4.664455987724918, 0.9878092595429331, 0.1089106968837197
0.012985283345541719, 4.750126966569922, 0.9872388646468276, 0.12588106919568867
0.023706466005194115, 4.678890308924503, 0.9752636625753481, 0.10677204963296838
0.020310314976360124, 4.678384714599074, 0.9795300360996686, 0.11067689172509025
0.016314843177731905, 4.668391275272521, 0.9834562779188164, 0.12106494321652823
0.02936671771991743, 4.619984260529107, 0.9701385017463023, 0.10087698299018219
0.016714390357594727, 4.5523090001039135, 0.9837847224716804, 0.12184323626734316
0.03123127122594393, 4.507552838685899, 0.9680651037782565, 0.09249206990966323
0.03642538456416062, 4.472648627400645, 0.9643407347038688, 0.09666741837701717
0.043217686621828594, 4.405483059887246, 0.957649743570892, 0.08889750533606676
0.026236931477658654, 4.447409844266723, 0.974225597642636, 0.11262159150849885
0.050542718252647, 4.295879152839301, 0.9489445434375905, 0.0813676076691106
0.04474928414463608, 4.321550443819108, 0.954733566579409, 0.08611210398494844
0.05200772457881068, 4.252100335302973, 0.946820559641257, 0.08006431665432479
0.057801158686821605, 4.221250580242584, 0.9416274885799137, 0.07990239099097264
0.06399413997469534, 4.17862810811992, 0.9365428838086963, 0.0796359534411966
0.058933209029766266, 4.207548482238496, 0.9418416727453119, 0.0898760455878472
0.05666910834387694, 4.209938098041626, 0.9432241405836063, 0.08099605363146437
0.0630618632216821, 4.18438975887371, 0.9375258605764368, 0.07831059314404012
0.06865552373976161, 4.159982862886595, 0.9320320541692385, 0.07770963606872901
0.06812279416661117, 4.114515197827193, 0.9322728489059425, 0.0769166172373425
0.058933209029766266, 4.157480264921405, 0.9413888140689294, 0.08438165584174176
0.06785642938003596, 4.112836911705781, 0.9322751585669173, 0.07772159219001717
0.07791170007325032, 4.079912439519559, 0.9217314586250203, 0.0742995239484722
0.07531464340414197, 4.0933507494740065, 0.9252598696951299, 0.07596877232842927
0.08004261836585204, 4.056264454399038, 0.9201832014125759, 0.07382561789986122
0.07298395152160884, 4.075157670069132, 0.9268648851843843, 0.0758859385379949
0.0830392222148232, 4.023516088555447, 0.918156863977817, 0.07516695897421251
0.08004261836585204, 4.081155044813245, 0.920262445431459, 0.07546381284419157
0.07424918425784112, 4.03992113706203, 0.9253241656151622, 0.07697310237516562
0.079376706399414, 4.029234975205286, 0.9212332283368562, 0.07557849264430387
0.08616900845708197, 4.032283081388858, 0.9137124495176309, 0.07282268615057555
0.0901644802557102, 3.993183619761551, 0.9100742357387388, 0.0734866540022507
0.08929879469934075, 4.02520618467616, 0.9105191896905498, 0.07252425385170583
0.08184058067523474, 4.042142329524326, 0.9185711976988975, 0.0744958379077541
0.09435972564426982, 3.958205989461816, 0.9057172270780717, 0.07739137343430418
0.08623559965372578, 4.036548931017422, 0.9139005738333171, 0.07379452346276541
0.10374908437104614, 3.933556095106017, 0.8966742780504166, 0.0712930998061524
0.10881001531597523, 3.917900812374241, 0.8919622964045314, 0.07064829564394444
0.09296131051474996, 4.0304605359441155, 0.9072209855722015, 0.07431484807020118
0.10621295864686689, 3.921503607614099, 0.8937418723620535, 0.07089252346108034
0.09549177598721449, 3.973698704841412, 0.9050240594816649, 0.07159367292808395
0.09975361257241792, 3.9442825342705956, 0.9011363579937353, 0.07170679856713065
0.10701205300659253, 3.919607236643022, 0.8941143606241819, 0.07097705119104045
0.09835519744289804, 3.899397018342057, 0.9028472136731126, 0.07318675340256264
0.09356063128454419, 3.92530201954285, 0.9068846447353756, 0.07320532829088618
0.09529200239728308, 3.9226482561173306, 0.9056983217231572, 0.07507853359897951
0.0992874741959113, 3.9193014113033167, 0.9012408855048372, 0.07384954654996224
0.0956915495771459, 3.9237459628966374, 0.9039011057808369, 0.0727283363578564
0.1010188453086502, 3.880021925144636, 0.8994202004921497, 0.0719477039364066
0.10980888326563229, 3.88110744115666, 0.8900511453725081, 0.07127338081658348
0.1155357261769994, 3.8135956753710896, 0.8851872749462953, 0.06982259570145989
0.11979756276220284, 3.8353324524054573, 0.8807358617969067, 0.06934556117409402
0.11447026703069854, 3.7986073680189785, 0.8867328857423573, 0.07100476404809919
0.13304921089431976, 3.752496645073841, 0.8679477645867075, 0.06830454630129063
0.11034161283878272, 3.8487227834191073, 0.8899678529853425, 0.07143776936085562
0.10228407804488247, 3.8936000857347177, 0.8986719249672827, 0.07459435057368932
0.12938669507891057, 3.7537744951175136, 0.8715143068808163, 0.06856562849957189
0.13664513551308516, 3.739724943988244, 0.8642980405153611, 0.06725805831203663
0.1303189718319238, 3.7537094298942417, 0.869578242058788, 0.06809261083805979
0.14050742491842577, 3.7429038554761433, 0.8597142993595636, 0.0668932021612894
0.1277885063594593, 3.7562809291498445, 0.872594931303453, 0.0694883769296115
0.12339348738096824, 3.7589347475400783, 0.87689488838296, 0.06867481787095997
0.1462342678297929, 3.694868359956616, 0.8545671531178826, 0.06692899010548609
0.1355796763667843, 3.716877758435485, 0.8650673753541642, 0.06813006488224677
0.13824332423253646, 3.691973791670496, 0.8624720168214111, 0.0679121914058273
0.14157288406472665, 3.689579259002146, 0.8582941083765896, 0.0667658418933844
0.12346007857761204, 3.7617668104273365, 0.8766826270161344, 0.07176654624714449
0.13444762602383964, 3.6738992116974716, 0.8660318395208162, 0.06788900586026948
0.14343743757075314, 3.679706650440104, 0.8573643934741242, 0.06631465268357072
0.13218352533795033, 3.748590160424957, 0.8685533649519196, 0.07034654424480856
0.15236065792102285, 3.6200659274419866, 0.8478055549153587, 0.06791205907102353
0.1481654125324632, 3.6660098436947726, 0.8530762523381027, 0.06708630431779261
0.1514949723646534, 3.6321898655225553, 0.8490307845253691, 0.06641832567040543
0.158753412798828, 3.595704702703234, 0.8420331897146032, 0.06567105664494984
0.15482453219684358, 3.6207400839092365, 0.845804474736068, 0.0659412933888856
0.15256043151095425, 3.6263202024203145, 0.8466419253048185, 0.06601188237358331
0.15755477125923953, 3.591033517722959, 0.843213279001848, 0.06582754594985656
0.1567556768995139, 3.605067052512224, 0.8439865835787834, 0.06643313583698701
0.16141706066458014, 3.588845287935072, 0.8394118050753732, 0.06560146490722805
0.14450289671705402, 3.604719134108033, 0.8571875560079809, 0.06827849404611275
0.15069587800492776, 3.6410364770393935, 0.8497978701589449, 0.06859878012645447
0.15782113604581474, 3.584288940318869, 0.8427765269583903, 0.06642002691256722
0.16021841912499168, 3.715428490212288, 0.8402827226295687, 0.06609613193923794
0.13371512286075782, 3.6942643846503076, 0.8676017007893718, 0.06814175281448884
0.13764400346274222, 3.7097776828231654, 0.8636868568537629, 0.06962760214128653
0.15335952587067989, 3.6268079686817383, 0.8468052475365191, 0.06655854058168094
0.14663381500965572, 3.632096573191476, 0.8541095163661377, 0.0683773728414206
0.1537590730505427, 3.630095595747318, 0.8462662389001656, 0.06693143428935716
0.14923087167876406, 3.62606835622496, 0.8508641544389464, 0.06755278531982283
0.15549044416328162, 3.601110683599166, 0.8447728330533006, 0.06542008064752042
0.1534927082639675, 3.5932851545644153, 0.8472844759207632, 0.06717624291904117
0.15409202903376173, 3.582555404442592, 0.845589891723229, 0.06793257859831703
0.1572218152760205, 3.5833209259989354, 0.8425454139575838, 0.06576526076709253
0.16927482186854897, 3.5194733223585186, 0.8313911930830781, 0.06488203311977105
0.14503562629020444, 3.6279701698617832, 0.8557548516389337, 0.06909158582491132
0.15116201638143437, 3.5603403118706627, 0.8501237526141306, 0.0672910578879316
0.16314843177731903, 3.5361394044712635, 0.8371211803211821, 0.06587247067462867
0.15995205433841647, 3.5376179555034466, 0.840755514907698, 0.0671514308567338
0.009988679496570554, 4.606954114005419, 0.9894075250704766, 0.10717555979700863
0.013784377705267364, 4.624544311047648, 0.9863463458547101, 0.1104885660897658
0.01045481787307718, 4.672143630882376, 0.9899807190840548, 0.14745963060596062
0.009722314709995338, 4.7033042399664335, 0.9899310468005524, 0.12998904281137638
0.021575547712592395, 4.725988043301622, 0.9788992833819096, 0.1052774810018184
0.021575547712592395, 4.751230003688183, 0.9786979014348741, 0.1014565013293122
0.015915295997869082, 4.653360565389656, 0.9834641544101917, 0.12292612176457028
0.009988679496570554, 4.626266831983983, 0.989359048666075, 0.1462358802349856
0.015116201638143437, 4.6033977257822, 0.9844013088170535, 0.13299051374444237
0.012319371379103683, 4.554122148471753, 0.9876374624216265, 0.1352932524540513
0.028833988146766996, 4.498245054295674, 0.9704509690566144, 0.09744883812238
0.03509356063128454, 4.5306245806278005, 0.9641852896661119, 0.09586056131853338
0.038556302856762335, 4.476604727570859, 0.962149547480081, 0.08865563646919494
0.05680229073716455, 4.37791761207606, 0.9432036003692416, 0.0776023318602118
0.03769061730039289, 4.41253491191657, 0.9612246035914548, 0.09038845871602869
0.05833388825997203, 4.352479998293957, 0.9406657384834678, 0.08503473854987947
0.05427182526470001, 4.270183917216616, 0.9464846374727905, 0.08409099643031957
0.05074249184257841, 4.3312342377582835, 0.949456237786914, 0.08587361213996923
0.07558100819071718, 4.240954806422508, 0.9251442169240397, 0.07423790548732923
0.06925484450955584, 4.169655963632629, 0.931254778451016, 0.0773955721195751
0.06925484450955584, 4.159376973071317, 0.9304796190461901, 0.0768244195954058
0.06865552373976161, 4.147255926719001, 0.9317663079558947, 0.0774585870594161
0.06505959912099621, 4.218802280652108, 0.9348806467379505, 0.07824771022949707
0.06659119664380368, 4.175475786487518, 0.9340217967824711, 0.08073235067054735
0.06645801425051608, 4.155284137901107, 0.9336727661606807, 0.0784719757902739
0.07598055537058, 4.0960339929908764, 0.9237527895705289, 0.07762069563643881
0.07691283212359326, 4.121214156367692, 0.9238806109994683, 0.07472278386152538
0.07384963707797829, 4.101012499916528, 0.92704114920039, 0.07572932807411378
0.07298395152160884, 4.07276754802542, 0.9273478527688801, 0.07865087182537747
0.07697942332023706, 4.092291751285443, 0.9240601798348042, 0.07473819867770612
0.09076380102550442, 4.033890566622964, 0.9095620002593969, 0.07271734185281528
0.08410468136112406, 4.069192861791472, 0.9160398696946277, 0.07484423082202196
0.07990943597256443, 4.082728458116096, 0.9198158172627067, 0.07483192838007008
0.0813744422987281, 4.0435271712112195, 0.9200565449888859, 0.0757763683767508
0.09582473197043351, 3.9772030051541867, 0.9051734020418363, 0.0731250343223089
0.09582473197043351, 3.9916935999812444, 0.9049099344606869, 0.07464531267195362
0.09309449290803756, 3.99386390554069, 0.9086400948054308, 0.0738944850608975
0.08823333555303989, 3.99227902301342, 0.9124692561796899, 0.07666206914852193
0.0938935872677632, 3.9890144152640343, 0.9066466989417341, 0.079987036748826
0.097356329493241, 3.981050841094032, 0.9033496582068642, 0.07147120656882607
0.10434840514084039, 3.9570305524148948, 0.8961359668156313, 0.07121806504550512
0.10900978890590664, 3.915502395961386, 0.8907416040193794, 0.06941319054017066
0.10488113471399081, 3.9250757590887857, 0.8954591319525627, 0.07114241108189912
0.10128521009522541, 3.9067976760699143, 0.8989502104959055, 0.0720415785875958
0.10667909702337351, 3.898098540844307, 0.8939317854493376, 0.07140793081622655
0.10141839248851302, 3.8965758985770385, 0.8990193837022443, 0.07302433644479553
0.1172670972897383, 3.860900530351846, 0.8823989202329394, 0.06920015159419533
0.10881001531597523, 3.9137281630561076, 0.892256051834994, 0.07037269260605802
0.11054138642871413, 3.910925642869488, 0.8898329083755055, 0.06984960834423845
0.12152893387494174, 3.8529831227000706, 0.8789949550227497, 0.06813962582470799
0.11973097156555904, 3.843393631001132, 0.8801528301917149, 0.06867997998366282
0.11959778917227143, 3.8450753768671446, 0.8812932685271891, 0.06968101211745063
0.11486981421056136, 3.848614052464961, 0.8860599277667538, 0.0697312177153739
0.12665645601651462, 3.79723605783673, 0.8736298439804593, 0.06844767705482366
0.12385962575747486, 3.7946060770018533, 0.8769101059707073, 0.06867146335942562
0.1318505693547313, 3.7374541736152396, 0.8688195997977819, 0.0680784893910253
0.13444762602383964, 3.7470540481202095, 0.8663290749159585, 0.06805917617379272
0.13304921089431976, 3.7609144662535843, 0.8669061369143469, 0.06681413893764442
0.13271625491110076, 3.7784597830106534, 0.8672265525188793, 0.06713756013066768
0.13384830525404542, 3.766525892432777, 0.8678726397329428, 0.06723128438622882
0.13411467004062064, 3.7569387545874267, 0.867230464501587, 0.06762149367120475
0.1300526070453486, 3.770849398157763, 0.8706565501651364, 0.0704563388272015
0.1388426450023307, 3.7634149387577063, 0.8615923585898975, 0.0681178253416926
0.13058533661849903, 3.7778112400448927, 0.8687500789454826, 0.06855906441128559
0.13811014183924886, 3.717410209501695, 0.8623610498760128, 0.06870506132758498
0.14177265765465805, 3.7141935949582128, 0.8598096505648128, 0.06740253689940955
0.13924219218219352, 3.7038700463904073, 0.861276275357467, 0.0687958771663491
0.13950855696876874, 3.716789843501538, 0.8606343516512257, 0.0686174052286864
0.14676699740294333, 3.665602863942322, 0.854306129110556, 0.06716066378470549
0.15016314843177733, 3.669960232571501, 0.8508160984236467, 0.06713298458846943
0.14010787773856295, 3.7013844117554986, 0.8604522394874197, 0.06765136195095181
0.13804355064260504, 3.7055885879893573, 0.8632000287797014, 0.06880990412519068
0.15921955117533462, 3.634898346178683, 0.8417212155652295, 0.06493438265020407
0.13577944995671573, 3.668963528524077, 0.8643052830038294, 0.06907112135283613
0.14496903509356063, 3.63103032420921, 0.8555956781417744, 0.06727095399755095
0.1550908969834188, 3.6145768630454596, 0.8452409323149089, 0.06596461026955683
0.15229406672437903, 3.6238204849586353, 0.8481218589487033, 0.0672762101397764
0.15076246920157155, 3.6152480421938225, 0.8492993096463389, 0.06654674028468026
0.15429180262369316, 3.615121379723885, 0.8463916732840981, 0.06658171472163002
0.1534927082639675, 3.6084779311633106, 0.8471886550089127, 0.06787468867306443
0.1516947459545848, 3.615242734860031, 0.8491984961992389, 0.06681291900562294
0.15309316108410467, 3.6132281039552905, 0.8472324763530417, 0.0672967255805906
0.1571552240793767, 3.5713709061985814, 0.8433642243823948, 0.06608242494773037
0.15795431843910235, 3.581296402414018, 0.8424620127264457, 0.06546351638732219
0.16854231870546713, 3.542646162779979, 0.8327958336349994, 0.06432442668925671
0.16481321169341412, 3.5601160509763994, 0.8352944954312983, 0.06515484216416009
0.16294865818738763, 3.569627530693714, 0.837638790972884, 0.06563872272670951
0.15768795365252714, 3.572832800604226, 0.8431327892098527, 0.06574994944786411
0.1549577145901312, 3.6198964180955557, 0.8451678346088087, 0.06711996206251068
0.17406938802690283, 3.531853003945484, 0.8263981533428185, 0.06459963518149003
0.16554571485649597, 3.5550936454541278, 0.8356567941754696, 0.06504747568390484
0.17227142571752013, 3.556076417387171, 0.827591023736271, 0.06548135258345121
0.17400279683025904, 3.5458028932826577, 0.8265764676854934, 0.06457302567215777
0.1766664446960112, 3.5127194815265628, 0.8230241110466338, 0.06441961677319895
0.17060664580142504, 3.5074437527393956, 0.829501923724507, 0.06490168338349248
0.15655590330958247, 3.592407473506802, 0.8436321117087796, 0.06767421474549089
0.15668908570287007, 3.5940046382266324, 0.8441116306858132, 0.06757588533528697
0.16860890990211094, 3.525426857281106, 0.8319699381456515, 0.06601807756726144
0.17420257042019044, 3.507080135931622, 0.8260818034248512, 0.06597055716920457
0.1681427715256043, 3.518489837698083, 0.8316730256508157, 0.06625961363251472
0.18372511154025437, 3.456467681109862, 0.8158647085427249, 0.06390604122271921
0.010787773856296198, 4.605336040887517, 0.988874414485348, 0.1239757449005914
0.009722314709995338, 4.610808056236115, 0.9897872943916559, 0.13959759892862225
0.011253912232802823, 4.679202554514399, 0.988724587663418, 0.1296228431583697
0.01664779916095092, 4.688080653247578, 0.9832097456029355, 0.11824082244429025
0.009256176333488712, 4.775053623521694, 0.9907132050301679, 0.13133682475391728
0.008989811546913497, 4.765245757408114, 0.9909117327543915, 0.14688497351918972
0.010055270693214357, 4.788769112165483, 0.9900227372782956, 0.14624653874517604
0.011586868216021841, 4.713595593158991, 0.9881590844299937, 0.12510831582906212
0.020443497369647734, 4.633244220716877, 0.9802695215248931, 0.11791132580242791
0.016714390357594727, 4.614724053709105, 0.9831429652260535, 0.12707178150426468
0.027901711393753744, 4.569266175337842, 0.972286532276539, 0.1046731505665829
0.03123127122594393, 4.510620778335857, 0.968460521479027, 0.09973106136594206
0.0324299127655324, 4.4832292933863185, 0.9678895443065543, 0.09015524686499667
0.039022441233268965, 4.4606895315636805, 0.9611988112066888, 0.0963298351914068
0.03709129653059866, 4.426712120342184, 0.9626734497470091, 0.09028083280029171
0.05087567423586602, 4.335017936972888, 0.9498032807482945, 0.08546482819675283
0.052607045348604914, 4.359057602111101, 0.947545374159152, 0.07905149238206138
0.05140840380901645, 4.337500793270069, 0.9486947701591959, 0.08025673513761938
0.0577345674901778, 4.269365203295645, 0.9432085210135611, 0.07899420542825547
0.05087567423586602, 4.283557085839443, 0.9494933839751439, 0.08192825790220536
0.06046480655257375, 4.216858123045291, 0.9394464309913867, 0.07870310167598552
0.050609309449290804, 4.2008646056854815, 0.9503168215969768, 0.08916611847610147
0.06033162415928614, 4.180016783206688, 0.9408419524111761, 0.07826533589023103
0.06525937271092762, 4.158846883725539, 0.9353597211795563, 0.07894737415093236
0.06392754877805154, 4.1421275196010665, 0.9367692541976729, 0.07649687467282243
0.0649264167277086, 4.1311816041952385, 0.9356865272753546, 0.08393548084385237
0.06798961177332356, 4.116201046685321, 0.9320641187051044, 0.07621142011382413
0.0813744422987281, 4.091748800132915, 0.9199919223191714, 0.07130215024516859
0.06106412732236798, 4.124367711118068, 0.9388593914844605, 0.08534834940582321
0.08104148631550909, 4.091926421625062, 0.9197319088937292, 0.07352859772234821
0.07218485716188319, 4.057995422532462, 0.9278547872783801, 0.07818145150590206
0.07245122194845842, 4.1001749554367555, 0.927817375871133, 0.07756427220504607
0.07837783844975695, 4.096286531738461, 0.9222668840933337, 0.07623575592888185
0.0865685556369448, 4.032624823740512, 0.9144719169367798, 0.0720526712298751
0.07504827861756676, 4.1227932334652735, 0.9250333050345357, 0.07659956665243965
0.0776453352866751, 4.065244839703774, 0.922937879300002, 0.07551946739523056
0.0865685556369448, 4.038688589620504, 0.9138959911939379, 0.07406496344274131
0.07911034161283878, 4.026625967767193, 0.9217806483245657, 0.0759168423473505
0.08070853033229007, 4.0576337260524244, 0.9189868626687135, 0.07508177111046906
0.0830392222148232, 4.0105977602977285, 0.9173743566787113, 0.07527154775330275
0.07291736032496504, 4.041403791038699, 0.9271396700272944, 0.08168911381513504
0.08969834187920357, 3.991601500505136, 0.9113072257777766, 0.0749494525455046
0.08923220350269695, 3.997784818164231, 0.9122541615275049, 0.0766794300602369
0.0920956249583805, 3.995225669890434, 0.9084137876404028, 0.0722865307487533
0.09149630418858627, 3.9658994758352186, 0.9092753653230762, 0.0717294120468557
0.09482586402077646, 3.9723394129353595, 0.9058139159177694, 0.07409092921556967
0.09682359992009057, 3.940552588649729, 0.9043533190128372, 0.07275705030210416
0.08343876939468602, 3.9989042020617243, 0.9163223496630298, 0.07607653079023566
0.08943197709262836, 3.9716190489089276, 0.9116545749772885, 0.0734244122143844
0.09302790171139376, 3.960282692636481, 0.9080233555917703, 0.072358349680177
0.10767796497303056, 3.890418515173948, 0.8927330615214767, 0.06867483599605212
0.09842178863954185, 3.9375919190070405, 0.9029089995144841, 0.07194274062833635
0.10514749950056602, 3.927139496909657, 0.8955665565577675, 0.07132220428242332
0.10161816607844443, 3.9129823202806473, 0.8979994076018492, 0.07177098437625132
0.09835519744289804, 3.890155840945671, 0.9019776888152247, 0.0744596837820614
0.11127388959179596, 3.82351128869426, 0.8895572491093223, 0.06898788901541565
0.10381567556768995, 3.900779551272784, 0.8963272834850471, 0.07200117709601658
0.10914297129919424, 3.868872642628226, 0.8914340100054291, 0.07010255181606258
0.10481454351734701, 3.974925997429176, 0.895957563829415, 0.07414551542053598
0.09875474462276088, 3.9677396147833957, 0.9023500047420073, 0.07228308843367305
0.11333821668775387, 3.894093600206641, 0.8869584408855178, 0.06977085222490233
0.11287207831124725, 3.8565846941653206, 0.8880640132328774, 0.06951601999004058
0.09802224145967903, 3.9155287045791716, 0.9026227209635658, 0.07339838860325525
0.10421522274755278, 3.872863855947467, 0.8979213513293809, 0.0713821083161099
0.12259439302124259, 3.803957618520447, 0.8792284157203875, 0.06847294458711577
0.1135379902776853, 3.8319345289789077, 0.8873427663012515, 0.06936146624107042
0.09669041752680296, 3.8771111428392326, 0.9034994871347074, 0.07148259995106232
0.11926483318905241, 3.8230099205790724, 0.8819382480944199, 0.06934032876315421
0.11666777651994406, 3.8022422925795794, 0.8845526698479547, 0.06959888354986717
0.11420390224412333, 3.8347042132735356, 0.8864472116052313, 0.06873212384947368
0.12166211626822934, 3.819017636471934, 0.8793757172287665, 0.06881951105354706
0.10694546180994872, 3.85994703004274, 0.8937245731994878, 0.07141266030437751
0.11580209096357462, 3.778880315462981, 0.8853432926900592, 0.06984940921845965
0.1282546447359659, 3.739293644219, 0.8717471566706267, 0.06773023195432706
0.11806619164946394, 3.7779927142348946, 0.8824444750777954, 0.07071575272832777
0.12339348738096824, 3.7681194088101315, 0.8768012826361189, 0.06909743599634234
0.11340480788439768, 3.856571930610777, 0.8876338259915494, 0.07039773605479539
0.12772191516281547, 3.7505614470330535, 0.8726954728089367, 0.06855341064020393
0.1261237264433642, 3.7292570617867824, 0.8746661251486784, 0.06934009121617071
0.12845441832589732, 3.742801507414598, 0.8726000441794705, 0.06828874553293504
0.13105147499500566, 3.7070406069647275, 0.8694012649039189, 0.06911901367808646
0.13045215422521142, 3.7230720740386443, 0.8710378595938237, 0.0683456499910836
0.13604581474329094, 3.696897541340685, 0.8651179122379788, 0.06722102709999048
0.12479190251048812, 3.742604848166364, 0.8759166572674065, 0.06934453550254797
0.12752214157288405, 3.7274584043452257, 0.8749282002080114, 0.06871848943688429
0.13684490910301658, 3.6871453273341603, 0.8642409099458699, 0.06881012271595863
0.1498301924485583, 3.6446608645609406, 0.8514156317084128, 0.06583567157564474
0.1333821668775388, 3.7101949233860183, 0.8674114520798126, 0.06821121403151113
0.13990810414863156, 3.6618064953966973, 0.8607817394617111, 0.06690926675392625
0.147899047745888, 3.624555493810963, 0.8529239943094292, 0.06685187514741213
0.15009655723513352, 3.617631292131981, 0.8508904248074418, 0.06624241138297574
0.1389758273956183, 3.677000830809667, 0.8618390777753484, 0.06812911961124096
0.13271625491110076, 3.7479375640029966, 0.8677855033736968, 0.07108097192891982
0.15056269561164015, 3.66212332047849, 0.849563705321188, 0.06672855567950826
0.15156156356129719, 3.612310596159202, 0.8488988512121657, 0.06544509326884013
0.14656722381301193, 3.6288464291638554, 0.8541924944694419, 0.06704757220222096
0.1477658653526004, 3.623874743792731, 0.8524913784167946, 0.06675774520314566
0.14656722381301193, 3.6254167198269553, 0.8541256767560269, 0.06737952248789181
0.1463674502230805, 3.6359164949151532, 0.8547691363781244, 0.06811453267325689
0.14170606645801426, 3.6388666243514107, 0.8593600122439592, 0.06844244894032435
0.15588999134314444, 3.7445049772029506, 0.8445279433263476, 0.06554722972083397
0.01318505693547313, 4.606041761342303, 0.986805193202853, 0.11187636518842715
0.010255044283145769, 4.612367232931655, 0.9898171346880775, 0.1466192921606976
0.010521409069720983, 4.707715730291792, 0.98948557085085, 0.14543937598580275
0.010321635479789572, 4.759422466314656, 0.9897506895053533, 0.14581176605643584
0.017247119930745156, 4.697380838710426, 0.9828321654740168, 0.12705076238527457
0.013584604115335953, 4.7318265293285435, 0.9864061521366686, 0.13409324441439927
0.027368981820603315, 4.713549554748876, 0.973253774795987, 0.10335674457582014
0.012252780182459878, 4.6379656091212365, 0.9874475279924959, 0.12618124456176028
0.0306985416527935, 4.695394119299021, 0.9702458316290452, 0.10013537105691221
0.03236332156888859, 4.577583993648954, 0.9675963930117132, 0.0967811000203043
0.030765132849437306, 4.574627448693726, 0.9702932182037338, 0.10965215358445506
0.04128654191915829, 4.426897289353347, 0.959920458532043, 0.08986042251146738
0.04042085636278884, 4.37784957149069, 0.959990338423602, 0.08747221370186993
0.041020177132583074, 4.395633696795319, 0.9592877417359533, 0.08795592868785798
0.045748152094293136, 4.4017774886326695, 0.9542689529255797, 0.08667513436260708
0.04315109542518479, 4.2843292112427305, 0.9569165727798693, 0.0915531650272573
0.0468802024372378, 4.31365970207164, 0.9538392724738273, 0.0895015548744447
0.056003196377438905, 4.275428024590663, 0.9435430525504279, 0.08839164023564745
0.06326163681161351, 4.241786542344904, 0.93754086136309, 0.08209989733722775
0.05294000133182393, 4.289149472468495, 0.9478716415069107, 0.08512989880949569
0.06026503296264234, 4.271630869586815, 0.9409815485943774, 0.07661674792357949
0.0667909702337351, 4.197683604379433, 0.9328989277604908, 0.0777148787985924
0.06912166211626823, 4.145235369063697, 0.9310159967041379, 0.07877329985812959
0.0703868948525005, 4.160837960543293, 0.9300274889208627, 0.07595410441786708
0.07451554904441633, 4.1280301318804025, 0.926174819687528, 0.07321332028287547
0.07504827861756676, 4.150160519913381, 0.9257489206461652, 0.07602186546249694
0.07811147366318173, 4.136771372871757, 0.922725258466763, 0.07356054407812172
0.07018712126256908, 4.088360871266547, 0.9305482658232548, 0.0760533978540275
0.07364986348804688, 4.090206762521381, 0.9271015763670287, 0.07514478725394266
0.07984284477592063, 4.065397662980551, 0.9210485760642593, 0.07511883938146685
0.0740494106679097, 4.116251612547878, 0.9266461358547547, 0.07749902363314179
0.0777119264833189, 4.082608996944627, 0.923056850096061, 0.07640425201626895
0.09482586402077646, 3.9884999080338397, 0.905655090353677, 0.07305195884068594
0.08197376306852235, 4.043068916429142, 0.9182850055712811, 0.07251812101147614
0.0850369581141373, 4.008853462665306, 0.9160549684506387, 0.07523913410585856
0.07464873143770394, 4.041410901253238, 0.9254537927899, 0.0759501070585339
0.08170739828194713, 4.051834383253459, 0.91971445658724, 0.07410578514890134
0.0849037757208497, 3.987836221249259, 0.9166532273261438, 0.07749878243502438
0.08283944862489179, 4.002954111218635, 0.9182225809736824, 0.07342626042169653
0.0920290337617367, 3.951728565171991, 0.9087449286136292, 0.07143312826984871
0.09116334820536726, 3.979278078534564, 0.9100336381030975, 0.07686408471836564
0.0886328827329027, 4.007203626277055, 0.9123327844575466, 0.0743590438899968
0.10008656855563694, 3.9365838890252864, 0.9007493945210305, 0.071242403830394
0.0903642538456416, 3.954682413045819, 0.91071172233179, 0.07209052634634777
0.10421522274755278, 3.8990419613836353, 0.8965986463915153, 0.07403035264184353
0.0902976626489978, 3.9785917132801147, 0.9107376979428239, 0.07618390649055992
0.09675700872344677, 3.940258282001893, 0.9051847186656033, 0.07174436925078698
0.10401544915762136, 3.8750093979421765, 0.8962598322554236, 0.07078124285629003
0.10141839248851302, 3.8872309762580404, 0.8996975355148416, 0.07567145900970874
0.10441499633748419, 3.9177447701052994, 0.8964942083246266, 0.07200751715143454
0.11253912232802823, 3.9045156251338713, 0.8887715111814116, 0.07140362691479046
0.11846573882932676, 3.874413414953107, 0.8824236753159854, 0.06859443906200954
0.12006392754877805, 3.849662522449787, 0.8804254484673443, 0.0690094088409821
0.11054138642871413, 3.848816901570417, 0.8896860382402636, 0.06959063911411872
0.11740027968302591, 3.811927278770416, 0.8830071343444095, 0.06994541591961659
0.12112938669507892, 3.7898421269754854, 0.8803111938182403, 0.06878627622693306
0.11087434241193314, 3.85633501154276, 0.8903150316146926, 0.06968771274901425
0.11147366318172737, 3.844692478740692, 0.8896052254761143, 0.07179168942213027
0.12425917293733768, 3.7938167725849654, 0.8773726516401338, 0.06994834498838175
0.12039688353199707, 3.8309115074029685, 0.8798551841248355, 0.07066906892682694
0.13424785243390824, 3.7472458717516135, 0.8663645020075238, 0.0676042506595698
0.12399280815076247, 3.7826974237934445, 0.8758625660666444, 0.06834110312738745
0.1279882799493907, 3.8008506045627586, 0.8721743612009586, 0.06719746511727907
0.1281214623426783, 3.7992353258655593, 0.8734685657355301, 0.06811207831545221
0.12692282080308984, 3.7463176973477146, 0.874454003176178, 0.06807926572530285
0.12539122328028235, 3.788664741491346, 0.8753401075532191, 0.06894285394425635
0.14024106013185056, 3.722966578127883, 0.859669218061201, 0.06635202117919176
0.13011919824199242, 3.728309235227023, 0.8706810265284578, 0.06838412067460958
0.12292734900446162, 3.7637301121791937, 0.8779813278097782, 0.071011296088249
0.1303189718319238, 3.7573982093689358, 0.8711082193542322, 0.06881147709966907
0.15462475860691216, 3.6562166463410306, 0.8462672315023309, 0.0649570751294468
0.14656722381301193, 3.683765785175117, 0.8556213755080907, 0.06718539919626695
0.14543517347006726, 3.6906884460242186, 0.8553920088297069, 0.06576442495366176
0.14363721116068456, 3.6880779973738376, 0.8566917528415339, 0.06689454397571666
0.12965305986548578, 3.858706687002721, 0.8709810090773867, 0.06939987491758105
0.11267230472131584, 3.8731108726146593, 0.8879733412505223, 0.07104322625503708
0.11227275754145302, 3.815950961518464, 0.8870466938739598, 0.07113211129583491
0.12545781447692614, 3.742299455169705, 0.8762146384348429, 0.07059373180086573
0.14177265765465805, 3.721054398760288, 0.8595924251811989, 0.066810299229578
0.12439235533062529, 3.7596141677599118, 0.8767545931202173, 0.0699028249931552
0.14017446893520677, 3.687983905379191, 0.8605821726524583, 0.06732079501349954
0.13091829260171806, 3.738931360087255, 0.8696906555203243, 0.06813747376974781
0.1267230472131584, 3.739003227991771, 0.8743173798036291, 0.07006587587738071
0.13284943730438836, 3.694792521407143, 0.8682331955735428, 0.07061811700113294
0.1513617899713658, 3.6277665013105436, 0.8491294440253158, 0.06566845711117632
0.1425051608177399, 3.679832300968682, 0.8580482032407065, 0.06786829675510458
0.15755477125923953, 3.60477394781267, 0.8434014098227053, 0.06489749303484882
0.14230538722780847, 3.6671534059621953, 0.8583552126535209, 0.06697756500002872
0.13611240593993473, 3.698679097103455, 0.8655622902279468, 0.06830090712676347
0.15309316108410467, 3.6133758120247217, 0.8475983650297685, 0.0671612677579499
0.14190584004794565, 3.646421948976092, 0.8590788178681114, 0.0693048911910814
0.14656722381301193, 3.655079026954774, 0.8542031160847132, 0.06790494682643816
0.15116201638143437, 3.6250732362274323, 0.8496823631403982, 0.0669886126208407
0.14976360125191449, 3.6243686916238023, 0.851156029451164, 0.0672589203506325
0.14903109808883266, 3.6058562715448725, 0.8521272108845476, 0.06660490914017228
0.15389225544383034, 3.579834179323507, 0.847242816136983, 0.06752824433329159
0.1462342678297929, 3.615680375055998, 0.8546008064189458, 0.06808128665920571
0.15222747552773525, 3.601946501310508, 0.8482395533695921, 0.06637102441004913
0.17047346340813743, 3.5201799410386703, 0.8299404312053451, 0.06472081085763425
0.1697409602450556, 3.52994440658802, 0.8305837116761708, 0.0645888765085124
0.14976360125191449, 3.755125783116425, 0.8506456837785147, 0.06654430831965585
0.012918692148897916, 4.605677390849534, 0.9871704177564204, 0.08505101653122203
0.014450289671705401, 4.614828459311716, 0.986396583430122, 0.12227072491326861
0.01465006326163681, 4.708233021225999, 0.985596887596474, 0.11949416196060852
0.01118732103615902, 4.667993356442177, 0.9889701385341466, 0.12597086539446772
0.013717786508623559, 4.739042601398362, 0.9868207948046747, 0.14124071126196433
0.016381434374375708, 4.691277672862327, 0.983873489856429, 0.11445648765529891
0.025903975494439634, 4.631717719671022, 0.9749969349913884, 0.09266741516083839
0.01897849104348405, 4.598260729609947, 0.981023736660124, 0.1101143526153918
0.030232403276286873, 4.574797259560198, 0.970080028720368, 0.09127155314213044
0.032563095158820006, 4.526371651930363, 0.9678808852728096, 0.09841907388995763
0.04295132183525338, 4.468127932110012, 0.9584366291389856, 0.0894107593859475
0.037424252513817674, 4.4768948441792675, 0.9636595579075984, 0.09450315313415167
0.04368382499833522, 4.4069811674030275, 0.9569245948359654, 0.08514189506433618
0.03709129653059866, 4.400566672011857, 0.9631655488682519, 0.08645496887156343
0.044149963374841845, 4.307327012497535, 0.9558825673602714, 0.08455753791505155
0.05786774988346541, 4.288221865414128, 0.9429732377497025, 0.07998718625372818
0.059132982619697676, 4.304201181603151, 0.9420491727955911, 0.08052979824868675
0.05906639142305387, 4.243131914190869, 0.9414104954251008, 0.07972892111252866
0.05899980022641007, 4.23914607131482, 0.9412348925969516, 0.0814972938436462
0.06372777518812013, 4.217230135109927, 0.936544564554834, 0.0781811937277423
0.059332756209629085, 4.268537238219404, 0.9415725577652075, 0.08177898306085446
0.06565891989079044, 4.186695666591646, 0.9346698781950306, 0.0845714262685845
0.06985416527935007, 4.169201766602358, 0.9306108547093846, 0.07425507213490529
0.06266231604181927, 4.163126455290368, 0.937907829870988, 0.08664142719525776
0.07837783844975695, 4.119611798681003, 0.9225468943693109, 0.07496942149725123
0.06805620296996737, 4.143221523009676, 0.9324761883900645, 0.0837433752005507
0.07238463075181462, 4.104173932514011, 0.9277820506283738, 0.07330768449760892
0.06978757408270626, 4.112610988724269, 0.9302364595032523, 0.08610678215672461
0.07351668109475927, 4.124168611663536, 0.9263945653258153, 0.07887786086027879
0.061996404075381234, 4.1369516841262, 0.9378066506843987, 0.08466263102474816
0.07131917160551375, 4.1245280862481675, 0.9287633069090446, 0.08213397047477118
0.07371645468469068, 4.104791766898471, 0.9267568615264973, 0.0762440318192975
0.07977625357927683, 4.058373356306848, 0.9205698630218342, 0.0762477424196332
0.0937604048744756, 4.081514147806558, 0.9064589341002871, 0.07024179230148189
0.09076380102550442, 4.015769531368503, 0.9095301565570445, 0.07226125456970572
0.0938269960711194, 3.99921442076029, 0.9069454348806272, 0.07176646601034525
0.09895451821269229, 3.9754029585437656, 0.9017046992103266, 0.07047510410263028
0.09362722248118799, 3.9866372588598957, 0.907261358338364, 0.0724519652075146
0.09642405274022774, 4.009686959220875, 0.904716376382053, 0.07264666082524276
0.09162948658187388, 3.9772421426030684, 0.9092789387456927, 0.07295380422705877
0.09695678231337818, 3.956730602298317, 0.9038216504692816, 0.07239290287915295
0.08350536059132983, 4.034939081252729, 0.9171701246342301, 0.07460059619579121
0.09276153692481853, 3.9615348007609605, 0.9072022730605717, 0.07262876279170753
0.10161816607844443, 3.967619528233501, 0.8991569757666511, 0.07147840715723083
0.10228407804488247, 3.9248547373499414, 0.897718290710595, 0.07093164414480826
0.0901644802557102, 3.9931318516847796, 0.9108179779955199, 0.07499956485828814
0.10434840514084039, 3.9295918340410543, 0.895425033286151, 0.07163257801920113
0.10215089565159485, 3.920672790247027, 0.8983393152950783, 0.07190757474195161
0.10334953719118332, 3.90747980064262, 0.8970031044032274, 0.07351249946267395
0.10401544915762136, 3.9369767829264783, 0.8970769740376042, 0.0709090980403918
0.11626822934008124, 3.8673476958358988, 0.8849715915910121, 0.06942124998320916
0.11926483318905241, 3.868421536974181, 0.8817484425566492, 0.06836823484751324
0.11300526070453486, 3.845710088792793, 0.8876512561696647, 0.0701910166916214
0.11427049344076713, 3.82772470758942, 0.8859321590916703, 0.06864011418770995
0.07804488246653793, 4.016671721862399, 0.92154409015975, 0.08110974765452854
0.11433708463741094, 3.852869012554738, 0.8863099817202206, 0.07080032189634265
0.11853233002597056, 3.8154936748583896, 0.8817119274076451, 0.06883765054184875
0.13045215422521142, 3.7767302865328576, 0.8692464304408068, 0.0689216149610992
0.11320503429446627, 3.8224853041518614, 0.8880058002860511, 0.06975387653103786
0.11207298395152161, 3.848523986675359, 0.8885837416759194, 0.07135247182852901
0.11533595258706798, 3.827285367408811, 0.885363102744251, 0.06982057991808542
0.10894319770926283, 3.8528089345656515, 0.8925698714301585, 0.07132867192116697
0.1279216887527469, 3.7781552037680255, 0.8735990317235217, 0.06843069038886168
0.12485849370713192, 3.777600961851758, 0.8762113633986863, 0.06908181654144918
0.13011919824199242, 3.7335448804720586, 0.8714501617360061, 0.06892644148651861
0.12026370113870946, 3.8003941326251858, 0.8806791105182719, 0.06938678865039165
0.1297862422587734, 3.763687883409654, 0.8712205578676061, 0.06735481685726713
0.13551308517014052, 3.7516302728236988, 0.8647892477990115, 0.06823521066630565
0.13218352533795033, 3.753250707217489, 0.8686509606892127, 0.06898974227150868
0.1352467203835653, 3.6991057378788352, 0.8659315822107971, 0.06766909377211586
0.14343743757075314, 3.6997106413140455, 0.8572414669946161, 0.06633177306059014
0.13291602850103215, 3.742687265303145, 0.8676084912129532, 0.0677897056353848
0.14836518612239463, 3.6810300073460445, 0.8516600037159497, 0.06701372701743138
0.13591263235000334, 3.745827185994118, 0.8639540344824141, 0.06807759684860037
0.14530199107677966, 3.663191701486789, 0.8562322908788498, 0.06687778604125916
0.13864287141239928, 3.730178137780379, 0.8618423109943563, 0.06893259803711124
0.13431444363055203, 3.7331261866307175, 0.8664797718085612, 0.06941808466256286
0.15335952587067989, 3.637880184285736, 0.8473379620220411, 0.06626996947371133
0.1552240793767064, 3.6270690743874128, 0.8451787367589263, 0.0656203375558968
0.15022973962842112, 3.646815627299335, 0.8499673345940545, 0.06729230974362223
0.15848704801225277, 3.5993139148076017, 0.8419209769771111, 0.06525059467200173
0.13604581474329094, 3.688263898271453, 0.8643518078278758, 0.06811316258645142
0.14177265765465805, 3.6503435029657734, 0.8587991764128812, 0.06775213906266984
0.16314843177731903, 3.5855269066589033, 0.8379531884983846, 0.0653653002729013
0.15762136245588335, 3.5968854915859967, 0.8427045803025213, 0.06575896941392523
0.1516947459545848, 3.625291360046159, 0.8489642201010287, 0.06676889793454911
0.15802090963574617, 3.586505234666184, 0.8427015755844371, 0.06689542992491221
0.15848704801225277, 3.5969408945339674, 0.8423139136741391, 0.06569868877034868
0.15682226809615768, 3.588116642796438, 0.8446042286979784, 0.06652080939260183
0.1481654125324632, 3.639015034669692, 0.8530587103739131, 0.0671497764012778
0.15276020510088567, 3.6143339707323197, 0.8483858972972464, 0.06702723302506007
0.16867550109875473, 3.5718655634586858, 0.8321273238471136, 0.06526614821710046
0.1534927082639675, 3.591785250891618, 0.8466934444731793, 0.06921585352610726
0.1624159286142372, 3.5797429375557366, 0.8384336968867678, 0.06666908992983261
0.15648931211293868, 3.6182239806278176, 0.8442310568600953, 0.06712182009760953
0.1694745954584804, 3.5504350614760476, 0.8316236436590303, 0.06513436153972008
0.1659452620363588, 3.569736829600703, 0.8357246891421366, 0.06697460292137278
0.16880868349204234, 3.528001139974788, 0.8316748257510913, 0.06537735238815298
0.1628820669907438, 3.538415548367515, 0.8380189180173374, 0.06715664267092515
0.17087301058800028, 3.4921009480703162, 0.8293659862973304, 0.0654145789172602
0.1681427715256043, 3.523536451219949, 0.83217626343711, 0.06566430847159332
0.011120729839515215, 4.605865393194892, 0.9888134587062882, 0.08498097563054026
0.010588000266364786, 4.617579418737926, 0.9893086393044349, 0.12814593654881823
0.009589132316707731, 4.681155889053482, 0.990509486457621, 0.14671159720626314
0.011453685822734235, 4.711895705206127, 0.9885194256892117, 0.13011226357171427
0.021575547712592395, 4.728559948819022, 0.9782593364032318, 0.111031156580869
0.014583472064993008, 4.697208964079271, 0.985395427347891, 0.1170790082750181
0.018911899846840247, 4.66148021496302, 0.980828804715227, 0.10860987715657176
0.011520277019378038, 4.668019998674507, 0.9887805069243926, 0.14307634255934212
0.01964440300992209, 4.649301166865292, 0.980251360969968, 0.11693428791217758
0.02224145967903043, 4.555273072176754, 0.9780441976363727, 0.10954607308760819
0.03749084371046148, 4.5466568105951275, 0.9631908102179765, 0.08766742197478472
0.03775720849703669, 4.52383113750456, 0.9628818254337866, 0.08742005721750422
0.03702470533395485, 4.489285434920532, 0.9626283625409782, 0.08123409667283854
0.039421988413131784, 4.435693879907678, 0.9608038232343427, 0.0926116006806275
0.0451488313244989, 4.443929258926243, 0.9551234416886311, 0.0851466679301033
0.04668042884730639, 4.381977619483085, 0.9531836849860196, 0.08546421640348387
0.05726842911367117, 4.3018512644542, 0.9438810868932549, 0.080758700444176
0.04341746021176, 4.3932520610209576, 0.95736119659454, 0.08923138629897184
0.05467137244456283, 4.280420370153369, 0.9458565142306794, 0.08243927254079625
0.06026503296264234, 4.265897663692076, 0.9398867744945365, 0.07790219265801933
0.06965439168941866, 4.213922054907163, 0.9315263665977126, 0.07759974941348666
0.05207431577545449, 4.23753512439917, 0.9487123716506949, 0.08616746626534608
0.07378304588133448, 4.200373054614451, 0.9268358955456282, 0.07720114809315037
0.06905507091962443, 4.170214691626976, 0.9311225807111364, 0.07760015089611531
0.07598055537058, 4.1437880940972995, 0.9239431613599443, 0.07469044195127539
0.06079776253579277, 4.172878841764165, 0.9392984604344763, 0.08356576678437266
0.07638010255044284, 4.086063599010167, 0.9237677294867775, 0.07492202316165411
0.08370513418126124, 4.049461526750701, 0.9169411674094574, 0.07332099573060263
0.08177398947859094, 4.085329504267722, 0.9192337026986155, 0.07175834822073973
0.06978757408270626, 4.139785706413454, 0.931422099282657, 0.08075608878310865
0.0884331091429713, 4.041680618696891, 0.9125364000277705, 0.07173746816575925
0.07804488246653793, 4.098201642208222, 0.9225001640796202, 0.08020539638239324
0.06652460544715988, 4.1344616393905795, 0.933746667154614, 0.07643769034114772
0.07631351135379903, 4.053151228618882, 0.9244601937411316, 0.0747776697608665
0.07551441699407338, 4.060614694563552, 0.925374413308693, 0.07795157805543361
0.0848371845242059, 4.029551280960227, 0.9164292128639738, 0.07473380641406314
0.0832389958047546, 4.038415384013175, 0.9176124437509913, 0.0782872845091228
0.09822201504961044, 3.993790718197243, 0.9025084593499031, 0.07200368036969614
0.08963175068255977, 3.975257715848979, 0.9109255755742062, 0.07125752930915295
0.08403809016448026, 4.016996015886051, 0.9165912827654806, 0.07434423171512948
0.09655723513351534, 3.974698864382482, 0.9038515601400597, 0.07080005143505443
0.093960178464407, 4.000050426505889, 0.9068355671038079, 0.07283405015949296
0.08210694546180995, 4.031591460018459, 0.9184760091291041, 0.07532976909155452
0.09083039222214823, 3.990293626438534, 0.9103553975691991, 0.07267036676608432
0.10235066924152628, 3.920190187969768, 0.8985901503978201, 0.07238776680158429
0.10001997735899314, 3.9159399126931405, 0.9005557664558974, 0.06984601613026559
0.0938935872677632, 3.936926388872315, 0.9071338886067258, 0.0735275537505786
0.09182926017180529, 3.9554726464965735, 0.9091747134971578, 0.07343140473900975
0.10155157488180062, 3.919201408140969, 0.8991329160741524, 0.07015430018596898
0.10328294599453952, 3.9040060668395857, 0.8976996572601724, 0.07143525911641856
0.09089698341879203, 3.943517839368002, 0.9093492925091166, 0.0776707973059572
0.12485849370713192, 3.8450035655943844, 0.8763872558150748, 0.0670896783332203
0.10268362522474529, 3.8874468312978254, 0.8988444530329922, 0.07250162693082485
0.10434840514084039, 3.875719036474569, 0.8968632061337455, 0.0707608039695646
0.11586868216021842, 3.833863538424661, 0.8846094671318708, 0.06942254640639266
0.10900978890590664, 3.8533373024299014, 0.892024261516964, 0.0709925962092992
0.10727841779316774, 3.8760292603409607, 0.8942627292822201, 0.07123167560008858
0.10900978890590664, 3.845290286107396, 0.8921264081292238, 0.07199646262336606
0.11520277019378038, 3.830560685347215, 0.8856461462473554, 0.07193671832191414
0.11666777651994406, 3.805016276458056, 0.8841929739122547, 0.06870798367691275
0.11933142438569622, 3.7961266852412696, 0.8808170901394906, 0.06811993232286978
0.11493640540720516, 3.8350589617817907, 0.8860962652272986, 0.07081938488617993
0.13011919824199242, 3.7504504019088274, 0.870764116711123, 0.06979926694098774
0.10667909702337351, 3.821115042181016, 0.8929737641146798, 0.07302115246842612
0.12326030498768063, 3.7881485263382206, 0.8775115384448433, 0.06904517898100787
0.11127388959179596, 3.794901966040482, 0.88917277650979, 0.07316235444340041
0.11387094626090431, 3.7720162044862557, 0.8867879995971008, 0.07251038217034295
0.1209962043017913, 3.772875405829669, 0.8789310294723977, 0.06922345506345759
0.1303189718319238, 3.737221050327545, 0.8701695536851729, 0.06746760363376053
0.12519144969035093, 3.8053598134663895, 0.874973604390945, 0.0692926758722559
0.1303189718319238, 3.7623269394265355, 0.8700257762092377, 0.06684090946815117
0.13244989012452554, 3.731026233222963, 0.8678841936505995, 0.06829370819361598
0.1353133115802091, 3.716499952983545, 0.8658794921507539, 0.06755738052359553
0.13804355064260504, 3.719920261044187, 0.8626764902646856, 0.06752986647605429
0.14763268295931278, 3.6796411480592126, 0.8528305425099686, 0.0662448145044349
0.13597922354664713, 3.6938453367136366, 0.8641631487325391, 0.0674853479716428
0.14903109808883266, 3.63952178868392, 0.8519428341658682, 0.0669318468411361
0.13065192781514284, 3.696762344193711, 0.8701979364716382, 0.06977174943966301
0.12365985216754345, 3.736477788718585, 0.878076610744417, 0.06970197285222243
0.14317107278417793, 3.6548752729637277, 0.8577256709766479, 0.06746770270348926
0.14183924885130186, 3.648898184486019, 0.860010601581116, 0.06793994362363624
0.13631217952986616, 3.6937673503766564, 0.8642916968977431, 0.06809645169575516
0.14650063261636811, 3.6319276437688273, 0.852898255524098, 0.06862697777215472
0.13644536192315376, 3.665738117967138, 0.8642731933340346, 0.07000018637825688
0.14603449423986148, 3.660197548187707, 0.8544523696267586, 0.06638468355450146
0.15102883398814676, 3.6299368718528253, 0.8490493994696087, 0.0657812363971432
0.15382566424718652, 3.607845358424032, 0.8457828748324846, 0.06654400270866638
0.1586868216021842, 3.6021532206336246, 0.8419870517220961, 0.06588734530517402
0.14729972697609375, 3.672998455743732, 0.8536936755449799, 0.06665221348088213
0.15096224279150297, 3.6173563895962517, 0.8486496762296245, 0.06628002079276031
0.1534927082639675, 3.600811094770008, 0.84582809810639, 0.06630289216714208
0.155690217753213, 3.598263889763512, 0.8442478480420877, 0.06566060176730397
0.16474662049677033, 3.597704076724101, 0.8363619352461774, 0.06518977400460055
0.15409202903376173, 3.6319128276306802, 0.8468234928173097, 0.0668403050653309
0.14670040620629954, 3.6653211747408467, 0.8544978283907336, 0.06733812974738952
0.15069587800492776, 3.5930073460512046, 0.8500819875380452, 0.06611335628546672
0.16328161417060666, 3.5548789593115573, 0.8376993034915826, 0.06585062090582787
0.1610841046813611, 3.5476323614712997, 0.8400836499485177, 0.0655499227341008
0.15262702270759806, 3.5760541308804945, 0.8478568289225654, 0.06669741282896155
0.16561230605313979, 3.5331568980078853, 0.8348489103070655, 0.06481367219974542
0.15056269561164015, 3.591712884605427, 0.8502267429196398, 0.06703146550679975
0.0073916228274622095, 4.605536851662568, 0.9924264776327588, 0.09884041767615048
0.012385962575747487, 4.610240338494364, 0.9875466476488544, 0.11861676233902425
0.00865685556369448, 4.654459263502523, 0.991274192190046, 0.1467792757774265
0.009788905906639143, 4.738685772264497, 0.9907011823373323, 0.14688994576904213
0.010920956249583806, 4.722222297131448, 0.9891306184833405, 0.1452482974911384
0.011586868216021841, 4.73783836423807, 0.9887374657334108, 0.1437122679990782
0.009655723513351535, 4.708363236477287, 0.9906492945368325, 0.14687441405837523
0.021775321302523805, 4.7080630167129, 0.9790090838318342, 0.11938172608553702
0.01764666711060798, 4.644832236523745, 0.9823878563272355, 0.12496661323133113
0.023173736432043682, 4.585003430987672, 0.9768146150792535, 0.11292309409491598
0.03502696943464074, 4.5275219402070634, 0.9647128296055889, 0.08887136080400895
0.04368382499833522, 4.4563659705564485, 0.9557807598359631, 0.0863464035685969
0.05200772457881068, 4.445376312525507, 0.9484354188929074, 0.08269076616165755
0.03988812678963841, 4.395565654781057, 0.9594475261381211, 0.09444277924022418
0.04608110807751215, 4.355667405426324, 0.9540175705314258, 0.08972207817931574
0.05294000133182393, 4.310529551525412, 0.9473178068669764, 0.07757278606988702
0.046147699274155955, 4.302047918280582, 0.954052267884683, 0.08868319963187724
0.06033162415928614, 4.232262803622772, 0.9402558042770858, 0.0797848142624951
0.06412732236798295, 4.253813239017767, 0.9364205224169904, 0.07818870685928994
0.06705733502031032, 4.252464892075638, 0.9333762117808887, 0.07600431423864773
0.05853366184990344, 4.222708515791631, 0.9418835997604262, 0.08587263631053199
0.06772324698674835, 4.1832769995262185, 0.9329155346527755, 0.07627857042980146
0.049943397482852765, 4.2189531516495355, 0.9501276650677566, 0.08367966254895473
0.04914430312312712, 4.2279459906059405, 0.9513258031865937, 0.0967153230009204
0.06865552373976161, 4.143293757488512, 0.9322456033502007, 0.07856061764845547
0.07151894519544516, 4.160027125310888, 0.9292993124783415, 0.07652509134614977
0.07511486981421056, 4.118859370427799, 0.9249016910807402, 0.07510561357745853
0.06446027835120197, 4.184099463844312, 0.9358245243267633, 0.07835433449418454
0.0740494106679097, 4.163442930702427, 0.9266691900761321, 0.07536024230094399
0.07138576280215755, 4.122781589455601, 0.9295411800268885, 0.08074536445679151
0.08017580075913965, 4.0350972084180805, 0.9206929543927785, 0.07232928428715382
0.07358327229140307, 4.049490803844119, 0.9257191217678085, 0.07375351346575691
0.0831724046081108, 4.05770593761342, 0.9176583909394853, 0.07283129754976103
0.07464873143770394, 4.100614630716368, 0.9263877375807799, 0.07438222540663982
0.07837783844975695, 4.083469533678964, 0.9225382430859912, 0.07810594500822375
0.08523673170406872, 4.0251881246235905, 0.9153121187514242, 0.07266144685092318
0.09116334820536726, 4.042440347858217, 0.9095243303688133, 0.07118640404374571
0.09689019111673437, 3.9813940189265296, 0.9039859985399511, 0.07340061012171184
0.09262835453153093, 3.9784820035190283, 0.9079851621100957, 0.07170818922724456
0.08916561230605315, 3.99686991196383, 0.911944252882209, 0.07254327001998634
0.101085436505294, 3.9423298208947077, 0.9006136523892867, 0.06952910030459324
0.09309449290803756, 3.948784168545952, 0.9074044552892657, 0.07317821291730685
0.11407071985083572, 3.897342606224931, 0.8872232963730027, 0.06802847297621734
0.10574682027036025, 3.9490319694208624, 0.8945617707568246, 0.07011633246241311
0.09875474462276088, 3.9200317564821594, 0.9012332566177751, 0.07228670962271266
0.08636878204701338, 4.008281764871724, 0.9139384423856847, 0.07780465727196194
0.08943197709262836, 3.950793060091385, 0.9102642280629758, 0.07797169309225854
0.10434840514084039, 3.90422118009387, 0.896260944859034, 0.07072957427037815
0.09162948658187388, 3.9721663372886713, 0.9079127461072665, 0.07862471525911086
0.1009522541120064, 3.9218622923230746, 0.8997274087161525, 0.07233089929275913
0.1065459146300859, 3.8983314593638307, 0.8939801059632407, 0.07184758034943596
0.09902110940933609, 3.9343809299242913, 0.9011550126635802, 0.07609883704807312
0.11580209096357462, 3.8444587710361438, 0.8834327012346032, 0.0698821825089178
0.11853233002597056, 3.806682101116522, 0.8829971107020572, 0.07072159229094103
0.11120729839515216, 3.876157319791039, 0.8900913179022855, 0.06948360028038306
0.11407071985083572, 3.8836627793691525, 0.8870509410056415, 0.06922877979940507
0.11706732369980688, 3.827898552122927, 0.8837256521211855, 0.07030266047048418
0.11633482053672504, 3.8168129736473633, 0.8850867220288744, 0.07038029031866051
0.11560231737364321, 3.8233535221177584, 0.8858690570744702, 0.06977398874036013
0.1282546447359659, 3.7737803364860603, 0.8720556194931056, 0.06812000213413205
0.12192848105480456, 3.7978246112618232, 0.8791200243151661, 0.06907856647020824
0.12552440567356996, 3.764216418287571, 0.8750720365234338, 0.06931021400326555
0.1281214623426783, 3.7472097660941595, 0.8722772072263827, 0.06841789720778498
0.14024106013185056, 3.7261963995793628, 0.8608083874596837, 0.06623089508873159
0.11959778917227143, 3.7807842431535508, 0.8810501003030466, 0.07492703237049404
0.1247253113138443, 3.752939042202315, 0.8749684711949064, 0.07008805689425505
0.12385962575747486, 3.7463997576345798, 0.8772620672966631, 0.06916633949718655
0.11573549976693082, 3.8107096772937887, 0.8845988317381099, 0.07272189442837114
0.13065192781514284, 3.7405397373628, 0.8699650620231448, 0.06847854119308511
0.12499167610041953, 3.761239015524989, 0.8761180617403009, 0.07077815076199138
0.1495638276619831, 3.6999813410257336, 0.85083924008588, 0.06765927305760765
0.14330425517746553, 3.682248645071073, 0.858253678293373, 0.06708743661585176
0.13824332423253646, 3.707050083916697, 0.8626788918285772, 0.06718864997960608
0.12246121062795498, 3.7590191899646554, 0.877534229968371, 0.07078745990217467
0.14217220483452087, 3.676872038306207, 0.858473708035127, 0.06837691336108814
0.12905373909569154, 3.7046269329138615, 0.8712946268959663, 0.0681590347085267
0.14963041885862688, 3.629279220311407, 0.8512593672535672, 0.06612082255177378
0.14503562629020444, 3.658067002693045, 0.8551069248768277, 0.06696235582428425
0.15835386561896517, 3.611152497447346, 0.8419652446263024, 0.06518383437610464
0.14343743757075314, 3.6711145063337907, 0.8576359726941273, 0.0678363786478576
0.13298261969767597, 3.7197161307623534, 0.8678394178412959, 0.07051913409853564
0.15109542518479058, 3.6428560839120387, 0.8493533930379278, 0.06620849360099365
0.15422521142704934, 3.598725183973651, 0.8467612293376195, 0.06666970056132275
0.15961909835519744, 3.5884486811610508, 0.8416945125681352, 0.06598979778122926
0.15822068322567756, 3.5875821986004413, 0.8435873894274647, 0.06564378320129471
0.16521275887327697, 3.5493402563002245, 0.835386056329661, 0.06459324569333157
0.1572218152760205, 3.5654759995985135, 0.8442280150014999, 0.06765559618488026
0.1603516015182793, 3.55890624275647, 0.8409170016786446, 0.06652542395515516
0.15628953852300725, 3.6079731658493035, 0.8444525131398933, 0.06683118795713902
0.15382566424718652, 3.60781346542616, 0.8459689130250914, 0.06622090760573415
0.14217220483452087, 3.636624142238825, 0.8588025308755585, 0.06825221729668525
0.16874209229539855, 3.5506958830584425, 0.8307567139052658, 0.06503801878424173
0.16388093494040087, 3.5313786362382364, 0.835289517298348, 0.06578249380844893
0.1624159286142372, 3.5661620379224583, 0.8381243131568002, 0.06742917384384661
0.16707731237930346, 3.5352044491171877, 0.8337025399228501, 0.06662508753757984
0.16747685955916627, 3.560292450829337, 0.8334369223096867, 0.0662050457520467
0.16541253246320836, 3.550373954779935, 0.8342863223848073, 0.06551505035126709
0.15196111074116, 3.592901702361251, 0.8487688957332534, 0.06944452642045956
0.16880868349204234, 3.5343178438744993, 0.8315906708883228, 0.0653541117900373
0.17393620563361523, 3.5032529255565414, 0.8266688089000555, 0.06482357045418001
0.16721049477259106, 3.529778747430946, 0.8337815423886602, 0.06614182751198712
0.012053006592528467, 4.605951583868909, 0.9884219009369016, 0.12826621535581303
0.010787773856296198, 4.618052964776669, 0.9895023687617818, 0.11622238047406823
0.009855497103282946, 4.702180358662923, 0.9904877329818228, 0.1473527540400545
0.013318239328760738, 4.719555222147464, 0.9866066220357722, 0.110705637704508
0.009855497103282946, 4.727059008207192, 0.9901159109150183, 0.14172422042545124
0.010920956249583806, 4.762434794580983, 0.9891510269104232, 0.147244005939817
0.012918692148897916, 4.674352258136223, 0.9856494054885445, 0.1266791693603838
0.015981887194512885, 4.693320167471901, 0.9841946343574905, 0.12019343222823797
0.02783512019710994, 4.624606569907061, 0.9729809411641157, 0.099620802118842
0.019977358993141108, 4.589383690527247, 0.9799105028659573, 0.10885672239519475
0.03176400079909436, 4.529620093131435, 0.9680722837540162, 0.10350761114613002
0.03189718319238197, 4.496808347716633, 0.9683247023384395, 0.09742638530615615
0.04388359858826663, 4.425582425924722, 0.9563971874540919, 0.08278267827775475
0.05114203902244124, 4.4092170845265946, 0.9496454362473066, 0.07902981446668127
0.045015648931211294, 4.372304312579679, 0.9551834349119857, 0.08191251691510311
0.039954717986282216, 4.409830280997317, 0.9602501067241963, 0.08891001124824856
0.04588133448758074, 4.332042172784342, 0.9539222809220925, 0.08852979128210386
0.05833388825997203, 4.317212286076137, 0.9418919471907705, 0.08874833513532084
0.06173003928880602, 4.26609924797403, 0.9381673644719811, 0.07624205922866803
0.06059798894586136, 4.250115934316571, 0.9396572552717456, 0.07911418524121779
0.06838915895318638, 4.210768056644567, 0.9328646495436107, 0.07688304595136404
0.06452686954784577, 4.1936851949454255, 0.9357113815970647, 0.08014620942708174
0.06259572484517546, 4.255983341849183, 0.9366509216723737, 0.08193877104055355
0.06572551108743424, 4.211789896717288, 0.9352529775086622, 0.08459056172781361
0.05007657987614037, 4.217611915223599, 0.9499553721799046, 0.09423530510897402
0.06266231604181927, 4.229811946998195, 0.9374877228860435, 0.07819119269007418
0.06712392621695412, 4.177583822359724, 0.9338048768792551, 0.07592819916645203
0.06998734767263767, 4.170850954162477, 0.9299927347303212, 0.07822017931305206
0.07418259306119732, 4.169938027719814, 0.9261403822105305, 0.07532410240867012
0.06972098288606246, 4.181895159512884, 0.93032829342191, 0.07675026870867163
0.07877738562961976, 4.142296185115289, 0.920963698932386, 0.07380032106430016
0.07411600186455351, 4.193016611736719, 0.9258641977191128, 0.07501966596573631
0.06153026569887461, 4.176033983251548, 0.9392852418698401, 0.08492126389554087
0.07338349870147166, 4.137011474812722, 0.9267042109216471, 0.07490748935058442
0.05853366184990344, 4.22706286526317, 0.9413464845125774, 0.09045685581261038
0.07924352400612639, 4.076953194561641, 0.920196750923539, 0.07821869182643329
0.08723446760338283, 4.046046907101426, 0.9127739153938499, 0.07169171180326102
0.08150762469201571, 4.069901069042376, 0.918712343907078, 0.07371736242024565
0.08090830392222148, 4.064421706092638, 0.9202123877577632, 0.07407541634570582
0.0778451088766065, 4.034778677227257, 0.9229573684360376, 0.07572106867500004
0.0812412599054405, 4.039131917402257, 0.9196412146550706, 0.07903445800001291
0.09049743623892921, 4.04482000726846, 0.9099166997579635, 0.07302063766410706
0.08277285742824798, 4.038295205283865, 0.91897877893506, 0.07487227071854274
0.09495904641406407, 3.9940682939915666, 0.9054591304299826, 0.07146179403355282
0.08996470666577878, 3.981995184332472, 0.9104257048647009, 0.07397036416780302
0.08716787640673902, 4.085583316697939, 0.9139908871258823, 0.0795203018557293
0.08430445495105547, 4.0823624064365545, 0.916355846446581, 0.07558236722676975
0.08683492042352, 4.054236187823422, 0.9137215287861116, 0.0773173877588979
0.09322767530132517, 4.044324133584603, 0.9067595457115262, 0.07237271704077095
0.0832389958047546, 4.024224868442784, 0.9172683118767974, 0.07671214531928598
0.08517014050742491, 4.016275522132097, 0.9159040075269008, 0.07233714862898658
0.08903242991276553, 3.973947158529476, 0.9109349589379652, 0.07450001941236385
0.10494772591063461, 3.9456650513485587, 0.8948127482926664, 0.07016773495940998
0.10061929812878738, 3.941393289488562, 0.8997744547245163, 0.07190211610264713
0.09788905906639142, 3.9725943375675294, 0.9027066288166149, 0.07269124259897163
0.10155157488180062, 3.9026329151568135, 0.8986321966224853, 0.07239515858481921
0.11327162549111007, 3.8677736468136352, 0.8867787485544736, 0.06866748742245325
0.11147366318172737, 3.884672171474019, 0.8897906541112469, 0.06961909953093964
0.10934274488912565, 3.872134861143069, 0.8910892919803335, 0.07163901149448379
0.10321635479789572, 3.9233806064365915, 0.8976528454647514, 0.07026058213364826
0.10354931078111473, 3.909655244061321, 0.896440497995122, 0.07249590780079757
0.11054138642871413, 3.869828797453625, 0.890475516751599, 0.07178263043742503
0.11233934873809683, 3.8348546710195017, 0.8888304427436039, 0.07000971206076315
0.11127388959179596, 3.841671512123271, 0.8886426459068677, 0.0692804874409626
0.11826596523939535, 3.822220006811164, 0.8820716121416698, 0.06853940126334834
0.12332689618432444, 3.81488560108479, 0.8779225674247267, 0.06850349372314539
0.11160684557501498, 3.8252630860571966, 0.8892050888416877, 0.0700382848803502
0.1267230472131584, 3.8007538502326046, 0.8731561708084287, 0.0682785410192819
0.11420390224412333, 3.8585196254398975, 0.8865346137164118, 0.06990494975981208
0.1209962043017913, 3.8620157022724504, 0.879415017253931, 0.06901791820706903
0.11933142438569622, 3.837638159554578, 0.8811958272232852, 0.06976868706204355
0.11793300925617634, 3.821962819139435, 0.8832601358926184, 0.06949812584130259
0.09642405274022774, 3.9380283533371805, 0.904940748381773, 0.07542800883567478
0.12346007857761204, 3.853996228181848, 0.8773219922853311, 0.06764771559667286
0.1029499900113205, 3.8825787481347485, 0.8977102974206371, 0.07572232036322178
0.1100086568555637, 3.8794889057921753, 0.8918528980513258, 0.07073148185925242
0.11913165079576479, 3.821890107958392, 0.8813167960631887, 0.06908336984381303
0.12732236798295266, 3.761793364393828, 0.8728172451152397, 0.06789625918429279
0.11433708463741094, 3.823557949140782, 0.8867021049339117, 0.07020321402977124
0.11999733635213425, 3.7845857882615594, 0.8812945095685096, 0.06891434390580072
0.12112938669507892, 3.7863265306835143, 0.8788257093352706, 0.06996447126430042
0.12319371379103683, 3.814847780534587, 0.8779908961334749, 0.06987822499156847
0.12192848105480456, 3.822223603411871, 0.8792789934703893, 0.0688883506422119
0.12532463208363853, 3.7789350569688773, 0.8756123988011123, 0.0692334969907748
0.12951987747219817, 3.7616078725959485, 0.8717948757497012, 0.07042936385351395
0.12772191516281547, 3.7752521458665673, 0.873086543428725, 0.07036871742889146
0.1246587201172005, 3.745248399816293, 0.8767522840348559, 0.06910966308418229
0.12372644336418726, 3.7775916557000198, 0.8770808237065473, 0.06835568204534942
0.13105147499500566, 3.733353188290786, 0.870056521002462, 0.07073337510160246
0.12252780182459878, 3.7737090752891147, 0.8778815520457529, 0.06878143562579322
0.1303189718319238, 3.787076557270814, 0.871147033306311, 0.06864006256328743
0.13604581474329094, 3.7294078209813444, 0.8655387904206547, 0.0682899866523331
0.14157288406472665, 3.6961147844962086, 0.8597926409731858, 0.06656774592938045
0.12379303456083106, 3.7730002945841346, 0.8782957074062349, 0.06951570725626131
0.14210561363787708, 3.708586531472268, 0.8589407405957652, 0.06599210376748928
0.13957514816541253, 3.6889850458149716, 0.8610093034655919, 0.06659944442267228
0.1335819404674702, 3.729130611142155, 0.8673744835498877, 0.06873436707837709
0.15049610441499633, 3.656287205705886, 0.8498147677770298, 0.06564253556631926
0.13744422987281082, 3.7218075352994107, 0.8634047745317828, 0.068286144105168
0.1407071985083572, 3.649434066242691, 0.8598311974929028, 0.06683475194049557
0.1514949723646534, 3.63623149256704, 0.8488905305638162, 0.06521242508205623
0.011786641805953253, 4.6059888047607425, 0.9883213527597289, 0.1017771751464646
0.00992208829992675, 4.606055476134108, 0.9903083952803874, 0.12814189866628856
0.010255044283145769, 4.6530020291425656, 0.9893073904717045, 0.12979087408865117
0.00992208829992675, 4.70868506501119, 0.9903741487002382, 0.14571751732650645
0.008989811546913497, 4.738336234179399, 0.9909117327543915, 0.14821018529430138
0.012852100952254112, 4.754149087126153, 0.9872300288497026, 0.12027672170330864
0.013451421722048345, 4.698843195727815, 0.9866540945214973, 0.1229838477906936
0.014716654458280616, 4.6403730439545985, 0.985138121290651, 0.11982908049242731
0.029766264899780247, 4.652631688722878, 0.9706954208315598, 0.1039300174174045
0.031830591995738164, 4.580090258167056, 0.9685235832993344, 0.09719920853915447
0.024838516348138776, 4.594330121064667, 0.9759451707710087, 0.09677331503964597
0.039222214823200374, 4.527281051549882, 0.9611344643979176, 0.07828776454945378
0.040820403542651665, 4.486556120176659, 0.9590773364578234, 0.0883586411324538
0.04288473063860958, 4.481727767357411, 0.9574010503432617, 0.0901429711581667
0.04488246653792369, 4.3884882014196425, 0.9554798202322717, 0.08413694913960924
0.04468269294799228, 4.342917163925974, 0.9557454145335508, 0.09550038354935149
0.05766797629353399, 4.254586680764054, 0.9432923889288712, 0.08379118259174968
0.06086435373243657, 4.279812395798904, 0.9394025664759699, 0.07731843147535895
0.07052007724578811, 4.218957059145403, 0.9304233683715915, 0.07343568243245008
0.06246254245188786, 4.2191666943132935, 0.9383642190974267, 0.07547945303320312
0.058000932276753014, 4.215831242377204, 0.9433126923579672, 0.08090096246647584
0.07391622827462209, 4.153300144942772, 0.9271120474836494, 0.07560014662632829
0.064793234334421, 4.19238835895094, 0.9353917844008209, 0.07996794822016488
0.07078644203236333, 4.175697532134835, 0.9304130090815198, 0.07714234471794269
0.06559232869414663, 4.192240479926482, 0.9349260468412798, 0.07847092280001838
0.050542718252647, 4.348444355965423, 0.9503406519655652, 0.09732306934942986
0.061796630485449824, 4.277506232872906, 0.9394059712434927, 0.08222301740017061
0.07078644203236333, 4.145416827305676, 0.9301582664901932, 0.0758816161118801
0.07531464340414197, 4.113028449828674, 0.9260550313679093, 0.07700644462909241
0.06519278151428382, 4.139108502563976, 0.9349289908422296, 0.08019854063468976
0.07105280681893854, 4.119295143196791, 0.9294678169772673, 0.07698143460743605
0.07345008989811547, 4.130778875634825, 0.9263743989855624, 0.08522867788746985
0.07058666844243192, 4.112392358522071, 0.9301896828551551, 0.07872677812056991
0.07904375041619498, 4.1242632680626095, 0.9213789246541788, 0.07712584344815826
0.07851102084304455, 4.058228459110223, 0.922435569307272, 0.0744495656306161
0.08417127255776786, 4.083953820921621, 0.9172214235719599, 0.07332286068246145
0.07751215289338749, 4.10279861834599, 0.923052098079031, 0.07730266157401651
0.09049743623892921, 4.0452440764588555, 0.9096567326721522, 0.07208122454618343
0.08110807751215289, 4.099013531010375, 0.9194785122179114, 0.07625926646835596
0.08210694546180995, 4.109084693158428, 0.9177293892367099, 0.0746776452666074
0.07691283212359326, 4.142327807608017, 0.9235086005472637, 0.07671344654518059
0.08357195178797364, 4.114627738652125, 0.9176963504076359, 0.07366826774400788
0.09089698341879203, 4.044150559572117, 0.9103728226582776, 0.07339844210150476
0.08916561230605315, 4.075238223033635, 0.9120821824789587, 0.07348739067011799
0.09808883265632283, 4.026405945784434, 0.9023216675357052, 0.07069161516523624
0.0919624425650929, 4.1046388018756, 0.9084176189618941, 0.07267099699933409
0.10235066924152628, 3.994990956095045, 0.8986820193552952, 0.07034131191023571
0.09802224145967903, 3.954445424327252, 0.9025700211760682, 0.07203368190312523
0.08943197709262836, 3.9977287323884343, 0.9107625531527834, 0.07514701588280548
0.10501431710727842, 3.886963843108573, 0.8958396045048869, 0.07116874134959886
0.1027502164213891, 3.938390132184907, 0.8980748303916312, 0.07219006307986948
0.10927615369248185, 3.8904274978562756, 0.8914112017486601, 0.06841166344822626
0.10201771325830725, 3.8941659761140386, 0.8990323710501319, 0.0735079199094299
0.09828860624625424, 3.9123304043754787, 0.9022978583193312, 0.07261434162521868
0.10088566291536259, 3.8871333067225198, 0.8989836882868798, 0.0746725506315717
0.10215089565159485, 3.886825003239432, 0.8977839929623803, 0.07148182030891437
0.1082772857428248, 3.891780565683142, 0.8929222767532875, 0.06936535194271454
0.11493640540720516, 3.8389017228685827, 0.8851328620210782, 0.07021762249003015
0.11253912232802823, 3.8475414375383417, 0.8876281490148409, 0.0706187265346255
0.11047479523207032, 3.8586909317212963, 0.8900743747695798, 0.06974471677349615
0.11973097156555904, 3.8234745549117313, 0.8807785717233192, 0.0692612953551138
0.12559099687021374, 3.820427688228518, 0.875425447322382, 0.06884039152441995
0.12665645601651462, 3.802577802516843, 0.8738299813774496, 0.06864826418003372
0.11846573882932676, 3.8136427535224535, 0.8817808573439396, 0.07247136122510076
0.11826596523939535, 3.8452577680049678, 0.8824314859585991, 0.06893011644058113
0.1173336884863821, 3.80901212204691, 0.883311113247089, 0.0704585428002147
0.1285210095225411, 3.7695884805088586, 0.8721854737848156, 0.06763731054129235
0.12346007857761204, 3.833535889457702, 0.8773185925544823, 0.07023706992409418
0.12226143703802357, 3.7989805562205485, 0.877908136585112, 0.0684326878418872
0.1352467203835653, 3.7564647719586524, 0.8653424334160391, 0.06717059707998489
0.13870946260904307, 3.738203998808141, 0.8627771481006649, 0.06759355164918465
0.133648531664114, 3.795167016746471, 0.8680490652335058, 0.06760862341644629
0.13431444363055203, 3.7525350366410652, 0.8668635925897462, 0.06829276098171494
0.1265898648198708, 3.7905513756743696, 0.8740074479331273, 0.06888363697699745
0.12652327362322702, 3.7670647200012666, 0.8737872495407306, 0.06962086943722888
0.13258307251781315, 3.721601709430748, 0.8680340388653129, 0.06799418707941063
0.12146234267829793, 3.7987449910198237, 0.8788261385635769, 0.07066111874180883
0.14556835586335487, 3.7172284093476757, 0.8548177499131575, 0.06683253640405601
0.1351801291869215, 3.729458888281818, 0.8664706713587869, 0.0684937789547244
0.13591263235000334, 3.755394875689703, 0.8647328566108834, 0.06793139640239146
0.1352467203835653, 3.7049631123346867, 0.8654270960693684, 0.06938144686346662
0.1405740161150696, 3.69075922368409, 0.8605241021911985, 0.06798176577614137
0.12439235533062529, 3.777701474775318, 0.8764756663096287, 0.07194067693339022
0.1423719784244523, 3.6757727384075087, 0.8573738876241116, 0.06688206774702658
0.137044682692948, 3.6926350915543904, 0.8641260404155225, 0.06899120043188531
0.14576812945328627, 3.6675581879754544, 0.8548568655220972, 0.06698695584896465
0.14550176466671105, 3.6621941764337085, 0.855941095994867, 0.06704794286481018
0.13870946260904307, 3.674462088726011, 0.8618699261126682, 0.06850245130554057
0.14350402876739696, 3.6694307598601235, 0.857543822727797, 0.06794018628383271
0.14230538722780847, 3.6747889991780447, 0.8589008931600108, 0.06786076441389727
0.15242724911766664, 3.6142153155591727, 0.8475382643094583, 0.06588485629534917
0.14397016714390357, 3.644313674748813, 0.8571402464951501, 0.06851854886256625
0.15835386561896517, 3.6151328820986017, 0.8425100633819875, 0.06545210281192398
0.1498301924485583, 3.6309548877817166, 0.8515365894081526, 0.06654533149492411
0.14709995338616236, 3.643114084843143, 0.8537005619534913, 0.06787750392466395
0.16361457015382566, 3.558338395860737, 0.8363676790679057, 0.0654114350254886
0.1481654125324632, 3.6116318223780763, 0.853179533048132, 0.068231033836814
0.15835386561896517, 3.5808630247856574, 0.8421280285841681, 0.0667409603305466
0.16461343810348272, 3.569618202894261, 0.8362184568114089, 0.06494480187540705
0.16161683425451157, 3.5892726049971277, 0.8399040544472893, 0.0659721962322839
0.1608177398947859, 3.5908779745818915, 0.8397142509987282, 0.06581258717150668
