acuracia,loss,frr,fpr
0.010388226676433375, 4.606346116526717
0.011253912232802823, 4.608851809075203, 0.9887135658260795, 0.13018463251765566
0.01191982419924086, 4.6901552587134345, 0.9879323900332934, 0.1299677653139669
0.012119597789172272, 4.625906658178958, 0.9874053872514468, 0.13875607779554383
0.013384830525404541, 4.621922348821625, 0.9856815519293853, 0.12772914939938548
0.008989811546913497, 4.642833528533283, 0.9909117327543915, 0.14750395207587025
0.012718918558966504, 4.705054054963904, 0.9873880684617324, 0.13606695657871615
0.010388226676433375, 4.617681674032624, 0.9891961300029523, 0.1461698924275215
0.011853233002597057, 4.636275366221556, 0.9886197822018548, 0.14389180650757832
0.014450289671705401, 4.662578906042563, 0.986283522445945, 0.13288959175242293
0.015782113604581476, 4.732436439268136, 0.9845137522871884, 0.13217251481713332
0.010920956249583806, 4.636995471332746, 0.9892857095814159, 0.1466151432480058
0.01911167343677166, 4.665757286951086, 0.9803142324248256, 0.11399181385245206
0.019577811813278286, 4.631612405594715, 0.9803699121907582, 0.10766249732076066
0.019511220616634482, 4.647364547076902, 0.9804720746930817, 0.12067143756075796
0.019444629419990676, 4.59809210759755, 0.9808372772485822, 0.11384262240538709
0.014516880868349204, 4.627518965669754, 0.9855966873397876, 0.12147278140475289
0.017979623093826995, 4.573004304755422, 0.9828535979780928, 0.11300404202557082
0.010920956249583806, 4.636985604070971, 0.9893526338652799, 0.14622414899513217
0.017580075913964172, 4.637247579221744, 0.9829059550363779, 0.12201595934767051
0.017979623093826995, 4.56027639830661, 0.9821977016310777, 0.11254027843440964
0.013984151295198775, 4.588483559797137, 0.9861804541403052, 0.12998083183628298
0.02024372377971632, 4.570133707657821, 0.9795727731007731, 0.11747380197720776
0.015782113604581476, 4.57343480211842, 0.9845442756131817, 0.11697122295373268
0.015116201638143437, 4.588584596532682, 0.9846210200171231, 0.11166601822781687
0.009189585136844909, 4.567987795111707, 0.991109321570852, 0.1467937699630243
0.02257441566224945, 4.609775593176483, 0.9775183523694682, 0.09470800817669098
0.022507824465605647, 4.59514253304771, 0.978043421818058, 0.10059310345671083
0.022308050875674237, 4.597843641065333, 0.9777616985081983, 0.09630353910057822
0.016314843177731905, 4.571739838572152, 0.9839897071060314, 0.1175587401029012
0.009522541120063928, 4.570213940201217, 0.9903601001509031, 0.14536795756162568
0.017380302324032763, 4.608682212828319, 0.9827133013972679, 0.11196894956716097
0.015715522407937672, 4.6466455641699085, 0.9836283159044463, 0.12871045096750755
0.024239195578344544, 4.5727926836815875, 0.9761295293573409, 0.10277213110974877
0.017580075913964172, 4.640308192719821, 0.9821268402835471, 0.11902895995020017
0.0162482519810881, 4.608248540340143, 0.9835927086664374, 0.12814359807051162
0.023173736432043682, 4.584922201061738, 0.976607584234508, 0.11276329702209528
0.019977358993141108, 4.614823489180575, 0.9798930761755412, 0.11194074036093637
0.022108277285742824, 4.598360759278243, 0.9783611664686315, 0.09153178481428492
0.019378038223346872, 4.538704119724417, 0.9803406880457297, 0.11398050214808267
0.024239195578344544, 4.645165561669167, 0.9756967863563223, 0.10252328052725175
0.028234667376972764, 4.557962465835584, 0.9715746559399547, 0.09339622042842669
0.024305786774988347, 4.5300291493180795, 0.9763489892370117, 0.10216826566064967
0.023173736432043682, 4.562332796956804, 0.9775526689183195, 0.10821197603863977
0.02490510754478258, 4.5555673258722305, 0.9750345118095011, 0.09861054356222303
0.022174868482386628, 4.575909238018176, 0.9775617756871617, 0.10615939955357474
0.02170873010588, 4.554597178272014, 0.9785926056966417, 0.11093136796198175
0.024438969168275954, 4.5892775288162895, 0.9759838442988789, 0.11026598601770035
0.011054138642871412, 4.589836649295532, 0.9890415255996905, 0.12945676132152265
0.01604847839115669, 4.59932702973861, 0.9837236742795759, 0.11056198475230708
0.019777585403209695, 4.589258194049109, 0.9807193644121922, 0.11678868189194012
0.016714390357594727, 4.623095688810677, 0.9827334678052222, 0.11577010108305644
0.01584870480122528, 4.611621342828114, 0.9840388526147785, 0.11609332773104725
0.021575547712592395, 4.579862843041193, 0.979237116809276, 0.10400487924144264
0.022840780448824666, 4.601776143083117, 0.977424298715255, 0.11569486394137878
0.023573283611906505, 4.578405319108319, 0.9772225441722965, 0.11180162053645878
0.0199107677964973, 4.601657839441232, 0.980346356581949, 0.12090423460295296
0.020709862156222947, 4.554629597737229, 0.9801960380054038, 0.11799499462547645
0.01877871745355264, 4.561731855442372, 0.9816651738056654, 0.11662301298572791
0.023773057201837918, 4.526942719820694, 0.9768046558614992, 0.09833246062597904
0.024971698741426383, 4.522874990204659, 0.9748342480290282, 0.10208319864577577
0.019777585403209695, 4.526201946897165, 0.9797820908025257, 0.12224069278251216
0.021042818139441966, 4.592116966271056, 0.9789822875501979, 0.11286492078204283
0.023373510021975095, 4.51811475254307, 0.9767142329734765, 0.09999495458299862
0.02457215156156356, 4.558419657442584, 0.9758236935929916, 0.0995441882655826
0.022707598055537057, 4.508995389115948, 0.9775837971760685, 0.10483923948250276
0.01698075514416994, 4.536423149824603, 0.9832834583159393, 0.10910565977666689
0.022973962842112273, 4.563376301859241, 0.977561382679451, 0.09694437552503436
0.024305786774988347, 4.540161704242313, 0.9754601611633156, 0.09956068824784296
0.02224145967903043, 4.580874026182878, 0.9782654836677946, 0.09897578867290757
0.023639874808550308, 4.531726939244603, 0.9763696771356437, 0.10164562475393975
0.02024372377971632, 4.553922724261808, 0.9799435954317197, 0.11950145272409177
0.016314843177731905, 4.59471490836107, 0.983745936024036, 0.11231718794232337
0.023173736432043682, 4.554566054272097, 0.9758407133163008, 0.0971104814651936
0.025371245921289205, 4.5881135651216995, 0.9750400972052489, 0.10071140155424359
0.01931144702670307, 4.559651743010626, 0.9804522442697813, 0.11204746999945113
0.01824598788040221, 4.576387822917769, 0.9816486875047957, 0.12062435343155802
0.01964440300992209, 4.570237797713434, 0.980880854230343, 0.10539507580466691
0.01085436505294, 4.574572136504217, 0.989464023247886, 0.14722948676257727
0.0162482519810881, 4.622073574279543, 0.984351561860858, 0.11474966886611968
0.01498301924485583, 4.589671425744142, 0.9850554142998557, 0.1158673529641313
0.012852100952254112, 4.58684089293832, 0.9879244920324456, 0.12815922667627122
0.014050742491842579, 4.627222478473092, 0.985310781444502, 0.1156955883340924
0.012119597789172272, 4.603041520486732, 0.9876269544453606, 0.13058748936845438
0.014117333688486382, 4.633431170699107, 0.9857021726276995, 0.1208741882212675
0.015782113604581476, 4.678391399305432, 0.9840545908034696, 0.12053359752038004
0.015582340014650062, 4.594773113263179, 0.984237907602541, 0.12953160084771886
0.012186188985816075, 4.633210090026403, 0.9878433023148621, 0.11095222542341364
0.01498301924485583, 4.58325140817732, 0.9850289432709711, 0.11800446588700489
0.015715522407937672, 4.571295661504587, 0.9839353654109236, 0.12170408217388841
0.017247119930745156, 4.580501260107777, 0.9821980818249202, 0.11589820575984756
0.019378038223346872, 4.647503674137471, 0.9799131230684168, 0.1167287209304026
0.020643270959579144, 4.584032673393433, 0.9792009021289994, 0.1078910660895181
0.015449157621362456, 4.610509940420033, 0.9839096062272269, 0.12862040757837293
0.017580075913964172, 4.616975761502991, 0.9822466388445769, 0.11344783561322982
0.012319371379103683, 4.647210639652085, 0.987775637087595, 0.12922603281714556
0.014716654458280616, 4.58758882743712, 0.9854631474170739, 0.13070717434584406
0.017380302324032763, 4.61241318911697, 0.9824511557574387, 0.12351724075169536
0.0199107677964973, 4.62933230169875, 0.9806696197203041, 0.10629907925563824
0.01118732103615902, 4.61898512845669, 0.9888910585988698, 0.14680427545951008
0.012186188985816075, 4.609488212864623, 0.9873590802005614, 0.1251256471842604
0.010588000266364786, 4.60716941520664, 0.9894815126560428, 0.10492167074495878
0.015449157621362456, 4.609848622024048, 0.9846427147238316, 0.1163828616353021
0.009256176333488712, 4.620391843226379, 0.9907499111927187, 0.1305264921078972
0.008989811546913497, 4.6529717914050135, 0.9909117327543915, 0.14766519791427365
0.015249384031431045, 4.622861687063956, 0.9847125759761032, 0.12341849348986918
0.010521409069720983, 4.677948046851477, 0.9897198298430722, 0.13108570441609593
0.009722314709995338, 4.652559404677365, 0.9898930288944747, 0.13392446560651503
0.008989811546913497, 4.6620088747022885, 0.9909117327543915, 0.14781503443552357
0.011853233002597057, 4.747869399397734, 0.9875659449291088, 0.1262378404086049
0.01085436505294, 4.644719356781492, 0.9894266243955017, 0.14638952672604147
0.011586868216021841, 4.709396408410272, 0.9887062268311765, 0.13558701799948975
0.012718918558966504, 4.7094294353451325, 0.987823894014386, 0.1288936041705761
0.012053006592528467, 4.621234848487073, 0.9881968885114845, 0.12193776362858076
0.009522541120063928, 4.614348953872226, 0.9904155354677355, 0.14720132566254734
0.009522541120063928, 4.637845101413345, 0.9904155354677355, 0.1465585867430229
0.009455949923420123, 4.611390443904633, 0.9901483026444882, 0.12984337029371373
0.010321635479789572, 4.718686335904625, 0.9892815246580124, 0.14788947724506027
0.011520277019378038, 4.747065592393216, 0.98845089400538, 0.12979705508285555
0.013251648132116935, 4.645437965683925, 0.9867079529024073, 0.1288508026865546
0.01784644070053939, 4.62590799965458, 0.9814516787263645, 0.11975425763479987
0.01698075514416994, 4.626447223700926, 0.9821419737271786, 0.11486024925946295
0.01351801291869215, 4.607134199463163, 0.986645694613588, 0.13463762873848487
0.016581207964307117, 4.702365403884402, 0.9824395585118763, 0.12221778754655341
0.009788905906639143, 4.705546379676789, 0.990055378221341, 0.13811901553591072
0.013784377705267364, 4.644298378506902, 0.9860577609299865, 0.12819761826148648
0.012852100952254112, 4.618412041383108, 0.9870747516143841, 0.1105386673299334
0.012119597789172272, 4.627070737105755, 0.9877035489548649, 0.12848801170558447
0.010920956249583806, 4.690916324777928, 0.9893896738055069, 0.14797889754760882
0.013051874542185524, 4.622238379006793, 0.9870526204439577, 0.14064658777090103
0.011120729839515215, 4.7034082713739656, 0.9887312179597327, 0.12959127208894874
0.01351801291869215, 4.714537123020094, 0.986499658712804, 0.1352056390794345
0.01425051608177399, 4.673252404764123, 0.9853834983111451, 0.12782353114306005
0.01551574881800626, 4.609650257401073, 0.9843081819969245, 0.12131702457413418
0.018845308650196443, 4.6114140644747925, 0.9812907595781211, 0.11029656031578672
0.014050742491842579, 4.6428288139515494, 0.9861613309165341, 0.12946826439023057
0.01498301924485583, 4.6288132815987515, 0.9852791524885203, 0.12087815671384745
0.014583472064993008, 4.589044808055428, 0.9859641152310339, 0.13353354981408982
0.013651195311979756, 4.692294987522747, 0.9861416248098481, 0.13221157434648478
0.017180528734101353, 4.585421730994606, 0.9824770750773786, 0.10982438420815532
0.01498301924485583, 4.593652273277043, 0.9855031990134745, 0.1371796813862064
0.01551574881800626, 4.649666761299373, 0.9847854493603359, 0.11046979550962338
0.017180528734101353, 4.6098292059529085, 0.9831895713454573, 0.12817426976492055
0.012918692148897916, 4.7032368292843145, 0.9861839490397716, 0.13168179857531717
0.016847572750882334, 4.63911582058705, 0.9829237703993955, 0.11005159339347256
0.01245255377239129, 4.598552114264804, 0.9872470267754389, 0.1292905399945124
0.020110541386428715, 4.604194957057193, 0.9800846017539144, 0.11309965919029102
0.01065459146300859, 4.606403856594362, 0.9893985340957834, 0.14770864498237976
0.015582340014650062, 4.653105880319179, 0.9844981897972533, 0.116240079907617
0.011320503429446627, 4.699126439127249, 0.9893169294339998, 0.12805802960271243
0.013384830525404541, 4.639583538968894, 0.9866295153892295, 0.1397087617921077
0.014117333688486382, 4.6039190399049, 0.9855345956668548, 0.12009917422254703
0.012918692148897916, 4.6189139232405605, 0.9870680773008194, 0.12893597125438108
0.012585736165678898, 4.621597984067814, 0.987339735556448, 0.13192986906135498
0.014050742491842579, 4.6056123733393495, 0.9859823634136947, 0.12328683727285793
0.01425051608177399, 4.631601618983786, 0.9856776133836078, 0.12559974066077426
0.01584870480122528, 4.60217075051961, 0.9839909411048583, 0.12122869598195334
0.012585736165678898, 4.650011433149659, 0.9878784225044622, 0.14171167400668036
0.01118732103615902, 4.656664929075915, 0.9892894428294419, 0.14684831403564091
0.013118465738829327, 4.6082001091232545, 0.9868597454120867, 0.13277323504215202
0.012186188985816075, 4.670374744160877, 0.9884584048224538, 0.13241162658982472
0.013984151295198775, 4.656232591935002, 0.9860651005764253, 0.11835883574967326
0.010787773856296198, 4.607980303419186, 0.989183505005005, 0.13637397273928026
0.015582340014650062, 4.6186880670676915, 0.9844398612823909, 0.12054587127194889
0.012652327362322701, 4.6074159588153, 0.9875518210123831, 0.13686078036837132
0.014450289671705401, 4.629861732039509, 0.9855317807827695, 0.1288442587588778
0.011786641805953253, 4.667729715885951, 0.9886658839016804, 0.14482342038764465
0.014117333688486382, 4.6662459715773155, 0.9860042949851265, 0.12349592269202134
0.01351801291869215, 4.6372058145960375, 0.9867483262967406, 0.1380401113226549
0.012186188985816075, 4.610917902408764, 0.9879372201592262, 0.13603725134098446
0.014050742491842579, 4.6368565932804335, 0.9856015627684925, 0.1321092584149432
0.01611506958780049, 4.628869986037182, 0.9838440876821036, 0.1285101744185879
0.011387094626090432, 4.627094314936166, 0.9885511834860243, 0.13531395855975695
0.01911167343677166, 4.640121938385754, 0.9806123845930103, 0.11470940021023274
0.016314843177731905, 4.651712268743739, 0.984299835835871, 0.11660206858485234
0.013451421722048345, 4.611691618121289, 0.9855650900509976, 0.128731090443555
0.014516880868349204, 4.688739635357409, 0.9852610371918774, 0.1309324260436746
0.012319371379103683, 4.598791402975666, 0.98824679006231, 0.14015942091610745
0.01391756009855497, 4.608668696589006, 0.9859148654413669, 0.12637955061164574
0.014317107278417793, 4.631444015697894, 0.9858039094207549, 0.12423013023155688
0.01391756009855497, 4.673192268444487, 0.9867157860675824, 0.11955536382752252
0.014450289671705401, 4.601445704204404, 0.9852782009579587, 0.1301200876209616
0.013251648132116935, 4.65661800118049, 0.9870099298870927, 0.1401959943538178
0.01318505693547313, 4.596670019457532, 0.9877354495567855, 0.12904923031980092
0.012918692148897916, 4.618601928849889, 0.9872076390237027, 0.13231296945092283
0.015382566424718653, 4.665384620390379, 0.9850905556384423, 0.12003840874088713
0.015648931211293866, 4.657327607110329, 0.9848071163526698, 0.11667840884641373
0.012918692148897916, 4.606018428551005, 0.9872611730390599, 0.12948301708464796
0.01764666711060798, 4.597218420325007, 0.9821549587704246, 0.11861127715836187
0.012519144969035093, 4.621251345585751, 0.9874514931063004, 0.13144763804245924
0.020110541386428715, 4.607101348155013, 0.9805874289832852, 0.10914439046911834
0.020110541386428715, 4.583535491606522, 0.9799618254627118, 0.11026747240683975
0.009522541120063928, 4.598529546343551, 0.9907528978148703, 0.14774401074158244
0.012119597789172272, 4.621384962997289, 0.9883823092656169, 0.1381917206866045
0.01318505693547313, 4.6084027508488425, 0.9868164107780057, 0.1159262321875246
0.01191982419924086, 4.630249191538713, 0.9884147787985246, 0.13897449317094598
0.009522541120063928, 4.744166636376484, 0.9901764967018262, 0.14715354417125037
0.014916428048212027, 4.645102145057897, 0.9850259828446839, 0.12883038694696552
0.009522541120063928, 4.653473437654041, 0.9907528978148703, 0.14675078802104302
0.010920956249583806, 4.704454277615466, 0.9893896738055069, 0.14685715237014565
0.01465006326163681, 4.664585203942505, 0.9859596864775587, 0.13003864536932894
0.011120729839515215, 4.719522033366762, 0.989392572879708, 0.147591488537243
0.010188453086501964, 4.606397881666322, 0.9898237341295877, 0.11785742669310807
0.01045481787307718, 4.615867719595018, 0.99024440121383, 0.13454658083118126
0.009722314709995338, 4.6368595574058835, 0.9907076388282712, 0.13403470148804777
0.010388226676433375, 4.63088717050699, 0.9891961300029523, 0.14639423689795375
0.008790037956982086, 4.648373096373599, 0.9907811521656334, 0.14147663428725207
0.008989811546913497, 4.623215434347543, 0.9909117327543915, 0.1469794181875665
0.010388226676433375, 4.622574427525229, 0.9903058025584107, 0.14711602273783853
0.01425051608177399, 4.6237842344274025, 0.9861278452803373, 0.11713465448983076
0.009522541120063928, 4.711376822152753, 0.990616176938157, 0.14721943305125743
0.009522541120063928, 4.614605565295601, 0.990616176938157, 0.14642776387252796
0.010055270693214357, 4.642316694399993, 0.9900227372782956, 0.14725118244626484
0.008989811546913497, 4.665187949718946, 0.9909117327543915, 0.14784329018886794
0.00992208829992675, 4.705287059296334, 0.9903741487002382, 0.1479343700157586
0.010321635479789572, 4.715659266346311, 0.9897520301450665, 0.14750705455352933
0.009522541120063928, 4.668296021088514, 0.9904155354677355, 0.14755935825919378
0.013118465738829327, 4.755398455762892, 0.9871084218641133, 0.13504205190429322
0.014450289671705401, 4.623124203653686, 0.9855354664675697, 0.12878867206077546
0.008989811546913497, 4.642725117825601, 0.9909117327543915, 0.14757434911984502
0.009056402743557302, 4.655387819896901, 0.9912836441643986, 0.1474956922509867
0.009522541120063928, 4.67330445800012, 0.990616176938157, 0.14762935442102018
0.010388226676433375, 4.632320962082715, 0.9878735064523856, 0.1458596931720885
0.010188453086501964, 4.708538520698931, 0.9899983613882963, 0.1467110854293536
0.01085436505294, 4.67552375487039, 0.9894266243955017, 0.1470892696921372
0.009522541120063928, 4.709923375388742, 0.9901764967018262, 0.14806283090104969
0.009589132316707731, 4.734856829532431, 0.9890147048844866, 0.1460898628802111
0.009056402743557302, 4.652782184318608, 0.991227502595553, 0.14675964847390557
0.009522541120063928, 4.6464647923518, 0.9904155354677355, 0.14753914918084063
0.009522541120063928, 4.6557394728057595, 0.9904155354677355, 0.14632131414643085
0.01391756009855497, 4.726671387132049, 0.9860795554830983, 0.1303260254530213
0.01664779916095092, 4.768053995401586, 0.9836615025613475, 0.129083854391
0.013384830525404541, 4.684624113080472, 0.9870527279837579, 0.14012478632164174
0.015116201638143437, 4.622649807821079, 0.9844127628297952, 0.1164358023084954
0.014050742491842579, 4.609197557865561, 0.9858518051424997, 0.11325189269810157
0.010055270693214357, 4.6760759460010775, 0.9899654625648779, 0.14670294462109848
0.018179396683758408, 4.6389467378204685, 0.9819082839654572, 0.10660546592396397
0.01764666711060798, 4.637023808485088, 0.9827988327877099, 0.11882464351362232
0.011054138642871412, 4.602263038593594, 0.9890915981408483, 0.14646527049930655
0.008989811546913497, 4.6442056511914975, 0.9909117327543915, 0.1479088753143151
0.01118732103615902, 4.630097924230133, 0.9893424608342696, 0.14207494375020077
0.010055270693214357, 4.67862682329193, 0.9900227372782956, 0.14779681333522787
0.010987547446227609, 4.702232372937797, 0.9879744808541148, 0.13148628439569687
0.014050742491842579, 4.632853804157301, 0.9857941290385952, 0.12870760651360036
0.013118465738829327, 4.663833874094507, 0.9869499723540548, 0.12950337873597303
0.01678098155423853, 4.5768102839377764, 0.9825598176684467, 0.11551633967478399
0.019511220616634482, 4.60051867767713, 0.9811653974466091, 0.10446404563641297
0.014783245654924419, 4.582242965539477, 0.9851223372612895, 0.13250442182665564
0.015182792834787242, 4.611610258499585, 0.9840097406820323, 0.12923892152886235
0.016514616767663314, 4.589784307391585, 0.9834668820918734, 0.12215111921224407
0.008989811546913497, 4.655264687028509, 0.9909117327543915, 0.14623522060873226
0.010055270693214357, 4.6403521699848875, 0.9900227372782956, 0.14787731948190294
0.01318505693547313, 4.600904461355845, 0.9873762561677233, 0.1340508152679074
0.015382566424718653, 4.668039545695664, 0.9847509636188596, 0.12713740588419234
0.017113937537457546, 4.651105434827722, 0.9829890687919749, 0.10630245025760661
0.014916428048212027, 4.602385172444161, 0.9850172123799992, 0.12326805285784781
0.01911167343677166, 4.586389499886452, 0.9810630298786659, 0.11087295078849987
0.013850968901911167, 4.5984489105826905, 0.9864930893538031, 0.13775650573278247
0.014117333688486382, 4.596590758846517, 0.9851236344680365, 0.11701390822536492
0.01391756009855497, 4.649525425997255, 0.9852184845824464, 0.13302756106726452
0.017380302324032763, 4.606490349590187, 0.9825953138453957, 0.11016597942991385
0.020976226942798163, 4.680946445087225, 0.9788624463175839, 0.10241075807990678
0.01964440300992209, 4.581615137706197, 0.9809430922009126, 0.12459559470273268
0.015116201638143437, 4.600863375279227, 0.984252264053338, 0.11638048045005539
0.019378038223346872, 4.5923613746863055, 0.9809182758863879, 0.10323709676558858
0.01764666711060798, 4.6567338033086685, 0.9826672759605234, 0.11160441820475946
0.012385962575747487, 4.583405588933311, 0.9870715399303996, 0.11635160609819444
0.011986415395884664, 4.593454661505545, 0.987115173985694, 0.12983621008944854
0.010787773856296198, 4.602971531353008, 0.9888957753022174, 0.13063337513725012
0.010920956249583806, 4.698284369457449, 0.9897065356341455, 0.13596539668479854
0.01318505693547313, 4.697509494976966, 0.9868714889793043, 0.130003182221759
0.012186188985816075, 4.725177984068744, 0.9882322445117999, 0.12962035842093494
0.014783245654924419, 4.61595460915602, 0.9851327319614733, 0.11938747211366729
0.013051874542185524, 4.629203254947763, 0.9868298973731057, 0.1265391768752657
0.020376906173003927, 4.621148130551885, 0.9791792750494295, 0.09347753912810555
0.014583472064993008, 4.656337184008026, 0.9858951966079315, 0.1168175975905101
0.020843044549510553, 4.582093247975475, 0.979647975485618, 0.10440616090983125
0.020310314976360124, 4.586030318399335, 0.9796730197942898, 0.11498773829932223
0.01191982419924086, 4.608167011680509, 0.9881868051467105, 0.1344037195421656
0.021176000532729573, 4.606597832565882, 0.9790135779406642, 0.10663683808283828
0.01604847839115669, 4.60759612540236, 0.9844765551062603, 0.11867400985076922
0.016581207964307117, 4.583658009448016, 0.9831960048783286, 0.12761146646294894
0.010521409069720983, 4.598604054777094, 0.9902898550257959, 0.14698403387418346
0.010920956249583806, 4.637473928060721, 0.9891510269104232, 0.14734469234436176
0.015449157621362456, 4.674058341897422, 0.9848809891539949, 0.12882208800757008
0.012985283345541719, 4.635094220226913, 0.9872722263329394, 0.13295630801250188
0.015449157621362456, 4.608022636188254, 0.9847335097882407, 0.12873855659259362
0.016314843177731905, 4.639077785607779, 0.9836381371598374, 0.12834140149176496
0.01278550975561031, 4.590659801910933, 0.9872364709519786, 0.12934251470600114
0.020110541386428715, 4.643891216761232, 0.9792715309772426, 0.10552889860112045
0.015182792834787242, 4.624400500729834, 0.9846967845248459, 0.11657549400453476
0.01498301924485583, 4.61183678882373, 0.9849163466840476, 0.11086674850220574
0.015981887194512885, 4.585694307714786, 0.984309484661847, 0.12837145809516196
0.014050742491842579, 4.598339973645815, 0.9858515086986668, 0.1299161052014491
0.012585736165678898, 4.624992833026694, 0.987485946080938, 0.1282600882579845
0.010721182659652394, 4.605487500239191, 0.9894892844316802, 0.13216576006222017
0.010388226676433375, 4.706668892419234, 0.9903058025584107, 0.1466971911095921
0.010787773856296198, 4.656162047565575, 0.9886426605480365, 0.14063870216066657
0.015049610441499633, 4.722841499505415, 0.9847197513826994, 0.12973684627965934
0.00992208829992675, 4.6427350030279095, 0.9903741487002382, 0.1477800664059077
0.009122993940201106, 4.608663031413011, 0.99099854317577, 0.13444162415785857
0.01278550975561031, 4.607242765824821, 0.9875875719384777, 0.12172076327922725
0.01065459146300859, 4.6293308471818895, 0.9892828056182392, 0.12906412381806273
0.009455949923420123, 4.606075149913869, 0.9904219606000586, 0.11354381046694959
0.008856629153625891, 4.6110316884813765, 0.9910382800104951, 0.13756469198724486
0.010321635479789572, 4.628719761518154, 0.9899387579364509, 0.11254349011733986
0.01065459146300859, 4.645183315017994, 0.9893735901160768, 0.1287687703370891
0.010721182659652394, 4.658212789390855, 0.9897350627058532, 0.13238734450424897
0.010388226676433375, 4.6276664036111095, 0.9891961300029523, 0.14642298608060517
0.009056402743557302, 4.644309675533952, 0.991227502595553, 0.14704957716318945
0.009056402743557302, 4.688207442777773, 0.991227502595553, 0.14647734043933874
0.012119597789172272, 4.733966176722762, 0.987850585928015, 0.1292266497201407
0.020310314976360124, 4.638087336531394, 0.9794597847985114, 0.11242665424855439
0.01784644070053939, 4.694478542166321, 0.9822175354766078, 0.12146979798429718
0.015449157621362456, 4.664908560406569, 0.9845294769586368, 0.1150449701577542
0.01604847839115669, 4.577494496582208, 0.9839514269747894, 0.12438093873849851
0.015449157621362456, 4.593282476773059, 0.9847398058136929, 0.1287684493394731
0.016914163947526137, 4.608116255465714, 0.9834930052903692, 0.11510201241792378
0.016314843177731905, 4.606714817800812, 0.9840315681265713, 0.12799864009991593
0.014383698475061596, 4.589891605373387, 0.9862994414057563, 0.13066533983445766
0.012186188985816075, 4.595872687810809, 0.9877930363429617, 0.13379034322022315
0.008989811546913497, 4.699285786756942, 0.9909117327543915, 0.14695898050044348
0.022308050875674237, 4.642625968307187, 0.9774274551741041, 0.10158054913458886
0.018379170273689818, 4.636497359749892, 0.9819410566195179, 0.10082949443478503
0.014783245654924419, 4.616104559169006, 0.9850424907277638, 0.12930738852649049
0.01465006326163681, 4.606762958381055, 0.9849170876533768, 0.12185889468634997
0.01911167343677166, 4.666567189640899, 0.9810050471254838, 0.10575311720221398
0.023040554038756076, 4.6012941290807206, 0.9774201050919222, 0.10687353849885285
0.013651195311979756, 4.630663741085019, 0.9866242148673695, 0.13081922519914205
0.014916428048212027, 4.624848563859884, 0.9850566256883313, 0.1271539623497846
0.014583472064993008, 4.610007808538222, 0.9857941286162142, 0.11639206803134838
0.010055270693214357, 4.631996099661675, 0.9900227372782956, 0.14661873228902342
0.012119597789172272, 4.696604410309826, 0.9883156727348275, 0.12554293015500492
0.015182792834787242, 4.63834336449051, 0.9855624352177874, 0.1215598225853307
0.013318239328760738, 4.673593085496604, 0.9872329244429611, 0.11954834957116828
0.015116201638143437, 4.6170886039035315, 0.9842564238685264, 0.12633500629676503
0.011653459412665646, 4.620511168700731, 0.9881430790863915, 0.13045077214199335
0.01644802557101951, 4.591606736937304, 0.9833244736512948, 0.12197434971278943
0.016714390357594727, 4.593543685958302, 0.9834144504846654, 0.11600749749646519
0.01551574881800626, 4.6214291957165035, 0.9848138041959476, 0.11766231652423752
0.01425051608177399, 4.6202510416472, 0.9863016136938149, 0.12797341592475248
0.013251648132116935, 4.585289886869873, 0.9869498767077826, 0.12296442099566393
0.02224145967903043, 4.63869120800488, 0.9776257360281044, 0.11293487974730797
0.018712126256908837, 4.576940290602576, 0.981850233882809, 0.11562981801790936
0.014783245654924419, 4.65358630850541, 0.9851635112398398, 0.10830642682654332
0.02057667976293534, 4.630412685940187, 0.9800939650637892, 0.10942856467408578
0.01751348471732037, 4.616023300712861, 0.9825628606660054, 0.1113480346883274
0.01391756009855497, 4.591581176693798, 0.9867686751565392, 0.13720244514209057
0.013584604115335953, 4.583010150135663, 0.9860310544424346, 0.1278627116718571
0.017580075913964172, 4.60143156315822, 0.981717663327889, 0.10255745863302562
0.018379170273689818, 4.652852360954724, 0.9820468430231968, 0.11488079582300412
0.01551574881800626, 4.58607818306052, 0.9849354413385859, 0.12859386510692988
0.019511220616634482, 4.644080665589903, 0.9805813771035871, 0.11510116657942814
0.01784644070053939, 4.5705614235395275, 0.9824581148251207, 0.12765040252872473
0.02257441566224945, 4.601103939212749, 0.9776591889751917, 0.11071078324438335
0.023706466005194115, 4.6096993223315925, 0.9771032463033406, 0.10789568378976956
0.0216421389092362, 4.536230216325103, 0.9787396992651624, 0.1072606833056487
0.022774189252180863, 4.544914306349258, 0.9775824704888508, 0.1026479541204877
0.01664779916095092, 4.527298683157105, 0.9838047715210013, 0.1269783118815581
0.019511220616634482, 4.5512523547925285, 0.9805791806703797, 0.11296684987209459
0.01911167343677166, 4.575619414491406, 0.9814052316072523, 0.11263367173975347
0.009788905906639143, 4.594103526567392, 0.990338399283714, 0.13667771763851805
0.01764666711060798, 4.632505196630221, 0.9819510098779328, 0.12005180589351763
0.015715522407937672, 4.650068638811672, 0.984221690018436, 0.11390510659074644
0.010721182659652394, 4.678130147951996, 0.989188779613692, 0.13844202271476985
0.013850968901911167, 4.646773856926307, 0.9862496828127669, 0.1220430553845067
0.01604847839115669, 4.561968899871853, 0.9842044639536321, 0.11167580771064058
0.015915295997869082, 4.5788189625465385, 0.9839668030527278, 0.13324868380446625
0.018046214290470798, 4.548240297761668, 0.9813503098866484, 0.12537070978585665
0.01844576147033362, 4.58258293820831, 0.9819903263689075, 0.11852950296184382
0.0252380635280016, 4.544420983904551, 0.9748223824719235, 0.09517186737328126
0.022441233268961844, 4.555023688422845, 0.977473997018393, 0.11205198317652115
0.020510088566291537, 4.580545110677747, 0.9799464303647383, 0.11390357252000868
0.022774189252180863, 4.603959461245054, 0.9780016574674033, 0.10071746458809282
0.025704201904508225, 4.633817919388015, 0.9742875484336948, 0.10238080237867767
0.023040554038756076, 4.563340572619586, 0.9773745108990286, 0.10365906751950783
0.013784377705267364, 4.5547521770845885, 0.9863196623592568, 0.12913593232924458
0.028833988146766996, 4.537185785701671, 0.9711830743201003, 0.09245360025444194
0.023906239595125525, 4.544651912199702, 0.9768804573161154, 0.09604325342068266
0.021042818139441966, 4.532049577484009, 0.9790946064896043, 0.10440868290254636
0.012718918558966504, 4.570014313088599, 0.9869122832672227, 0.12968340082095633
0.020843044549510553, 4.606549515088801, 0.9791943111088469, 0.10985538032912556
0.020510088566291537, 4.56829123358248, 0.9801330727415558, 0.10787752106152391
0.0162482519810881, 4.570832210556521, 0.9839514884499918, 0.11594135027658062
0.01857894386362123, 4.59224003523622, 0.98182688192395, 0.11388087490111987
0.010588000266364786, 4.6013260058844825, 0.9896097398659682, 0.13828386921924593
0.011653459412665646, 4.591547691799031, 0.9886569009369175, 0.12004528983909019
0.022774189252180863, 4.657092290052587, 0.977924831832429, 0.10617240702327674
0.02057667976293534, 4.570851191418891, 0.9797802219247468, 0.10622168267963548
0.01611506958780049, 4.569790716660898, 0.9833915451202881, 0.12635571152701747
0.015116201638143437, 4.640871543672167, 0.9852877591162791, 0.12869733998523228
0.016181660784444295, 4.565428528716166, 0.9842209361708772, 0.11707740684487736
0.01931144702670307, 4.592325069365, 0.980824430702961, 0.1130676736126332
0.014849836851568222, 4.645327804091291, 0.9854734773608382, 0.1173139804656675
0.022308050875674237, 4.562590331444452, 0.978139212028575, 0.10594320162315031
0.018112805487114605, 4.560206515799987, 0.9821451552869186, 0.1191895555509357
0.02004395018978491, 4.581654474469645, 0.9797226401276614, 0.10732095637981899
0.02290737164546847, 4.586702196196534, 0.9773183953771054, 0.10993263995438632
0.015582340014650062, 4.649479823415096, 0.984755542034649, 0.12828291793638852
0.02130918292601718, 4.673322843109759, 0.9788392766529468, 0.10616834861711777
0.017580075913964172, 4.611021665375107, 0.9824982736766369, 0.1223175320398927
0.02004395018978491, 4.58426345298855, 0.9801964708398897, 0.12162487847228903
0.019511220616634482, 4.578374161910477, 0.9806693632945317, 0.11294824122716488
0.02324032762868749, 4.578119380199267, 0.9773066713751589, 0.09491819986456175
0.009722314709995338, 4.605419231618523, 0.99048698524706, 0.1020259393009601
0.010188453086501964, 4.611457816959261, 0.9902995111424893, 0.12613813272437743
0.014183924885130185, 4.674518511347235, 0.9859891537481347, 0.128234932469705
0.009988679496570554, 4.652224536360267, 0.9903135861335859, 0.1469220209922602
0.014516880868349204, 4.624479498027795, 0.9855001684290607, 0.1221648874826988
0.016314843177731905, 4.636716171072098, 0.9839317028258848, 0.12741219916446903
0.00992208829992675, 4.627333982874981, 0.9885237543826729, 0.13139643954484337
0.009855497103282946, 4.690173360235628, 0.9900808659602872, 0.13735786764794616
0.012252780182459878, 4.637499550492784, 0.9876351818962175, 0.12693915983410542
0.01897849104348405, 4.5996700574739355, 0.9809496415845712, 0.1054010120406717
0.009855497103282946, 4.638653944087519, 0.9896742424709779, 0.1471139865030387
0.01698075514416994, 4.634795089579933, 0.9828578181175125, 0.13188976739269503
0.014583472064993008, 4.634569778608769, 0.9856083017495024, 0.12866456306027302
0.01085436505294, 4.643510372889393, 0.988359739139147, 0.14467724264703805
0.01351801291869215, 4.64485646103895, 0.9867432739095449, 0.1287051727106114
0.013251648132116935, 4.639125793110541, 0.986698430650751, 0.13088346403736725
0.01391756009855497, 4.64583810007492, 0.9863116288948021, 0.13093122360688483
0.012319371379103683, 4.634080227200737, 0.9879254828148905, 0.14242700456026638
0.012319371379103683, 4.701768341748416, 0.9880091077790335, 0.1372940807896344
0.017446893520676566, 4.621384491050117, 0.9824070697131901, 0.11956662260047497
0.012985283345541719, 4.608362775688174, 0.987238409891045, 0.13234753896913637
0.012252780182459878, 4.635432893270785, 0.9880325845817679, 0.1350720992785248
0.015049610441499633, 4.717675429888617, 0.9856057631842089, 0.12862430316205153
0.01857894386362123, 4.623259275518579, 0.980547494679574, 0.11545801834951679
0.015582340014650062, 4.613571493255876, 0.9841866325597006, 0.1143528354890953
0.01465006326163681, 4.632912084473158, 0.985558452882329, 0.13131195600520779
0.012718918558966504, 4.620823209387505, 0.9870038223469966, 0.13237710569956504
0.01698075514416994, 4.631649133455279, 0.9832554663457421, 0.12846287910517515
0.01644802557101951, 4.693621580662816, 0.9835881203214107, 0.12928726429678586
0.015449157621362456, 4.709417672070601, 0.9847072930618865, 0.12843653801217572
0.01897849104348405, 4.649035414867016, 0.9796916204526478, 0.11230402209088418
0.01604847839115669, 4.596267679428748, 0.9839828953982236, 0.10531107223033963
0.011786641805953253, 4.59231076793362, 0.9886101782116676, 0.11910392416580158
0.016581207964307117, 4.570946010632276, 0.9834066527118014, 0.11799680106835968
0.011253912232802823, 4.607267367202368, 0.9882326087451676, 0.14387249747955327
0.014716654458280616, 4.62769594254106, 0.9859035140902109, 0.12921684487170135
0.014849836851568222, 4.6749431416159135, 0.9857068883834422, 0.1291312740134539
0.015182792834787242, 4.585094899274526, 0.985341403948592, 0.12207990637751444
0.01698075514416994, 4.648367247029294, 0.9836558087061374, 0.12279007711513731
0.016381434374375708, 4.629416726706721, 0.983840088446781, 0.11656372244908667
0.016514616767663314, 4.6749534728230655, 0.983502614713698, 0.11040824178063094
0.013717786508623559, 4.712426845978316, 0.9862577780705108, 0.13868790735058714
0.01644802557101951, 4.594829200007448, 0.983419050506328, 0.12149742680726287
0.01857894386362123, 4.614564043613298, 0.9822474996547959, 0.11910738182128247
0.02004395018978491, 4.686630459594498, 0.9805849701790292, 0.10942863732736238
0.02470533395485117, 4.574457611138727, 0.975848289687419, 0.09890374031936179
0.015582340014650062, 4.578559590344931, 0.9848422683449866, 0.12048358803613357
0.023173736432043682, 4.617181337887099, 0.9773013390554148, 0.10588202464469632
0.016914163947526137, 4.590073696201759, 0.9833939497365711, 0.11003610789511238
0.016181660784444295, 4.574462492662684, 0.9839926698525193, 0.12103586380534073
0.018312579077046014, 4.592079139132073, 0.9820423298919242, 0.12551825806037895
0.011320503429446627, 4.581674507726896, 0.9886171569011337, 0.13129961531268455
0.018911899846840247, 4.586768615814995, 0.9806937686355042, 0.10926614994480958
0.018845308650196443, 4.576852951067586, 0.9820058699400315, 0.11719951315283142
0.01391756009855497, 4.5946953485433895, 0.9863399577899322, 0.12364138000679241
0.014383698475061596, 4.617881308797752, 0.9857005587828405, 0.1257851724088075
0.012519144969035093, 4.599476003770688, 0.9866575569792941, 0.13895211835686436
0.017113937537457546, 4.623691786920817, 0.9831654339642841, 0.12355251035387806
0.017047346340813743, 4.6324027749489805, 0.982684731095079, 0.11531731130861499
0.014916428048212027, 4.667243628969616, 0.9850651844511694, 0.12826870875042004
0.01611506958780049, 4.653265441869891, 0.9840477690778566, 0.11933348052803147
0.01698075514416994, 4.635870373343519, 0.9828952040280707, 0.1090765473689355
0.024838516348138776, 4.581898893839734, 0.97614574951663, 0.10485226949972265
0.01698075514416994, 4.65993159360429, 0.9833640672627905, 0.11568238306138419
0.016847572750882334, 4.597810797552584, 0.9830668931341671, 0.12008514352685981
0.02383964839848172, 4.609204836086053, 0.9755901777417253, 0.10392489800423643
0.017380302324032763, 4.560869395403441, 0.9826062307287867, 0.1161132581919429
0.01751348471732037, 4.614694839867976, 0.9825380567144958, 0.12349963093819526
0.01611506958780049, 4.57812663716102, 0.9836561347385474, 0.10565237905823556
0.017047346340813743, 4.588308999896756, 0.9829788065345604, 0.11583318322348797
0.013717786508623559, 4.594815355313478, 0.9862214900495261, 0.11981768747488425
0.012252780182459878, 4.590424036466862, 0.9875651526690319, 0.13246011736681407
0.017113937537457546, 4.594937875123668, 0.9826090532343799, 0.11920659826923037
0.017047346340813743, 4.615340621539516, 0.9827311232302425, 0.11558733310167034
0.01678098155423853, 4.614913473880552, 0.9823951319665295, 0.1226047913332741
0.011253912232802823, 4.649679267835925, 0.9888165013245943, 0.1474200624709574
0.01278550975561031, 4.594382280578481, 0.9870315783664259, 0.12982854358122203
0.01857894386362123, 4.609447362332923, 0.9813454059139691, 0.11617391448879136
0.015915295997869082, 4.676824761618229, 0.9844392934952755, 0.12435984192919519
0.01678098155423853, 4.576848704844918, 0.9838902524153845, 0.11314878250705346
0.017779849503895585, 4.607447675440262, 0.9826419468683912, 0.11419316589493404
0.016581207964307117, 4.58187144928451, 0.9830146417429617, 0.11146232643927417
0.01551574881800626, 4.596003138734027, 0.9842754553154418, 0.11679494464437833
0.013384830525404541, 4.603565971472057, 0.9870367065324434, 0.13728361410833592
0.014050742491842579, 4.6006056161062405, 0.9860171162634376, 0.11766151728952506
0.010920956249583806, 4.601649331357465, 0.9893896738055069, 0.14763310946425423
0.010787773856296198, 4.6829438739811415, 0.9883737643094187, 0.12378501454188556
0.015449157621362456, 4.635663355286702, 0.9841629593506818, 0.12943279043367295
0.011054138642871412, 4.615854986658457, 0.9890852011043417, 0.14692720491397518
0.015049610441499633, 4.619423972613295, 0.9850670054849425, 0.12042625630755797
0.013051874542185524, 4.619414489850498, 0.9858260770710178, 0.13038790798784583
0.015315975228074848, 4.599193754911883, 0.9846301409754865, 0.11950700451685085
0.01678098155423853, 4.683427676924648, 0.9838683705778171, 0.11721662239619925
0.02110940933608577, 4.617241612142449, 0.9794236197314075, 0.10227704938642436
0.01764666711060798, 4.665190651277541, 0.9828430302391478, 0.12109581743430803
0.012119597789172272, 4.580825038158506, 0.9880744833513267, 0.1323981957462422
0.01425051608177399, 4.635209593735102, 0.986680755367967, 0.11936358424309962
0.01751348471732037, 4.595727438693946, 0.9826341443522992, 0.11285895951250863
0.013984151295198775, 4.629956417254572, 0.9860460096201286, 0.1324201832763917
0.016381434374375708, 4.622702415737099, 0.984161913905788, 0.12396756066697877
0.02383964839848172, 4.547322601105741, 0.9767524954168769, 0.11155871995472726
0.009256176333488712, 4.606719021791782, 0.9906611698045019, 0.10726436913969088
0.013118465738829327, 4.610588627569032, 0.9879861204964865, 0.1280740979318612
0.009056402743557302, 4.620509468128656, 0.991227502595553, 0.14645503033917007
0.01245255377239129, 4.716634617796781, 0.9880803301651419, 0.13047569409398788
0.010588000266364786, 4.678764808032677, 0.9894786041905584, 0.13138217551467776
0.008989811546913497, 4.769780751192959, 0.9909117327543915, 0.14736006147325628
0.013118465738829327, 4.668384048777922, 0.9870010065770054, 0.13592856037498094
0.01498301924485583, 4.684784820443854, 0.9851008047326881, 0.12045351014788648
0.01844576147033362, 4.607126202557593, 0.9820625847259398, 0.12329210409390415
0.008989811546913497, 4.62535389357038, 0.9909117327543915, 0.14676767369685118
0.012319371379103683, 4.607312219854343, 0.9877509139161734, 0.14351160721818387
0.011520277019378038, 4.637299776474185, 0.9884791322689473, 0.13357463273398587
0.01065459146300859, 4.753083021780332, 0.9887941957948942, 0.14763845099146708
0.013318239328760738, 4.609865439131041, 0.9870699093426967, 0.1247886004049247
0.011054138642871412, 4.6594738325361735, 0.9890915981408483, 0.14640720983568048
0.00938935872677632, 4.64635869171804, 0.9904368567343009, 0.1475383510799441
0.013118465738829327, 4.75978657414531, 0.9860603113100816, 0.1292880190088996
0.01604847839115669, 4.638324646163243, 0.9843293450536359, 0.11632691228832968
0.009522541120063928, 4.7424206797209925, 0.990616176938157, 0.1473816435777142
0.008989811546913497, 4.663096211138678, 0.9909117327543915, 0.14690871804802097
0.009855497103282946, 4.639306520204327, 0.9899933622960917, 0.12960864562034385
0.01245255377239129, 4.679327807604587, 0.9872206162720859, 0.13737589229032793
0.01118732103615902, 4.628939442718093, 0.9892518621172401, 0.1375124382782527
0.01318505693547313, 4.692031582257414, 0.9858336749246213, 0.13367220404776753
0.012852100952254112, 4.616598635719438, 0.9872117102857425, 0.12274551458795908
0.01351801291869215, 4.627098095181256, 0.9865787923313004, 0.12791319722217712
0.018179396683758408, 4.716304694541707, 0.9819064105569091, 0.11650190746415431
0.012918692148897916, 4.613613314195805, 0.9877273060232262, 0.13023315683930067
0.010321635479789572, 4.627494087658702, 0.989489982005721, 0.13946060640930352
0.010721182659652394, 4.6297014016337315, 0.9890549698333022, 0.13611796150254935
0.011653459412665646, 4.598017101417395, 0.9886342384119701, 0.12736714142999228
0.011054138642871412, 4.5995372310970435, 0.9890852011043417, 0.14763688326295907
0.008989811546913497, 4.612585507625507, 0.9909117327543915, 0.14819579289785587
0.011786641805953253, 4.712903102625303, 0.9877976386742071, 0.1290044518178664
0.012585736165678898, 4.621703854364173, 0.9876121009133816, 0.13135198762644226
0.015049610441499633, 4.611386607519961, 0.9855724137010747, 0.12513285126531912
0.016314843177731905, 4.617453960014293, 0.9839754670097043, 0.11199635085157636
0.014050742491842579, 4.675410405070278, 0.985960278916595, 0.13101755497130652
0.014183924885130185, 4.640237889134583, 0.9858351927885802, 0.11599305052760134
0.013318239328760738, 4.596496874065035, 0.9867403832225556, 0.11744477252904392
0.013984151295198775, 4.590546647551502, 0.986364177541875, 0.13276982647705501
0.015382566424718653, 4.616942583518362, 0.98507263572953, 0.12250367514275826
0.019710994206565892, 4.562813159318741, 0.9808064050049349, 0.10953463648218975
0.019178264633415463, 4.572647324206628, 0.9805594186574323, 0.12131185401371747
0.01604847839115669, 4.586639214270107, 0.9840277415989693, 0.12282271984240355
0.015449157621362456, 4.635696684019443, 0.9843486433769482, 0.12816482931436377
0.015249384031431045, 4.592522493649984, 0.9846679372527701, 0.11123244924067163
0.020110541386428715, 4.5378868282496185, 0.9802870153374207, 0.11627128452563266
0.024438969168275954, 4.560276739414899, 0.9763771627120343, 0.10553756786419118
0.024505560364919757, 4.575393919272549, 0.9753307530958629, 0.09909799253287606
0.028634214556835586, 4.5777441011952, 0.9708830994669995, 0.10100003507042132
0.02403942198841313, 4.5281112949786415, 0.9761163849817508, 0.09601254241414259
0.02457215156156356, 4.532452886523884, 0.9755403875483428, 0.10041006133634549
0.01911167343677166, 4.544109201656722, 0.9796917135553608, 0.11886618222973183
0.018645535060265034, 4.560320691706107, 0.981974630940518, 0.10937029937046225
0.02324032762868749, 4.578558965506309, 0.9777196489206368, 0.09749894425443037
0.016581207964307117, 4.615512410453023, 0.9837263728828095, 0.12284802393542195
0.023639874808550308, 4.569835061421127, 0.976369564188808, 0.10302378983809028
0.01911167343677166, 4.58842416535826, 0.9809821045442912, 0.1043882862054682
0.01857894386362123, 4.579473140991154, 0.9813795306537402, 0.11078045436337089
0.01844576147033362, 4.59603605132577, 0.9820218385441849, 0.10906657003887331
0.018911899846840247, 4.576634285492372, 0.981595137384179, 0.10813706029099537
0.019178264633415463, 4.620531647724675, 0.9816559208707478, 0.10755845081410031
0.013118465738829327, 4.595628668387609, 0.9864325358265736, 0.12827435998212752
0.017779849503895585, 4.62293948883968, 0.9826671323781995, 0.116017944538661
0.017047346340813743, 4.601388116551912, 0.9835958819191397, 0.11903625595852978
0.018312579077046014, 4.703612125562099, 0.982455771173048, 0.1051452122629881
0.0199107677964973, 4.630144916901998, 0.9804384862644102, 0.11208516662784529
0.015116201638143437, 4.625887951235198, 0.9848748016080794, 0.12290683073602164
0.019444629419990676, 4.592704925904176, 0.9804171325448623, 0.1078539910145278
0.02257441566224945, 4.614897562865769, 0.9773579547624743, 0.1009625383508612
0.01172005060930945, 4.578984805824294, 0.9874030761331745, 0.13091197204777505
0.022108277285742824, 4.592282472282654, 0.9771251060038983, 0.11344771181768114
0.018911899846840247, 4.658666789964345, 0.981111571499107, 0.11469390115063062
0.022174868482386628, 4.667406887873802, 0.9777185328062592, 0.1072854580310288
0.021775321302523805, 4.630805990957441, 0.97831847926603, 0.10792483001623653
0.01791303189718319, 4.564831323770357, 0.9818352544970875, 0.11803565428693047
0.017180528734101353, 4.6003019831791345, 0.983021347431948, 0.10466342611535291
0.03103149763601252, 4.587895860222372, 0.9688031624656371, 0.09293494353498076
0.02324032762868749, 4.62466403627837, 0.976554072810747, 0.10929309508798499
0.019977358993141108, 4.593993819949867, 0.9795277127835288, 0.10968192044509635
0.018911899846840247, 4.538650644851952, 0.9800902373007655, 0.12119927264217889
0.019444629419990676, 4.550475769324937, 0.9805581516539581, 0.10550268104796005
0.019444629419990676, 4.6014541083759655, 0.980921479490709, 0.10845860891125493
0.0199107677964973, 4.549323513432112, 0.9794274056088547, 0.11853615163919395
0.014050742491842579, 4.575691766949097, 0.9858523400859158, 0.12561484076529436
0.013384830525404541, 4.608104613377107, 0.9869777146899092, 0.10458648028512911
0.014783245654924419, 4.685543512689962, 0.9854924663091547, 0.1157617434838687
0.014117333688486382, 4.58975708696602, 0.9855725892321862, 0.11578932550258615
0.019444629419990676, 4.658499170240346, 0.9807956234120446, 0.10519935702688171
0.010588000266364786, 4.556864205138331, 0.9889755724926956, 0.14622263098006466
0.026236931477658654, 4.572816249906219, 0.9735950742792778, 0.10588025876742706
0.02324032762868749, 4.578262765596334, 0.976887746195009, 0.11635966688843535
0.019777585403209695, 4.556417596668031, 0.97993423977242, 0.09734491727751796
0.02470533395485117, 4.550381350677626, 0.9753368607580772, 0.10178428338897345
0.020709862156222947, 4.605970500208864, 0.9798503440682202, 0.10134609032167628
0.019710994206565892, 4.620832570424575, 0.9802744356731656, 0.11663746927080497
0.021508956515948592, 4.591906052752818, 0.9785613598085545, 0.1120224463549555
0.028634214556835586, 4.563264601810276, 0.9717063852859438, 0.0989360706986472
0.020643270959579144, 4.520362520373486, 0.9784307206404235, 0.11280845799279504
0.019244855830059266, 4.567974507288727, 0.9808275816828014, 0.12078973497758576
0.011387094626090432, 4.60556639578416, 0.9883869424329833, 0.08537524263040198
0.01085436505294, 4.607149081786797, 0.9897069078814478, 0.1298885294865782
0.008856629153625891, 4.659390845422287, 0.9917232850356971, 0.1469730936068419
0.008856629153625891, 4.632086633437243, 0.9917206165137725, 0.1403827634685518
0.012985283345541719, 4.69830796022727, 0.9868286427591988, 0.1288515052983258
0.013784377705267364, 4.635333865716246, 0.9865427979532414, 0.11587365886269986
0.009522541120063928, 4.751784883184027, 0.9904155354677355, 0.147236967883504
0.009322767530132517, 4.620909634876118, 0.98925679340377, 0.14796635953719095
0.010721182659652394, 4.643171616779263, 0.9895389244828813, 0.14436217796694936
0.011120729839515215, 4.649798981826029, 0.9893227462510984, 0.147395898725004
0.011253912232802823, 4.736068143709336, 0.9888165013245943, 0.14728264575721467
0.011120729839515215, 4.802348533435279, 0.9893227462510984, 0.14708249601047005
0.013251648132116935, 4.62677324889082, 0.9865621014093254, 0.1295360193594505
0.01118732103615902, 4.658191908864117, 0.9892894428294419, 0.14722394400003383
0.010321635479789572, 4.661530997564689, 0.9897520301450665, 0.14629421867779616
0.009589132316707731, 4.735102644485521, 0.990510142166661, 0.1466187763549846
0.010787773856296198, 4.646183231552153, 0.9892373327484816, 0.13186373913367624
0.012652327362322701, 4.617080633543601, 0.9875776799701177, 0.12867758780427394
0.008989811546913497, 4.62640406190456, 0.9909117327543915, 0.1463134845165129
0.01065459146300859, 4.672979117122512, 0.9890512584042591, 0.14657465289914307
0.01644802557101951, 4.692507769619013, 0.9822351089191182, 0.1276371680818753
0.008190717187187854, 4.714769474332974, 0.9927038582676907, 0.14786209382491025
0.015116201638143437, 4.667659257789851, 0.9843338954105341, 0.1235650167253073
0.010521409069720983, 4.602449874740756, 0.989899605208626, 0.1468267617937251
0.009522541120063928, 4.614804931873566, 0.990616176938157, 0.14790186159551433
0.009256176333488712, 4.621772615444551, 0.9907212417929522, 0.1468760018770417
0.014516880868349204, 4.683508224681634, 0.9854185336093769, 0.13034645557488636
0.009256176333488712, 4.748614704100073, 0.9907212417929522, 0.14727589846431777
0.009322767530132517, 4.741876796629185, 0.98925679340377, 0.14705860777995508
0.014450289671705401, 4.68021778826343, 0.9858859339947363, 0.1381804362711612
0.012385962575747487, 4.634244884529832, 0.9870819695438405, 0.129518458685307
0.011054138642871412, 4.643621413457042, 0.9883016994885316, 0.12919309167988552
0.011120729839515215, 4.620881083485226, 0.989352637241949, 0.13885538547366616
0.016381434374375708, 4.6297602901178045, 0.9839174899896416, 0.1295764936326243
0.010255044283145769, 4.606144598227823, 0.9898171346880775, 0.1464344527216844
0.012652327362322701, 4.609105804197209, 0.9875333270410164, 0.13200394948517039
0.008989811546913497, 4.675980063183946, 0.9909117327543915, 0.14688281022828836
0.01191982419924086, 4.619306286141646, 0.9883255445587511, 0.1358900104340812
0.009455949923420123, 4.689077110751583, 0.9903708501336408, 0.1467937517772785
0.016381434374375708, 4.622167607316515, 0.983802096400646, 0.12470175032804282
0.01012186188985816, 4.655191268998376, 0.9903350032767807, 0.13929651290275374
0.01644802557101951, 4.652829156319168, 0.9833075715393838, 0.11639155734346643
0.013784377705267364, 4.727081215634854, 0.9865011476503328, 0.1292125836196008
0.015648931211293866, 4.645280598085841, 0.9850020523344385, 0.1275520687443458
0.013118465738829327, 4.659188472518926, 0.986896623968927, 0.1155299480444561
0.012186188985816075, 4.599408421589768, 0.988222398819587, 0.12459785477583972
0.010055270693214357, 4.6193514580874915, 0.9899654625648779, 0.14595441999823885
0.016181660784444295, 4.667215416670687, 0.9843700675425976, 0.11598145537784736
0.018112805487114605, 4.602999044669693, 0.9826297826028904, 0.11335342662641007
0.015449157621362456, 4.6820987115856045, 0.9852591399450285, 0.12862761232398687
0.011320503429446627, 4.681988327339834, 0.989041370294253, 0.12883491710686762
0.020110541386428715, 4.589572700162127, 0.9792664880533364, 0.10726271100530507
0.01391756009855497, 4.584620277629344, 0.985989657161104, 0.1317644379557989
0.017113937537457546, 4.62692743164726, 0.9831682292911644, 0.11059544392135104
0.020510088566291537, 4.666915304676515, 0.9800048923375217, 0.10725103982065423
0.018712126256908837, 4.586384716971923, 0.9800954106976765, 0.11298881680398207
0.020443497369647734, 4.577405131275187, 0.9795932636206389, 0.10074967827323299
0.01678098155423853, 4.576107647000311, 0.9832886685289541, 0.11611219108953671
0.02310714523539988, 4.6190798129096775, 0.9775654862202591, 0.10282385692440094
0.020510088566291537, 4.601568684752902, 0.9796612106534411, 0.11407319449988218
0.01731371112738896, 4.598179352809787, 0.9834876584149803, 0.10667716344457326
0.0216421389092362, 4.602787899480422, 0.9787216802473072, 0.1055294954632509
0.015315975228074848, 4.672643142668315, 0.984410442999106, 0.11965657840322258
0.014849836851568222, 4.6135268264392515, 0.9851607133518517, 0.11538152203096005
0.016381434374375708, 4.614971274374455, 0.984364204021375, 0.11743063341661493
0.015182792834787242, 4.6717223178660054, 0.9854590860036939, 0.1204273750499569
0.024239195578344544, 4.675850011572552, 0.975865739364105, 0.09592670413233026
0.017380302324032763, 4.5606309845244795, 0.982706904246728, 0.12012827172524919
0.020709862156222947, 4.560288636132071, 0.9795145045970638, 0.1012470477095318
0.015382566424718653, 4.581344266479832, 0.9847802985902764, 0.11944266566794737
0.013051874542185524, 4.596336397102561, 0.9861219871653423, 0.14119855425425817
0.017446893520676566, 4.6249390365582554, 0.982274110038432, 0.1172912269562587
0.0162482519810881, 4.613304116686707, 0.9838504855453535, 0.11663347783051538
0.020709862156222947, 4.575726046355482, 0.9790608176136699, 0.10156696293762181
0.01644802557101951, 4.602071679161591, 0.9839214130269318, 0.1151725216065825
0.023306918825331292, 4.603453180035333, 0.9768031304134833, 0.09653480883455576
0.012718918558966504, 4.603684629812582, 0.9878069928494168, 0.13074480251899737
0.0162482519810881, 4.66978567434213, 0.9835161141556428, 0.10547516502167786
0.01897849104348405, 4.5822259543889405, 0.9804755982775067, 0.1040287427980453
0.020843044549510553, 4.611539736897172, 0.9789413175249082, 0.10374795182027974
0.015915295997869082, 4.569220036889406, 0.9844462984994774, 0.12889854743641244
0.01318505693547313, 4.577624717168026, 0.9868246301208504, 0.13837416321669538
0.01604847839115669, 4.591067973406994, 0.9844904418497694, 0.12327846218065014
0.015315975228074848, 4.602141890900823, 0.9847048358523086, 0.1254325945740806
0.015449157621362456, 4.643276835913632, 0.9843404564531439, 0.11849706535345762
0.017580075913964172, 4.6843703671254895, 0.9823550172494021, 0.11736264668960324
0.016581207964307117, 4.614653312104944, 0.9839824357614267, 0.1161802645619941
0.016581207964307117, 4.564677456370395, 0.9840487293232947, 0.11875488582636264
0.022174868482386628, 4.558378493030927, 0.9777917325246799, 0.09970493493382061
0.014450289671705401, 4.574822599214523, 0.9856877209091409, 0.12971429220095246
0.013850968901911167, 4.588685913299319, 0.986234232995139, 0.12982209332465033
0.012252780182459878, 4.595457817732259, 0.9878578761288811, 0.1280930339690725
0.015915295997869082, 4.629949597486161, 0.9842739635221389, 0.12627557693439329
0.016514616767663314, 4.586168866806249, 0.9843034113833546, 0.11413048453467196
0.019045082240127856, 4.649700279042781, 0.981616758319137, 0.12041562264052258
0.022840780448824666, 4.61112223090968, 0.9769112828124047, 0.1044818029317973
0.024305786774988347, 4.550731940586049, 0.9764915253117766, 0.1020542455932513
0.022507824465605647, 4.60377967299686, 0.977505415291584, 0.10504256430696905
0.022840780448824666, 4.570667257288003, 0.9768347976110969, 0.10783282555795985
0.02090963574615436, 4.581213180636363, 0.9788881184136585, 0.10658565527707711
0.016714390357594727, 4.608134732580124, 0.9834540076809333, 0.10275112697785531
0.00865685556369448, 4.605714054219437, 0.9914923703531313, 0.1079753389394007
0.009522541120063928, 4.605128388482006, 0.9905368148725855, 0.13242359692001882
0.009655723513351535, 4.6071678709871104, 0.9903745749324914, 0.1460876155533943
0.011054138642871412, 4.633529983888082, 0.9890852011043417, 0.14769406760429382
0.008989811546913497, 4.611691551757191, 0.9909117327543915, 0.14695280298453625
0.01012186188985816, 4.629455383031768, 0.9899250779113098, 0.14753428581962963
0.01012186188985816, 4.668384426227698, 0.9903613926492512, 0.1474927861831907
0.010388226676433375, 4.6547253086618205, 0.9891961300029523, 0.14632683299396262
0.010521409069720983, 4.635483784436497, 0.989899605208626, 0.1472127081620347
0.009589132316707731, 4.696126629479551, 0.990509486457621, 0.1468689309883166
0.01118732103615902, 4.640241105951656, 0.9884741705138117, 0.1321676513789848
0.01045481787307718, 4.6657078826110725, 0.9899763352166866, 0.14442866767733922
0.015116201638143437, 4.613928282269627, 0.9857672127980135, 0.12286839417530668
0.009722314709995338, 4.620197742401446, 0.9896945124198915, 0.14679729234987096
0.008989811546913497, 4.657521026576019, 0.9909117327543915, 0.14701475601293718
0.009256176333488712, 4.677242927896744, 0.9907212417929522, 0.14739759955600837
0.00992208829992675, 4.763431516239502, 0.9894252738316379, 0.14705280960503514
0.009522541120063928, 4.665728524195304, 0.9904155354677355, 0.14720211024146526
0.009589132316707731, 4.71865392298056, 0.990509486457621, 0.1468368443872304
0.01118732103615902, 4.65387683734918, 0.9879798397990034, 0.14742474069346137
0.01012186188985816, 4.621033859418046, 0.9899250779113098, 0.147350882402606
0.01012186188985816, 4.623485096572456, 0.9903613926492512, 0.14788391836314665
0.01012186188985816, 4.687960741482936, 0.9903613926492512, 0.14679600254716874
0.01045481787307718, 4.645353529054299, 0.9896001681588069, 0.14615496903811334
0.010321635479789572, 4.623899246521159, 0.9897505007971509, 0.14674627290636638
0.008856629153625891, 4.656696818930224, 0.9907106354758676, 0.1467710073737003
0.009589132316707731, 4.730911150192654, 0.9905416329276084, 0.14646684856453582
0.01045481787307718, 4.686544474633308, 0.9899807190840548, 0.14773289592792987
0.010920956249583806, 4.725351195745956, 0.9893896738055069, 0.14764880890546148
0.010920956249583806, 4.666458964705062, 0.9891510269104232, 0.1458592332799041
0.010920956249583806, 4.626618537412563, 0.9893896738055069, 0.14689458332487249
0.009256176333488712, 4.66798436683766, 0.9907212417929522, 0.14678314992141364
0.01012186188985816, 4.681924832996836, 0.9899250779113098, 0.1470569984988448
0.01012186188985816, 4.732809459400247, 0.9899250779113098, 0.14752945007556356
0.00992208829992675, 4.6704402492566635, 0.9903741487002382, 0.1472046157097995
0.009655723513351535, 4.631733376231883, 0.9906492945368325, 0.14709342933706981
0.01012186188985816, 4.634424508995243, 0.9903613926492512, 0.14699509582863557
0.010188453086501964, 4.664431553035568, 0.9891732447677976, 0.1460383042991652
0.015981887194512885, 4.632974688775166, 0.9840657716871901, 0.1290717371261487
0.009589132316707731, 4.651898958318329, 0.990509486457621, 0.1475147560553473
0.009722314709995338, 4.656190163715944, 0.9911717828069524, 0.14655774109781863
0.009722314709995338, 4.713419550354427, 0.9907564309561168, 0.14457651449113126
0.009056402743557302, 4.616191713503708, 0.991227502595553, 0.14723335063562504
0.01118732103615902, 4.657997768093713, 0.9883518249552982, 0.12785747062634134
0.008989811546913497, 4.672526816740059, 0.9909117327543915, 0.14668912804917877
0.01118732103615902, 4.623606382867758, 0.9879798397990034, 0.14679509590505663
0.009589132316707731, 4.626505673705655, 0.990509486457621, 0.14651002338041794
0.009522541120063928, 4.651488727312507, 0.9901764967018262, 0.14760825666346616
0.010521409069720983, 4.65763533324164, 0.9886945380376093, 0.14796705752228614
0.011586868216021841, 4.652484759959272, 0.9885598680283959, 0.14583551713231102
0.009589132316707731, 4.635245794366249, 0.990509486457621, 0.14771223865429328
0.011120729839515215, 4.6156287050091604, 0.9888640280633721, 0.12962160023361893
0.010920956249583806, 4.642857582724554, 0.9893896738055069, 0.14624305450133548
0.010920956249583806, 4.652867429923414, 0.9893896738055069, 0.14683858172173891
0.009522541120063928, 4.65497928622433, 0.9904155354677355, 0.14695218035503382
0.008723446760338283, 4.751813945641981, 0.9916634294971568, 0.14618627124464917
0.009589132316707731, 4.629639249750704, 0.990509486457621, 0.14691425372569897
0.009056402743557302, 4.627043196703628, 0.9912836441643986, 0.14725243331961502
0.01045481787307718, 4.73814970886389, 0.9899807190840548, 0.14715209572949065
0.010920956249583806, 4.754647338137119, 0.9891510269104232, 0.14682949898098413
0.009988679496570554, 4.673428643168134, 0.9900432043461183, 0.145955046072119
0.01012186188985816, 4.661735336877554, 0.9903613926492512, 0.1471003802572064
0.010388226676433375, 4.683646194482521, 0.9891961300029523, 0.14708587641864015
0.008989811546913497, 4.771995057975229, 0.9909117327543915, 0.147469883854913
0.009589132316707731, 4.70636234190093, 0.990509486457621, 0.1472040325210549
0.01045481787307718, 4.663512137485994, 0.9899807190840548, 0.14653311849982792
0.008989811546913497, 4.733701234779274, 0.9909117327543915, 0.14737853642619275
0.008989811546913497, 4.657216149052172, 0.9909117327543915, 0.14681255492998127
0.009522541120063928, 4.673903189971125, 0.9904155354677355, 0.14665724732772847
0.010321635479789572, 4.711689486138122, 0.9892815246580124, 0.14745473945481072
0.00992208829992675, 4.753450237482979, 0.9894252738316379, 0.14723839661319116
0.009722314709995338, 4.634655412681698, 0.9911717828069524, 0.1467958423309793
0.010920956249583806, 4.636190927782, 0.9891510269104232, 0.1467862631203703
0.009122993940201106, 4.65819653421948, 0.9906650044004688, 0.1467533533540467
0.01118732103615902, 4.663778057982396, 0.9890337713221196, 0.14714841111147778
0.009655723513351535, 4.744948984692781, 0.9906492945368325, 0.1476544162962482
0.011054138642871412, 4.655685283090348, 0.9890852011043417, 0.14704614499366236
0.009589132316707731, 4.71295513312604, 0.990509486457621, 0.14672243107932684
0.01012186188985816, 4.665191827557364, 0.9898079620592602, 0.14693535211016867
0.010920956249583806, 4.710026376279318, 0.9893896738055069, 0.14766828473798568
0.008989811546913497, 4.745961089517477, 0.9909117327543915, 0.14812921303661042
0.008723446760338283, 4.665530396498511, 0.9916634294971568, 0.14717127550179993
0.008723446760338283, 4.732951112614972, 0.9916634294971568, 0.14706735842904547
0.011453685822734235, 4.711407987765183, 0.9885488756980546, 0.14637420499950968
0.010188453086501964, 4.724326988523013, 0.9899983613882963, 0.14731010216280244
0.01045481787307718, 4.741626134572559, 0.9899807190840548, 0.1476664377446147
0.014849836851568222, 4.636632528366655, 0.9855727156358476, 0.1295558851183872
0.009522541120063928, 4.717335773703499, 0.9904155354677355, 0.1466789779299945
0.014117333688486382, 4.75900805421189, 0.98519363964, 0.13005156303027157
0.009722314709995338, 4.667616980398289, 0.9911717828069524, 0.14669769411066957
0.009522541120063928, 4.736042405076594, 0.9904155354677355, 0.14766072061054358
0.010920956249583806, 4.765969226925051, 0.9893896738055069, 0.14678514674977855
0.01012186188985816, 4.637947505979633, 0.9903613926492512, 0.1477527614916485
0.009522541120063928, 4.713058937879538, 0.9904155354677355, 0.14752606933757503
0.010055270693214357, 4.684626459114845, 0.9900227372782956, 0.14661460384507569
0.00992208829992675, 4.698323337582621, 0.9894252738316379, 0.1470891458982575
0.00992208829992675, 4.745542992889512, 0.9894252738316379, 0.14685781434379058
0.011054138642871412, 4.628372562942154, 0.9890915981408483, 0.14662837428889208
0.009655723513351535, 4.659130426795392, 0.9905274721288392, 0.14711545617965693
0.009655723513351535, 4.76024562786857, 0.9906492945368325, 0.14692555041445637
0.01012186188985816, 4.733655233552105, 0.9903613926492512, 0.14729155786810913
0.008057534793900246, 4.60597287388436, 0.9917794750087726, 0.11034290631864717
0.010588000266364786, 4.607396716624449, 0.9901627658815663, 0.1469351241984965
0.010920956249583806, 4.629713193295585, 0.9893896738055069, 0.1477411887453613
0.011120729839515215, 4.649722835596403, 0.9890439421667202, 0.13093634411358013
0.008989811546913497, 4.72009959344406, 0.9909117327543915, 0.14699976142767546
0.014916428048212027, 4.7212622324604485, 0.9856120900554894, 0.12813414258996653
0.01465006326163681, 4.661986006539061, 0.984616694980099, 0.12010047042186171
0.01278550975561031, 4.610157747802765, 0.9878663443873589, 0.13146158146982598
0.014183924885130185, 4.642071240432667, 0.9860982818588829, 0.1289095150913656
0.009056402743557302, 4.699482112716103, 0.9912836441643986, 0.14723820811541374
0.010521409069720983, 4.697274413765799, 0.9902898550257959, 0.1469156097068987
0.014183924885130185, 4.6917061432943035, 0.9858116001407964, 0.12354513165397098
0.011387094626090432, 4.631743883383276, 0.9887287576705757, 0.12315037284002217
0.014849836851568222, 4.632092538571845, 0.9852648721926758, 0.13029290963185156
0.018645535060265034, 4.642764586539293, 0.9814353645739027, 0.12212561552583413
0.013651195311979756, 4.74087793136267, 0.9863750152710347, 0.1295784692034104
0.017779849503895585, 4.664240551001224, 0.9822299817948585, 0.11369363569554736
0.015449157621362456, 4.661867491738682, 0.9845326298427771, 0.11885666556255325
0.017047346340813743, 4.569546657641512, 0.9833402268654438, 0.10920128204441665
0.010920956249583806, 4.6010748945206865, 0.9893896738055069, 0.14634749844631786
0.01877871745355264, 4.594796374832146, 0.981822915806747, 0.11174659086798963
0.015182792834787242, 4.620584086967926, 0.9849423843222556, 0.12134628800461213
0.014183924885130185, 4.618218558204708, 0.9863075158187061, 0.13120033058382774
0.01498301924485583, 4.67040706257167, 0.985103012001219, 0.12191030829535102
0.020443497369647734, 4.6504696148835984, 0.9793761505432167, 0.10911657499776524
0.016381434374375708, 4.563140292281022, 0.9835558988750063, 0.10823254635987242
0.016914163947526137, 4.579259754981596, 0.9827769066215857, 0.11421820670909959
0.019777585403209695, 4.57459221554952, 0.9807164701231927, 0.10263614356214024
0.01664779916095092, 4.581663384151465, 0.9823805865349334, 0.11864672967737853
0.018845308650196443, 4.586285386460515, 0.9814129392366735, 0.1154986985241571
0.021908503695811415, 4.567685638293609, 0.9784634747319378, 0.10451991420535464
0.017979623093826995, 4.618064780634428, 0.9824614420274287, 0.11031847710916085
0.018712126256908837, 4.571700274011556, 0.9814763495312048, 0.1183512895972167
0.02184191249916761, 4.571054689463615, 0.9786397719538555, 0.11724990754924114
0.013384830525404541, 4.5711833064515, 0.9864850072416411, 0.1323152908821141
0.01584870480122528, 4.62259009661271, 0.9841475196745242, 0.13104185286169293
0.020510088566291537, 4.5729582336236785, 0.980052150332309, 0.10811767048108986
0.01731371112738896, 4.645917309753871, 0.9834457514500586, 0.1119409497268967
0.023306918825331292, 4.551565941762788, 0.9765045630424319, 0.10552802176502167
0.020376906173003927, 4.565850514566056, 0.9798321610200182, 0.09970661601584503
0.019511220616634482, 4.584712185284631, 0.9796844036985987, 0.09860327040669298
0.01664779916095092, 4.545670645908707, 0.9833221316048647, 0.11712250813957827
0.015049610441499633, 4.561289018707316, 0.9846824878018202, 0.12210118600220563
0.02204168608909902, 4.573764811599192, 0.9779983459981131, 0.1140278783596764
0.017580075913964172, 4.650380881734303, 0.9830257381653442, 0.11990295889857767
0.017713258307251782, 4.57783621773863, 0.9828102437699667, 0.11047450719811827
0.01351801291869215, 4.597614788093016, 0.9863538702841684, 0.13465570798889784
0.016581207964307117, 4.600440409765061, 0.983314594982437, 0.11795848167025681
0.022108277285742824, 4.617487550059639, 0.9777906728087703, 0.10110161797206367
0.018645535060265034, 4.602473501661547, 0.981482606189212, 0.10639022498874093
0.016514616767663314, 4.573246103997887, 0.9839253464325621, 0.11522787082993487
0.01877871745355264, 4.587176001499803, 0.9815793471825804, 0.12344003830160821
0.019444629419990676, 4.578248807083174, 0.9799224121674897, 0.11540851749936124
0.02057667976293534, 4.590235590339382, 0.9797065588769525, 0.11386647917976031
0.02144236531930479, 4.566893997574691, 0.9789589730941867, 0.11274244683488586
0.015049610441499633, 4.597721909495512, 0.984858008190817, 0.11990799447712101
0.01751348471732037, 4.592431600206407, 0.9825123534944089, 0.12381877462392636
0.020843044549510553, 4.583509755355267, 0.9792225090203747, 0.09994074846385342
0.01391756009855497, 4.678466956164712, 0.9859459537376725, 0.13399850078368064
0.013784377705267364, 4.660581234951442, 0.9864285593945133, 0.12243020229685381
0.024438969168275954, 4.574033752868677, 0.9752582633431035, 0.09919300037199509
0.021176000532729573, 4.55325592466762, 0.9791915040263445, 0.10625727706596749
0.016847572750882334, 4.550138451505805, 0.9828747815101092, 0.11846687192329407
0.021375774122660986, 4.5698538532252, 0.9782417387304875, 0.10547184100332924
0.017779849503895585, 4.542781336453431, 0.9830530845429206, 0.11910678294375764
0.024838516348138776, 4.564637145959895, 0.9754311276629452, 0.0993195922770343
0.026037157887727244, 4.5577243090930155, 0.9744199269053523, 0.09464205982721888
0.019378038223346872, 4.591607997728155, 0.9812717828882, 0.11075927169671333
0.02144236531930479, 4.5757761281332225, 0.9786729557658709, 0.10485331987357832
0.018911899846840247, 4.60413977322982, 0.9814775522202237, 0.12897419562228535
0.02310714523539988, 4.535938570452902, 0.976933810232254, 0.10705568964817828
0.021042818139441966, 4.550415670886817, 0.9783009928631237, 0.11151294142094403
0.020709862156222947, 4.566162120964902, 0.9797592276887387, 0.11127825803938171
0.024638742758207367, 4.56777041619029, 0.9757232853277064, 0.09833532204560326
0.024971698741426383, 4.604604157228527, 0.9757333997505795, 0.10878788239087787
0.011120729839515215, 4.63933665061621, 0.9889973842468257, 0.134513681868614
0.020709862156222947, 4.557196236215594, 0.979423535562733, 0.0922904551953717
0.025104881134713992, 4.557399519561348, 0.9749590583631348, 0.09998616650982195
0.01045481787307718, 4.531799832744335, 0.9881512220011853, 0.14179896693976857
0.018645535060265034, 4.586963917179162, 0.9808860786551769, 0.11450144620627385
0.022108277285742824, 4.5112608018740366, 0.9783306468699117, 0.10559836839283833
0.023972830791769328, 4.56625466827166, 0.9757733526339668, 0.09794502265604105
0.020510088566291537, 4.583896251511318, 0.9800972983054046, 0.11001656803456339
0.015915295997869082, 4.624931413800134, 0.9841402365384601, 0.12218074280681751
0.02184191249916761, 4.570505634830392, 0.9784730708100549, 0.10539580270816402
0.013384830525404541, 4.586622574393359, 0.9867155534477751, 0.1349683210892747
0.01278550975561031, 4.633897199114431, 0.9873056894445174, 0.13195428561058514
0.014516880868349204, 4.639318114552063, 0.9866585879549667, 0.1289970996320753
0.015449157621362456, 4.598126067964089, 0.9847356094213038, 0.12259372089163163
0.0198441765998535, 4.631794536146286, 0.9797701369423166, 0.12071293678101531
0.014849836851568222, 4.600530816337482, 0.9847106111904798, 0.12038409074304064
0.01245255377239129, 4.624310291614419, 0.9875710408316009, 0.13238824362182364
0.014317107278417793, 4.692057452776893, 0.985331456370315, 0.11829643957692555
0.015981887194512885, 4.606467774238696, 0.9837198884743004, 0.11257716592282403
0.01351801291869215, 4.586299430389668, 0.9860023975972028, 0.12960893404090487
0.01964440300992209, 4.582165903358284, 0.9808171490679827, 0.11568682265869823
0.012119597789172272, 4.602114413846243, 0.9874472276525011, 0.12823930664907335
0.011786641805953253, 4.606133597060813, 0.9883525677689292, 0.13629642354181495
0.011586868216021841, 4.618006285571969, 0.9888840039090203, 0.13987053551744733
0.012319371379103683, 4.597149843857483, 0.9874943793808533, 0.11731063487566461
0.017113937537457546, 4.581495562620278, 0.9831103283410539, 0.11225833835313426
0.01245255377239129, 4.606154489272712, 0.9876787966861602, 0.11316358585150808
0.011054138642871412, 4.610263825701264, 0.989158508806097, 0.14433084076099983
0.010987547446227609, 4.679137536305645, 0.9891083714742795, 0.1204680378567979
0.010188453086501964, 4.736812721820061, 0.9897974664971688, 0.14078920524042227
0.015116201638143437, 4.65207250024425, 0.9848794398415633, 0.11010243043938245
0.015582340014650062, 4.687811112938911, 0.9847580579649844, 0.12255169539977896
0.022174868482386628, 4.713709138177513, 0.9775102272646602, 0.11437949261701844
0.019777585403209695, 4.592083793382809, 0.9805306920350111, 0.10385521712191995
0.019710994206565892, 4.628893559168125, 0.9795398199052372, 0.10815356403425205
0.015782113604581476, 4.577233920777187, 0.9842660026710253, 0.12243402616917087
0.022641006858893253, 4.620420727358603, 0.9777442807130902, 0.1056493799515259
0.013651195311979756, 4.6025555309890835, 0.9864089872670669, 0.1422545472142933
0.023773057201837918, 4.569941956153713, 0.976662509447042, 0.11137254881579073
0.021242591729373376, 4.614220848840492, 0.9788268454105722, 0.11306548201252062
0.024106013185056934, 4.623083936014688, 0.9759759911417037, 0.09141252759174799
0.021176000532729573, 4.6059246355678995, 0.9783408736802408, 0.1135313240779547
0.020310314976360124, 4.556678600251583, 0.9797254552394057, 0.11262872698522074
0.026103749084371047, 4.5629925378877045, 0.9734654404711947, 0.1023266643889639
0.023706466005194115, 4.579703127043125, 0.9765046253584971, 0.10066796403860721
0.01964440300992209, 4.618402102009914, 0.9804351781466394, 0.10491378224221298
0.01911167343677166, 4.686355837193058, 0.9810628284385003, 0.11191887344389272
0.013251648132116935, 4.642808732270734, 0.9870376700672739, 0.13866640605012723
0.01791303189718319, 4.66438304297559, 0.9822528456682863, 0.11958692232680054
0.0234401012186189, 4.556894918982719, 0.9769769777127609, 0.10897027489740525
0.026969434640740492, 4.590323356795567, 0.9733291589636095, 0.09759067275913588
0.0198441765998535, 4.577282746368284, 0.9807850490020936, 0.11133629039012082
0.01698075514416994, 4.65450643291246, 0.98267467118484, 0.11264100938025517
0.014183924885130185, 4.585431361250818, 0.9848460529212288, 0.12511228983908912
0.014716654458280616, 4.6101795826388825, 0.9847571304490459, 0.1204745464258338
0.014117333688486382, 4.666834781337707, 0.9853974380985581, 0.11937369707952189
0.014583472064993008, 4.625080901487155, 0.9855823115493133, 0.12683980124135638
0.01931144702670307, 4.599154572024234, 0.98054630644621, 0.10330799215037839
0.012985283345541719, 4.582129308670459, 0.9869459352919808, 0.12773283738608998
0.023306918825331292, 4.637636486331497, 0.9767647848212004, 0.10835813860056595
0.02310714523539988, 4.558663670515152, 0.9765076188895869, 0.10281828115187651
0.016847572750882334, 4.636157057324524, 0.9829722046007479, 0.12263933508450398
0.020843044549510553, 4.543785475839936, 0.9791931382733242, 0.09906635135868054
0.02543783711793301, 4.565757210581568, 0.9749424114571318, 0.10152673714194888
0.028567623360191783, 4.616502763523737, 0.9710750111295109, 0.09771608783782637
0.021375774122660986, 4.56863254933047, 0.9783968951518354, 0.10507889747798935
0.019977358993141108, 4.644813396105588, 0.9806187325116378, 0.12422275825128208
0.018046214290470798, 4.588443531513437, 0.9820132590470777, 0.11030444489475671
0.013584604115335953, 4.563186209028917, 0.9867781663350861, 0.13711597728801947
0.02224145967903043, 4.603376848208505, 0.9776275310028627, 0.11187361720183354
0.023906239595125525, 4.585621274247138, 0.9761130912321601, 0.10733744307127875
0.021242591729373376, 4.585570097366519, 0.9790346091174995, 0.10691740073669273
0.026037157887727244, 4.572945735692231, 0.974383240907104, 0.09886816887115014
0.02184191249916761, 4.528892534173043, 0.9782263392499541, 0.1260054033580222
0.017113937537457546, 4.561779698209755, 0.9830914213495138, 0.11775013356533934
0.023706466005194115, 4.568308514618973, 0.9765883940870662, 0.10514325709835964
0.015116201638143437, 4.578056843563236, 0.9853581688315873, 0.12237038165347534
0.013984151295198775, 4.594485053386131, 0.9864916216639219, 0.1254939840775037
0.011653459412665646, 4.617312095180653, 0.9886409725340751, 0.1350929638424275
0.019244855830059266, 4.594594902781725, 0.9806970089145912, 0.09795980747034833
0.012585736165678898, 4.563002842866748, 0.9874595749925074, 0.1224142261237298
0.011520277019378038, 4.578719273192703, 0.9888060033706033, 0.13867522904592644
0.021176000532729573, 4.599179485138401, 0.9787799533061193, 0.10705987186485112
0.01931144702670307, 4.649632188874856, 0.9806981048386434, 0.1112111045772279
0.020976226942798163, 4.588443369445323, 0.9795550139547333, 0.09997941797036246
0.022641006858893253, 4.663351510997903, 0.9772797079380084, 0.09542127955022056
0.021508956515948592, 4.596202592728434, 0.9781320791325679, 0.1001700478024654
0.01751348471732037, 4.553455602093115, 0.982405424697928, 0.12852112201518875
0.017047346340813743, 4.547623075324051, 0.9827624580991032, 0.12542873606302807
0.01764666711060798, 4.626015713872641, 0.9824086567953039, 0.10903489470738079
0.01751348471732037, 4.559021089765563, 0.9827768639225991, 0.11313509641506846
0.017713258307251782, 4.573824274688394, 0.982155145309832, 0.11493307494814971
0.019244855830059266, 4.5988585026673645, 0.981197237695362, 0.10955775518617861
0.016581207964307117, 4.559491234977688, 0.983560191635524, 0.11532238073998342
0.01678098155423853, 4.570477279356478, 0.9834319749211312, 0.12032407330202599
0.02110940933608577, 4.572454126377973, 0.9791829935902683, 0.1064116374123163
0.01012186188985816, 4.600369892227052, 0.9899250779113098, 0.14644912429521934
0.014450289671705401, 4.621276811808159, 0.9856785390482333, 0.1351125723496339
0.01391756009855497, 4.6159888512841984, 0.9859858323623085, 0.1287854051508293
0.01784644070053939, 4.609257504253688, 0.9826930189439622, 0.11034726511392831
0.013784377705267364, 4.586598924610295, 0.9862886666949126, 0.1137731743966245
0.019577811813278286, 4.625364071997216, 0.980577821090082, 0.10106752470783553
0.019178264633415463, 4.585503816938022, 0.9817009896099879, 0.11464702516828248
0.02457215156156356, 4.6656523947630975, 0.9757105448291089, 0.0948061297890638
0.01678098155423853, 4.599319404551372, 0.9839397750340295, 0.1192610235174999
0.015648931211293866, 4.574373927693984, 0.9838372499729202, 0.12694439467507704
0.02144236531930479, 4.559908397665923, 0.9787512164066786, 0.10968095878224751
0.01844576147033362, 4.568039351601317, 0.9819735027430727, 0.11495653249832126
0.01678098155423853, 4.5839143911372995, 0.9834049099456597, 0.11716164958264001
0.01351801291869215, 4.642190908729979, 0.9859497447572302, 0.12298054862277848
0.022308050875674237, 4.593527508486902, 0.9777778805756947, 0.11302369555545975
0.020310314976360124, 4.5839834103390915, 0.9801675460447532, 0.12145304607690433
0.02024372377971632, 4.581575370528706, 0.9803116628246289, 0.11731214188903215
0.01191982419924086, 4.666310548067902, 0.9867653462511282, 0.13299918287786047
0.019244855830059266, 4.587136849126939, 0.980801195150115, 0.10945179792621378
0.016914163947526137, 4.625303984053516, 0.9824419961452847, 0.12059019339738646
0.014317107278417793, 4.635208590970405, 0.9858756633945747, 0.13049499144767257
0.014450289671705401, 4.670748058454233, 0.9856604828695811, 0.12056236738033295
0.014516880868349204, 4.762800729154882, 0.9855252357818408, 0.13074876817083603
0.02170873010588, 4.61742219861738, 0.9784795583374494, 0.12539585016917346
0.02004395018978491, 4.5892556311406745, 0.9802618824680635, 0.11089248848122252
0.020443497369647734, 4.5852779598760645, 0.9800595669866907, 0.11348275531061239
0.015715522407937672, 4.571485331906787, 0.9840075883522458, 0.1156044309218195
0.012918692148897916, 4.5704283000801, 0.9866834295534883, 0.12663511246870768
0.011586868216021841, 4.62425878662843, 0.9884692857430983, 0.13188515832016548
0.01844576147033362, 4.562990912919896, 0.9813944842386928, 0.1098451964238515
0.012718918558966504, 4.575275594356049, 0.987452660484356, 0.1278141657991356
