acuracia,loss,frr,fpr
0.05593926593983675, 2.3128284007230913
0.0997773845539129, 2.325379944411075, 0.9036240526423596, 0.446548736321436
0.12466464980877905, 2.304975934684314, 0.8866951322235971, 0.4106187439933992
0.277698498772761, 2.124918236306993, 0.7462864873325726, 0.23796691608447762
0.3285004851875107, 2.0113605510653327, 0.6942901761426578, 0.24321441684288458
0.4706889662651978, 1.6033102820058944, 0.5354363945783668, 0.15189869907952036
0.5063074376391347, 1.4473071388049283, 0.5023361823634349, 0.16564809973391842
0.43507049489126093, 1.415454553987237, 0.5732453525189453, 0.1964434070194156
0.4634967749300759, 1.3282977380404986, 0.5450444341607913, 0.1809340955705905
0.4339859581026314, 1.7274222666867312, 0.5625199191650327, 0.19831138334531115
0.5478052400251155, 1.3201470503578128, 0.44559997252838524, 0.1536407700109109
0.5726925052799817, 1.1099575122603476, 0.41527220186008246, 0.12846810675133832
0.626063131457275, 1.0168451786239443, 0.362688647727939, 0.11345066383745378
0.6288600947542667, 0.9969187512588941, 0.3503792530684931, 0.106242402557463
0.5947257263542439, 1.2164891618070846, 0.39111933241920455, 0.13147377262873736
0.6216679034191449, 1.0124600966213753, 0.3654495766710362, 0.11418937100393592
0.5796563730806553, 1.0997903966664122, 0.4114848891999724, 0.12924358232058858
0.6173297562646269, 1.0657459770681912, 0.36628725579366433, 0.11902617379606217
0.6608824704606427, 0.8907938511818544, 0.32059333052263356, 0.10483828414407977
0.5613334094411782, 1.0648088411948238, 0.4289033416704507, 0.13187314348637577
0.6127062046920486, 1.0448887843612715, 0.3695693717317923, 0.1167149120811514
0.6650493749643245, 0.9375359318039176, 0.3104900137573782, 0.09915173464636345
0.6664763970546264, 0.9977586390278887, 0.31059919970037664, 0.1063470176379166
0.6139049032479023, 1.1293828638436465, 0.37369893499123125, 0.127052495784572
0.6273759917803527, 1.0350099763608596, 0.36634271945675095, 0.12388012617961587
0.6633369484559621, 0.8358343046410959, 0.323796920973494, 0.10657603310481582
0.7327473029282493, 0.7568992397185653, 0.2572658963253375, 0.08425388370822598
0.651578286431874, 0.8525229406316239, 0.345762402991243, 0.12708707436801955
0.6397625435241737, 0.9707008002804233, 0.3579002578256858, 0.12726932706605876
0.6555739482847195, 0.9700581052371028, 0.332502798432505, 0.11335818999134738
0.6888521034305611, 0.8527440245391555, 0.2857016564361902, 0.1062294327135229
0.7193332952794109, 0.7910906623658776, 0.278983656679339, 0.09261856703768116
0.6722986471830584, 0.8644958049469528, 0.3098560079233941, 0.09901048098064713
0.682915691534905, 0.8513018433164632, 0.28900363892389364, 0.09871646518017017
0.6907928534733717, 0.8601782741077719, 0.290238532950411, 0.1003478133330211
0.6747531251783777, 0.9387314083972534, 0.3083751900957457, 0.10580278655838991
0.648667161367658, 1.0202098702319984, 0.3340942357966774, 0.11152985383934842
0.6739539928078087, 0.9212400698874917, 0.3083656616917357, 0.10386512660697127
0.6692733603516182, 0.916970449994154, 0.3123337147794924, 0.0993556259673562
0.6628232205034534, 0.846533676597356, 0.33031201243683744, 0.11107200127139567
0.6468976539756836, 0.8331556351741846, 0.3552445656321923, 0.13753738499018048
0.6439294480278555, 0.8861514351432793, 0.355025281868339, 0.11985258029606037
0.6820023973971117, 0.9238306772757737, 0.29786176470778186, 0.10941110121780132
0.7027798390319082, 0.759405566938466, 0.2793519101121472, 0.0969090579768134
0.6262914549917232, 0.933821640131216, 0.3755885988077259, 0.12579020414482694
0.5370169530224328, 1.1253082728737127, 0.4517293673808321, 0.15745614345939696
0.7196186996974713, 0.7343034278588649, 0.2820380511504054, 0.0996637460931522
0.6914778240767168, 0.8180479431645334, 0.284863499909724, 0.10441864289879656
0.6901078828700268, 0.7868289689656904, 0.294755597683496, 0.10076111065252158
0.6721844854158342, 0.7995215457916681, 0.32089397479147663, 0.12115843004546041
0.6524915805696673, 0.9238225050948675, 0.34578098239538924, 0.12648259452692984
0.6171014327301787, 0.9458661351364366, 0.37765782594206604, 0.11730136643727126
0.6820023973971117, 0.8135832133279509, 0.29850692432615167, 0.10143662034282995
0.6641931617101433, 0.9167171894890829, 0.3251733160493106, 0.10654167011092308
0.6207546092813516, 1.0488431313568234, 0.37923892337585924, 0.12494066525647102
0.6588275586506079, 0.8591185912768825, 0.3358690116368627, 0.12100608217435635
0.6961013756492951, 0.7856111686260865, 0.297372006186598, 0.10117948072487369
0.7067184200011416, 0.7571121334338619, 0.27525086531362714, 0.09947327702107696
0.6929619270506308, 0.9335891209390234, 0.2881139326710776, 0.10547340316279115
0.7052913979108396, 0.7802634766724379, 0.27548843685186963, 0.09839187204011222
0.6890804269650094, 0.8085174515003475, 0.29934575602397023, 0.10058773496480565
0.655288543866659, 0.8785338417207187, 0.33617877713655525, 0.11338677281292574
0.7051201552600034, 0.7998981156937187, 0.28250764816759216, 0.0969737009260484
0.7554654946058565, 0.6481925592907755, 0.23710378248513841, 0.08146166235095198
0.6896512358011302, 0.8311704562305596, 0.30060106996593283, 0.10019940518933025
0.6897653975683543, 0.8478652888464718, 0.29993175193919963, 0.11125588101633405
0.6879388092927678, 0.8615179501478263, 0.29607145517805533, 0.10473914077631832
0.6998116330840801, 0.7936642686838282, 0.28472222139499864, 0.10147747711943005
0.6911924196586563, 0.7839222147158555, 0.28331560242061243, 0.10026121400966596
0.6829727724185171, 0.783996909556013, 0.3039835951655289, 0.11036277981705486
0.6511787202465894, 0.9115606651213645, 0.33237281612380376, 0.11315733638826267
0.688795022546949, 0.7848333612049728, 0.2976227130866896, 0.10395506116914112
0.6990125007135111, 0.9101069704536715, 0.27665127100849896, 0.10016219961727243
0.7140247731034877, 0.7529273189938823, 0.2675243319545944, 0.09716224605773681
0.7267538101489811, 0.6920692843898414, 0.2525844596087763, 0.0905259668809724
0.6735544266225241, 0.8646236154788967, 0.3179675785779594, 0.10985846340351633
0.767566641931617, 0.6379558147146784, 0.23095615671971795, 0.0795506285100625
0.7333181117643701, 0.667462855772489, 0.24701787437742112, 0.08942056444037498
0.7143672584051601, 0.717747865413372, 0.2602962046441258, 0.09503349616430425
0.6729265369027913, 0.8506875378829445, 0.3139638322253784, 0.10506055063186402
0.6895941549175181, 0.8749020732705336, 0.2928160544777886, 0.09827450037652241
0.7045493464238827, 0.8033501782859077, 0.2775121219702874, 0.0948584271364666
0.7082596038586677, 0.7411819798287522, 0.27012818251868737, 0.10149916454399914
0.73468805297106, 0.7016384824550055, 0.2521690952708911, 0.08888471795528258
0.7217877732747303, 0.7266158093597982, 0.26648700823406635, 0.09708272803004057
0.7048918317255551, 0.8271171360964931, 0.275590770089743, 0.10330874604358867
0.7339460014841029, 0.6988600086704068, 0.24014597377914942, 0.0874718953099405
0.699697471316856, 0.8224281747188537, 0.2802424869274824, 0.10110055292986644
0.7315486043723957, 0.6953951504751652, 0.2518682473265311, 0.09305313537053321
0.720075346766368, 0.7646284688913583, 0.26088434832847257, 0.08829004125308641
0.69678634625264, 0.9324668330410522, 0.2840804256462264, 0.11003891386914726
0.7066042582339175, 0.7686730864650407, 0.27183111518555875, 0.1013812443157913
0.7036360522860894, 0.8845295380721641, 0.2740537268275833, 0.10478693337862893
0.7136822878018152, 0.7856169444459985, 0.26800007258831704, 0.09677875638906688
0.7365146412466465, 0.6545050342159682, 0.24802012996704398, 0.09118676920804734
0.699697471316856, 0.7466855827722033, 0.28958706814236246, 0.09939048652965597
0.7174496261202123, 0.706188924285351, 0.27332418385688084, 0.10382142046522519
0.7059763685141845, 0.7748384829007146, 0.28169711590939217, 0.09951216679262302
0.7490153547576917, 0.6549224730016637, 0.24002362280224512, 0.08806343152398789
0.6848564415777156, 0.8361196768804153, 0.3014226042603343, 0.11099123067554492
0.6945031109081569, 0.7920881643553379, 0.2907007043586703, 0.10084524511067075
0.11147896569438895, 2.2987164018279214, 0.9070881546868119, 0.4112916619967056
0.1010902448769907, 2.4447722670639873, 0.9164179534451276, 0.41959838006686323
0.20920143843826702, 2.2893041761112416, 0.8066926415221115, 0.24557563244217856
0.19316171014327302, 2.2424576024812093, 0.8128086005726854, 0.3017566606944779
0.37416519207717336, 1.6994877714746461, 0.6418623777320361, 0.20967667098433754
0.42633711969861293, 1.7424218075552895, 0.5984152177167552, 0.21158865947916822
0.508019864147497, 1.364251081552181, 0.508959411156625, 0.15236569728675153
0.5132713054398083, 1.3701176946226052, 0.49294050330386485, 0.1436896358767646
0.518979393801016, 1.3821356159018383, 0.49296308678631817, 0.14724575850076194
0.48884068725383867, 1.6171666261935607, 0.5097570037961874, 0.1585415381249017
0.5290256293167418, 1.3655302957454356, 0.4786593718578136, 0.149172258291479
0.5322792396826302, 1.2383252421913478, 0.47149239129153586, 0.1511336359685793
0.5405559678063816, 1.2478524982624406, 0.4692505540238601, 0.14617253630152882
0.5632741594839888, 1.1650300171002776, 0.4282291737793266, 0.13506152382039935
0.5950682116559164, 1.3193531373762497, 0.3939366189271994, 0.1255841989480791
0.6273759917803527, 1.1249677361909312, 0.38705270464820984, 0.11939380787191144
0.5325075632170786, 1.441375671113137, 0.47597639032171174, 0.15815735103045458
0.6040299103830127, 1.191966033159464, 0.39545018675068455, 0.11291194735212023
0.6664193161710144, 1.0371766082225453, 0.33854809304279593, 0.1050944767670781
0.6342256978138021, 1.1202796073671386, 0.34998357189178564, 0.11745696239884598
0.5665277698498773, 1.1986941058153113, 0.4332891220557746, 0.13133512089384355
0.6458701980706661, 0.8721927495304257, 0.34955579396749165, 0.11419012173289378
0.711399052457332, 0.8000614210135856, 0.2772232477152478, 0.09118331851120576
0.6333124036760089, 0.9338241068053995, 0.3651776224289808, 0.11593248424063972
0.6378217934813631, 0.9619056789678778, 0.3698501557328032, 0.10671742123734818
0.5792568068953707, 1.0436638243745422, 0.4290504052490551, 0.1426538372616596
0.6754951766653348, 0.8859710066049642, 0.33303301648129013, 0.10501171909983707
0.6854272504138365, 0.8954408695745659, 0.3122963710681982, 0.104242112046169
0.6828586106512928, 0.8239323219462078, 0.3076444792903537, 0.1046938692612145
0.6471830583937439, 0.8782467265945485, 0.3510694571815198, 0.12299873944542383
0.6429590730064502, 0.9957892225496253, 0.3502646976315419, 0.11104250716604624
0.59626691021177, 0.9611088148605113, 0.4014216708218166, 0.12586023353166323
0.6681888235629888, 0.881528468610382, 0.3323598861249512, 0.11295889395861793
0.6891945887322336, 0.8107762343673348, 0.30192047891361784, 0.0995399700160859
0.6499800216907358, 0.8982337579266207, 0.33339268055850285, 0.1094083951448334
0.6447285803984246, 0.9835163124993699, 0.3446437267644562, 0.11279816687196025
0.5842799246532336, 1.0316703551720978, 0.41256630309519265, 0.12915093004230718
0.6797762429362406, 0.8019219476847342, 0.30958171122942024, 0.10613874734615095
0.6437011244934071, 0.9244372685375839, 0.34804169252448747, 0.11881408230728349
0.5639020492037217, 1.2315347480564376, 0.43773462455804035, 0.1460577827410752
0.5856498658599235, 1.0915871836780824, 0.4134291176811901, 0.14061231479603495
0.6896512358011302, 0.854749897729723, 0.3110783358807809, 0.1058383002156856
0.7313202808379474, 0.762040966168469, 0.2808128425047112, 0.09716132603778575
0.717221302585764, 0.8199296637702022, 0.27607824505919126, 0.0978303413815568
0.6599691763228495, 0.9030367600036389, 0.33348947219145275, 0.11717007101214337
0.6977567212740453, 0.802391629864808, 0.31640081233893264, 0.10067923162836301
0.6173297562646269, 0.9559131110575797, 0.3856272679819491, 0.1316725867507712
0.5807409098692847, 1.0702288207294537, 0.4211262650419369, 0.14102825916473954
0.5934128660311662, 0.9151724867126244, 0.4157961576973615, 0.13827878174563485
0.6628232205034534, 0.9232890004593765, 0.3317906427493789, 0.11321471860063355
0.6772646840573092, 0.8618702274899019, 0.33339366993992625, 0.10873742126506525
0.6294309035903876, 0.931107130533755, 0.36802616585968856, 0.11847099439653791
0.6271476682459044, 0.8750455845878863, 0.3748947160189378, 0.13523070797067052
0.6753239340144985, 0.8120201656088876, 0.3411100449810403, 0.10763078458582763
0.7056338832125121, 0.7509658500401653, 0.2921305955740714, 0.09651698659348329
0.7442776414178891, 0.6735482538198221, 0.25593178772606623, 0.0858714748938646
0.7249272218733946, 0.7160660810333617, 0.29072430942939986, 0.10232859586485661
0.606370226611108, 0.9378461193341338, 0.395155759324457, 0.12819982261602894
0.7000399566185285, 0.7693772787350815, 0.3062170943872348, 0.09990275279662461
0.6853701695302243, 0.7869189115229753, 0.314156651728036, 0.10119928136517727
0.752953935726925, 0.6656889293113812, 0.23995157866102992, 0.0835180188463395
0.7246988983389463, 0.7768617112286178, 0.2722500885751711, 0.0877577066925206
0.6940464638392603, 0.7645055186837887, 0.3090885286496613, 0.10057028308392074
0.7044351846566584, 0.7531941064530935, 0.29744120770710203, 0.10460469132239371
0.6433015583081226, 0.8949793058788991, 0.3565684643720901, 0.11738712693865082
0.6418174553342085, 0.9437437153247666, 0.36265245525743695, 0.11360065818177603
0.7028369199155203, 0.8173024021876919, 0.27649338491688247, 0.09488089875805342
0.7153947143101775, 0.7504533017271761, 0.2762002879891339, 0.0919030820768572
0.6540898453108054, 0.8462316994265303, 0.34691935183627515, 0.11927895943404061
0.6369084993435699, 0.8395603950884375, 0.3794727802083328, 0.12419179426764933
0.6693875221188424, 0.8321766260483888, 0.3278587651264192, 0.1124998159968878
0.6483246760659855, 0.9181578600979272, 0.35351383131475506, 0.11721618883847099
0.7413094354700611, 0.7406909493823832, 0.2524306948058251, 0.08695914699447234
0.7007249272218734, 0.7622659654805933, 0.3105570535171549, 0.1006281788368567
0.6827444488840687, 0.8218158886539558, 0.3068328062650588, 0.09672194556808632
0.7518123180546835, 0.6775943651405274, 0.25073749750905105, 0.08313752867071683
0.7319481705576802, 0.6925771581147414, 0.26547034041446027, 0.09040066785325321
0.7374850162680519, 0.7450472490932024, 0.27258946510853344, 0.09712363803015375
0.6801758091215252, 0.7822825083865743, 0.3116519593534055, 0.11124482469382312
0.6476967863462526, 0.8312558496223098, 0.356429100604394, 0.12585921832840216
0.7112848906901079, 0.780847726926483, 0.28170823303867837, 0.09636810442507178
0.7643701124493407, 0.6355008830861189, 0.23928735707914228, 0.0832568727854584
0.7487870312232433, 0.6646394830431827, 0.24558025962650012, 0.08744852907627193
0.7588332667389691, 0.6191333448551853, 0.23313507575902437, 0.08172009892098049
0.7724185170386437, 0.621256140569755, 0.2249906890915138, 0.08040467266328548
0.7576916490667276, 0.6391211977246185, 0.23764787772056617, 0.0831923203876226
0.6850276842285519, 0.7679677222526521, 0.31508794328341677, 0.1133835036324912
0.6519778526171585, 0.8856187063772154, 0.3393406003783461, 0.11533336752571359
0.5846794908385182, 0.9477137987909077, 0.42369867803047256, 0.133102331354298
0.6869113533877504, 0.8214481409894929, 0.3310129444959554, 0.10636043650247906
0.6783492208459387, 0.823865469260025, 0.3236299602393381, 0.10637765357558475
0.6688167132827216, 0.8445624851442696, 0.33642451126005907, 0.10916400142735458
0.5703521890518866, 0.9849498707383287, 0.44277801905066505, 0.154448969222482
0.7632855756607112, 0.6487848653843846, 0.24098590133353187, 0.08330606482126963
0.7225298247616873, 0.7059755885437486, 0.29043603675004925, 0.09468644836751748
0.6990125007135111, 0.773507407477242, 0.30218465193653865, 0.09802504460614181
0.6414749700325361, 0.983397942997546, 0.3496764120683916, 0.1193093796346605
0.7241280895028255, 0.7186810272336637, 0.29089997028134806, 0.09764422475388415
0.6982133683429419, 0.7483113388874275, 0.30410326765616597, 0.10374950952682938
0.6583138306980992, 0.9228398822995302, 0.33685568243798253, 0.11809978472416677
0.7236143615503168, 0.7234108773317305, 0.2633635395023197, 0.09321748482407342
0.10657000970375022, 2.3082769957366644, 0.8876011787321073, 0.2570023032650881
0.17620868771048576, 2.437379223216144, 0.8346909389200151, 0.26604624785328546
0.25766310862492153, 2.2029315252895803, 0.7539429924478357, 0.2449532618407525
0.3929448027855471, 1.746986485788475, 0.6240887688536989, 0.18274630534572936
0.29128374907243565, 1.8255019891230753, 0.7005755535263638, 0.255096362191025
0.5036246361093669, 1.592790334753348, 0.49962832885173275, 0.15381404530727893
0.5066499229408071, 1.2373231643013138, 0.45388133862003116, 0.1457941249461857
0.5275986072264399, 1.2775700235330758, 0.49081788726052805, 0.15101829289213015
0.6205262857469034, 1.0791593971294084, 0.3816814970515196, 0.12054396547037738
0.5443233061247789, 1.190447748931552, 0.42024882841201283, 0.13218337454936196
0.5749757406244649, 1.110275425293741, 0.445697189508877, 0.136478510886934
0.5680118728237913, 1.1481842290576265, 0.43205606111858985, 0.13977271878724318
0.5870198070666134, 1.055616617690349, 0.42265955820467577, 0.1407019449155371
0.5836520349335008, 1.1052269299180584, 0.40557273332809674, 0.14512886558682694
0.6878817284091557, 0.8826314334428721, 0.29374250172190486, 0.09691775914701906
0.6708716250927564, 1.175600370752314, 0.30697360614280206, 0.10813274655077397
0.5508305268565558, 1.2202388855568438, 0.461573956341904, 0.14593028148648898
0.33603516182430504, 1.4108564968864294, 0.6215490812553296, 0.21153496217825787
0.5708659170043953, 1.0890140395092252, 0.4259883464087857, 0.1415392162676896
0.5924424910097609, 1.1999439113460875, 0.40517321528369904, 0.13655137200792244
0.42839203150864774, 1.54520529738245, 0.5693847633302894, 0.20887538944222894
0.4493977966778926, 1.5234317918247955, 0.5737119257337157, 0.17312354180661402
0.5216051144471716, 1.2772352712672148, 0.47538780444233125, 0.16072567228930976
0.5920429248244763, 1.025519137530864, 0.4053288773785002, 0.12860442734918118
0.5859352702779839, 0.9898332586865276, 0.417468400770477, 0.12895912751127842
0.6366801758091215, 1.020601646734928, 0.3744445751261844, 0.12211035472934796
0.6306296021462412, 0.9836659580876342, 0.3629286340041552, 0.12453669999919213
0.631885381585707, 0.8784252851430632, 0.3766693685824, 0.12514048935673772
0.6393629773388892, 0.9402331289245669, 0.3491058922719759, 0.11603016784123042
0.5806838289856727, 1.095090800079632, 0.42698205763424196, 0.14820736478365762
0.5691534904960329, 1.0391914616242954, 0.4491470809616031, 0.15325019878215232
0.6709287059763686, 0.8575527165227016, 0.3380647909905774, 0.10653071164558182
0.6159027341743251, 1.0651705655504242, 0.37638227209822384, 0.13506497119160266
0.6462126833723386, 0.8579693996451735, 0.3414354184593077, 0.11683266281824026
0.6950168388606656, 0.8227012646778192, 0.28906797084564523, 0.09487585955015546
0.5967806381642787, 0.940427895430166, 0.399864570967724, 0.14376509212930297
0.6248073520178092, 0.9858961638860178, 0.36309124252739006, 0.12398859881100792
0.6171585136137907, 1.051472350402138, 0.3870501200393741, 0.13046305259917648
0.5399851589702609, 1.1662983061209158, 0.46814758550867697, 0.15812122037757637
0.7021519493121754, 0.8808992949465232, 0.29014279437161344, 0.08982970096284965
0.6322278668873794, 0.9403035209721368, 0.39726150847927194, 0.12438190338606889
0.7023231919630116, 0.7912332857684398, 0.30883202554711336, 0.09715143966837622
0.6378788743649751, 0.9284418292724885, 0.3552549455872508, 0.11106198965160113
0.6613961984131514, 0.9197079843963072, 0.3428604834889108, 0.10952932520702154
0.5616188138592385, 1.0664429335912733, 0.438540147722982, 0.14260196823650242
0.6133911752953936, 1.218976859336942, 0.38403287889001475, 0.13623274408076957
0.5520863062960215, 1.154843243980552, 0.42331029917373364, 0.14121769788819447
0.48552999600433816, 1.460379573034433, 0.5191341819954277, 0.1648384460220584
0.5219475997488441, 1.346354637807477, 0.4947317421627249, 0.1514085236378238
0.4914664078999943, 1.3188128824408445, 0.503212896037429, 0.1656555865678201
0.6366801758091215, 0.9710696162645849, 0.3791278025705378, 0.11480694772660723
0.49951481248929736, 1.2952498034101227, 0.5249689150786405, 0.17451990875888204
0.6292596609395513, 0.9930026070265044, 0.37204542131950097, 0.12678587206510955
0.6258918888064388, 0.9323612428668719, 0.3801652402347683, 0.11809091816347589
0.5158399452023518, 1.319577694902056, 0.48861899196631325, 0.18038518366375988
0.6098521605114448, 0.9822015592389179, 0.3876760730851568, 0.13141506426322153
0.6296592271248359, 0.8914368001329391, 0.389607202975925, 0.11679755915278896
0.6933044123523032, 0.8291463291176725, 0.31255856104698787, 0.10038772116210615
0.7152234716593413, 0.7833722590151082, 0.276643977124286, 0.08983449425994307
0.5564244534505394, 1.1699922146744837, 0.4516718547064859, 0.15285610958463067
0.5389006221816314, 1.2390888950469743, 0.46735760050765035, 0.15330647102588016
0.7181916776071694, 0.8036452376521493, 0.28632285703834126, 0.09405162971088243
0.6533477938238484, 0.9582836048213365, 0.3587380642996036, 0.11818255192818043
0.6432444774245105, 0.9448499620149824, 0.36313704270906283, 0.12104345689189958
0.6161881385923854, 0.9979806972642165, 0.38322243552763957, 0.1297876966125246
0.70997203036703, 0.8183071680611107, 0.2758444845753542, 0.09599333740637116
0.6725840516011188, 0.842658036300529, 0.31235027062881987, 0.10638330424777796
0.7079171185569952, 0.7674202762914791, 0.2964177370940096, 0.09436759419130893
0.6470118157429077, 0.8155456445457325, 0.372061405555366, 0.12145957092525095
0.6863976254352417, 0.7853657648711482, 0.31699524995874717, 0.10364679257437688
0.5822250128431988, 1.019912973595772, 0.43131775391783855, 0.1592922491933518
0.6990125007135111, 0.770739475476725, 0.3085167630533879, 0.09862048632477505
0.5878189394371824, 1.0154460355557804, 0.4182458099834849, 0.1461512047278822
0.6644785661282037, 0.8375405036738045, 0.3303061018214883, 0.12423527327744836
0.689479993150294, 1.0953169534573701, 0.2900913162508349, 0.09540497198302945
0.6418174553342085, 0.9504225426877945, 0.3496615703564227, 0.1150996972160341
0.6236086534619556, 1.0735816673041392, 0.38000104354938335, 0.1109029675298364
0.5380444089274502, 1.0814752583609126, 0.450507150666164, 0.13570960587456618
0.7052913979108396, 0.8105283910876961, 0.2838736769672352, 0.09347419573276947
0.6148752782693077, 1.075245629564343, 0.3824874278135567, 0.12635705751564225
0.6284034476853702, 0.9600284874632319, 0.38109668706579725, 0.12405281649967771
0.6067127119127804, 0.8782428244230999, 0.40883700447399085, 0.13455871165943206
0.6929619270506308, 0.8012004152360953, 0.3188206602307171, 0.10066821082626211
0.6691591985843941, 0.8323949592084763, 0.3288917665011567, 0.10929888281181611
0.5727495861635938, 1.0628447948935702, 0.43571395031973503, 0.13848926441504802
0.5368457103715966, 1.148314260745724, 0.4818946108010335, 0.16323509947486683
0.6882812945944403, 0.7959386222480211, 0.3268738990955754, 0.10391760230382291
0.6943889491409327, 0.7838723102433611, 0.29780267314468895, 0.10413726870459997
0.7163650893315828, 0.7849765940780867, 0.29473284834444446, 0.09238888473158528
0.6571151321422456, 0.8989434738974287, 0.36637671171154174, 0.11205042276321231
0.6626519778526172, 0.9699648474565333, 0.3598796081164074, 0.1165979514043702
0.6886237798961128, 0.793895616723397, 0.3318905839064212, 0.1049600194406707
0.5935841086820024, 0.9296479312117794, 0.4225564910135327, 0.14233655504640053
0.47114561333409444, 1.1589021538754523, 0.534574129325653, 0.16155451929714026
0.6792054341001199, 0.8939952024836689, 0.33923600800401027, 0.10581329843414339
0.5864489982304926, 1.0019029544227196, 0.4181414435452805, 0.13729660123818296
0.6121353958559278, 1.375950972377536, 0.35581996652239006, 0.11857531311693202
0.38649466293738227, 1.5766351075103087, 0.6134768018767499, 0.2028509067460997
0.599120954392374, 1.0687200071512242, 0.41539926399208305, 0.1312486390056538
0.5636166447856613, 1.0899937739584606, 0.43188414814540316, 0.1416867426662826
0.5640162109709458, 1.1505321631645788, 0.444796401049273, 0.16012877436210052
0.12911695873052115, 2.299389396929647, 0.855530753018661, 0.23930615133847394
0.27969632969918373, 2.1754923633288232, 0.7024276897365325, 0.2060839568998983
0.27102003539014785, 2.229765681284422, 0.7640460985905851, 0.2425238726129636
0.2790113590958388, 2.1790202556186373, 0.7433184315038305, 0.2353677354279897
0.30949255094468864, 1.9218220704477178, 0.7134257980695452, 0.25226663320417736
0.3801016039728295, 1.5225239473301646, 0.5914484728588875, 0.19393776617210076
0.4559050174096695, 1.5074019246077666, 0.5519625376595695, 0.1798531684919638
0.5480335635595639, 1.3768579370499923, 0.44069096305039623, 0.14525594371691342
0.5822250128431988, 1.1336927920523772, 0.4308492835663199, 0.13592398214754076
0.5329071294023632, 1.196498071000714, 0.4751230304089077, 0.15746312298014298
0.5478623209087277, 1.0963814206156848, 0.45279033338204305, 0.1486367340446901
0.6088817854900394, 1.0015596122460142, 0.3901420115695109, 0.12844764486185523
0.6274330726639649, 1.0537278753428303, 0.35850143882867597, 0.12162929062515428
0.6671042867743593, 0.9295021833476512, 0.3153641292569739, 0.10147711635287097
0.6179576459843599, 0.9689801483708461, 0.37585983709689386, 0.12553886490346414
0.6117929105542553, 1.0159704712510271, 0.375947966141779, 0.12567795955786012
0.6053427707060905, 1.0964383166057436, 0.3834683055474132, 0.1424715230859404
0.6485529996004338, 0.9771287684861844, 0.36243753418581276, 0.11914456202787153
0.6513499628974256, 0.9880484579228503, 0.327742339788753, 0.11263076731331367
0.5474627547234431, 1.1660247435106577, 0.4563396591951568, 0.14633370062348064
0.5899309321308294, 1.0477321264032868, 0.42308237763313505, 0.1364050179786092
0.7079171185569952, 0.8361600313027431, 0.30737505914345475, 0.10309891931379711
0.6088817854900394, 1.0898778982037884, 0.40489976417476753, 0.13703869613209865
0.5982647411381928, 0.988459381796997, 0.42243142835238645, 0.13673085356584308
0.700439522803813, 0.8109228540342904, 0.3087456779132059, 0.10207390254058582
0.7028369199155203, 0.7921582700453843, 0.2861666346075084, 0.09873614369422151
0.6133340944117815, 0.9675291302760691, 0.3854744738012183, 0.12769252056438052
0.6189851018893773, 1.0570817457300334, 0.3517551700568808, 0.11817199539688313
0.7030652434499686, 0.789173413036585, 0.3069757078631352, 0.09806716520324951
0.6883954563616644, 0.8491141963891532, 0.2976658411318628, 0.10801947278040214
0.7092870597636851, 0.8040631114675691, 0.29447831118667905, 0.0920057698093415
0.596894799931503, 1.0359571602991111, 0.39334244608526275, 0.13625586366309514
0.6841714709743707, 0.8943160672899115, 0.3026657262692367, 0.10619533168690261
0.6818311547462754, 0.8132847865191388, 0.3323379902933948, 0.10820987217862593
0.6915349049603288, 0.8631577966640939, 0.30948095011202825, 0.10551674334422233
0.6760089046178435, 0.8749335099610741, 0.3255123244313383, 0.10382950739271424
0.6432444774245105, 0.8706006479541778, 0.35490849689631915, 0.1183931565971702
0.6417603744505965, 0.851858235675721, 0.359837779494549, 0.11865082830576892
0.7530110166105372, 0.7104051132927474, 0.24929031461743936, 0.08662629373607779
0.7203036703008162, 0.7920359956381391, 0.2583156367019008, 0.09148012642295247
0.7203607511844283, 0.7505230604873165, 0.2608299651822621, 0.09374581332209622
0.6809178606084823, 0.767813237611752, 0.3149549589100404, 0.11947036431094318
0.6772646840573092, 0.8708983346481, 0.3252816817848933, 0.11010073174627116
0.6404475141275187, 0.9131361923025015, 0.3528471521470926, 0.12051523234322864
0.7003253610365888, 0.8411266564538968, 0.30179721875369486, 0.10011925602658966
0.7207603173697129, 0.7846685724069092, 0.2801456200771003, 0.0895957251733801
0.70118157429077, 0.7923577188888634, 0.29283794161742827, 0.10159924560741151
0.7397111707289229, 0.7225757915023708, 0.26549403097489, 0.08819978799291604
0.7414806781208974, 0.7459599707335555, 0.2613755451322117, 0.08730042716421485
0.7519264798219076, 0.6545080876455084, 0.24421255691712848, 0.08989139281539936
0.7334893544152064, 0.7265838228547571, 0.2611934191050849, 0.0924437893997805
0.7308065528854387, 0.7134140926620709, 0.25941830499412033, 0.092927986243344
0.7236714424339289, 0.7181936189754563, 0.270565761231274, 0.0913529817604156
0.755807979907529, 0.6480713367316272, 0.24056518252459433, 0.08443362554192398
0.7375420971516639, 0.6988150862698427, 0.26497397892294156, 0.09075599396001335
0.7382841486386209, 0.7109789240784818, 0.27838059448831853, 0.09154382937710136
0.6816028312118272, 0.8037133314596926, 0.3221548513220794, 0.11175743804009962
0.6101946458131172, 1.1187887930308025, 0.3955256968586842, 0.13895759088236884
0.6817169929790513, 0.7736452162012313, 0.31708795721182215, 0.10650671471736976
0.721559449740282, 0.7494289681955749, 0.26390182655077354, 0.09022391801583865
0.6476397054626406, 0.8215480633835445, 0.3672771672315449, 0.12618085438019486
0.6801187282379131, 0.8031411094386425, 0.31178847351686884, 0.11037733142671245
0.7648267595182373, 0.6131195658858356, 0.23112966513268732, 0.0831844528026841
0.6656201838004452, 0.9077072689564641, 0.32279431145403664, 0.1169325970223013
0.7090016553456248, 0.7508297800792986, 0.2899243244620917, 0.10090114336040068
0.7073463097208745, 0.709456645624355, 0.30690713607592934, 0.10659585870579397
0.7445059649523375, 0.790445814506177, 0.26231396128559703, 0.0906312690654529
0.7205319938352646, 0.9031156939951696, 0.26852246026739535, 0.0940533741971918
0.6936468976539757, 0.7358136680857968, 0.3008275514880328, 0.1207044134604519
0.7542097151663908, 0.6742009621322902, 0.24278368983955306, 0.08157564320875378
0.7399965751469832, 0.7059610897484083, 0.24337213415402523, 0.08588979570489524
0.7242993321536617, 0.7428154402347259, 0.26096763673621753, 0.09334116046224247
0.7407386266339403, 0.707059517873516, 0.266493054077306, 0.09054032751638273
0.6302871168445687, 0.8973156405528858, 0.3729675565220555, 0.12738107703540705
0.6817740738626634, 0.8315412786432507, 0.30988046017759857, 0.10468611674471492
0.7090016553456248, 0.7423466632809641, 0.3011332136921867, 0.10188936960883326
0.7120269421770649, 0.7156285741632044, 0.30107586946176, 0.09794293851454502
0.6952451623951139, 0.7588290475331139, 0.30903388868111625, 0.10483580508600204
0.7608310976653918, 0.6499327352607506, 0.2472957151721796, 0.08686005128946263
0.7235572806667048, 0.7423145479105465, 0.26273072451545326, 0.09333166180712897
0.7209315600205491, 0.7694820124835784, 0.28105055455772704, 0.0986484703018099
0.7372566927336035, 0.691529524220416, 0.2695216048433248, 0.09357825466307698
0.7596894799931503, 0.6852973065649077, 0.24510354269959808, 0.08724029324046001
0.6724128089502825, 0.795151698144255, 0.3326412076652452, 0.1218677911099438
0.7710485758319539, 0.6345605230356389, 0.23812505169308218, 0.08338804010175052
0.7246418174553342, 0.7172410385007224, 0.2678061722149223, 0.09603780240151312
0.7647125977510132, 0.6184294007447724, 0.23084278188848625, 0.07902761870482557
0.737599178035276, 0.7051989220184713, 0.2507757396532606, 0.08817776442133261
0.7383983104058451, 0.6951302842144877, 0.26405187016738174, 0.09128737604491452
0.748501626805183, 0.6599571784883407, 0.24130581569507734, 0.08417532323777349
0.7281808322392831, 0.6947661670061496, 0.2794559109866602, 0.09684983462117415
0.7629430903590387, 0.6194382835872256, 0.24193353294639505, 0.08374166473322972
0.7541526342827787, 0.6659918219812389, 0.25115769076417166, 0.0866218280870102
0.7487870312232433, 0.6649836826121427, 0.24992464657414312, 0.08809634041824901
0.7514127518693989, 0.6536933479408855, 0.23601789385335611, 0.0799982016293536
0.724470574804498, 0.6744403532015526, 0.2769645760838711, 0.0998705102825746
0.7344026485529996, 0.659880714850556, 0.26564136362130414, 0.100305977996066
0.7552371710714082, 0.6517901020434548, 0.2451091688825986, 0.0859868746514357
0.6817740738626634, 0.8481266301295263, 0.31504393484888493, 0.11697381242917222
0.7402248986814316, 0.6922108724140936, 0.2601152451497345, 0.09353866802010963
0.7647696786346253, 0.7159293335470397, 0.2426040485258818, 0.08380568119655456
0.03019578743078943, 2.3094591961323965, 0.9647831324701596, 0.2692867800730083
0.10103316399337861, 2.389169052478841, 0.916444763096602, 0.44368805751405865
0.20760317369712883, 2.232977130817383, 0.8034133405491553, 0.2827045578743532
0.11056567155659569, 2.096893869896268, 0.8996373247025353, 0.4198230309655843
0.3888349791654775, 1.976013447679173, 0.6358631885338984, 0.20231228656551387
0.36411895656144755, 1.887786700550984, 0.6411946152070679, 0.22213223197025628
0.5108739083281009, 1.4271491346431586, 0.47809720841434356, 0.16625659955130684
0.4688623779896113, 1.3522463335492267, 0.5294760855143321, 0.17586700818593523
0.42051486957018097, 1.3413116940501801, 0.5703528214356143, 0.1931215970148679
0.615160682687368, 1.190425377196016, 0.38812724651976, 0.1262621579351497
0.5617900565100747, 1.0516070093721623, 0.4674547891912376, 0.1277129843219323
0.677892573777042, 0.9135958994598148, 0.298977701700113, 0.10286474019717615
0.5681260345910155, 1.084252116558335, 0.45556247846621345, 0.1421284710911245
0.5217192762143958, 1.296101217414347, 0.48485795808702364, 0.16235489153244095
0.5785718362920258, 1.1812987116610907, 0.4208825604259853, 0.12746877207067212
0.5966093955134425, 0.995717062487113, 0.4067613416509985, 0.144382496165345
0.5507163650893315, 1.133741306807435, 0.44612180982929245, 0.14475687076734897
0.6270905873622924, 1.086212128588779, 0.36364512332501847, 0.12269100356474695
0.6847422798104915, 0.9916264778837188, 0.3104243966531607, 0.10991011754853984
0.6030024544779953, 1.0710909251432583, 0.4007564176668072, 0.13065748676048689
0.6718990809977738, 0.9407717604372718, 0.3378301336667912, 0.10622750845945145
0.590330498316114, 1.0684172261721727, 0.4140753509034005, 0.12731831651963477
0.5242308350933272, 1.4096203421780416, 0.48166582774535915, 0.16312349119154107
0.693875221188424, 0.8630750435448868, 0.30896885659066714, 0.103100014556319
0.6508362349449169, 1.0958687324444552, 0.3716343155408252, 0.1159376498790076
0.5835949540498887, 1.164823489276944, 0.43849755641063093, 0.1439916276881986
0.47257263542439637, 1.468507861116703, 0.5435865447333266, 0.18479795566071366
0.6051144471716422, 1.0024631768762742, 0.4183315480525821, 0.13932563784590088
0.5593926593983675, 1.1925117498397362, 0.43594429334641027, 0.14134089918608436
0.5955819396084251, 1.0072753549772955, 0.43749449855842265, 0.13585137000352834
0.7087162509275644, 0.9046198417012051, 0.29423354711581673, 0.0962279394973949
0.660368742508134, 0.9177361493534173, 0.3485288316404435, 0.11074946732797314
0.6409041611964154, 1.0230077141668363, 0.36126836782483884, 0.11014801957647777
0.6339402933957418, 0.949744592928548, 0.38134497494756237, 0.1212311763796326
0.6118499914378674, 0.9559962049205196, 0.3998301538565404, 0.13681614908713688
0.49717449626120214, 1.2202076054537492, 0.4961272063510868, 0.1656791929351702
0.7438780752326046, 0.7301472679133649, 0.24370430076638147, 0.08349830681696944
0.7203036703008162, 0.8162651835809258, 0.273661569557607, 0.08967231789597742
0.685084765112164, 0.9308412395317429, 0.29097040296166354, 0.10187949611514295
0.6556310291683315, 0.94091882020668, 0.3324432004835068, 0.11039632592031497
0.5588218505622468, 1.2675809629573254, 0.44364982845610684, 0.1540538623917578
0.6412466464980878, 1.0627093880767282, 0.3485865769051384, 0.12281293891793606
0.6406187567783549, 0.908858001454359, 0.34423661866879374, 0.1149621100529914
0.6587133968833837, 0.9671583103458422, 0.31792315778237706, 0.11018065075543616
0.5686968434271362, 1.0118620281793338, 0.42819152981340075, 0.1321785807249614
0.6019179176893659, 1.0307715476704835, 0.38628395187700654, 0.12721562912864331
0.6701295736057994, 0.9402730228719518, 0.3156738740946831, 0.11109756608359705
0.6144757120840231, 0.9794770657275251, 0.40204172712100095, 0.13059798640080833
0.7143672584051601, 0.9121809758746081, 0.27103459537141433, 0.09394663263780753
0.6848564415777156, 0.7815963486548976, 0.3293184289447918, 0.10282510426544574
0.6650493749643245, 0.8392066741165519, 0.3301989673899564, 0.10761927006773356
0.7468462811804327, 0.7078402132726249, 0.2497668058058748, 0.08380471126520934
0.6367372566927336, 0.9091452043652921, 0.35325238369461837, 0.11334440809947276
0.7258405160111878, 0.7152113991593383, 0.27555020144485476, 0.09402354423933632
0.7207032364861008, 0.7375419952743425, 0.26775145946583023, 0.09410397390325695
0.6895941549175181, 0.8379964700380848, 0.3108216846503542, 0.10111360227936374
0.6836006621382499, 0.8467238976689008, 0.2942570118284589, 0.10689137687420786
0.6718420001141617, 0.8799853316144036, 0.32668970167654393, 0.11383892736335341
0.6945031109081569, 0.8967755284113381, 0.3147671777309503, 0.10641019737413211
0.5654432330612478, 1.0821127421577241, 0.44425936753999906, 0.15353450069708022
0.714995148124893, 0.8880360313627459, 0.2888285016470115, 0.0973035866693997
0.6794337576345681, 0.8616969099684858, 0.3328283057428457, 0.10643701754719698
0.6554027056338833, 0.9088713953380382, 0.3401716711133505, 0.1035649245323815
0.6637935955248587, 0.9352290988016103, 0.33446954938022855, 0.11113372325125759
0.6839431474399223, 0.8925279746195918, 0.33340573619836034, 0.10591418468746372
0.7080883612078315, 0.8026066420790692, 0.3053825317960319, 0.09870878885787797
0.6192705063074376, 0.9022669620623944, 0.3895660808029309, 0.12298776073945648
0.6992408242479594, 0.9903498482841785, 0.3028640428949746, 0.0987642132211747
0.5887893144585878, 1.0670312393304764, 0.4268020049448947, 0.13151354386381153
0.6386209258519322, 0.9370515724283954, 0.3486326969795334, 0.11686927889275824
0.6115645870198071, 0.954993777817985, 0.3897835165870368, 0.129249537884074
0.6934185741195273, 0.9740552209175533, 0.2988058252092721, 0.10303779330848561
0.5734916376505508, 1.115349025881072, 0.4371967455654077, 0.14109226871121522
0.6059135795422114, 0.9404163839460384, 0.41256648149553266, 0.12749487602488713
0.6026028882927108, 1.0593764447284484, 0.40867322383599375, 0.1338004632200864
0.652377418802443, 0.8604593893635725, 0.344711826973058, 0.11056952189364332
0.7127689936640219, 0.7518967198864124, 0.292021806866126, 0.09700075539867634
0.672755294251955, 0.8324289122749207, 0.32046284554825377, 0.10630287024307444
0.7176779496546607, 0.8104713604236149, 0.26942247506651656, 0.09662302135600057
0.6644785661282037, 0.9916571368204741, 0.34985747341302187, 0.1121615670190671
0.6425024259375535, 1.0882358068342075, 0.3600058780378296, 0.1259578348629517
0.7401107369142075, 0.8333504874988811, 0.2582082420701087, 0.0878146112487806
0.7254409498259033, 0.7753476003304612, 0.29026238212775857, 0.09453300843136177
0.7375420971516639, 0.7192654835017152, 0.26475208930889305, 0.09141798598123214
0.7247559792225584, 0.7541054577336297, 0.27804480232094825, 0.08954873738552264
0.6911353387750442, 0.8837496136707242, 0.29016729296396493, 0.10760693473421061
0.6830869341857412, 0.8918130116100791, 0.30440797804102826, 0.10002131532925747
0.6854272504138365, 0.8271560776365704, 0.31834009086900517, 0.10300472499432735
0.6514641246646498, 0.9547852311390904, 0.3416010472369382, 0.11726633385224579
0.6973000742051487, 0.8075515993386195, 0.3126886505387536, 0.10203613281095797
0.7131114789656944, 0.7720059176517216, 0.30340126703153464, 0.09742111794525893
0.7208173982533249, 0.7665666839713658, 0.2840389688122082, 0.09357412220002041
0.6365660140418974, 0.9172018521112809, 0.3517941325660196, 0.11051216337194064
0.6761230663850677, 0.8296262643928798, 0.31750598260750834, 0.1076362491539178
0.7330897882299218, 0.6999127873110494, 0.2555616745984041, 0.08598024106959348
0.6955305668131743, 0.7814051696802669, 0.2912195120790188, 0.09625909634251484
0.7516410754038473, 0.6846101243446934, 0.24096502027384992, 0.08363828774918007
0.7382841486386209, 0.7522606043442973, 0.25492758761619955, 0.09255515142105063
0.703407728751641, 0.7846613525485455, 0.30013502306681744, 0.10062586247354581
0.7322906558593527, 0.6972640055865014, 0.2654868403491166, 0.08888003751067504
0.7548946857697357, 0.7349229205882497, 0.24608053241868869, 0.08462486496993289
0.09486842856327415, 2.3011761412676885, 0.9015529186244221, 0.2581921000905115
0.233232490438952, 2.170735808211964, 0.7633021125759457, 0.27399608621261684
0.10086192134254238, 2.4336631275474008, 0.9088876264345465, 0.4236372985640848
0.1758091215252012, 2.1515576238773466, 0.8341782142455404, 0.28842286699119685
0.2426508362349449, 2.321666601623627, 0.7709170161415687, 0.25243548332842214
0.4209144357554655, 1.6658262407021325, 0.5452322898387229, 0.16972619311558762
0.4306752668531309, 1.435380978514143, 0.5396470834278831, 0.18383508511365704
0.38660882470460645, 1.5404881660090919, 0.6117168020277199, 0.1959713418365862
0.43227353159426907, 1.527964948677324, 0.5554482832687644, 0.1853300802458693
0.5198926879388093, 1.4370952036153717, 0.47171724091534434, 0.15320052281073526
0.5563673725669274, 1.3176123224587104, 0.4414384775491245, 0.1653018844465009
0.6239511387636281, 1.061403008574349, 0.3641917911058215, 0.12019181619165127
0.5712654831896797, 1.134643885038818, 0.43192682129881965, 0.12736564209086879
0.6110508590672984, 1.0910080673598461, 0.3718522145053242, 0.12472137554090805
0.6563730806552885, 0.9735000884464067, 0.3296362665232737, 0.1050778003485031
0.6476397054626406, 1.1496236559221125, 0.32792696048388564, 0.10679887894241089
0.5584222843769622, 1.175014686179218, 0.4307101308575356, 0.13864900891156545
0.41543467092870595, 1.5327764438520843, 0.5860994051604224, 0.17972591448714426
0.4542496717849192, 1.4132465268829464, 0.5407587267611109, 0.17847628631036078
0.46806324561904217, 1.2161608354463715, 0.5502404067542206, 0.169506265929802
0.519664364404361, 1.367804278665146, 0.4805692216479388, 0.16900938872144383
0.54517951937896, 1.15976008552972, 0.43825653577665774, 0.1546052630707106
0.5796563730806553, 1.1796781230208537, 0.42429760420269447, 0.13512426207859835
0.6346252639990867, 1.0574789481673768, 0.334299952566226, 0.11514008991240496
0.5201780923568697, 1.273310576721484, 0.46078375224906815, 0.14229463195374562
0.623836976996404, 1.0384977234297177, 0.3533094528791431, 0.1161135032410873
0.5088760774016782, 1.3732013451603182, 0.4903684538751785, 0.15885887040484203
0.5805125863348365, 1.1296632390561174, 0.39692245651620084, 0.13135219352676406
0.679319595867344, 0.8486495303901572, 0.3040161906682094, 0.10280723993745422
0.6667618014726868, 0.9417763893935933, 0.32708638542233837, 0.11482181860420664
0.6383926023174838, 0.9351621077354669, 0.34503722753619537, 0.11829524462086032
0.6278897197328615, 1.0206341215077244, 0.3429694540028737, 0.10552252774379262
0.5985501455562532, 1.0584000689681121, 0.3980904551633978, 0.1285585524521329
0.5570523431702723, 1.134690828838921, 0.42873673114883987, 0.13608042210975396
0.6388492493863805, 0.9010537223172436, 0.34608566972133176, 0.11814519370666797
0.614418631200411, 0.9715250988632128, 0.3739720843605716, 0.11797963675483723
0.653804440892745, 0.8530190872963355, 0.3261198993699964, 0.11714348663092128
0.6033449397796677, 1.0629425301042494, 0.39534225100556825, 0.130635291183272
0.6853130886466122, 0.8631902329670056, 0.29725322888630656, 0.09632921192557689
0.6563730806552885, 0.9331919834822421, 0.3411892249688874, 0.10746287289600763
0.6390775729208288, 1.1756379577529588, 0.36075976344826416, 0.13014544222730287
0.5274844454592157, 1.3101578150558018, 0.49210478268317215, 0.16002800715031687
0.5914150351047435, 1.0882390320124138, 0.40725392861081156, 0.13634954899472534
0.5878189394371824, 1.2054851268336744, 0.40552042742039485, 0.11483123277504088
0.5698955419829899, 1.2690898275618943, 0.4362004529083391, 0.1360835485380016
0.6400479479422342, 0.9839116968335718, 0.3368597230706346, 0.10931263850853318
0.6198983960271705, 0.9885576907160178, 0.3771669615227971, 0.12552386442459298
0.6616245219475998, 0.974718537844211, 0.3284646249762433, 0.09757294139845321
0.7102574347850905, 0.8393292336601658, 0.28023237225224157, 0.09036529746687501
0.6039728294994007, 1.0846516346725108, 0.40022109293807356, 0.1432485887818795
0.5953536160739769, 0.9952749194335667, 0.40452795562106497, 0.13300308873324432
0.6632227866887379, 0.8170484665545119, 0.3243382839705818, 0.10590683627140846
0.6830869341857412, 0.806654849065494, 0.3127450040460682, 0.10632614278535626
0.642901992122838, 0.8816206891024184, 0.35314101600609016, 0.12650299254508784
0.6228666019749985, 0.9871925588009123, 0.37248630054564946, 0.12230088647496476
0.6901649637536389, 0.8748650280393524, 0.291206889835835, 0.09620449806005153
0.6044294765682973, 0.9751896877807249, 0.4034838270814044, 0.13299216913362905
0.6832010959529653, 0.8752232739585498, 0.29940660981235434, 0.1013089170354367
0.6614532792967636, 0.8643973381067568, 0.32909434046772995, 0.11411969533297536
0.6227524402077744, 0.9474568598710423, 0.3627748114904346, 0.12462245208264494
0.619498829841886, 0.9119564137638946, 0.40204979727435053, 0.1346795903799724
0.6462697642559507, 0.8481046696830329, 0.36131969325613733, 0.1304116918492524
0.7247559792225584, 0.755262499854838, 0.26797862659812566, 0.08913720170690903
0.6976425595068212, 0.792937679245823, 0.29960169845685974, 0.10458138083591542
0.674182316342257, 0.8441801241452592, 0.34463646979826007, 0.1086108989479742
0.7061476111650208, 0.8041743853397038, 0.30104165329011967, 0.09787544725683964
0.6245219475997489, 0.9468593590708543, 0.3721848589548251, 0.12949781986110295
0.6717849192305497, 0.8147943624008439, 0.3321207051386314, 0.11958623219053996
0.6740110736914208, 0.8199753104792152, 0.3236703922188589, 0.11099897283665192
0.6801758091215252, 0.8139660088440566, 0.3119679891928715, 0.10474349703485196
0.6572863747930818, 0.881583224304357, 0.3371480978336215, 0.11855629357354701
0.6528911467549517, 0.8634584773771201, 0.32717427137305927, 0.10818296539991668
0.6893658313830698, 0.7531924303900679, 0.3040763102444995, 0.10679636161805331
0.7102574347850905, 0.739621870390978, 0.29494962831549115, 0.1037656989279046
0.6949026770934414, 0.7983756254325226, 0.286847252996771, 0.09994438209621824
0.7126548318967978, 0.7565492389266901, 0.27039218063607484, 0.09675529743791192
0.726696729265369, 0.7204177565870045, 0.2754023216563182, 0.08982246720843313
0.7248130601061704, 0.7576561641369409, 0.26678595124938753, 0.08889527079955893
0.6935898167703636, 0.800171865366444, 0.29211713631814157, 0.10639320929108162
0.6451852274673212, 0.8629843170950973, 0.3456655068722321, 0.11308986729786114
0.6214395798846967, 0.9489603801645057, 0.37900366316903095, 0.13490540936687886
0.6982133683429419, 0.8391211747412304, 0.2797761983427305, 0.0908387794339875
0.6737256692733603, 1.0460256563155195, 0.3148175386105855, 0.11218206883608606
0.6657343455676694, 1.0153497779262692, 0.32616744680543774, 0.11058455409248351
0.5769735715508876, 1.101841758875336, 0.4248165968035146, 0.14785047592751094
0.6091101090244877, 1.0394244626076934, 0.38285390674404185, 0.11612475756641469
0.6900508019864148, 0.8954607987762656, 0.2878014723256381, 0.10310341125879628
0.6116216679034191, 0.9977001516788024, 0.3920111338075318, 0.1323436826067167
0.6863405445516296, 0.9037115781508345, 0.2932144358763245, 0.09730288938704205
0.523260460071922, 1.1464364155431168, 0.48050254130298925, 0.15157825356041615
0.5920429248244763, 0.9090138031491694, 0.4202740066486536, 0.14236294957173062
0.6345111022318626, 0.9166170746556195, 0.36362861154326864, 0.1173656658322653
0.6427307494720018, 0.9297337173874399, 0.359523019868943, 0.13425998289383947
0.7087162509275644, 0.807243844177306, 0.27474276541860326, 0.08990291411919958
0.6608824704606427, 1.0655954584281149, 0.31097689543122775, 0.11416547269892643
0.6473543010445801, 0.9760409996251183, 0.3155469615435115, 0.10603728514589651
0.6616816028312118, 1.0469167254069034, 0.31498480045268606, 0.10982100289726242
0.6756093384325589, 0.8649112737031994, 0.30561031295929275, 0.10783283532572545
0.6180147268679719, 0.9265287548071398, 0.3689043375480802, 0.1218716005361599
0.6783492208459387, 0.8945547515410311, 0.3055776540958271, 0.10273252162890577
0.6324561904218278, 1.0251945944248204, 0.3450711300928407, 0.12149035914834401
0.08539300188366916, 2.302284916743234, 0.9007171071792783, 0.2507648711505599
0.10120440664421486, 2.390838561608398, 0.8730109843615549, 0.4043480162787187
0.1881956732690222, 2.692944459048531, 0.8200454916541307, 0.284886160881209
0.18271590844226268, 2.720492341733903, 0.8258668755439917, 0.2911618463795186
0.24464866716136766, 2.451386864860755, 0.7848579298357576, 0.32616682523873597
0.21548033563559563, 2.106546685762197, 0.8222729887351619, 0.2771596936962254
0.39186026599691764, 1.6564080710935092, 0.6203284512138308, 0.1951271062071848
0.49158056966721847, 1.4825135277866692, 0.5323398756680717, 0.15228307728927196
0.4585307380558251, 1.3987053421637132, 0.5521271598964889, 0.16415146825269988
0.5620754609281352, 1.1559393425154232, 0.4105630285007358, 0.12850105280174998
0.5391289457160797, 1.2422436028176709, 0.49610608889628616, 0.15705906886351775
0.594782807237856, 1.1482270107067056, 0.41170914287445803, 0.13500426599950258
0.5608767623722816, 1.1205743246224467, 0.4353061836104265, 0.1395991371158296
0.6879388092927678, 0.9727417416830192, 0.32204172235699957, 0.1040589984707181
0.6021462412238141, 1.068918982208646, 0.38743727146665163, 0.13645894323434687
0.6738398310405845, 0.9174039016953393, 0.3113289770144848, 0.10498243375892527
0.5512300930418403, 1.2185361874774636, 0.45485135101618385, 0.14943435776455755
0.5988355499743137, 1.0340903405039983, 0.4149243183633805, 0.13632705450359497
0.5921000057080884, 1.0185841056113438, 0.41014964348127003, 0.13522545473307454
0.6425595068211656, 0.8987379395334125, 0.3822265202246556, 0.11982472021147768
0.7022661110793995, 0.8111671278576096, 0.28418845947186744, 0.09784718486709469
0.7060334493977967, 0.7997551449880257, 0.29894890258663503, 0.09817056304644627
0.7215023688566699, 0.7751957531688295, 0.28374177263545447, 0.09497211995260088
0.5580797990752897, 1.2022968274907742, 0.4396162695416653, 0.15751859387488426
0.7022090301957874, 0.8194007915125974, 0.29589924366580533, 0.09944157506278549
0.6892516696158456, 0.8197734737847181, 0.32754777029339094, 0.10048460741127338
0.6679605000285405, 0.8958164613755194, 0.345185439261272, 0.11282686632406627
0.617386837148239, 1.0230851119740452, 0.37060134772382514, 0.13010414600380338
0.5811975569381814, 1.0880591770100434, 0.4299828019012595, 0.14112061630723968
0.6768080369884126, 0.8892874640341067, 0.3274061323159026, 0.10923820737668656
0.558993093213083, 1.015403531107431, 0.444210581660716, 0.15229025516540498
0.5536845710371596, 1.1437920000427657, 0.44822220684442754, 0.15635774519802606
0.6121353958559278, 0.9559686852475432, 0.37587996707721927, 0.13130661630297863
0.7207603173697129, 0.7793485413249802, 0.27409285051083027, 0.09516190514125818
0.7491295165249158, 0.7376641064275821, 0.2475064128742187, 0.0844001281177282
0.6439294480278555, 0.8726106611662774, 0.3525971312971327, 0.12262690125562296
0.5949540498886923, 0.9512712107709361, 0.41015454153780145, 0.1496538105277682
0.7175067070038245, 0.825070016840904, 0.26666790067652796, 0.09277488318942342
0.6903932872880872, 0.804754821780413, 0.30684806229373895, 0.10841082448153067
0.7102574347850905, 0.743322695768647, 0.2905384952007253, 0.09754035613756175
0.5729779096980421, 1.016252131897307, 0.42901741516308173, 0.14758433495783857
0.7134539642673668, 0.7520413689105706, 0.2735359569575291, 0.0980304964523704
0.6821165591643359, 0.7660785601307752, 0.31690743647111613, 0.10991943770589213
0.6855414121810606, 0.900462255853856, 0.29057371366958284, 0.10777913411548873
0.6833723386038015, 1.0284153299996495, 0.29613335745097663, 0.11150613465867137
0.7293795307951367, 0.7808737415789779, 0.26498429610439156, 0.09587455575660568
0.6446144186312004, 0.9550502155324047, 0.35697355550939364, 0.12331188786739393
0.7173925452366002, 0.7390341416469307, 0.27059954702074884, 0.09609407582840687
0.6914778240767168, 0.7742938458006204, 0.30860662425220153, 0.10619375618635245
0.6544323306124779, 0.8473225135938603, 0.34831763868484894, 0.11760096938006712
0.7197328614646955, 0.7859448175926507, 0.27536709904912793, 0.08763319108898347
0.7090587362292369, 0.7957821348524063, 0.2818779143661919, 0.10022031907187438
0.6517495290827102, 0.9859524796969288, 0.3469163978014867, 0.12259355188224762
0.5923283292425366, 0.9197767907018133, 0.4134936902948866, 0.14410395132424514
0.6425595068211656, 0.875605806653057, 0.35277666506831423, 0.1172480804751988
0.6524344996860552, 1.1095903138190601, 0.32550350764063696, 0.12183200019301109
0.7038643758205377, 1.169102784273212, 0.2910055898633188, 0.10444958581661808
0.42251270049660367, 1.3542395538008645, 0.5890125036776742, 0.21625635783331326
0.6252639990867058, 1.0768750266881846, 0.36701697993343546, 0.12463356197963404
0.5322221587990182, 1.1267844072480993, 0.47930753110389207, 0.1608985346605164
0.6321137051201553, 0.9954132288013925, 0.35537073981752515, 0.12758601564831462
0.5521433871796335, 1.1887843561365077, 0.46611216806726824, 0.16837383936350467
0.6447856612820366, 0.8652172988926344, 0.3677182579607623, 0.12596848641504665
0.6032307780124436, 0.9266303712734035, 0.39669422919675656, 0.12363365473832437
0.6717278383469376, 0.8710556195260974, 0.3497494571226066, 0.10667170287843125
0.6740681545750328, 0.8126105827044844, 0.3232143031539011, 0.1193487953688607
0.6994120668987956, 0.7872802855984549, 0.3195554470099513, 0.10677149741810385
0.7090587362292369, 0.8120455993428197, 0.28563015713328926, 0.0959204226399799
0.630458359495405, 1.0286745237718105, 0.3561265300829613, 0.12254041292867907
0.6272618300131286, 0.9307100369611843, 0.3646167760213187, 0.13098704415402362
0.7500998915463212, 0.7288314155259433, 0.24364561088567593, 0.08000962495532851
0.7445059649523375, 0.7291945514447136, 0.25964273721291325, 0.0875868484128598
0.7250984645242309, 0.815092761062107, 0.2818639240422042, 0.09212835476972671
0.7117986186426166, 0.8636657430991738, 0.2883669169545496, 0.09754404608093895
0.7136822878018152, 0.7687852047095655, 0.280283955323149, 0.09470471828149886
0.6677892573777042, 0.9669162968675833, 0.3237864243658965, 0.11952978031659388
0.6083680575375306, 0.9264687181517413, 0.39722869231961183, 0.13605070790679005
0.7402819795650437, 0.7011018445799515, 0.2737162509664675, 0.09379923099800631
0.7484445459215708, 0.7371235720846526, 0.24479619521278212, 0.08284657271469237
0.7539813916319424, 0.7184831780021257, 0.24379302473848458, 0.0858360538035271
0.7345168103202238, 0.7139529769339007, 0.2620295967727341, 0.09254267615005028
0.7285803984245676, 0.7347204697562576, 0.2567998351962847, 0.09168305578079275
0.724470574804498, 0.7112179213335249, 0.2611885986711166, 0.09523546059231468
0.7083737656258919, 0.7212941520117218, 0.2987477462486791, 0.10220809141128101
0.7569495975797705, 0.6227181509223513, 0.23038507266543498, 0.08400124170823908
0.7490153547576917, 0.6690715597374582, 0.2602731379176142, 0.08853092546772291
0.7731034876419887, 0.6094086798155226, 0.23460830603925165, 0.08327724024647642
0.707745875906159, 0.7912579082966081, 0.2792775528246837, 0.1006852730842446
0.5920429248244763, 1.0075191251610427, 0.41501415780583123, 0.14046927273094234
0.7438209943489925, 0.685776311053044, 0.2529938979372022, 0.09211738973839616
0.7653975683543581, 0.6732887672728949, 0.22850816912804933, 0.08019911794159519
0.7684228551857982, 0.6601622654196263, 0.22222589771802734, 0.07993680228487827
0.7540955533991667, 0.6612796090839013, 0.24407700762374693, 0.08707660873892994
0.6732690222044637, 0.7865166849704358, 0.3395537569586097, 0.11005615824411782
0.7301786631657058, 0.6808679282486592, 0.28298635703229463, 0.0931183639651064
0.707688795022547, 0.804176781679046, 0.2759204681831011, 0.0998212641924842
0.7643130315657286, 0.61349230992334, 0.2220702796786295, 0.078874004661782
0.7756150465209202, 0.6151546954853149, 0.23109756415153576, 0.0809294644291238
0.6406187567783549, 0.9790421162386781, 0.35840186254988887, 0.12495258684950851
0.6963867800673554, 0.7712372070964716, 0.2860383830945152, 0.1023628474396893
0.6616816028312118, 0.9083823750049542, 0.3296958652187926, 0.11635165884785943
0.051886523203379185, 2.2997515960550516, 0.9624674524636937, 0.33575579450025617
0.18682573206233233, 2.2928045254277887, 0.7772735470490811, 0.293350095611722
0.1911067983332382, 2.3511896584021583, 0.8130596685612441, 0.34037804945347633
0.32399109538215654, 2.061499913265882, 0.6771768427433768, 0.22624299830432293
0.36411895656144755, 1.914262933960121, 0.6654315318303958, 0.19723960873665494
0.34939208858953136, 1.7649022822436136, 0.6710947827461622, 0.21969134006440147
0.5313659455448371, 1.4938463479972837, 0.455075388300766, 0.12938124790500094
0.4585878189394372, 1.5302754215106373, 0.5487518301697105, 0.17438883612568415
0.5225184085849649, 1.2482353244662605, 0.4840528154253969, 0.14629849098792197
0.5765740053656031, 1.185638441989102, 0.4480184472683568, 0.14836573942437614
0.6070551972144529, 1.0826581434296605, 0.38227449564182736, 0.12420665549664171
0.5706375934699469, 1.1651434933269031, 0.41784442492226326, 0.1305634025276699
0.5847936526057423, 1.164089047624352, 0.4089025721759168, 0.12245710722411177
0.6245790284833609, 0.9803925781019087, 0.3694715155268412, 0.1297549612568198
0.6886237798961128, 0.9701389633774047, 0.2875220374028804, 0.0996202411191598
0.5259432616016896, 1.3080063311366674, 0.48165231544620246, 0.1545416291709529
0.6159027341743251, 1.0889261158687074, 0.35443561136830254, 0.13014184793989428
0.6688737941663337, 0.9942498937818216, 0.30729829450575386, 0.10481043433797103
0.6802328900051373, 0.9142152978471697, 0.29388290393828587, 0.10188507797467045
0.691649066727553, 0.9633957397488715, 0.29762801114475435, 0.09783283770058909
0.5953536160739769, 1.2664130910568605, 0.39838439539185716, 0.14349201165457692
0.7246418174553342, 0.8123986395393287, 0.27054121606895554, 0.08945486226252111
0.645756036303442, 0.9179528707676485, 0.3390453020433473, 0.1197370946355999
0.7020948684285633, 0.8265484728774352, 0.27758911660716573, 0.10505526442564987
0.6628232205034534, 0.9927587226562877, 0.3163231972586224, 0.11522253193331684
0.6937039785375878, 0.8578354280375123, 0.29180294678788327, 0.10004446559165782
0.6928477652834066, 0.9335392214296665, 0.28354340354102026, 0.10266957102506323
0.696843427136252, 0.9061238033639276, 0.2980103591539611, 0.10131093271422362
0.6388492493863805, 0.9980581898159012, 0.34967238052026006, 0.1185330927056961
0.6617386837148239, 0.8912035892549552, 0.3225310865320825, 0.10887544282969705
0.6579713453964268, 0.8626816670166766, 0.32712553539562905, 0.10404518041068159
0.6907928534733717, 0.8409040857464644, 0.2923528242761303, 0.09969704523055521
0.6962726183001313, 0.7651518485352168, 0.2980817389975305, 0.09552763542202199
0.7094012215309093, 0.7869627593797577, 0.2702227013711817, 0.09932281334495037
0.7353730235744049, 0.8112868206293947, 0.2583056043819962, 0.08959292171835345
0.6942747873737085, 0.9093628236761602, 0.2865621846435486, 0.10432813244320688
0.7084308465095039, 0.8159925389154878, 0.28105367279305554, 0.09723868617192759
0.6553456247502711, 0.89021854338067, 0.3449160766230326, 0.11311599546733088
0.6925052799817342, 0.8267615620240013, 0.32273824949785357, 0.10169476531907636
0.6787487870312232, 0.796095795849352, 0.32442807859448947, 0.10746075037108374
0.6718420001141617, 0.8417616407301669, 0.32413071588181874, 0.10705468817169494
0.6479821907643131, 0.900510268002514, 0.3400378940995876, 0.11730263309251772
0.7179062731891089, 0.722209563640534, 0.26435515376197116, 0.08960273221047
0.6419886979850448, 1.0361566408977325, 0.35035802600561466, 0.1205586068122399
0.6323991095382157, 1.0160111530200124, 0.36471847010288444, 0.12581704167105992
0.7195616188138593, 0.8048841851371819, 0.26386424224807553, 0.09473626341095999
0.7031223243335807, 0.8774834842537417, 0.27252827343922353, 0.10432993642304099
0.713568126034591, 0.7357339350879667, 0.27436273744810513, 0.09137208871569852
0.7210457217877733, 0.743149793646585, 0.27409115329291817, 0.09091771487323123
0.7403961413322678, 0.6802788409352338, 0.27264160766243084, 0.08824304977423633
0.7676237228152292, 0.6237769536508294, 0.23012500284567372, 0.08048916399163114
0.7484445459215708, 0.6731369902294856, 0.24384665823361515, 0.08598270144782791
0.7402248986814316, 0.7304819363798768, 0.2519253581821936, 0.09226535071901418
0.7712198184827901, 0.6281844944588784, 0.22699949576197823, 0.07900792075607006
0.740510303099492, 0.6976581307113318, 0.26046033136344127, 0.08954833071057845
0.6561447571208402, 0.8679298456905814, 0.3434328206379601, 0.11724083055732977
0.6833152577201895, 0.8681771017125857, 0.3194838347711433, 0.10818747046461867
0.7299503396312574, 0.6873951859986981, 0.27525828660297164, 0.09179929374555026
0.6761801472686797, 0.8334656657067989, 0.31235475207936936, 0.10796158569224291
0.6679605000285405, 0.8804953892400076, 0.3187381831278311, 0.11072795375796735
0.6846281180432673, 0.8253548490909062, 0.30186443668620627, 0.10525665208719781
0.7137964495690393, 0.7246617810808386, 0.2747530507282922, 0.09316055673861329
0.6373651464124664, 1.0280228457051677, 0.3587788382704759, 0.12308905570795663
0.7225298247616873, 0.7126081170301862, 0.2659026142460399, 0.09081455929002485
0.6668188823562988, 0.8197838351276259, 0.32700636010493744, 0.1316575082108932
0.7715623037844626, 0.6190899217398742, 0.21928101239434142, 0.07591454998758576
0.7411381928192249, 0.6832739214922304, 0.24184780541950496, 0.0838434401789854
0.7434214281637079, 0.6607652128887145, 0.2501165648400681, 0.08407628320026811
0.7506707003824419, 0.642841131383681, 0.24240874639803153, 0.08635808363516143
0.726639648381757, 0.7535843199245268, 0.25455822147085577, 0.09640220728183248
0.7546092813516754, 0.6601955846572991, 0.2426804397549663, 0.08455927147814947
0.7598607226439865, 0.6486768355347203, 0.23813928132292644, 0.08249185320368609
0.6852560077630002, 0.8210804173251907, 0.3135600647218698, 0.10914654592745363
0.7445630458359496, 0.6634126247563359, 0.24921281889101393, 0.09068560933695564
0.7626006050573663, 0.6621281287636237, 0.24007597590317747, 0.0825062263781255
0.7438209943489925, 0.7062958894469371, 0.2691190411788655, 0.09135817156323693
0.7454192590901307, 0.6939918752923396, 0.24014273460212426, 0.08752348601609689
0.7552942519550203, 0.638276153939123, 0.2308135278762288, 0.08247241838992778
0.7484445459215708, 0.6790667864387953, 0.24965072596882953, 0.08549096918327302
0.6992408242479594, 0.82480275362364, 0.2836240627572759, 0.10211707842085063
0.7086591700439523, 0.857144535012918, 0.2832394764866393, 0.10190825574499965
0.7490724356413038, 0.6475378254858225, 0.25116644603105615, 0.08859167013862324
0.7103715965523146, 0.8139105932436245, 0.2936684873031061, 0.09959547292058037
0.7786974142359724, 0.6262992833177062, 0.21316360218142172, 0.07400086676261047
0.7115702951081683, 0.7777295937023265, 0.28052546941972456, 0.09454893632433775
0.7364004794794223, 0.7213396448029363, 0.2675207630471551, 0.09287523669096549
0.6875392431074833, 0.9064167423705063, 0.2994245664491484, 0.10530565565484463
0.7116844568753924, 0.7816361505940879, 0.27067794939220785, 0.0974471735520221
0.7212740453222216, 0.7593617600606815, 0.2740720468160421, 0.08810188096427385
0.7197328614646955, 0.7770462165194404, 0.26443012364954993, 0.09080034122219978
0.7305211484673783, 0.7102641675050775, 0.25876516376803876, 0.09297950693551804
0.6906786917061476, 0.8119958267524866, 0.2954220315473435, 0.102886533702415
0.7046635081911068, 0.7408680584083944, 0.2858385568699053, 0.10141591999375459
0.6943889491409327, 0.7807003050557828, 0.2947230089567844, 0.10510958808111441
0.7280095895884469, 0.6942145486424303, 0.26400291192127434, 0.09765857620657549
0.7665391860265997, 0.5957955898985287, 0.2237566129505288, 0.08124375514701589
0.7860037673383184, 0.5828922583221642, 0.20715492476423392, 0.07689977482244591
0.6978708830412694, 0.724053164400614, 0.30891517913049815, 0.12260136056316917
0.7485587076887951, 0.6267374014298693, 0.25711826994942816, 0.08825339711692816
0.7493578400593641, 0.6552017171610914, 0.23848510257560795, 0.08897786944706264
0.7257263542439637, 0.690537083852017, 0.27018157616523397, 0.09681952011848223
0.09943489925224043, 2.3095063749353963, 0.8837286344165882, 0.28985331113528906
0.09840744334722301, 2.577564012297308, 0.8908850128543422, 0.42528538373763536
0.0997773845539129, 2.7612415349737303, 0.9036240526423596, 0.44408527786611485
0.25458074090986926, 2.4643285032126774, 0.7538643978124238, 0.23591478685721654
0.3324961470403562, 1.9084242497808388, 0.6804014855702459, 0.22420559719455307
0.3737085450082767, 1.890657138321605, 0.6297887642693353, 0.23777672964622132
0.48341800331069124, 1.7510764625962654, 0.5208068616557496, 0.18228250345131777
0.5507734459729436, 1.3793356996513377, 0.469770618197081, 0.13610049140726338
0.4808493635481477, 1.4469953126083894, 0.5216179535797436, 0.19295370702533682
0.5273132028083795, 1.275141460039251, 0.4930271666194339, 0.1579290373519796
0.5442662252411667, 1.1725338772623988, 0.4614121912276569, 0.14934907215914475
0.6170443518465666, 1.0486739759343904, 0.3867858465579346, 0.11697904587592375
0.5194931217535247, 1.2820656302682891, 0.44473380303222465, 0.15100137737286964
0.6743535589930932, 0.9176250415799879, 0.32397435325811247, 0.1050657262075108
0.6153890062218164, 1.0345417338074856, 0.37342894614143013, 0.13206040783542722
0.6200696386780067, 1.0099123972044652, 0.3579199550925965, 0.12365946722117069
0.5678977110565672, 1.1443720587471669, 0.4422892672108618, 0.15087410101361926
0.6345681831154746, 0.9678697641264847, 0.37573074871722834, 0.11830432995861852
0.5760602774130944, 0.9638907789587132, 0.41515010332747837, 0.13406939000773174
0.669102117700782, 0.8366731225649917, 0.34506538047904106, 0.10470328365023683
0.6456418745362178, 0.8762335176264279, 0.35849090496404956, 0.11570399547884211
0.725954677778412, 0.7776220521581667, 0.27800328824712106, 0.09427702483844227
0.6445573377475884, 0.9300872550978411, 0.35281766060100267, 0.12946300469642874
0.6751526913636623, 0.7919350074720788, 0.3209718351489424, 0.10564591904592044
0.6851989268793881, 0.8196384924643558, 0.2999144704592254, 0.1040720936645476
0.6190992636566014, 0.9245633424728706, 0.3770042239817621, 0.12107472852461591
0.6446714995148125, 0.9487446397677982, 0.3553307209221137, 0.11865672948548962
0.6816599120954392, 0.8154046597613429, 0.30353948741522613, 0.10808489364538093
0.7292653690279125, 0.717257515719165, 0.2587126384686819, 0.09200724577481618
0.735487185341629, 0.719175592731546, 0.25984249351730665, 0.0879114243049768
0.6534048747074604, 0.851663967251538, 0.3437410906930083, 0.1137586795153747
0.6948455962098293, 0.790659605287274, 0.31408564557391316, 0.10183546439334233
0.6556881100519436, 0.8814161775756866, 0.33498979465960743, 0.11334941931530439
0.669844169187739, 0.8152863160795623, 0.32940742836601705, 0.11173661153476815
0.7434214281637079, 0.6967355776823525, 0.25266343815370723, 0.08766022604030109
0.729550773445973, 0.7383001420271166, 0.2691636190308289, 0.09459364837275482
0.7511273474513386, 0.6586233861542393, 0.24400267693122188, 0.08659358663513192
0.7146526628232205, 0.7445295247100402, 0.28847292117585877, 0.10300645083318144
0.6711570295108168, 0.8053776597414186, 0.322250417235346, 0.1143901564148288
0.7451909355556824, 0.8305477213086431, 0.25811704355814646, 0.08852628420947573
0.7394828471944745, 0.7520886214483421, 0.2705650253922732, 0.08879105641252064
0.6784063017295507, 0.8737387634216046, 0.3311031011768397, 0.10498068785646371
0.7422798104914664, 0.7458106133198212, 0.25131185056164695, 0.08884407404675368
0.7068325817683657, 0.783458063460904, 0.290193609962485, 0.09453108093681489
0.7154517951937897, 0.7962780623270981, 0.2864795098250778, 0.09134375561160012
0.6605970660425824, 0.8753588942490228, 0.3185326890964152, 0.10991591878941832
0.6631086249215138, 0.8296417825476292, 0.34867347275157357, 0.11306881069999208
0.6973571550887607, 0.841426881086539, 0.31342160518815154, 0.10196439659754032
0.68799589017638, 0.7896651401145771, 0.30304517812646997, 0.10205005921060863
0.5992921970432102, 1.0081245759398922, 0.3918290719115914, 0.14109579507316222
0.6828015297676808, 0.8785391838015328, 0.3114420629889556, 0.10561551798805326
0.710657000970375, 0.7953681015472611, 0.2813690737406984, 0.09708593436301925
0.62537816085393, 0.9269098158538177, 0.3836883119961916, 0.12847188844688578
0.7438209943489925, 0.7462122931072142, 0.26120575497880394, 0.08973333144169125
0.7372566927336035, 0.6757306434644288, 0.2570913180617027, 0.09068488528735905
0.7446772076031737, 0.6824071791926323, 0.25558949742278014, 0.08821080869031661
0.66327986757235, 0.8695033489364937, 0.32678126125483, 0.11135199375552964
0.7360579941777499, 0.6715070730833126, 0.25589307478838913, 0.08943367871110025
0.7520977224727439, 0.639435659954848, 0.24005529466146588, 0.08571420485919705
0.7133398025001427, 0.7063458537578111, 0.2814941327247508, 0.09613671750867078
0.7132256407329185, 0.7250219339481873, 0.2684845919621755, 0.09781121137422658
0.7328614646954735, 0.7135537001286495, 0.26220667426466404, 0.09213263069170562
0.755065928420572, 0.6141333170994027, 0.2357444113501491, 0.0831418076892698
0.7233860380158685, 0.7481160870829727, 0.2640392436079966, 0.09241601769722077
0.7544380387008391, 0.6968308666884698, 0.2416938012636081, 0.08101538684061006
0.7454763399737427, 0.7250707448229498, 0.24570078277215635, 0.08468005065604117
0.7314344426051715, 0.7308836604497919, 0.2685538027124089, 0.09012982798737396
0.6480963525315372, 0.8993238295716087, 0.35420891167585344, 0.12113507638194586
0.7505565386152178, 0.7230891860028263, 0.2401461071061844, 0.0846567525411127
0.7321764940921286, 0.7111858252948964, 0.256155447310814, 0.09319906713556923
0.7277812660539985, 0.6941533490140316, 0.26689332312996317, 0.09676284218619345
0.6949597579770534, 0.8058016591030932, 0.29255632719091396, 0.10336181861608493
0.7442776414178891, 0.659778964946276, 0.2508645598091255, 0.08692375645153431
0.7173925452366002, 0.6783771056798187, 0.2797509671124885, 0.10369461191824886
0.7036931331697015, 0.7827574886306358, 0.28930633957924384, 0.10207152784531745
0.7752154803356356, 0.6185564181416964, 0.22587438053603795, 0.07623925820585009
0.7744734288486785, 0.6133722318827174, 0.2253788938500492, 0.07749045204561143
0.7389691192419658, 0.7493349657806582, 0.27411083418085525, 0.0918738462811442
0.7580341343684001, 0.7364653036086605, 0.2353844109719132, 0.08640591433147948
0.7853758776185855, 0.5690327697962267, 0.2154357540432945, 0.0769745020437908
0.7173354643529882, 0.6768406944506724, 0.28543665674833013, 0.0961815788287957
0.6643644043609795, 0.9621263099066981, 0.32243595897808924, 0.11759725190192301
0.7054055596780638, 0.7623395481230272, 0.29040704797162703, 0.1037268089932917
0.7605456932473315, 0.6560244022842867, 0.2425884278821883, 0.08153122627638343
0.7542667960500029, 0.742325850630369, 0.244200351207976, 0.0852470760473435
0.7581482961356242, 0.678416109108372, 0.24087242382806073, 0.07869142201271362
0.6707574633255323, 0.8609029695188771, 0.326869717338956, 0.11431969925716487
0.719447457046635, 0.7332055450087531, 0.26440811612816273, 0.0911737475035162
0.6556310291683315, 0.9073270711321919, 0.3435990263496832, 0.1229060412104452
0.7071750670700383, 0.728771464176974, 0.2869312604487191, 0.09950813944034527
0.7308636337690507, 0.677735848154203, 0.2608327794774924, 0.09777867623400532
0.6875963239910954, 0.7885736874330229, 0.305628403340782, 0.10379890175300929
0.689479993150294, 0.7970615479036552, 0.3078407009450294, 0.11200755008972754
0.7510131856841143, 0.657526808785259, 0.2559717862271992, 0.08540995275680191
0.7764141788914892, 0.6276123290385193, 0.23056191872068899, 0.08144696333132305
0.7318340087904561, 0.6745491481952061, 0.253267755953253, 0.09248008952679135
0.7528397739597009, 0.6186633770994658, 0.23471421615408208, 0.0842249422890898
0.7466750385295965, 0.6611749552066806, 0.2515804615804015, 0.08854055805161122
0.7233289571322564, 0.6680652176074346, 0.2712462505186654, 0.1065045359979262
0.7774987156801187, 0.6169931900828618, 0.2284085508665817, 0.08066622072236365
0.7801244363262744, 0.5617100623537457, 0.2126766269378556, 0.08319588034571748
0.08961698727096296, 2.303901256372602, 0.8902088531520094, 0.25916752625271605
0.09972030367030081, 2.6589253064778933, 0.9099764135898212, 0.4208227665450705
0.1024031052000685, 2.415917368469748, 0.9153573558704909, 0.38131552170624394
0.18888064387236714, 2.365280900890747, 0.8292245219522885, 0.25115113127799105
0.1661053713111479, 2.3124919262329215, 0.8426756077798245, 0.3203504922861953
0.4287345168103202, 1.5227313852349647, 0.5693713566725103, 0.1870677278231607
0.48393173126319994, 1.39588525269111, 0.5118953695780971, 0.16726020939234515
0.43444260517152805, 1.565288664582685, 0.5628954538063656, 0.19664093852063907
0.44123523032136536, 1.3673893431339477, 0.5487699964277749, 0.1862633677547939
0.535761173582967, 1.2111180268712454, 0.46255324756396443, 0.13761995620508033
0.6050002854044181, 1.1053209521352303, 0.3845851908762045, 0.12593329871355752
0.6245219475997489, 0.9670985870340166, 0.3581637386713806, 0.11863543482911668
0.573662880301387, 1.174803434959118, 0.41384497120635494, 0.1481936676560945
0.5772018950853359, 1.0733041222853097, 0.43359157163444023, 0.1371753507127461
0.6345681831154746, 0.9496354950163234, 0.3764360377480106, 0.11946416653465634
0.6949026770934414, 0.8807999061588973, 0.2913883765193864, 0.09143165184907744
0.5646441006906787, 1.0364503229592033, 0.44067888282256723, 0.1341558206500645
0.6221245504880416, 0.9630004156478601, 0.38644795101879525, 0.12457640397410322
0.6257777270392145, 0.9555293407106281, 0.3575239371703256, 0.1245061712237006
0.6333694845596209, 0.9405005037666506, 0.3560533195286929, 0.11648577521496556
0.653062389405788, 0.8639361388237943, 0.33376269306081724, 0.1229676811961244
0.6783492208459387, 0.8772385087160551, 0.30041773059874466, 0.09758914263872073
0.7056909640961242, 0.8037055796628415, 0.2983036717850835, 0.10015338765717642
0.6405045950111308, 0.9005182054029577, 0.36361304805104244, 0.11966028100194617
0.7012386551743821, 0.7784053032407725, 0.3004108621337644, 0.10070637421476876
0.7076317141389349, 0.8149215104426523, 0.28608002863933824, 0.09104544589756641
0.6935327358867516, 0.8246761615345115, 0.30757333012366483, 0.09782627866351026
0.6966151036018038, 0.8043954755493817, 0.3088295258991267, 0.10587934777083124
0.7299503396312574, 0.765496780646867, 0.272621266153369, 0.09214447302293163
0.7407386266339403, 0.7477911656512016, 0.2512479999799748, 0.0868720002042875
0.7270392145670415, 0.761631267457994, 0.26636897251460184, 0.08548705376495244
0.693875221188424, 0.763597224406164, 0.3049974879659814, 0.109583540520535
0.697471316855985, 0.8498720050976438, 0.2913433165361875, 0.09878431344870064
0.6593983674867286, 0.8546720496920148, 0.33863561239430723, 0.12492378919531136
0.7086020891603402, 0.8039800610771897, 0.2836734708910265, 0.0917937930037359
0.6536902791255209, 0.8458530146900695, 0.34726196309588064, 0.13765793155817752
0.7216165306238941, 0.7674627550778486, 0.2765222123498679, 0.09262894688024037
0.7371425309663794, 0.7261965738645044, 0.2560137734937319, 0.08520883896041642
0.6607683086934186, 0.9015994196400913, 0.33045662233543915, 0.11946383041852897
0.6699012500713512, 0.8604783127213621, 0.33048466786847785, 0.12310452925604924
0.7536959872138821, 0.6863002118171744, 0.24973442429180218, 0.08336785951064997
0.7086591700439523, 0.7488030245878964, 0.27458157335261757, 0.09584708835880715
0.7006107654546493, 0.8239496389143558, 0.28770808834772743, 0.10448893600402967
0.7505565386152178, 0.6597943799518504, 0.2526540574945878, 0.09059220866071714
0.7104857583195388, 0.7171107241155572, 0.29401751694783373, 0.10384390695532934
0.733203949997146, 0.7168577934783541, 0.25184094083454517, 0.09022026269729753
0.7381129059877847, 0.7287250840438182, 0.26920468332983494, 0.08949684317383251
0.6985558536446144, 0.777015857599112, 0.28846215811606607, 0.10147763181425937
0.7349163765055083, 0.7482670114525388, 0.25881433883261534, 0.09208258004560285
0.7167646555168674, 0.7406491842225081, 0.2697191725513735, 0.09912463758408901
0.7146526628232205, 0.7591768138031854, 0.26118944156730983, 0.09532443498940917
0.7242993321536617, 0.6992739375268896, 0.2751244044681356, 0.0953360095586558
0.7242422512700497, 0.746640442011746, 0.2636277045237232, 0.08992082377983968
0.7641988697985045, 0.6326157604030441, 0.23509246300237607, 0.08266852960963393
0.7606598550145556, 0.6612008062754062, 0.23516118570305194, 0.08313841621305895
0.6911353387750442, 0.7963464474392494, 0.3028354713769747, 0.1206629242776785
0.7614589873851247, 0.6495656172475777, 0.2395078494570405, 0.0827800877559523
0.7660825389577031, 0.6471056370558479, 0.22618265829477874, 0.08050304923120301
0.7722472743878075, 0.6087162545522733, 0.22715307614526659, 0.0791750727782987
0.758776185855357, 0.6490565603651686, 0.24081862203933377, 0.08546515077655789
0.7417660825389577, 0.6731057763446976, 0.25154021636461854, 0.08426694346416314
0.7604315314801073, 0.6347450330782961, 0.2437024656544418, 0.08272840654677155
0.7286374793081797, 0.7524518523858006, 0.27723094026494155, 0.09281784759073052
0.7043210228894343, 0.7269518361488988, 0.28758548640213716, 0.10772267585227896
0.7334322735315942, 0.6822688797981273, 0.2507545776793291, 0.08873395977835381
0.7384553912894571, 0.6877158552743456, 0.26547665695530137, 0.09219240667522585
0.7476454135510018, 0.6708629824044621, 0.24631637900169018, 0.08871428341505412
0.691649066727553, 0.7640167360020269, 0.31091000866582685, 0.12454361078413824
0.7479878988526742, 0.6517728483762826, 0.23424929056264843, 0.08991753155249463
0.7562075460928135, 0.6248251941848736, 0.23417410234337466, 0.08623615692602794
0.7656829727724185, 0.6409678945626968, 0.22678694027147017, 0.0810666336441429
0.7430218619784235, 0.6651475684663885, 0.24891719029690176, 0.09188711429141996
0.7545522004680633, 0.6297387783826872, 0.23287178050396723, 0.08430686421764463
0.7419373251897939, 0.6653608547421344, 0.24774043033466822, 0.09196663986201802
0.7858325246874822, 0.5670679988475382, 0.22030824084475562, 0.07779876857994364
0.7482733032707346, 0.6799490356548061, 0.2566235538220262, 0.09101417214001188
0.670529139791084, 0.8050733915046595, 0.31893414316979224, 0.12070415235832069
0.769621553741652, 0.6218505100357049, 0.21900060823668774, 0.07689800485591931
0.7729893258747645, 0.6156670588161453, 0.22354263753396053, 0.07826744231657863
0.7596323991095382, 0.649012860999571, 0.23078822434693116, 0.0850743972762577
0.7580341343684001, 0.6344532324968128, 0.2426865481573968, 0.08605563717007333
0.7199611849991437, 0.7253118472760166, 0.28034006914854664, 0.09548548309671244
0.7387978765911296, 0.6913537783090639, 0.2631717101604813, 0.0941107938704258
0.7312631999543353, 0.6574669673734668, 0.2700122063010125, 0.10322846760121805
0.7695073919744277, 0.6048412123367766, 0.24129417591841787, 0.08795467537882833
0.782807237856042, 0.574345060663365, 0.22886372890514917, 0.0808855367407316
0.7620868771048576, 0.6419843855826596, 0.2296281730829346, 0.08191785167041381
0.7715623037844626, 0.6096139492528938, 0.24216825135820583, 0.08657868822491072
0.7250984645242309, 0.7460313689115211, 0.25739993020798047, 0.09315256876720018
0.7443918031851133, 0.8502073895504725, 0.23649526661401662, 0.08550987036224286
0.7035218905188653, 0.8183063542459384, 0.2781504224682153, 0.10061911366608424
0.7193332952794109, 0.7641902882728128, 0.2912818331553899, 0.09600504477122682
0.6991266624807352, 0.8081890147620825, 0.3031404587460558, 0.09781715551594884
0.6632227866887379, 0.828607459712839, 0.3388451117365184, 0.12734733731508524
0.7262971630800845, 0.7565666651073648, 0.283717239141052, 0.09140287342401444
0.7431931046292597, 0.731179601531821, 0.2671954425070804, 0.0942194818857416
0.759518237342314, 0.6703506075589244, 0.23777470145213578, 0.08297639447934502
0.7298361778640333, 0.7071515949627663, 0.2654503368168094, 0.09803349405082765
0.7704777669958331, 0.6280694503105819, 0.23671179312060364, 0.08189605657866117
0.7408527884011644, 0.7140850797096417, 0.2575380486974856, 0.09424421851408991
0.706318853815857, 0.7686244350820451, 0.29620149381878585, 0.10020515517751236
