acuracia,loss,frr,fpr
0.05593926593983675, 2.3128284007230913
0.09840744334722301, 2.339551240268707, 0.8908850128543422, 0.4212688990067599
0.1615959815057937, 2.669791575320283, 0.8518552584390109, 0.340662423872646
0.19538786460414406, 2.141446844125231, 0.80060131308884, 0.31016845582048286
0.2569781380215766, 2.3874806852684736, 0.7573280666636764, 0.28126724778902934
0.2890575946115646, 2.0526353871730834, 0.6991633891779775, 0.22218045589509294
0.3729664935213197, 1.8021311372811135, 0.6407418265829675, 0.21490467268044872
0.439522803813003, 1.3570225873930255, 0.5891842496615388, 0.16046690880699266
0.4204007078029568, 1.5288593197576656, 0.5851434599462216, 0.18961928401213504
