acuracia,loss,frr,fpr
0.05702054794520548, 2.3126389158915166
0.10445205479452055, 2.4293566855189463, 0.8931914174091208, 0.48895329579295466
0.1523972602739726, 2.5692872677219514, 0.8304595926717027, 0.3669427081248833
0.19703196347031962, 2.476534868144009, 0.804408242093418, 0.31576641247147796
0.21381278538812784, 2.2199366325589076, 0.765887398387842, 0.3024079749329748
0.4991438356164384, 2.0382150567625756, 0.4544594717635914, 0.14336556829025246
0.3887557077625571, 1.6756945867414617, 0.6566398662431853, 0.2622634498877065
0.4656963470319635, 1.540526559148579, 0.5405078166239279, 0.1721293453311784
0.5993721461187215, 1.228867395101838, 0.3934145308701922, 0.12371895963729734
0.45365296803652966, 1.7865270199033019, 0.5867591610551602, 0.17382465216574225
0.6666095890410959, 0.9837198009735747, 0.3485513025308345, 0.11507360188421752
0.6834474885844749, 0.9577585680363487, 0.3357553128528998, 0.11104554799842858
0.5619292237442922, 1.203926837871906, 0.46240156384812336, 0.14484350573477592
0.664554794520548, 1.0006598507353959, 0.35633097863152996, 0.11714439540245555
0.5866438356164384, 1.2433938393063129, 0.4466502865745429, 0.1403305389247563
0.5771689497716895, 1.2374097681894034, 0.46143991748098406, 0.15015998507883588
0.7913812785388128, 0.6611740244943733, 0.2107306193754067, 0.08425592510731461
0.6209474885844749, 1.195287717282788, 0.35566377494740137, 0.1317400862492748
0.565068493150685, 1.3588016841116735, 0.47612838457286377, 0.15708908840188063
0.6780251141552511, 0.8383581747871837, 0.33805920674073847, 0.1150474006941669
0.7359018264840183, 0.7303696354918637, 0.26018519326111983, 0.0926194539624121
0.8297374429223744, 0.5375319482368464, 0.15825837903013468, 0.07250723484830439
0.8299657534246575, 0.5255694954521576, 0.1643283560833392, 0.07347833568582988
0.6934360730593607, 0.8282753476955966, 0.3376278486716759, 0.11291266743698347
0.846689497716895, 0.4806861727639871, 0.15693007992856986, 0.07056425374058672
0.7626712328767123, 0.6141607320671327, 0.2508776212378816, 0.0978764054336707
0.8176940639269407, 0.5073172481179601, 0.18801948702205545, 0.0759964444549123
0.8106735159817352, 0.5352358288720808, 0.19764061352559847, 0.07916237277065573
0.7662671232876712, 0.6608146339158496, 0.2506274644394378, 0.09404042188008123
