acuracia,loss,frr,fpr
0.05917564563023773, 2.3122767483683133
0.11099709252608175, 2.331639681511584, 0.8978090329037155, 0.4922472775098983
0.11099709252608175, 2.3279763039280716, 0.8978090329037155, 0.4900093774852584
0.12205689527392966, 2.2936899268799107, 0.9009320674167651, 0.46519513846545574
0.1352260418448207, 2.2918819410010824, 0.8886535471283991, 0.4724502650072074
0.212644661079756, 2.125754126508317, 0.7804596162099336, 0.34525886289638646
0.31885297303460464, 2.157434647843487, 0.6785399585033751, 0.3099762482281249
0.29023430819223534, 2.0895796126266224, 0.724511370540162, 0.26239538354596964
0.40761644147996123, 1.9009935138543745, 0.6080694212763497, 0.19855807148766683
0.4321304372612736, 1.8404604832249787, 0.5824533557866816, 0.1815885260377514
0.5056724246052107, 1.6071505553620713, 0.5161106624044995, 0.1513967155899606
0.49746308648309673, 1.607337164186329, 0.5197823056119109, 0.16035659769649693
0.48486403283735247, 1.5411527005380143, 0.5366846323574609, 0.18256473448896615
0.589305056724246, 1.330178179934202, 0.41189023202128716, 0.12965793345638138
0.6186078330767916, 1.2395602605689429, 0.38699601639928466, 0.1161405582259538
0.5861695456359387, 1.2570760319355916, 0.4118695101689317, 0.12282251452839028
0.5808676814320735, 1.1482721080246532, 0.4250466374250999, 0.1310776154113728
0.6595405051023316, 1.0514231585522609, 0.3408669881146596, 0.10797510241218791
0.6858787982441138, 0.9475151080939532, 0.31243499105588507, 0.09957272230739597
0.6782395530471467, 0.9799967214782006, 0.32045374156965495, 0.10458997562711123
0.7050339205290462, 0.8641396115761409, 0.2952379870304389, 0.09786817902000515
0.6790946924348669, 0.9065626390846658, 0.3122094872751019, 0.10558252856048041
0.7550880793569352, 0.7456110584660095, 0.22678317062173367, 0.08733610636148204
0.7665469471523858, 0.7425229295269083, 0.234322416526347, 0.08430091397069164
0.7637534918191665, 0.7419034133609356, 0.23804448023194846, 0.0869314689926146
0.7560572373296848, 0.7295251949643825, 0.24586872093254417, 0.09074709950263031
0.7419759420785588, 0.7434218097023135, 0.2664169539373427, 0.09762229057838537
0.774528248104441, 0.6637593630407588, 0.21137449494653565, 0.08284931772770614
0.7465366854797332, 0.7420285049679155, 0.24394418304219692, 0.08955997437118268
0.7460806111396158, 0.7416741344390716, 0.24286463870524078, 0.08890058597713751
0.7540049027991562, 0.7122671819962534, 0.23254834839006708, 0.08749514552072188
0.8022917735590901, 0.6337678843783472, 0.19286310974214502, 0.07598550923533975
0.7407787469357505, 0.7683463071533576, 0.25045816778429564, 0.08877883759496141
0.7933413146342854, 0.6264799664418725, 0.2025445943179799, 0.07779451969063714
0.7601619063907417, 0.6392769646758596, 0.22809921073258393, 0.08837705664168025
0.7454535089219543, 0.7034450365225875, 0.2427743395569051, 0.08827020625926214
0.7914029986887863, 0.588298423698531, 0.192944518075418, 0.07901114700426098
0.7768656290975429, 0.6010287724649153, 0.20911585804509447, 0.08385396750494924
0.7373581893848697, 0.6921931162849286, 0.2534195465453655, 0.08808998577902726
0.7448834159968075, 0.6912920792531964, 0.24518649570860174, 0.08726852302719613
0.8241833418847272, 0.6012657214750723, 0.17015184123568594, 0.07113963429491424
0.8468730403055698, 0.5646992689245202, 0.14851366163728782, 0.06677923294745283
0.8416281853942192, 0.5613794285819111, 0.15851191190539224, 0.07001371633439024
0.8227011002793455, 0.5786754159420027, 0.1763092633566564, 0.07424254741561424
0.8380365999657944, 0.5349508297171082, 0.15486081488074016, 0.06668893402475093
0.8309674476939741, 0.5593005472252722, 0.1669205041011245, 0.0706704320833064
0.8528590160196112, 0.6679314049722704, 0.14580877443176926, 0.06550567994880888
0.791973091613933, 0.6743084446849716, 0.20342885250528453, 0.0789070517129828
0.7795450658457329, 0.648589105310426, 0.20278211717908431, 0.08291896951588004
0.8235562396670657, 0.6003407464587613, 0.16980449324102764, 0.07113110021543051
0.7948805655321818, 0.7294531525622125, 0.20208346642251382, 0.08603523814669592
0.8398608973262642, 0.6470178606919997, 0.15963258705111205, 0.06778939761106866
0.7964198164300781, 0.6888336424641645, 0.2046464052086723, 0.08202902333889839
0.8266347414628584, 0.6241412863466804, 0.17261190485837902, 0.07301762172592262
0.8162590502251867, 0.6108795389557785, 0.18184513678983427, 0.07340165457163593
0.8094179351234251, 0.6020554305719994, 0.18804482819589324, 0.07593144812136483
0.8398038880337495, 0.5396035570058976, 0.1557293436241615, 0.06775587593793957
0.7780058149478365, 0.6051236526281568, 0.20403845443796287, 0.08423263646753273
0.8443076221424092, 0.5036311318826725, 0.14958323196068768, 0.06597483015741036
0.8154609201299812, 0.5693841608984835, 0.18164603518528172, 0.0738136904522294
0.8342169773673108, 0.5230299778335524, 0.16409124024704747, 0.06895102015955042
0.8433384641696596, 0.5181539519713604, 0.15577342438873487, 0.06794876242789241
0.8524599509720084, 0.4763897207591781, 0.14035287167040797, 0.06425651224441513
0.8010375691237672, 0.5550648797963981, 0.18096543547027583, 0.07668178926325765
0.8400889344963229, 0.4621235521155947, 0.14737395076104146, 0.06568875059277045
0.8501225699789066, 0.471999807868883, 0.14421963657745546, 0.06455721339227302
0.8649449860327233, 0.44928024729461497, 0.13452732316278243, 0.06402599449801392
0.8413431389316458, 0.47574185202071223, 0.15122559915114536, 0.06628907225095391
0.8657431161279289, 0.5536163544954381, 0.13268598457526704, 0.06261133332086173
0.7830226326891283, 0.6105541594961076, 0.20342060700526482, 0.08182507729453156
0.8055413032324269, 0.5644003182627738, 0.18430567008732932, 0.07502508151260047
0.8296562339661365, 0.5445330743713752, 0.16425913269270656, 0.06829473392428795
0.8316515592041502, 0.5099661805928258, 0.15375803643673458, 0.06712920894780738
0.8661991904680463, 0.48187218615787364, 0.1328428527913844, 0.06368116369839896
0.8116983068240123, 0.5241000914031282, 0.17387134535789672, 0.0709406957982086
0.8497235049313038, 0.49869169018542037, 0.14708503571876513, 0.06600220682956089
0.8833589875149649, 0.4343626807636741, 0.11503883388299897, 0.057598311668855214
0.869619748018927, 0.45346067955045116, 0.12948376709977777, 0.0630294815563947
0.8700758223590446, 0.4543089570161589, 0.12842752173509264, 0.0611542436150022
0.8209908215039051, 0.5064154960909731, 0.17013918644473253, 0.06875006342480407
0.8590730289037113, 0.4349703983469433, 0.1411734983394717, 0.06403024493111913
0.8296562339661365, 0.44886931392405777, 0.15416033045273914, 0.06800034153423966
0.8286870759933869, 0.45176748154076657, 0.15765131828718168, 0.06865104001658497
0.8559945271079186, 0.41930305166438125, 0.13366539243410794, 0.06312464891109522
0.8528020067270965, 0.4178552047917313, 0.13582259172715305, 0.06360997242236709
0.8390057579385439, 0.446328746969055, 0.14959194267535605, 0.0647849070526094
0.8136366227695114, 0.5271879716467277, 0.17029658703062217, 0.0713853659977346
0.8435665013397183, 0.5061242100931356, 0.15387536002703375, 0.06675364691527051
0.8860954335556696, 0.42634057306549855, 0.11654410135218977, 0.058985214154022844
0.838834730061, 0.44792506834363865, 0.14916014546690542, 0.0689185477453435
0.8449347243600707, 0.46637993742227146, 0.1415627312469646, 0.06313985318781179
0.8756057237329685, 0.42441031332810275, 0.12284721870420473, 0.058160864171000685
0.8746935750527336, 0.4127937715607737, 0.11971546487850603, 0.05733429642888312
0.8159740037626133, 0.4919185332009281, 0.1670968596990935, 0.07261163032380749
0.818710449803318, 0.48271508821143494, 0.1674002277365803, 0.06937064282441185
0.8387777207684852, 0.5345636806667673, 0.1447296517280753, 0.06442634702270722
0.8421412690268514, 0.5084137646818542, 0.14621161238083566, 0.0636686682409438
0.8272048343880053, 0.524972583353031, 0.1623474819936768, 0.06505896462464272
0.8666552648081637, 0.4851225493793828, 0.13593323151654949, 0.06423850600452301
0.8607262983866371, 0.49075922441007414, 0.13613512996511515, 0.06414896682291965
0.8297702525511659, 0.5060320663530345, 0.16268097743716567, 0.06734378161053475
0.11487372441707998, 2.3005396344426434, 0.8790255915784768, 0.3417614376330635
0.13596716264751155, 2.2927431867777925, 0.8757366813699673, 0.41795648482249925
0.09959523402314577, 2.2925431708382686, 0.9191153695460018, 0.4790622178370625
0.17102787754403967, 2.2800093798917116, 0.8274509584772498, 0.4472314484720121
0.2106493358417422, 2.261549598671448, 0.8222293520441601, 0.3089998246209174
0.20375121144746594, 2.1613004691556896, 0.8033991518308343, 0.4086452759649541
0.2231343709024571, 2.146865858186114, 0.7649095207669179, 0.3568732751789095
0.3903996351405279, 1.9439162204912712, 0.6208076893706264, 0.22527370071631722
0.531782680576934, 1.755249985419972, 0.5011564881268127, 0.15265624260173424
0.4741462858445927, 1.6806879330405855, 0.5392966372879683, 0.1661223196986126
0.5800125420443533, 1.5318325775785964, 0.4406698940503251, 0.13654257211676363
0.49130608289151134, 1.4529338644232481, 0.5122051065721669, 0.185348921874907
0.6341143606407844, 1.2467915036137214, 0.37837072044185066, 0.118725051071167
0.5656462003306539, 1.3041352020745116, 0.41929477794095765, 0.1456578597826891
0.6214012884100109, 1.117421499346288, 0.38442142453540434, 0.12088779269027451
0.6300096915797275, 1.0493998877250932, 0.35454305016332166, 0.11225871183374256
0.6881021606521863, 0.9717557878158046, 0.3189344546446117, 0.10405294700148117
0.5971153297987571, 1.0586323167626035, 0.4003643207843732, 0.13748999591921604
0.7103357847329115, 0.8951381659878008, 0.2797191811804138, 0.0971531086974518
0.7010432700530187, 0.8288903543404922, 0.2984049816743789, 0.0994398191214953
0.7596488227581095, 0.7347024007858657, 0.23440568912208118, 0.0903193995873433
0.7877544039678468, 0.7243921552688056, 0.22083727950293533, 0.08103809246464465
0.7217946525283622, 0.7825666920264266, 0.27534560696610383, 0.09714542508814178
0.7925431845390799, 0.6874079962034735, 0.20840299107444848, 0.07829257601784294
0.7564563023772874, 0.6900470842989118, 0.23561925568019923, 0.08530536145653869
0.8074226098854114, 0.6198081668355575, 0.18710218250256233, 0.0748591960009017
0.7852459950972008, 0.6537067892686814, 0.21548904006747674, 0.08168597998971734
0.7959637420899607, 0.593791425402055, 0.1947252014641399, 0.07750661471049984
0.8184824126332593, 0.5557249395904581, 0.1768635943834114, 0.07560465690130802
0.8349580981700017, 0.5185066735536857, 0.15773048274745174, 0.06987332535341659
0.7974459836953424, 0.5800699748398672, 0.1843697006547856, 0.07855205487931087
0.8353571632176044, 0.48945719524631787, 0.1531418113845657, 0.06709032844894038
0.8324496892993558, 0.5046081758238141, 0.16356727588668674, 0.07081392756208067
0.8085627957357049, 0.5218107280969053, 0.17623034842276725, 0.0774836587778738
0.815859985177584, 0.525556009913388, 0.1754805991181824, 0.07221188297517771
0.814947836497349, 0.5114120759760434, 0.1730285572725235, 0.07503155396053787
0.8330197822245026, 0.5128725525408273, 0.1643620347541686, 0.07003154264736727
0.8613534006042985, 0.46333213964501924, 0.1352608594687114, 0.06073567317842435
0.8567356479106094, 0.47103268050207825, 0.13772545436481295, 0.06201935194944375
0.834901088877487, 0.5034478954270207, 0.1645592458157523, 0.07101867943948166
0.8712730175018528, 0.4440572652856941, 0.1312258522142998, 0.061617111659985555
0.8355281910951485, 0.4700523072578332, 0.15593548445893973, 0.06799016359446491
0.8866655264808164, 0.3978070443089726, 0.1087266676476005, 0.05458813740137943
0.8255515649050795, 0.4917338358448897, 0.1660918481940066, 0.07264648299856427
0.8807935693518043, 0.3958532375807418, 0.11402576558064029, 0.05670580867480704
0.886722535773331, 0.37993072040197096, 0.10852791130044392, 0.05664167510036451
0.8738384356650134, 0.39204832649613003, 0.11920606424173177, 0.05858639250202219
0.8737814263724987, 0.3910505991455717, 0.115978301054591, 0.057475919936745
0.8878627216236247, 0.37447362402766743, 0.1096035058125386, 0.05546164029120204
0.8859244056781256, 0.3784281893638655, 0.11205099383613523, 0.05533314107626266
0.8802804857191723, 0.3809586255674305, 0.11367773160968557, 0.057022459663568587
0.8400889344963229, 0.43614071689687045, 0.1468387405725312, 0.06463791746855363
0.8796533835015108, 0.36694333468237017, 0.11231414774726522, 0.05589601664247292
0.8801094578416282, 0.35626129969451237, 0.11085814183908305, 0.05614511797882203
0.8980103756912377, 0.335890282852923, 0.09615784584716644, 0.05186004339044938
0.9066187788609543, 0.3231457902813923, 0.09020964672793397, 0.050762381019548934
0.9082150390513654, 0.31635815440982396, 0.08992726066522844, 0.049604804261593104
0.8997776637591928, 0.33253373149565263, 0.09802748856304362, 0.05202703143518792
0.8880907587936834, 0.3474308062832239, 0.10434496604668292, 0.054010912569873726
0.8909412234194174, 0.3445841930470087, 0.1044843082501918, 0.05578448628309357
0.8983524314463257, 0.3293755546919913, 0.09551882965912899, 0.05114453936216802
0.9043954164528818, 0.30463701226970935, 0.08947264093724913, 0.04925531287927651
0.8984094407388404, 0.31814416412515484, 0.09756631097244801, 0.05172832040412267
0.9165954050510233, 0.28138493118744107, 0.07837078611868811, 0.04609029697992788
0.8837580525625677, 0.33335636857389517, 0.10474637087735374, 0.054200975738177976
0.9006898124394276, 0.3177059866220822, 0.09872200669722876, 0.051099721015385464
0.9156832563707884, 0.27713917194243964, 0.07748748738844476, 0.046338462067059584
0.9134598939627159, 0.28111880171622433, 0.08373993790972403, 0.04872921053059809
0.9196168975543013, 0.27707932389112566, 0.07729328784979919, 0.04601147793578624
0.8966991619634, 0.2946430947572265, 0.09151545594965478, 0.0505314635898108
0.9031412120175588, 0.29925653787787093, 0.09004446938967652, 0.04896788939440661
0.8818197366170686, 0.3302482310160621, 0.10015914076331021, 0.052536713192224145
0.90559261159569, 0.28886595513636676, 0.08726987820010339, 0.048755559061672366
0.9061056952283222, 0.2816963170082492, 0.08511600220691898, 0.04820966706386551
0.9054215837181461, 0.2793241448828856, 0.08221397051887779, 0.047226907196934585
0.9195598882617867, 0.259389488936963, 0.07342246907429804, 0.04414524500134218
0.8900290747391825, 0.31231937811616234, 0.09944090182025407, 0.05112620178679885
0.889744028276609, 0.31504204284601733, 0.10087499956600852, 0.05154127774225285
0.9146000798130095, 0.25932508808693266, 0.07976982515272332, 0.04685375101807563
0.905079527963058, 0.2787341310340827, 0.08443477949477543, 0.04879876056423726
0.9153982099082151, 0.2612732871296131, 0.0789155865601187, 0.046456065722809366
0.9287383843566501, 0.23597086877383228, 0.06682090605043901, 0.04392381238768392
0.9294224958668263, 0.23869114671628322, 0.06601049269395787, 0.043854786018874437
0.9142580240579214, 0.2568757760855462, 0.07626190448880679, 0.04569120375779303
0.9257739011458868, 0.24000623707737984, 0.07198411978039877, 0.04421126886027259
0.9348953879482356, 0.22211385179618265, 0.06062128842377674, 0.040317119504094626
0.911122512969614, 0.26806663060595864, 0.08299877840515586, 0.047131132544793654
0.9077019554187332, 0.27809716466462686, 0.08581389368723379, 0.04764444500893408
0.9303916538395759, 0.23472902647756494, 0.06575997315906258, 0.04265769344201575
0.9315888489823841, 0.23036940135288983, 0.06569155797785953, 0.041604827641365576
0.9175645630237729, 0.24590801696226847, 0.07244465231818858, 0.04350885658019636
0.9181916652414344, 0.24087351924719133, 0.06762232195830264, 0.04224045910750287
0.9238925944929024, 0.24264419283987826, 0.0709712725806224, 0.0434267240799707
0.9327860441251924, 0.2198062232218873, 0.06218475899208373, 0.04064346962049151
0.919502878969272, 0.24799524080243807, 0.0752651343980507, 0.0451315768196091
0.9235505387378142, 0.24314698043801145, 0.07270537363424656, 0.04403060446415981
0.9283393193090473, 0.2297860066353585, 0.06835338153970512, 0.042775292814084404
0.921099139159683, 0.2433806240835626, 0.07056267936231786, 0.04398890899988475
0.9308477281796933, 0.22072897064533636, 0.06437098051040122, 0.041089073512048664
0.9105524200444672, 0.26645287213966085, 0.08182596291371665, 0.04616952316081532
0.9238355852003877, 0.2379815059485705, 0.07046691736917302, 0.04308671705921441
0.09834102958782281, 2.307683624105887, 0.8995231029938944, 0.4812543173090182
0.18624935864545922, 2.3296400253289264, 0.8266219396469551, 0.2549490552134384
0.15837181460578073, 2.3377647648637305, 0.8269715014151554, 0.42255379223498324
0.15785873097314862, 2.353249580549831, 0.850748991090874, 0.33328681501662033
0.11099709252608175, 2.309003129355972, 0.8978090329037155, 0.4884588089243669
0.17980730859130037, 2.2759266928850086, 0.8426552679143252, 0.3260029238083733
0.2214240921270167, 2.2803137366825115, 0.7755875014364361, 0.369007183805067
0.16367367880964598, 2.053818803945117, 0.8585124953891622, 0.38457565037252883
0.45356593124679323, 1.9374323264473718, 0.5629948085056161, 0.15900478928150089
0.2770081523288296, 1.952571228043763, 0.7290393556390518, 0.21371530153409324
0.34490621971381336, 1.8220767305341905, 0.6577976005688382, 0.2152645816769254
0.4054500883644034, 1.7729783055779396, 0.5842156185780345, 0.22625745109529546
0.557607890086084, 1.4456010674283126, 0.44982518237767843, 0.1333963545019187
0.550139672766661, 1.4837611207428343, 0.45273579949671344, 0.1451553134038417
0.630807821674933, 1.2399926150531864, 0.3802988557680582, 0.11193091413080306
0.5776751610512514, 1.2988299423308718, 0.44114496382499346, 0.12416169525880404
0.5478022917735591, 1.3700450105747324, 0.4567317270643698, 0.14191273245617894
0.617809702981586, 1.085635523337969, 0.3837266309701735, 0.1195429068671411
0.6008209338122114, 1.0944695435190417, 0.4080746453396366, 0.12105896247024249
0.6535545293882903, 1.0048419215442617, 0.3516508823489548, 0.11638960409958476
0.6266461433213614, 1.0031480421975563, 0.37922423496703567, 0.13413524318685366
0.674077874693575, 1.0285821008154539, 0.3319407385933527, 0.10792680276438713
0.7150675560116299, 0.8171730850841329, 0.277296328143988, 0.09278719777812565
0.7460806111396158, 0.8201821955244443, 0.24105699527278904, 0.09042418345893972
0.793056268171712, 0.7135002552383262, 0.20722817981218333, 0.07832050285219204
0.7402656633031184, 0.8428995407989072, 0.2535669146690471, 0.08991255166625191
0.7182600763924519, 0.8583559482369281, 0.2742190938082975, 0.09374348176508011
0.7337095946639303, 0.8054414378398101, 0.2528602456036669, 0.09353225894796573
0.6990479448150049, 0.8259603472078078, 0.2983408296892666, 0.10574124717247273
0.6729376888432814, 0.8420456451836983, 0.3235205724459125, 0.1097765293823228
0.7576534975200958, 0.7594066442573779, 0.23398035930365868, 0.08784242754563733
0.7678581608802235, 0.6833455630997916, 0.22223096945860554, 0.08333434082315483
0.7163217604469528, 0.7769953078359852, 0.2720773779339021, 0.09692157548103793
0.7818824468388347, 0.6494151162047641, 0.2068667672634307, 0.07736603796840928
0.781654409668776, 0.6378068721394304, 0.20441877059772448, 0.07997137277466927
0.7556011629895673, 0.6827791978353134, 0.23700397933541562, 0.08695188726604403
0.7780628242403512, 0.6269509038237994, 0.21013068342837238, 0.07971182959320636
0.7435722022689698, 0.7244405628463764, 0.2456380064522773, 0.09111690220152752
0.7838207627843339, 0.6009696747962832, 0.20427896306662074, 0.07784006791408132
0.7228208197936263, 0.6943953486131463, 0.26960073819213015, 0.10328693248250319
0.7803431959409384, 0.6043753093541516, 0.21010022810828474, 0.08228477283333253
0.794481500484579, 0.5695579877132143, 0.19493422344236042, 0.07699234079382788
0.8071945727153526, 0.5413577578595686, 0.18183048278230782, 0.07479083988481318
0.8382646371358532, 0.5097811722564375, 0.15490707715715268, 0.06738072788695874
0.8059973775725443, 0.5326409729045148, 0.17994379583840953, 0.0734986001072287
0.7900917849609487, 0.5638256363488289, 0.19734633700697277, 0.07787598703725744
0.7955646770423579, 0.5522727458236583, 0.19075325456730546, 0.07533589250351534
0.8130095205518499, 0.5164404488963873, 0.17690741691384548, 0.07193008637796092
0.8529730346046406, 0.47383359029493183, 0.1433323755729336, 0.06267698246997638
0.7986431788381506, 0.5447453301150191, 0.18614719745807776, 0.07488841499236376
0.8524599509720084, 0.46140890370114224, 0.1408874026644114, 0.06431432662822059
0.8278889458981814, 0.46629792199993664, 0.15912287171030817, 0.07002153555541564
0.8609543355566958, 0.431059504230297, 0.13307736287016533, 0.06269888284565169
0.8264067042927997, 0.48376560785839684, 0.16659193828749808, 0.0688860715998065
0.8260076392451969, 0.47423579180673686, 0.1615509752537292, 0.06832797114081447
0.8355281910951485, 0.4520265017985214, 0.1510068254761798, 0.06788205545191796
0.8660281625905023, 0.4380250723929545, 0.12848407037547374, 0.06186723967399819
0.8671683484407958, 0.4225845068204855, 0.12515612349473063, 0.05953848309806094
0.8679664785360014, 0.4048856163994069, 0.12443511597513951, 0.06044854592878531
0.8591870474887406, 0.4158321876344792, 0.13238646756058206, 0.06379169980513155
0.8713300267943674, 0.41727422288462807, 0.12405563962868425, 0.05899886961150039
0.8890029074739183, 0.37334714746392184, 0.10814353123305358, 0.0557394581191294
0.8780571233110998, 0.38382476277500316, 0.11652577750407113, 0.0578905426997807
0.8619805028219599, 0.4047354957214183, 0.12605423424234913, 0.061133532663171064
0.8913972977595348, 0.3674525522233868, 0.1095162665027193, 0.05664536616950981
0.8866655264808164, 0.36285568944552676, 0.10731853495206295, 0.05482099335167005
0.8761758166581153, 0.3700061504697289, 0.11539248481131599, 0.058601354895091246
0.9078729832962773, 0.32123435008113455, 0.08980338731311997, 0.052872221208407594
0.890827204834388, 0.35327740594966534, 0.10574572054233482, 0.05674743921326212
0.8839860897326264, 0.3660509527750413, 0.10951214247221831, 0.05693044410472626
0.857533778005815, 0.38832765676165837, 0.131584817856294, 0.06442639561958385
0.8490393934211277, 0.401928047708802, 0.13748551223300207, 0.06381307129133601
0.8494384584687305, 0.40905736056915964, 0.1314333053772336, 0.06311122037094556
0.9076449461262186, 0.30866646020819744, 0.0872010500426561, 0.0498340586628745
0.9064477509834103, 0.3081490458125993, 0.0861639185227369, 0.05120866992591193
0.903483267772647, 0.32695392469805057, 0.095178713068971, 0.052498989680800835
0.8799954392565988, 0.35691900021334405, 0.10963662083493447, 0.05656311761213836
0.8900290747391825, 0.34344441143438065, 0.10131901113268917, 0.05289442345356398
0.8650590046177526, 0.37143370167798756, 0.11825123724119482, 0.0593155220953198
0.8657431161279289, 0.3665670616203193, 0.11860726341834756, 0.05863579024360084
0.903996351405279, 0.32087990265696587, 0.09342419523825934, 0.05146221826541994
0.9040533606977937, 0.30873899444437214, 0.09191304028740577, 0.05023448389910505
0.9047944815004846, 0.3146975030288458, 0.09506057541731215, 0.05245595051641727
0.9128898010375691, 0.2969616858354194, 0.0866492374938283, 0.049447222412371435
0.9160253121258766, 0.29187725227224137, 0.08243908028178755, 0.048676535665410886
0.8975543013511202, 0.31958787198418376, 0.09725659141112086, 0.0533025602755372
0.9018299982897212, 0.30009510918195537, 0.0904130184427097, 0.04975140895460758
0.8810786158143777, 0.33443000555478153, 0.10900716996103733, 0.05567512681380285
0.890998232711932, 0.322494836251262, 0.09762616172574559, 0.05221441302872364
0.8974402827660909, 0.3122519499965122, 0.09426240781047777, 0.04997393049178167
0.8726982498147198, 0.34941854014028445, 0.11277812648930813, 0.05528487636079697
0.9012028960720597, 0.30829422560305514, 0.0952042064010053, 0.05067196681981292
0.9187047488740665, 0.2671834533477024, 0.07606306330243931, 0.04735165741888521
0.9150561541531269, 0.27121047187089325, 0.08145038189922447, 0.04877892946849625
0.912718773160025, 0.28350438206921386, 0.08194769337139142, 0.047508587056104876
0.9035972863576763, 0.288256843512172, 0.08896619376704938, 0.049999416689715304
0.8904851490792999, 0.31839247027897394, 0.10082928310693423, 0.052552759550936835
0.9148851262755829, 0.2702198898206743, 0.0784132500969076, 0.046455063511579124
0.9177926001938316, 0.2731353232204686, 0.07695256511555293, 0.04639498914250097
0.9041673792828231, 0.29095217179065475, 0.08784648511895181, 0.049238975856326625
0.8614104098968132, 0.3705984969234287, 0.11840027231491551, 0.0605057700161785
0.09822701100279345, 2.303821693185213, 0.9037452194195386, 0.4638459070032177
0.11208026908386066, 2.3216551323857466, 0.8962141558856471, 0.47276564834162044
0.24992873838435664, 2.293284828283246, 0.7515692259359997, 0.2404185063771861
0.1619063907416909, 2.285201436172128, 0.8431488406495905, 0.3013661697465631
0.2239895102901773, 2.311230732209258, 0.7862125183252325, 0.33085850362398406
0.17809702981585998, 2.3196529799438474, 0.8412792044214771, 0.30844163213824244
0.27518385496835984, 2.141148650702617, 0.7496747937389615, 0.29819409306745237
0.46684909640271366, 2.0020087611056145, 0.5428775797340522, 0.1739901341392367
0.41844820705775043, 1.9496862454816966, 0.5927745159194218, 0.1828035139308053
0.45003135511088305, 1.795300285194763, 0.5450008607490928, 0.18321264315081132
0.4525967732740437, 1.7130697273428563, 0.5539862299657458, 0.15776159225953182
0.5849153412006157, 1.550264922885529, 0.4214369200277954, 0.1450821389908504
0.5047032666324611, 1.5181801063625293, 0.49583927191648725, 0.15661417739411754
0.49199019440168745, 1.5232887716209846, 0.5077900721812157, 0.15279880570765092
0.527164927883245, 1.3929608731010976, 0.4779064485370618, 0.14502425591030002
0.6242517530357449, 1.3011332746217328, 0.3779994990831225, 0.1203462130592607
0.6418106151302663, 1.1455077452557598, 0.3715201229377862, 0.11161121970612406
0.6268741804914201, 1.140519389041568, 0.3793200775458218, 0.12500581623494392
0.6674647967618722, 0.9965111065814591, 0.33655633556597647, 0.10993033670994112
0.6163274613762043, 1.0747341624593902, 0.3903672015280091, 0.13282875040641254
0.6077190582064876, 1.145324563913289, 0.3924199846135613, 0.12889695149109007
0.6329741747904909, 0.9807186675026013, 0.37305054979007884, 0.1271724933245855
0.742831081466279, 0.8419687904572125, 0.2724627593726449, 0.0934296481716522
0.736788096459723, 0.8519648283394656, 0.27276845781396686, 0.1014124188113944
0.7200843737529218, 0.7897624915726829, 0.2867592231649611, 0.09884439542687971
0.7467077133572773, 0.7470499544659989, 0.26481860956977965, 0.09686581230611895
0.6828573057408358, 0.808192371360868, 0.3197950033745914, 0.11394949258407806
0.7391254774528249, 0.7147260909835507, 0.24994318325592474, 0.09370408845576197
0.8005814947836497, 0.6301791214421145, 0.20153090333288504, 0.0786664693875333
0.7807422609885412, 0.6353401309235517, 0.20404626107884177, 0.08355940415728043
0.7622712502137848, 0.6706377343908277, 0.22408155150744655, 0.08534850085085624
0.7939684168519469, 0.5909710921951139, 0.19907336512588988, 0.0782001347522824
0.8029188757767516, 0.6057610945872417, 0.1993101575956342, 0.07889115358053228
0.8153469015449518, 0.5932733384558595, 0.1906373057364049, 0.07759670930418681
0.7920301009064478, 0.6028387809301783, 0.2151416286665724, 0.08401216883398926
0.8268057693404025, 0.5666092962601499, 0.17237773705675774, 0.07325380792207993
0.7058320506242518, 0.7160551514874265, 0.28987561588094185, 0.11102265418878077
0.7489310757653498, 0.6329019960607162, 0.24850120047040647, 0.09689451281906634
0.808733823613249, 0.5539964712039337, 0.1944258360752047, 0.07931129054620847
0.8163160595177014, 0.5479207711636511, 0.1910646026927283, 0.07805417713823544
0.8503506071489653, 0.49426702102377046, 0.1506029632606917, 0.06500016555204317
0.797502992987857, 0.5555703648856676, 0.19977670825553986, 0.07679163860409102
0.8494954677612451, 0.49017798871557827, 0.15375249594122742, 0.06487048194746713
0.8499515421013625, 0.48371850074163275, 0.15468474214906364, 0.06760829179708644
0.8440225756798359, 0.5061725217494986, 0.15890705753200918, 0.06789771910122916
0.834559033122399, 0.4906151791506009, 0.15764332457146693, 0.06845207213684018
0.8196225984835528, 0.5150839595531914, 0.17480674539287938, 0.07149241087087053
0.8712730175018528, 0.4374387007058599, 0.12909494935374505, 0.06187613297958579
0.866427227638105, 0.43881727566872597, 0.12877248206719566, 0.06257211654146355
0.8569636850806681, 0.4542736701367885, 0.13884766363936413, 0.06543555322571035
0.8505216350265093, 0.47003385116785323, 0.14808559344525501, 0.06812417927888945
0.8902571119092412, 0.3918196459191283, 0.11178529302111452, 0.05765440433133397
0.8563365828630066, 0.44800280125542613, 0.14039098704600964, 0.06435015992590487
0.8643748931075765, 0.43566784808766545, 0.13675055452956297, 0.06606163315484295
0.8917963628071376, 0.4131797824545439, 0.10747501984664766, 0.05580893290378941
0.8529160253121258, 0.4403645651216737, 0.1364155716678028, 0.06431257391774228
0.8446496778974973, 0.45769858221693843, 0.14347775183523928, 0.06331365271653903
0.8392337951086027, 0.46185398775097486, 0.1507401935928817, 0.06589794099373521
0.8581608802234765, 0.4418465353248917, 0.1396776253979622, 0.06283714714890819
0.8752066586853657, 0.43341179922610995, 0.12660270491082842, 0.062022064566015674
0.870702924576706, 0.4379895587668539, 0.1302892482163848, 0.062154248208670736
0.8832449689299355, 0.40499717025488535, 0.11746068049581875, 0.05947160794564971
0.8153469015449518, 0.5175325772335866, 0.19082545236409454, 0.08737120524704435
0.8813066529844364, 0.4034330013532655, 0.12195768349074011, 0.06082115105671404
0.8956729946981358, 0.3683188318916397, 0.10563523670127234, 0.054811993122265396
0.897782338521179, 0.3567269664591076, 0.09861742610684913, 0.05417884273061605
0.8750356308078217, 0.4087604231040344, 0.12114540217841743, 0.06011608018238803
0.8948178553104156, 0.3644660391912663, 0.10642071732177652, 0.055856313890781904
0.8617524656519012, 0.39872041845007516, 0.12899394595544744, 0.05959248280365467
0.8263496950002851, 0.4899020516945, 0.1628405912529678, 0.0682763593717657
0.8461319195028789, 0.4405979990084868, 0.14195554062287669, 0.062108724522702434
0.8614674191893279, 0.41592466535073935, 0.12912683118172608, 0.06003579750420322
0.8643748931075765, 0.4213522658407536, 0.13259445303417142, 0.06241682098312259
0.8439655663873211, 0.45383273298836696, 0.14093576941281988, 0.06386634758374943
0.8769739467533207, 0.377642923723875, 0.11475977156810734, 0.056721422416745895
0.850749672196568, 0.42219013319131554, 0.13782628518550144, 0.06340595476796942
0.8514337837067442, 0.42919167273335534, 0.13839263782047706, 0.06110284855335369
0.8741804914201015, 0.36848042853210894, 0.11340026885742997, 0.05667230335196022
0.8757767516105125, 0.3710500890096291, 0.11411426404299439, 0.0574164972455668
0.893506641582578, 0.3351932955038982, 0.0975557387205386, 0.051799997113412106
0.9133458753776865, 0.319296386009225, 0.08692479514449161, 0.05171100038227969
0.9051935465480874, 0.3325857497904836, 0.09410947031677408, 0.050818439996561215
0.9071888717861011, 0.3184191076280543, 0.08791188650336995, 0.05036007026628228
0.8935636508750926, 0.3292319244453795, 0.09799349179677319, 0.05159967080456788
0.9037113049427057, 0.34261043705106703, 0.09559566598849752, 0.05402601994874221
0.903996351405279, 0.34680420023654074, 0.09636290040119955, 0.05221478151373099
0.8950458924804743, 0.3537111922652415, 0.10351662322312258, 0.05436959739717755
0.8997776637591928, 0.3497914037440158, 0.10134480097267692, 0.05419596532627345
0.8461889287953936, 0.44413177068188353, 0.15270937926993633, 0.0686134151632967
0.9061627045208369, 0.3243106232275811, 0.09211516134573446, 0.05360585527427
0.9144860612279802, 0.30715245513824013, 0.08290345392101502, 0.0488661875402113
0.9074739182486745, 0.3215338129008434, 0.08946869275980625, 0.05094563600721869
0.8589020010261673, 0.39695754100298714, 0.1291959092137106, 0.06020518468638449
0.892594492902343, 0.330297472982045, 0.09875853737343489, 0.05234459483617295
0.890998232711932, 0.3348381082014, 0.10242994117228944, 0.05228654517852295
0.9021150447522946, 0.3169297264260495, 0.09349395859470032, 0.05084887989613433
0.9000057009292515, 0.30751561403675093, 0.0913064861049594, 0.04967606198729171
0.909697280656747, 0.30042509871775147, 0.08468879244278903, 0.048756428866190984
0.8839860897326264, 0.35704357719587126, 0.11148405160667568, 0.055673228264151824
0.883530015392509, 0.3460758297192858, 0.10963595597200176, 0.05544812835520159
0.8839860897326264, 0.3414617267305646, 0.10426051990700361, 0.05366360977249346
0.13545407901487944, 2.3053440152358506, 0.8678841880862366, 0.26564438271380425
0.10307280086654125, 2.3207194234142214, 0.8813943398529506, 0.47711590166422235
0.11310643634912491, 2.3229162049642835, 0.8674712061492477, 0.4713828013568972
0.1547802291773559, 2.1956197404853297, 0.8429681387200259, 0.43590798458283375
0.3322501567755544, 2.2405400057555562, 0.6746538867951215, 0.24619429691394168
0.2894931873895445, 2.093795468764949, 0.7202313478904857, 0.2560974257276254
0.3613248959580412, 2.009425190694451, 0.6536403683907688, 0.22630693502891247
0.4508864944986033, 1.7256932662528432, 0.5648875329133309, 0.18216808191981815
0.5066415825779602, 1.6183625472855332, 0.5044504960013406, 0.1543737485687888
0.5211219428766889, 1.6387471709370471, 0.46701498834804445, 0.16414741413535608
0.5439256598825608, 1.453774931992713, 0.46253671284250764, 0.16223506666178342
0.6517302320278205, 1.2979695688977522, 0.3497188671953068, 0.11588523086564212
0.6263610968587879, 1.1807800267403756, 0.37710731626309735, 0.12078868188485828
0.6175816658115273, 1.15845350591886, 0.35849687569065203, 0.12156094512573234
0.662162932558007, 1.0432541521688625, 0.3359115919705157, 0.1078496912006598
0.6936320620261103, 0.951033863431881, 0.3033624754575122, 0.10402671984927805
0.7524086426087452, 0.8937164322072727, 0.23552352713317795, 0.08798400048137872
0.7215666153583034, 0.9094117288054825, 0.26710549800190686, 0.09816370355684001
0.7554301351120233, 0.7872429895974247, 0.22898935976856016, 0.08987801054202446
0.7575964882275811, 0.7657013932553272, 0.24687253646123097, 0.08774264709205391
0.7302890371130494, 0.7885694467136549, 0.26225375849302945, 0.08963812281921343
0.7422609885411322, 0.7459382356166947, 0.252454148841589, 0.09069713030067529
0.7817684282538053, 0.6380813759302176, 0.20401987138402397, 0.08275184711812322
0.7461946297246451, 0.7658075036746599, 0.24915115298519777, 0.08834726464104559
0.7936833703893734, 0.620728501760892, 0.20192832420663406, 0.076340616329804
0.7943674818995496, 0.5934278872515545, 0.19499997136441163, 0.07622932648137708
0.7655207798871216, 0.6517856842067568, 0.22141690727034494, 0.08304910375493087
0.7841628185394219, 0.6154508424853695, 0.20115727203926764, 0.08119769079870232
0.7936263610968588, 0.5726971855178113, 0.1903500246831799, 0.0749067538602168
0.7990422438857534, 0.5558537815393634, 0.1894318015073039, 0.07618671076428042
0.7988712160082093, 0.5562631859274765, 0.1838624416908305, 0.0770000833592837
0.8086198050282196, 0.5474891783186966, 0.17584484697185096, 0.0717659932493233
0.8050282195997948, 0.545891258277419, 0.17611266860037567, 0.07829325272092652
0.809988028048572, 0.5080895532935295, 0.1740937001902835, 0.072851677275701
0.8409440738840431, 0.47333417863895494, 0.15395128244983727, 0.06727741764298992
0.8249814719799328, 0.4908502735688664, 0.1628238972516298, 0.069834659458974
0.8205917564563023, 0.4846369806958448, 0.16624205994153374, 0.07086173190045786
0.8078786842255288, 0.5301303474398832, 0.1746700394857083, 0.07236538883196979
0.8510347186591415, 0.4320999612367751, 0.13627781952720933, 0.06401181160645007
0.84772817969329, 0.4437686058584163, 0.1417032847449127, 0.06360612198133292
0.8319936149592384, 0.4565193655872889, 0.15421017774064605, 0.06696889740753646
0.8417422039792486, 0.44180611664905084, 0.15019930911707297, 0.06521338205595509
0.8410010831765578, 0.4484966969516577, 0.14952936849029697, 0.06655110660437369
0.8128384926743059, 0.4932860935979182, 0.1698317140389338, 0.07225259611443975
0.8164870873952454, 0.49820603104183475, 0.16553057267774907, 0.06752779207494
0.8619805028219599, 0.39295127426114734, 0.12764108086304055, 0.06193785532049854
0.8862094521406989, 0.37821751642396906, 0.11415044817622653, 0.05711069215817846
0.8790832905763639, 0.3871897512269405, 0.11742300922366627, 0.05814321055828243
0.8551393877201984, 0.41162381522306707, 0.1381996041198469, 0.061627837579397056
0.8624365771620774, 0.3855898614389884, 0.12432302963887105, 0.05942164090573491
0.8945898181403569, 0.3599470320974452, 0.10554406054170284, 0.05674572446125046
0.872128156889573, 0.3708084708815287, 0.11897562211944444, 0.05844481171752413
0.8235562396670657, 0.4684337189422205, 0.15736429276930922, 0.06702001439741828
0.8111852231913802, 0.5069450042428172, 0.1717580662287793, 0.07063704106378113
0.8557664899378599, 0.39620312577655065, 0.13408237782000695, 0.06026442851695129
0.8553674248902571, 0.3881687666720632, 0.13209425935310434, 0.06038168787529518
0.8905991676643293, 0.3328810328768134, 0.09945466851211783, 0.0528216147570717
0.8623795678695627, 0.37557254510905363, 0.12047191620764057, 0.059288170964722255
0.844706687190012, 0.4083661113283819, 0.1411975798184572, 0.06261664326365012
0.8954449575280771, 0.3295993010039083, 0.09916724019193074, 0.05336578084777459
0.8902001026167266, 0.33963025548745374, 0.10278583951025551, 0.05288825762160458
0.8955589761131064, 0.3173698678504802, 0.09495283530180751, 0.051517902227134905
0.8908842141269027, 0.3266582679990814, 0.09943491768610128, 0.05216842612706494
0.9005757938543982, 0.32302817888364116, 0.09500868052949356, 0.05135192177243875
0.8748646029302777, 0.3565910529559472, 0.11255394000254013, 0.055313831799286735
0.873382361324896, 0.3499545238584024, 0.11552431293200816, 0.054609255628929085
0.9040533606977937, 0.3021917401451374, 0.09209676637858993, 0.05121195608584043
0.8639758280599737, 0.3597157035471549, 0.11952118141506549, 0.05823224019051427
0.906675788153469, 0.2930453411998259, 0.08661754965845288, 0.049790983717520054
0.8984664500313551, 0.31837937376226133, 0.09781169321617661, 0.051632879593961845
0.8831309503449062, 0.3332135236167085, 0.10648671758229136, 0.053705072953319714
0.8974972920586055, 0.31732770649013914, 0.09391756890827983, 0.05047133177484952
0.9088991505615416, 0.28791113665640977, 0.08757898047100132, 0.0499832348788906
0.9057066301807195, 0.28347615433416457, 0.08735404715930307, 0.049281022424639304
0.8915113163445642, 0.30835095991616607, 0.09852919427870813, 0.05216572675737544
0.8560515364004333, 0.37663131134711864, 0.13402757057710393, 0.06029140906061623
0.9104384014594379, 0.30346343953204746, 0.08625186991181778, 0.048663308467831824
0.9074739182486745, 0.3113867152873322, 0.0944000982659633, 0.05166818680301941
0.903825323527735, 0.31279676439513665, 0.09213890703174002, 0.04951491650592255
0.8937916880451514, 0.315777793937239, 0.09943021068074837, 0.05152720034044476
0.9000627102217661, 0.3007977031725146, 0.08923150903137823, 0.04941007297387816
0.895273929650533, 0.3221371048928281, 0.09761189327943737, 0.051636747708158
0.9069038253235278, 0.3679520963714483, 0.08930190098955443, 0.05057466386258963
0.9040533606977937, 0.35963908729252975, 0.09239209708038722, 0.05116125755760171
0.9196168975543013, 0.31672073457847527, 0.07548272468933356, 0.04588926996237015
0.8787982441137906, 0.36229348639807296, 0.11205524319337379, 0.05541101148023895
0.8658571347129582, 0.38971106563809194, 0.12269756051917735, 0.057867115728947975
0.8930505672424606, 0.32802383601376134, 0.09664347745612031, 0.049836545206166656
0.8950458924804743, 0.3328761465598455, 0.09806428290617587, 0.05080889221406555
0.9048514907929993, 0.3238576884173822, 0.09356659693096363, 0.0518585420868877
0.9156832563707884, 0.2940680742501277, 0.0778932490606903, 0.04584730917652311
0.8726982498147198, 0.3537550713318435, 0.11532613868238602, 0.053219464981192594
0.8538851832848754, 0.39235438675388756, 0.13001355723387104, 0.05728072533992603
0.8459608916253349, 0.4169023060979385, 0.13740061903317366, 0.058700690246026685
0.867852459950972, 0.3562941654386793, 0.11844891186205128, 0.055730353040011685
0.8661421811755317, 0.35656678478206566, 0.12223549092083723, 0.057212128902904086
0.9099823271193205, 0.2851696929222274, 0.0807350881397218, 0.04629869647676097
0.9053075651331167, 0.28226152701346446, 0.08339302574139999, 0.047334816677247316
0.9119206430648196, 0.2857863374236571, 0.08012131704044669, 0.046423627838386085
0.9192178325066986, 0.2709328673283031, 0.07706694831130287, 0.04756252098986633
0.9077019554187332, 0.2838717025656592, 0.08328815247103119, 0.04708107839466381
0.09537654637705946, 2.305257418416502, 0.8957862973687587, 0.45892140854147806
0.08847842198278319, 2.3434025614775815, 0.9245640967208597, 0.491327080328134
0.08847842198278319, 2.328318281705428, 0.9245640967208597, 0.4874646901886878
0.19177926001938317, 2.4110194695090343, 0.8126885284362505, 0.3104513943854657
0.159569009748589, 2.374469853923609, 0.8569528578139274, 0.421209206642092
0.3610968587879824, 2.199594973770258, 0.6608375047630538, 0.2018119134924656
0.35117724189042815, 2.1271917041082977, 0.6769849697014609, 0.21752010697518606
0.42677156376489367, 1.9396693519145705, 0.5738992276236465, 0.19954356113760635
0.40242859586112534, 1.8623840741009976, 0.6171195022542676, 0.2279486263253664
0.4552762100222336, 1.8528122355702, 0.5435806263563836, 0.1729128390855186
0.4171369933299128, 1.7140997352594525, 0.5934498297164609, 0.19423090299275395
0.5329228664272276, 1.423122244266119, 0.48275676197732276, 0.1384666875382995
0.5335499686448891, 1.4409151940341753, 0.4728011103308236, 0.13755086140740752
0.6178667122741007, 1.2402748873657052, 0.3998008166877057, 0.11461046771684458
0.5770480588335899, 1.243174814952289, 0.4328748090181975, 0.1295733130660652
0.5584630294738042, 1.2641963027954972, 0.44773649282063316, 0.13497869301692828
0.6507040647625563, 1.0856813779545174, 0.35499598843281027, 0.11229907532073734
0.6330311840830055, 1.1238938463944936, 0.3907563637183033, 0.1276253093817566
0.6861068354141725, 1.0480754264423258, 0.33111650110039365, 0.1067487301196953
0.6338293141782111, 1.003279159324983, 0.37953135628188145, 0.11354327260350697
0.6822872128156889, 0.9029821695842826, 0.31717009443376676, 0.10307869761244876
0.6554358360412748, 0.9518291112429471, 0.34711835917899103, 0.10994234043992607
0.7400376261330597, 0.7787615430863246, 0.252445481990821, 0.09196824822424281
0.7458525739695571, 0.7601393611517533, 0.2540880861606996, 0.09070566354233608
0.7878684225528761, 0.7298426821161664, 0.2132175113389312, 0.07936331737572128
0.8143207342796875, 0.676988139331785, 0.1895154621980459, 0.07519773416189796
0.6895273929650533, 0.8548406874943097, 0.29950094367750657, 0.10236925155702079
0.6817171198905422, 0.8276387365322206, 0.31565188238209774, 0.10597068350517005
0.7738441365942649, 0.6493278703670494, 0.21823574820419153, 0.08080437519890861
0.827774927313152, 0.6070569947924583, 0.1726852685143177, 0.0718933093765718
0.8052562567698535, 0.6389612155271142, 0.20004834300730637, 0.07894965555621715
0.7936833703893734, 0.626449187209663, 0.20766102341420875, 0.07868874538376204
0.7977880394504304, 0.6317949090336552, 0.19503696528203096, 0.07729671431857761
0.8051992474773388, 0.5674997986166956, 0.18404255709545211, 0.0737475416012538
0.7915740265663304, 0.6010270059558122, 0.19831035657362509, 0.07584216143247201
0.7708226440909869, 0.6363790323106704, 0.21439067458752864, 0.07828193897563068
0.8414001482241605, 0.5712202635934736, 0.15011834672101926, 0.06490956886127057
0.8026338293141783, 0.6093378240619249, 0.18989560729146276, 0.07525733018204087
0.8377515535032211, 0.5678318275361359, 0.16073130302790806, 0.06661082782224055
0.8364973490678981, 0.5652682341203679, 0.166558589774478, 0.06916339596586207
0.7886665526480816, 0.5963970872098203, 0.20390760912010897, 0.0773650039351806
0.8082777492731316, 0.5563556945235892, 0.18508210177158424, 0.07349344088614257
0.8313095034490622, 0.5318151848278285, 0.16583267659957265, 0.06927166954016159
0.7921441194914771, 0.6131556019293944, 0.2150551907468764, 0.08341350854480564
0.8328487543469586, 0.5331486768478839, 0.1662492067966649, 0.06842218852729832
0.8570777036656975, 0.48689463730761523, 0.14572287486780028, 0.06373165091484527
0.8680804971210307, 0.45836723732925194, 0.13423973673555079, 0.061256671998576116
0.8038310244569865, 0.5443306458833433, 0.18815044073374027, 0.07253703778905303
0.8364403397753833, 0.4960981942026755, 0.16118701912786013, 0.06801985658896767
0.8708169431617354, 0.4338096937024934, 0.12671120675299455, 0.059736330343679214
0.8742945100051308, 0.43572668742771187, 0.12444300864959948, 0.05891902609982049
0.8542842483324782, 0.44624329813833086, 0.13729007076327038, 0.06412167219743162
0.8620375121144747, 0.42987359681599396, 0.12884493308260142, 0.05976545378892228
0.8331908101020467, 0.4676527216581137, 0.15224089097003035, 0.06887958933100713
0.8762898352431446, 0.403631763381015, 0.11884546727530289, 0.057879482021762296
0.8817057180320392, 0.3895401565093528, 0.11447727882255729, 0.05719976660391236
0.8638048001824298, 0.4784383050839144, 0.12763938144558037, 0.06058330848145468
0.8482982726184368, 0.48046683072134855, 0.1420661314071724, 0.0647911867595385
0.8381506185508237, 0.49507528742495305, 0.1532916845745621, 0.066748988723861
0.8093039165383957, 0.5184394090807155, 0.17939016473608074, 0.07167082317738487
0.8647169488626646, 0.42993398713845177, 0.1251384541631033, 0.05874079871863873
0.8825608574197594, 0.41016427742542544, 0.11615074744840438, 0.0582840369540363
0.8706459152841913, 0.43364858057036243, 0.12467934404691665, 0.058979898254794355
0.8821617923721566, 0.3907588135838293, 0.11177877730862275, 0.05502686767443788
0.8742945100051308, 0.403052535073046, 0.1173436849926748, 0.05769178305715348
0.8597571404138875, 0.42796357685960645, 0.13343315261070235, 0.06074868778782475
0.8869505729433897, 0.37602146787657964, 0.10884979913465377, 0.05428537759662789
0.8933926229975486, 0.36303635777063087, 0.10522579709047002, 0.05434189848749063
0.8900860840316972, 0.36976234770743815, 0.10878745109237982, 0.055477218193140984
0.886722535773331, 0.3608041498043375, 0.10782335648753039, 0.055212769953078195
0.8667122741006784, 0.3768502298778398, 0.1177269767096557, 0.05804511307648
0.8543412576249929, 0.3981309413128195, 0.12944081727668755, 0.05940830717074223
0.8613534006042985, 0.3922722598904258, 0.12358323090030499, 0.0572128577715241
0.8417992132717633, 0.43625393724754974, 0.14035922119002353, 0.06342291278668545
0.8305683826463713, 0.46033724396929765, 0.15152360637934062, 0.06534118443484281
0.8809075879368337, 0.3538957084312345, 0.1108508625820747, 0.05574108776433304
0.8721851661820876, 0.35582863225282624, 0.11348844087567117, 0.05545101955629834
0.8957300039906505, 0.332514392002939, 0.09776979550020638, 0.050873041897715555
0.9019440168747506, 0.31452595607353656, 0.09185059423447499, 0.05060622206804261
0.8900290747391825, 0.33841298726078795, 0.10352443752702227, 0.05259832002435208
0.8982384128612964, 0.32151680379882924, 0.09675419654388982, 0.05081307805708705
0.9131178382076278, 0.288455574363366, 0.08330414353097172, 0.04839052919383132
0.8872926286984778, 0.318418766805339, 0.0988916199047241, 0.05190623411814882
0.9042243885753378, 0.2937442756316992, 0.08866347376822535, 0.049457619389505464
0.916823442221082, 0.28029025593958373, 0.08261812338357041, 0.048637665805503605
0.9123197081124224, 0.28931839681344584, 0.0838032762464312, 0.047998288779428855
0.9070178439085571, 0.2864948037955403, 0.09016555967087811, 0.04921916447022496
0.902229063337324, 0.31284749715157967, 0.09127294189512065, 0.050706042714345874
0.8788552534063052, 0.35267528381306784, 0.1123758720902298, 0.054530184110773865
0.8802234764266575, 0.3482523209662536, 0.10717198336316981, 0.05387438355262178
0.8841001083176557, 0.33414487552930866, 0.10465957149877225, 0.052694011491342396
0.9004617752693689, 0.30337596222508006, 0.08798439275379354, 0.04880272648007888
0.8856393592155521, 0.33792351863755116, 0.10314826624709533, 0.05204956185667713
0.9081580297588507, 0.3072422491034652, 0.08771256623746691, 0.04930113059080006
0.8984664500313551, 0.3032880773132479, 0.09222335430098222, 0.049383235987263616
0.9215552134998005, 0.26319483726554094, 0.07658867908110793, 0.0461207542052198
0.8999486916367367, 0.3120254838246803, 0.09178329195427645, 0.049341623413719934
0.8925374836098284, 0.3144528225332263, 0.09814661882016158, 0.051247149742886675
0.8986374779088991, 0.304529133194995, 0.09358321338159796, 0.049964587746438374
0.9050225186705433, 0.2931527435005175, 0.09028586129668385, 0.04982085628587817
0.882617866712274, 0.3239180239309178, 0.10768256104989876, 0.05301661521831111
0.11196625049883131, 2.306049119093475, 0.8988474811387073, 0.32977553543857935
0.11099709252608175, 2.295084752206567, 0.8978090329037155, 0.48863447611863864
0.11099709252608175, 2.3435720108531437, 0.8978090329037155, 0.48769239547556487
0.11099709252608175, 2.3681787996422328, 0.8978090329037155, 0.49241467623791524
0.11099709252608175, 2.3820180730519045, 0.8978090329037155, 0.4912364948098823
0.20306709993728977, 2.260435767717722, 0.8072945076972932, 0.28796342295248656
0.12462231343709025, 2.2445609447662633, 0.885433134134516, 0.3935200317634534
0.10609429336981928, 2.188389881892308, 0.9043659457418388, 0.475313947669601
0.3254660509663075, 2.1199340258755943, 0.6663087698096132, 0.2712692610394587
0.2706801208597001, 2.00009982208625, 0.7348006446377208, 0.2537509353839578
0.3657146114816715, 1.766039540496032, 0.6425621920162048, 0.19773326657672669
0.4237500712616156, 1.7112882894462085, 0.5801003424414243, 0.18832820718634305
0.48777150675560116, 1.5571823259682307, 0.5174894425887646, 0.1595888423842595
0.4945556125648481, 1.6888916478768143, 0.5177514929842953, 0.16451290455159198
0.4919331851091728, 1.5984550067102288, 0.5201239711942768, 0.15868839168992743
0.5806966535545294, 1.4849977998809365, 0.4333975442415155, 0.13150138771193157
0.5556125648480702, 1.473831606060088, 0.44643245592772574, 0.13460601813434603
0.40465195826919786, 1.6297703813104167, 0.601349411752384, 0.1803345729257498
0.40128841001083176, 1.5833628721903465, 0.6027118755367809, 0.21906480173625423
0.512570548999487, 1.4459643707084557, 0.48421379100794, 0.15069948288229018
0.6285274499743458, 1.1252501954815504, 0.366131114184368, 0.12079084931676888
0.6527563992930848, 1.038656113007406, 0.34273694328719584, 0.10807452633893218
0.6710563821902971, 1.047362916448914, 0.3258955260849071, 0.10562919647480105
0.6401573456473405, 1.013995782312221, 0.35433724823814766, 0.11557946595870022
0.686733937631834, 0.9300951906921372, 0.30347575059437387, 0.09922990130906896
0.67499002337381, 0.9256073711054504, 0.3107450797942298, 0.10430514761829826
0.7326264181061513, 0.8437591684238546, 0.25743178647134746, 0.0923693156902729
0.7552591072344792, 0.7592314381780387, 0.23577700472181298, 0.08501271207718611
0.6976227125021378, 0.863420877227647, 0.29214128306077103, 0.09964855841996476
0.7723048856963685, 0.7095617854625894, 0.21728877957515869, 0.0813078873800685
0.7732740436691181, 0.6991503738193088, 0.22188729417413255, 0.08397802098466338
0.8037740151644718, 0.6718754459408862, 0.19711019769547383, 0.08039573174523305
0.7434011743914258, 0.7044680917407362, 0.24657521314247735, 0.09018021714285544
0.7554871444045379, 0.6720977751712439, 0.23638841013785133, 0.08544455759937689
0.758508636907816, 0.7110898759766974, 0.2298791548386819, 0.08632222487701167
0.7518955589761132, 0.7138347763913381, 0.23871818417319995, 0.08608170046676503
0.7696254489481785, 0.6517299604710736, 0.217935165256859, 0.08153832215848345
0.8109001767288068, 0.561546582537061, 0.18144798168435242, 0.07399294298301642
0.8369534234080155, 0.5460829680729151, 0.16362732183279452, 0.07128623722716224
0.8216749330140813, 0.567295612541105, 0.17602908903795736, 0.07284721970664661
0.8392908044011174, 0.5265980026128595, 0.1595004191881298, 0.06756609857632566
0.8478421982783194, 0.5084329845502588, 0.1508878263002174, 0.06555831439666172
0.8437945385097771, 0.4960353120391007, 0.14970088995850891, 0.06610826105133537
0.8570206943731828, 0.47222872502948066, 0.14200761871998072, 0.06420582768608789
0.8552534063052277, 0.47729907886477, 0.14218375460824395, 0.06419656787970782
0.8310814662790035, 0.5274401904308323, 0.16604254090238338, 0.06974748490121334
0.8205917564563023, 0.5613043146863587, 0.17899487894460514, 0.0731881747358958
0.8126674647967619, 0.5125333127985072, 0.17155148393406466, 0.07168959529565849
0.7911179522262128, 0.5725735155152497, 0.19267686996351344, 0.07744432386411397
0.7761815175873668, 0.6009880368378713, 0.20752909861142058, 0.08227841655275749
0.8555954620603158, 0.8723416361017174, 0.14573130625757658, 0.06568774388243571
0.8033749501168691, 0.7954949152998196, 0.19289688219490686, 0.07968849706352256
0.8069095262527792, 0.7435302700369328, 0.18262055453348883, 0.07466249293465341
0.7504703266632461, 0.7657425092659276, 0.2343354372527174, 0.08874678112434088
0.7491021036428938, 0.71792632923423, 0.2339147245947786, 0.08862801577947631
0.8467020124280258, 0.6091801843938145, 0.14982557248751327, 0.06560063832782922
0.829200159626019, 0.6021633116279593, 0.16547263049617256, 0.07010365092711444
0.8286870759933869, 0.5895664404098004, 0.16775200906628054, 0.07080964792295438
0.8184254033407445, 0.6140226443765866, 0.18109397782351647, 0.0750344202602728
0.8221310073541988, 0.5853475186419826, 0.1774203593897814, 0.07478866951741729
0.8159169944700986, 0.5671241011412259, 0.1751815611956058, 0.07237962022127285
0.8549113505501397, 0.5041127641592976, 0.14883389505101202, 0.06722433222394829
0.8660851718830169, 0.4743980362873289, 0.1351866183785828, 0.06391433010011796
0.8576477965908443, 0.4809917415634582, 0.13972536281064277, 0.06421842448809605
0.8566216293255801, 0.4832549785533501, 0.13766050577324407, 0.0647499435307664
0.848811356251069, 0.5060856145347932, 0.1473441732855246, 0.06636364964082447
0.8439655663873211, 0.4906340490613409, 0.15159248110475462, 0.06684188132462329
0.8638618094749444, 0.44103000819656313, 0.12765880464872845, 0.061839838078325465
0.8673963856108545, 0.4498866346111115, 0.12926940451006555, 0.06360701792677706
0.8619805028219599, 0.491671513956127, 0.14409392604800197, 0.06627985178231857
0.8611823727267545, 0.46546499432322574, 0.13306905949265893, 0.06257269755513252
0.8724132033521464, 0.4464949339254013, 0.12193968332254997, 0.05945005270251371
0.8569636850806681, 0.4685719217506177, 0.1369280773476232, 0.0635812376887245
0.8423693061969101, 0.4774324077430901, 0.1480023291956227, 0.06582043082933552
0.8647739581551793, 0.4469525101224296, 0.13699252836015474, 0.0632855993673749
0.8613534006042985, 0.446001215646014, 0.13845896851876593, 0.06464480148564594
0.8529160253121258, 0.4567696245718875, 0.13818607121490245, 0.06468433654751111
0.870702924576706, 0.42821421648110647, 0.12778950913802578, 0.06122047833224419
0.8547403226725956, 0.4411366039206511, 0.1360694716622083, 0.06259180159522618
0.8250384812724474, 0.47727151571881676, 0.1626090221005391, 0.06878482234693782
0.8684795621686335, 0.40927220699005434, 0.1231219699857267, 0.05905264258789931
0.8578188244683883, 0.41625361747764006, 0.13344816393059264, 0.061873560402498674
0.8574767687133003, 0.42408173578536945, 0.13293081861787606, 0.06119091841376895
0.883701043270053, 0.3802289832901625, 0.11625799910184922, 0.057905209460810264
0.873895444957528, 0.3960286908148399, 0.12313355164971497, 0.059734928445963405
0.8508636907815974, 0.4340985823714966, 0.1449745623319678, 0.06330791058315947
0.8825608574197594, 0.38091746228234713, 0.11751561418124488, 0.058651736367501324
0.8830739410523916, 0.37821476091008227, 0.11573430270277271, 0.057148684964663674
0.8738384356650134, 0.385734625833024, 0.11856295779884268, 0.05903134216359866
0.8860954335556696, 0.3704210223988615, 0.1096441761780787, 0.05535743315740497
0.8566216293255801, 0.4126064567527503, 0.1336016533614019, 0.06356179495707477
0.8449917336525854, 0.42452633761893394, 0.14530810649675363, 0.06648517904274094
0.8542272390399636, 0.4005486874806085, 0.1350163837309033, 0.062439836482364106
0.8668833019782225, 0.3823545862341446, 0.12100484225461536, 0.05913693521173981
0.8591870474887406, 0.4165136059149834, 0.12970768222022858, 0.05953541602620762
0.8517758394618323, 0.402373224754686, 0.13208346421770512, 0.06142641565693667
0.8589590103186819, 0.3998790682763304, 0.1271107188364269, 0.061276463180964
0.8921384185622256, 0.3403387171425088, 0.10935443650987259, 0.05627514981147664
0.8999486916367367, 0.324977703746696, 0.10086730638569104, 0.05465121237869161
0.8843851547802292, 0.3640338243408368, 0.11288056774220494, 0.05723331816406946
0.8787412348212759, 0.3580952030588649, 0.11368888675656985, 0.05686889561606577
0.0998232711932045, 2.303675509948061, 0.918811823469418, 0.42203100791163306
0.1222279231514737, 2.328535071304699, 0.8880856878518384, 0.4431881187680295
0.11099709252608175, 2.351555415858334, 0.8978090329037155, 0.4877169334490189
0.11099709252608175, 2.4547231816374233, 0.8978090329037155, 0.4936352221386504
0.11618493814491762, 2.5043132924179305, 0.8920701863681556, 0.4885222586246526
0.2914885126275583, 2.1496414495339504, 0.7001856241061669, 0.24524261263330138
0.3121828858103871, 2.0243641988091143, 0.6958952601704889, 0.2385541700202736
0.3133230716606807, 1.9766552925915193, 0.6760929029335894, 0.2450323519209234
0.2819679607776068, 1.9760759011701876, 0.7197503202773202, 0.34938279698818603
0.28270908158029756, 1.9124503623194886, 0.7279528624104068, 0.27751386248461485
0.5441536970526196, 1.573590126625319, 0.44751509703599024, 0.13015872785742638
0.5412462231343709, 1.467440824543055, 0.4535551012580589, 0.13447646090661367
0.4895387948235562, 1.5291676318405578, 0.5132151901765374, 0.1556589526282049
0.571860213214754, 1.301156573102484, 0.4190585109601621, 0.1242999140632356
0.6128498945328088, 1.1476506652126466, 0.3773106055538728, 0.11857448767459186
0.6294395986545807, 1.1637404313066004, 0.364499338978945, 0.11176329032866816
0.6126218573627501, 1.1258248303476974, 0.37152948460285196, 0.12400285196132213
0.6619348953879483, 1.0380122126585285, 0.3264389433217628, 0.10932108760646013
0.5761929194458697, 1.0971756864107198, 0.42951724428173094, 0.1590419954587245
0.7053189669916197, 0.9059870377233719, 0.2873961680164417, 0.09978390095030358
0.7046918647739582, 0.8579567616586581, 0.2865718477295175, 0.09956813243575201
0.7101647568553674, 0.8246968253142144, 0.2791594768767843, 0.0957561966382474
0.6879311327746422, 0.8491552084710706, 0.31837476136594867, 0.10897826633384136
0.7610170457784619, 0.7485915857579222, 0.2389119095291507, 0.08974361425445043
0.7655207798871216, 0.6996402535586488, 0.23231006960790243, 0.08395121180832815
0.735191836269312, 0.7629993383105651, 0.25699605317409896, 0.09207026875430407
0.744256313779146, 0.7067963569240013, 0.24371610013062248, 0.09022852534167657
0.8130665298443647, 0.6314650855730264, 0.1864308285147145, 0.0735352158031471
0.7630693803089904, 0.6718310807392843, 0.22256003222740756, 0.08518850661689992
0.7936833703893734, 0.5818326859475057, 0.18761254914632136, 0.07574993576574238
0.7824525397639815, 0.6056993818650683, 0.2029547329421562, 0.08272033798351092
0.8309104384014594, 0.5500606677039556, 0.16609854870865995, 0.07081811306008676
0.8098740094635426, 0.5863468671010441, 0.18896144439781168, 0.07554291230449918
0.8108431674362921, 0.5744282658065533, 0.1865422741985151, 0.07529034071986342
0.7948805655321818, 0.6010384626138138, 0.20007209515203908, 0.07714033959355368
0.7830226326891283, 0.6110624753024335, 0.20589532361007493, 0.07975965867921804
0.791460007981301, 0.5680138820760243, 0.19470355037810452, 0.07665489625855405
0.8350151074625164, 0.495232091991824, 0.1562907339650907, 0.06849193093594472
0.8275468901430933, 0.49148207779326636, 0.160005433159914, 0.06886622114136774
0.833304828687076, 0.5028191933768198, 0.16082516106613187, 0.07366829454104427
0.8286870759933869, 0.4774230744842123, 0.15943173641980915, 0.06958182452336831
0.8615814377743573, 0.4378902066921119, 0.13107162963863092, 0.0615828048063501
0.8371814605780742, 0.44958486486928806, 0.1487397581050306, 0.06739272344862383
0.8375235163331624, 0.4560816403481623, 0.15108794288343863, 0.06615671694276895
0.8362693118978394, 0.45394315558427045, 0.1488463643962355, 0.06696073320381953
0.8711589989168235, 0.4337783494047401, 0.1256486882294621, 0.06177013761441661
0.8376375349181917, 0.450765576956437, 0.15078363506845796, 0.0668268726641162
0.8763468445356594, 0.40235271561797076, 0.11976078856580949, 0.05907409542041984
0.8495524770537598, 0.4659934449743755, 0.14421332513712506, 0.06479989992676048
0.8450487429451, 0.44670316709954955, 0.14453678464183048, 0.06537329391552803
0.813351576306938, 0.4860954511438724, 0.16991754295624856, 0.07175007162558991
0.8624365771620774, 0.4176842821504991, 0.12599379546451125, 0.05918965479869941
0.8529730346046406, 0.42967325097557757, 0.13817498709395842, 0.06406997243740627
0.8616384470668719, 0.4094808227955485, 0.12565352036870875, 0.06156581159228198
0.8752066586853657, 0.38036634720725976, 0.11206729754059358, 0.05772652433533139
0.8537141554073314, 0.39938640528369723, 0.12974472549510976, 0.06289512048360622
0.8711589989168235, 0.3829777985244322, 0.11810538704894467, 0.059483800434149546
0.8867795450658458, 0.3741518485727099, 0.11161579610103574, 0.05770306403827913
0.8756057237329685, 0.39500747742076003, 0.1197195953094303, 0.05909718598189079
0.8460749102103643, 0.43074629037225676, 0.13999046719924851, 0.0638083555430527
0.8811926343994071, 0.38075951089388177, 0.11191848669000448, 0.056626807421352995
0.8419132318567927, 0.43350129522609976, 0.14302493915653694, 0.0630800212002152
0.8812496436919218, 0.3810261941855136, 0.11245610938514242, 0.05579473377633651
0.8508066814890827, 0.4258767324907399, 0.13577823251619658, 0.06096579975631533
0.8427113619519981, 0.43125174070486283, 0.14392277768031636, 0.06323927692480046
0.8661991904680463, 0.3887610243526508, 0.12354769215782477, 0.059578415639519405
0.866769283393193, 0.3943153955470101, 0.1226881671537836, 0.059781608705492505
0.8614674191893279, 0.418675233599641, 0.13201627636108873, 0.05974799953772093
0.8791973091613933, 0.37764810055346504, 0.11323272066999707, 0.05674373917314753
0.8435665013397183, 0.39898969332246115, 0.1399081797413827, 0.06285211445502527
0.8863234707257283, 0.3317705372197216, 0.10269412501815828, 0.05377575921834485
0.8953309389430477, 0.32756116913565086, 0.0964233653121691, 0.052645057035381776
0.8850122569978907, 0.36830811702800714, 0.10728193113265784, 0.055051260983543626
0.8763468445356594, 0.35305056580718674, 0.11232916951194233, 0.055625459453193374
0.9031982213100735, 0.3157540538421189, 0.09255208490901495, 0.05036342622949844
0.895273929650533, 0.33265763011788324, 0.0992647730355638, 0.05228567702651647
0.8853543127529787, 0.35379899686979466, 0.10625581434523892, 0.05394867453492716
0.872299184767117, 0.3582920164516968, 0.11064775594297373, 0.05604982652885194
0.8722421754746024, 0.366476059995454, 0.11262235051625297, 0.05623944826415202
0.8732683427398666, 0.35909378532197983, 0.11136688136472955, 0.05544417994065065
0.8642038652300325, 0.37732687666649584, 0.12060154387409378, 0.05764946277668055
0.8797674020865401, 0.3442044358702694, 0.10464411637185675, 0.05466610687438605
0.9174505444387435, 0.2700762273045562, 0.07873259234212367, 0.04920601132641587
0.9122626988199076, 0.29152612830717134, 0.08100543336592134, 0.047365957391955635
0.9055356023031754, 0.2933571149711152, 0.08823752719976813, 0.04860369306626512
0.880508522889231, 0.33311043172386623, 0.10310967034149705, 0.052638243634941635
0.8932215951200045, 0.3111771870507446, 0.09964122365639665, 0.05241211798027187
0.8890029074739183, 0.3236176547295104, 0.10001392301522362, 0.05207788253976469
0.8928225300724018, 0.3245743796113405, 0.0973716689014496, 0.05220752111518001
0.9020010261672653, 0.29175870913373697, 0.0910447747428754, 0.049601448850276064
0.8931075765349752, 0.31267038686675175, 0.09539304806561147, 0.050500033619692214
0.9104954107519526, 0.2757486617781962, 0.08261352125191707, 0.04647614035365808
0.9139159683028334, 0.2681032525926986, 0.07855824715583692, 0.04681310034098864
0.9139159683028334, 0.2633175600341199, 0.07902837373618382, 0.04934421069874216
0.8928225300724018, 0.31053851581557823, 0.09658366199546688, 0.05079369688995377
0.9214982042072858, 0.25904435780165885, 0.07234592549593123, 0.04561698352349303
0.9057636394732341, 0.2907165077271019, 0.08999849244352458, 0.050605946805113634
0.9161393307109059, 0.26478747961715027, 0.07908176336318579, 0.04705568633431551
0.9161963400034205, 0.2548828647237899, 0.07490029441724881, 0.04552186203220769
0.8972122455960322, 0.2966155014707382, 0.09098107263345327, 0.048823203600114155
0.9056496208882048, 0.27633522144983197, 0.08449283607505459, 0.048321143893279975
0.08950458924804743, 2.305187328220209, 0.9253918469317425, 0.2495733741806054
0.08847842198278319, 2.313954294655534, 0.9245640967208597, 0.4887407261440158
0.09999429907074853, 2.339889425208173, 0.9106394262040288, 0.4696697746853527
0.23185679265720313, 2.289206190702139, 0.7704249090344352, 0.3580421807899852
0.11875035630807822, 2.32486742366224, 0.8900056229731969, 0.33722623321865236
0.32198848412291203, 2.2733155082496905, 0.7044740888559186, 0.21774894871278405
0.22091100849438458, 2.179239979702855, 0.7854809233062856, 0.28975904329614616
0.24639416224844649, 2.035427885828659, 0.7572240919023617, 0.28155212155735837
0.2913744940425289, 1.9840177150865719, 0.7112594384017347, 0.2626598959307419
0.40248560515364007, 1.8924631478203233, 0.6070874074038042, 0.20929366459829588
0.39359215552134996, 1.8118680150147604, 0.6048933246915319, 0.23364189817182646
0.46023601847101075, 1.7729140011548357, 0.5432123854607481, 0.1764458016163662
0.49027991562624706, 1.685546442906252, 0.4905073723960595, 0.14991709498908307
0.5161621344279117, 1.5129607935331952, 0.47533563677869084, 0.14342853681824294
0.6363377230488569, 1.2791905255807614, 0.34572980727007474, 0.1106727873257271
0.5637078843851547, 1.4149491611270728, 0.4282295471244238, 0.13784320921902415
0.5989966364517416, 1.2281274819530734, 0.4093525031368047, 0.1264991960265948
0.6284704406818311, 1.1161723399948849, 0.37917004907008534, 0.11250947460130627
0.656633031184083, 1.1088566010498577, 0.34513955398873614, 0.10651553202880372
0.6624479790205804, 1.0489221110348088, 0.33571374351712874, 0.10708326102267413
0.64380594036828, 0.9632680765039092, 0.3549700249433001, 0.11722703079334931
0.6823442221082037, 0.8844602344536724, 0.3100695661076161, 0.10354355791182256
0.675332079128898, 0.9401780885131262, 0.3227157886008581, 0.1067973400562121
0.7138703608688216, 0.8476886184490335, 0.2777852081655542, 0.09249956811599104
0.7282367025825209, 0.807358479479726, 0.2665576456556303, 0.08963494545987075
0.7004731771278718, 0.8616228810370883, 0.2931665915588303, 0.09516598925613395
0.716834844079585, 0.8668856015605704, 0.27779646530187796, 0.09576852992437339
0.7304030556980788, 0.9071854214641073, 0.26319923414196866, 0.0893374776505704
0.7207684852630979, 0.9099545349022861, 0.2710012086738809, 0.09201919657160343
0.728578758337609, 0.9163338000540022, 0.2654141374527408, 0.092821220027573
0.681033008380366, 0.9740019552320451, 0.3188195062599914, 0.11438334228344
0.7549740607719059, 0.8152848326472972, 0.23582969737797016, 0.08440482054846761
0.6759021720540448, 0.9889656966390201, 0.3275276011103727, 0.10911583032130022
0.6907245881078616, 0.9338317345661633, 0.3013177040197694, 0.09724933025416105
0.7377002451399578, 0.8187283779759987, 0.25212324425463856, 0.09035444791346171
0.7481899549626589, 0.8133418968080205, 0.24055439771398754, 0.08549576475415713
0.74978621515307, 0.8454900961135662, 0.24096718193194594, 0.08429835737161001
0.7827945955190696, 0.7544471408124035, 0.20399780604090054, 0.07813664146900147
0.7384413659426486, 0.7824208874710541, 0.2507146173996668, 0.09397327948826957
0.7560572373296848, 0.7379644605100748, 0.2343493547536825, 0.08414528511417788
0.7486460293027764, 0.7517373114836506, 0.2420090728808567, 0.08725230217895953
0.7514394846359956, 0.7216743698767218, 0.2362762935348977, 0.08930106420109242
0.7253292286642723, 0.7501762629109971, 0.2657905897745284, 0.09624691938623485
0.7725899321589419, 0.6420708881478138, 0.21673838801005593, 0.08191867339856954
0.8054842939399122, 0.5458475319987427, 0.1794903198619812, 0.07396327696541734
0.8031469129468103, 0.5363926467225618, 0.18155935275768623, 0.07173074567084793
0.7949945841172111, 0.6087228332358793, 0.1902514712731759, 0.07484058518369938
0.781654409668776, 0.6411611158636777, 0.20434593436480955, 0.07882841556436745
0.7776637591927484, 0.6799259358488543, 0.211734131444111, 0.0794958550541455
0.7855310415597743, 0.642870335857117, 0.20285971897002292, 0.07649330210824992
0.7936263610968588, 0.5858680577339436, 0.18988781523750936, 0.07373613875335497
0.795735704919902, 0.5379255534118965, 0.1864512104383688, 0.07498657569834567
0.8249814719799328, 0.4585415603319345, 0.16217711261270565, 0.0695421600497696
0.813351576306938, 0.49300129030404866, 0.17203907017884476, 0.07018276951636104
0.7993842996408415, 0.5256891073365453, 0.1868401356877994, 0.07666989134687696
0.8367253862379568, 0.4763486405463753, 0.1565087765590153, 0.0675368541635508
0.8120403625791004, 0.49637557158751455, 0.17537795264374637, 0.07267396941007198
0.794823556239667, 0.537909810365465, 0.18704032558966507, 0.07640542176604258
0.7800011401858503, 0.5865917950335011, 0.20285061972088983, 0.08001575426386626
0.7916880451513597, 0.5646594382924431, 0.1962625932068032, 0.07640576134653111
0.8102160652186307, 0.4931135770171005, 0.17502734946156223, 0.07096038077077779
0.8415711761017046, 0.4326387354357454, 0.14652090397267453, 0.06455671680663531
0.8300552990137392, 0.4601028802129877, 0.15929418634531214, 0.06884263878823851
0.8230431560344336, 0.4910177056254533, 0.16023597018797664, 0.07031258282227693
0.8233852117895217, 0.45853943833958216, 0.15733554867440058, 0.07122199638421652
0.8138646599395701, 0.49648914284243884, 0.16839419131121913, 0.07226885463493633
0.8193945613134941, 0.48885161228642865, 0.16348875200276974, 0.06961448313313395
0.8150618550823784, 0.4815348269402538, 0.1700368700578597, 0.06996782929764683
0.8400319252038082, 0.4403440877073539, 0.148516417906674, 0.06443086893131494
0.8191095148509207, 0.4697366647576064, 0.16928675486336967, 0.07015246754355715
0.8282880109457842, 0.44748307799489956, 0.15515286839552045, 0.06747809613119847
0.8490393934211277, 0.4053702290177706, 0.14118712583270904, 0.0639679593345841
0.8530300438971552, 0.42775971082934716, 0.1372981962755888, 0.0634115492443426
0.8268057693404025, 0.44951728328747187, 0.15549271385680133, 0.06793637621677638
0.8200786728236703, 0.4888423292792356, 0.1624455599874579, 0.06829510986284497
0.8227011002793455, 0.465873170173114, 0.1708470402213937, 0.07154493861663315
0.8428253805370275, 0.4146765504796211, 0.1450176858272632, 0.06414457687808449
0.8658571347129582, 0.3918108567738172, 0.12559261522100043, 0.05889937220841277
0.8796533835015108, 0.3800939515367209, 0.1155676254654387, 0.05721041775030557
0.8988085057864432, 0.3368630764280841, 0.09754901585192649, 0.052914410613576005
0.8713300267943674, 0.35400066438077965, 0.11787295510520447, 0.057599405200653396
0.8263496950002851, 0.47920830473984993, 0.1566585410807451, 0.07058182982627118
0.8411151017615871, 0.41348147504838956, 0.1419747783519788, 0.06448027423974101
0.8464739752579671, 0.4095181292603393, 0.14342018509047785, 0.06464501981223461
0.8838150618550824, 0.3392387458749272, 0.10552076662026627, 0.05428856643595731
0.8682515249985747, 0.37345051066960583, 0.11828443697434825, 0.058784381291056745
0.8382646371358532, 0.41596087713399976, 0.14157146972609097, 0.06375275839624626
0.8342739866598256, 0.4258965521081334, 0.14857926664738363, 0.06350964255410735
0.8756627330254831, 0.3496265312430367, 0.11465258342199312, 0.05645434836279455
0.8873496379909925, 0.32455263828978886, 0.10165434306027579, 0.053939471277055694
0.8561655549854627, 0.3779309513702783, 0.1277623774519222, 0.05830821305677501
0.8813636622769512, 0.3540083244489629, 0.10917396425731357, 0.05413930654814467
0.8693917108488683, 0.3575967618165576, 0.11714525404809936, 0.056188492833591626
0.8525739695570378, 0.37838943595132923, 0.1318959020377578, 0.06039974664948821
0.8403739809588963, 0.4297298370963408, 0.1403484148929696, 0.06281232819135044
0.8602702240465195, 0.36208184739459126, 0.12283464576950844, 0.058591755751887936
0.8650590046177526, 0.3725574659642553, 0.122577692666033, 0.05726926421317646
0.8829029131748475, 0.3213647686942047, 0.10243302879414799, 0.053818689595932084
0.8834730060999944, 0.32766650799344055, 0.10336026509199034, 0.05473826569535634
0.8837580525625677, 0.32169118741356956, 0.1029779487957566, 0.053716224358080746
0.8644319024000913, 0.3544886139960014, 0.11874029460728144, 0.05849009153083737
0.10130551279858617, 2.3073624371326975, 0.8897147319896135, 0.377696104503235
0.12604754574995725, 2.303063053027586, 0.8797167153524942, 0.4798843179695496
0.11099709252608175, 2.4639578396099253, 0.8978090329037155, 0.48739353845343075
0.08847842198278319, 2.4132870681935152, 0.9245640967208597, 0.4930998797102013
0.20432130437261273, 2.303868672437403, 0.8024947720929599, 0.35129317816449096
0.19913345875377686, 2.340600961283997, 0.794261900960967, 0.29214745447554763
0.10307280086654125, 2.3636046606501724, 0.8813943398529506, 0.47724688644297364
0.18322786614218117, 2.287800183889362, 0.8362223077965782, 0.3082736934996481
0.08847842198278319, 2.46850955777168, 0.9245640967208597, 0.4888117347024097
0.08847842198278319, 2.3361720347321566, 0.9245640967208597, 0.4900568695678441
0.11099709252608175, 2.4266123810710716, 0.8978090329037155, 0.4912101430249299
0.17393535146228836, 2.2918402083780043, 0.8153206043566205, 0.42545379884745205
0.13790547859301067, 2.1681549496637373, 0.8713156213288543, 0.4469675422784168
0.13362978165440967, 2.240780406857657, 0.8742934331073243, 0.4370346218890673
0.18972692548885467, 2.14185640690407, 0.8149213978170359, 0.36694288357391974
0.24548201356821162, 2.0814439402727003, 0.7630363531142217, 0.36627510657381007
0.17923721566615358, 1.9891861792838355, 0.8251536265163492, 0.4218525300493016
0.46371358531440626, 1.8649316726297143, 0.5488922997997675, 0.1589672114552999
0.4417079984037398, 1.7210162881162676, 0.5628678739415233, 0.16895611151359355
0.446838834730061, 1.7653962488569561, 0.5640011171435801, 0.16387846248313587
0.5979704691864774, 1.4682051441082422, 0.4152015647226864, 0.1188333262798202
0.5450658457328544, 1.409923898751363, 0.4760264834599491, 0.15105027388357437
0.5208939057066302, 1.3887520861854359, 0.4936786022089115, 0.16370221851466626
0.5190125990536457, 1.4301016023928883, 0.4958765607922318, 0.14833756114404473
0.6067499002337381, 1.3439209536682153, 0.3997362267003652, 0.12582884646231285
0.5819508579898524, 1.2917170822025739, 0.4323265645102735, 0.13202313286455586
0.5614275126845676, 1.2995285175829492, 0.4463613519268356, 0.1348921402701791
0.6188928795393649, 1.1502127194851781, 0.3862666334767325, 0.1282634882026641
0.6430078102730745, 1.0953418127234609, 0.36592226675338324, 0.11368351469364409
0.6645573228436236, 1.0513364981154196, 0.3459118856116359, 0.11041687227769864
0.7000171027877544, 0.9675304730881049, 0.31120839456225435, 0.09741982554324986
0.6979077589647112, 0.9399831733697632, 0.30988903163983555, 0.09797112317069524
0.6336012770081523, 1.0287949923542932, 0.3709588603066409, 0.1140059219935355
0.6614218117553161, 0.9272315764869692, 0.34152588877307954, 0.10544386315362524
0.731087167208255, 0.820557115457752, 0.26618853731385067, 0.08962618474288198
0.754403967846759, 0.7867324026507508, 0.24598128696475707, 0.08849111815065758
0.7592497577105068, 0.7777166379620231, 0.2402651462960885, 0.08890100016045499
0.7755544153697053, 0.6994260929197414, 0.21572308842993845, 0.07950443383336134
0.7833646884442164, 0.7335354778267896, 0.21403690829710267, 0.08145904184887229
0.8105581209737187, 0.6467690164440255, 0.17949100009424615, 0.07260750611417692
0.7948805655321818, 0.6727069478349698, 0.19633064522026697, 0.07696354736092519
0.7453394903369249, 0.725994436444105, 0.24666517437098925, 0.08806924725831335
0.8057693404024856, 0.6483415080115796, 0.19083184949890353, 0.07718269511318146
0.7619291944586968, 0.6943716142438834, 0.22531461469378428, 0.08490121326862585
0.7632974174790491, 0.673179150213127, 0.22376959126369225, 0.08405074837325799
0.7780628242403512, 0.6571145852390892, 0.21208213548772703, 0.08007606650806869
0.778974972920586, 0.6409266288916019, 0.21056842964757627, 0.07911316179706637
0.7559432187446554, 0.6725509999826481, 0.23916330357889545, 0.08852291273802262
0.8240693232996978, 0.589042215324432, 0.1702167819020756, 0.07183242131907425
0.8191665241434354, 0.5873355314248218, 0.1737111268443531, 0.07269780707102322
0.8038310244569865, 0.6120142071076694, 0.19096905626445512, 0.07518319389324907
0.8295422153811072, 0.5516821303486155, 0.16725882837183492, 0.07071419758782416
0.797502992987857, 0.7194826574545345, 0.20611252713854075, 0.08098560726023578
0.7513254660509663, 0.899260812577653, 0.2347651731780018, 0.08413283467966805
0.6605096630750812, 1.2938536019582418, 0.3389680212367856, 0.11239689382659962
0.6074340117439142, 1.2664582664709285, 0.3887099060309515, 0.1404482143169424
0.6943161735362864, 1.086234977479998, 0.30486391150439507, 0.0993353245713635
0.6746479676187218, 1.0159045022281938, 0.32403053371561114, 0.10021567379794045
0.7190582064876575, 0.9174851892604896, 0.2674542361854285, 0.09094831504469575
0.7029815859985178, 0.9167906251952556, 0.28636061755327585, 0.10448516378101008
0.7553161165269939, 0.8015859371825197, 0.2390394324240467, 0.0853730748740683
0.7179180206373639, 0.852082142996194, 0.2705061032306321, 0.09562746828403242
0.7770936662676016, 0.7438049668740431, 0.21717749090151997, 0.08296943036218261
0.7276666096573742, 0.792499024176107, 0.2627322747962122, 0.09394594331163436
0.7585656462003306, 0.7626538710346614, 0.23607150697435908, 0.0881733920916658
0.7804572145259677, 0.664811600066671, 0.22222417362633207, 0.08834554575458008
0.7855880508522889, 0.6424087004796699, 0.21024535894582472, 0.08809505829438241
0.7881534690154495, 0.6469270238799046, 0.21176004099782184, 0.08565817448692686
0.79607776067499, 0.6596761628807859, 0.20305603956431864, 0.08000105650316906
0.8233852117895217, 0.5925102902868982, 0.17409382498478518, 0.07176307671661675
0.7989852345932387, 0.6034404548066323, 0.19320162123141343, 0.07626873173306879
0.8254375463200502, 0.5695098335424382, 0.16693874737970865, 0.07059026174548005
0.8120403625791004, 0.5859886492855733, 0.18811028772604088, 0.07686738602613877
0.8348440795849723, 0.5248421527739245, 0.15902651711050905, 0.06958334242246511
0.8076506470554701, 0.5633117740485206, 0.18429167906757685, 0.07405172156198594
0.7841058092469072, 0.5887946253001595, 0.20348722390652685, 0.07938154390063482
0.8305113733538567, 0.5313953662923625, 0.16304867392211683, 0.0686144372540361
0.8389487486460293, 0.6151383427017342, 0.15720823823434327, 0.06914564230597964
0.8181973661706858, 0.5961408633816273, 0.17624623254138672, 0.07782187499094231
0.8497235049313038, 0.5594292887045359, 0.14776556426437693, 0.06636914808116529
0.791973091613933, 0.6033772622418241, 0.19841381554944848, 0.0812133478612738
0.7991562624707828, 0.5879014247837153, 0.18830082784191465, 0.074064961091917
0.7953936491648138, 0.6917771944182267, 0.19274791974778493, 0.07757992553062243
0.8295992246736218, 0.6473404025822176, 0.17250054447948998, 0.07145254730455315
0.8204207285787584, 0.6209406236595554, 0.17581078846477316, 0.07338713449388196
0.8148338179123197, 0.6132450534560567, 0.17592412801676957, 0.07298722378821462
0.8077646656404994, 0.6165935759422579, 0.19527151120896913, 0.07547841118473012
0.8360412747277807, 0.5738808510037229, 0.16263250018583608, 0.06857771532197514
0.8144917621572316, 0.5972695701001807, 0.1827905408410517, 0.07236503234298765
0.7876973946753321, 0.6146989574228059, 0.2038745882593201, 0.08035126056299015
0.8552534063052277, 0.511863868464192, 0.14141288998333895, 0.06507075352714187
0.8505216350265093, 0.5074604561385265, 0.14317092586091948, 0.06396184132883836
0.8326777264694145, 0.5448523940737033, 0.1664211857656551, 0.07050444237263027
0.808904851490793, 0.5910207674702734, 0.1917236090442026, 0.07863916368454006
0.8225300724018015, 0.5499487645715644, 0.1741099334906359, 0.0716256976640455
0.8094179351234251, 0.5307981674040421, 0.1772551498773161, 0.07432560838288642
0.8667122741006784, 0.4570196563180785, 0.13037695169726574, 0.06180553714641356
0.8562225642779773, 0.474906713973865, 0.14418172999383988, 0.06403901721784024
0.8529160253121258, 0.492907997934312, 0.13898462210639156, 0.06423426842367512
0.8538851832848754, 0.48076057416035367, 0.14432288838443552, 0.06517882659148855
0.8684795621686335, 0.4420291172329575, 0.12764997358895006, 0.061177038692278946
