acuracia,loss,frr,fpr
0.05702054794520548, 2.3126389158915166
0.10428082191780821, 2.314648086315693, 0.9052878055566146, 0.4782458126931543
0.1913812785388128, 2.224719809635317, 0.8375363115138164, 0.32701226064709593
0.28664383561643836, 2.1442347212128987, 0.7037855140809066, 0.28878862276461364
0.2702054794520548, 1.9432435187472872, 0.7278421345786377, 0.25993055499834417
0.43396118721461185, 1.6977214339899418, 0.6176340030411056, 0.1875825643222767
0.5073630136986301, 1.4418172125827913, 0.5376119988023429, 0.1588897119853987
0.5920091324200913, 1.224359679309711, 0.4255204455134709, 0.1408790551248001
0.6303082191780822, 1.136139784514113, 0.3639614089241676, 0.1317281077701668
0.6436643835616438, 1.1241070373073119, 0.40704285387140343, 0.1275911596651958
0.5936643835616439, 1.2416085970936743, 0.45305399468036733, 0.14180933874622292
0.6416666666666667, 1.0317073854313712, 0.3975864922811714, 0.12435324959753367
0.6571917808219178, 1.1027768183736923, 0.3828564855022175, 0.11787691485058172
0.6515981735159817, 1.080709343749528, 0.3967924590554285, 0.11984714361079352
0.622716894977169, 1.1520154668194706, 0.41368738720149195, 0.12850032061692038
0.6184931506849315, 1.1743394582309084, 0.43475179483548154, 0.1344980439308271
0.6669520547945206, 1.019420350333952, 0.3686741976179746, 0.11647169329913298
0.6734018264840183, 1.0684925841155077, 0.362335032894686, 0.120101186264847
0.6873858447488584, 1.0505465561156182, 0.3469124885323408, 0.11708678576110172
0.6007990867579909, 1.324221952477434, 0.4384797942260495, 0.1360936974341854
0.6917808219178082, 0.8300095039233645, 0.33778765247476267, 0.11353437875631166
0.7136986301369863, 0.8491053352462017, 0.3060650632215497, 0.10564820722572106
0.6727168949771689, 1.0415274020955299, 0.3590979328712604, 0.11834497474524287
0.7547374429223744, 0.6553154684266195, 0.2586725246937752, 0.09377399946457482
0.7521689497716895, 0.6999856551694492, 0.2654504208675683, 0.09841744526483107
0.7921232876712329, 0.5998768861798387, 0.21561746247785385, 0.08539461095413912
0.7324771689497717, 0.6921475370659147, 0.29587107419210706, 0.10217042801018213
0.7078767123287671, 0.8623547320017064, 0.30862556051491585, 0.11718558816663023
0.7063356164383562, 0.8670774865489319, 0.3086856041067504, 0.11903788907271026
0.7203196347031964, 0.7198036785378292, 0.2963191551998709, 0.1151246684162196
0.7055936073059361, 0.8026676025502352, 0.3050361773669365, 0.11738443455575663
0.7190068493150685, 0.7524807762344247, 0.30444470493040765, 0.1141546484896271
0.7588470319634704, 0.6068291046097449, 0.2548249638516391, 0.10482126846835353
0.8134132420091325, 0.5397136477074298, 0.19956061062152275, 0.09002206319735424
0.7042808219178082, 0.7797755200484356, 0.3364572784433792, 0.12115432392297022
0.7344178082191781, 0.6656931124879034, 0.2808634689580595, 0.10709691056635375
0.7936073059360731, 0.5612298925183968, 0.22392363070134066, 0.09088425647011722
0.7660958904109589, 0.5891556372164353, 0.25447887995449064, 0.09598047527477137
0.75587899543379, 0.6518149906229379, 0.25810475163162727, 0.09991231360799796
0.7623287671232877, 0.6526293869361482, 0.2569299650514766, 0.10022681690908797
0.6958904109589041, 0.8900105059809259, 0.33765167337054436, 0.11930337428880979
0.7805365296803652, 0.5572821372247234, 0.23952609085576793, 0.0935853071972895
0.7203767123287671, 0.8218518881799949, 0.30449508649372004, 0.11201816201346838
0.835730593607306, 0.47161972324688683, 0.18334588337692037, 0.08054088299446344
0.8117579908675799, 0.49537204155094017, 0.19508107052999957, 0.08305389775312828
0.7472031963470319, 0.6535306788153894, 0.27215498642211194, 0.11025184064009716
0.7285388127853881, 0.7844579558934984, 0.290423071311367, 0.11715050985971896
0.8230593607305936, 0.4852804203386967, 0.18632167865258795, 0.0864110182457654
0.8093036529680365, 0.49884535404967145, 0.20451633756979656, 0.08732031559719608
0.7795662100456621, 0.5483538483432491, 0.24210717034659412, 0.09929642717777527
0.8244292237442923, 0.4616158783223457, 0.19679391529037976, 0.08487675882648471
0.8367009132420091, 0.44423045193945665, 0.18259722616947208, 0.08140128057349699
0.8125, 0.48488226127432027, 0.20231392835105258, 0.08294140258937661
0.7811643835616439, 0.5619372660478765, 0.23383608824299018, 0.09096375800308333
0.7831050228310502, 0.5623599168845318, 0.23620759520072152, 0.08815619551202002
0.7656392694063927, 0.6308216232305832, 0.25778370190782396, 0.10554917696825507
0.8313926940639269, 0.4558437056517862, 0.18896895498497135, 0.08071295278804035
0.8110159817351598, 0.48672683063099004, 0.21063654470118742, 0.09868273495338015
0.8381849315068494, 0.45419185912373056, 0.17499153654344732, 0.08650691247922108
0.8086187214611872, 0.4649584426370781, 0.21205338006105393, 0.0938186909086421
0.8460045662100457, 0.4131302916419721, 0.17850094493220417, 0.08308616050922192
0.8359018264840182, 0.4387675147140282, 0.18028692914005554, 0.08849231505699405
0.8261986301369864, 0.4383783661617828, 0.19503082733279853, 0.09119744214467765
0.7669520547945206, 0.5654320283476496, 0.24965460684941795, 0.10462061270076617
0.7976027397260274, 0.521753978861996, 0.22863478756872227, 0.09189734560055655
0.8508561643835616, 0.41459129615047613, 0.1677992297246905, 0.07626188467409525
0.7856164383561643, 0.5210974948658803, 0.23151818884382064, 0.0981280003707754
0.7823630136986301, 0.5287248062401467, 0.23203188505345643, 0.1015013566884048
0.8373287671232876, 0.445498696900758, 0.17920389409833284, 0.07599346771664779
0.8446917808219178, 0.4078753508683629, 0.16736889785318088, 0.07179952843097451
0.8539383561643835, 0.4055530284659857, 0.1635208387699287, 0.06972032802162526
0.8607876712328767, 0.3810982558393006, 0.1600897226490002, 0.06903812810949365
0.8104452054794521, 0.46374906974502567, 0.2086396162154444, 0.09051949851694527
0.8608447488584475, 0.3874907643168319, 0.15722055047186934, 0.07540689579397918
0.7864155251141552, 0.5186566407092449, 0.23115419464307557, 0.1022480827506294
0.8650114155251142, 0.37664271182621556, 0.15244401248762113, 0.07631976706036882
0.8180365296803653, 0.45002936147889344, 0.17932360300557953, 0.08741325567411047
0.8070776255707762, 0.5232851125687782, 0.1909845453770288, 0.08967250982064641
0.820148401826484, 0.4543436727646157, 0.19729206143926017, 0.09201617415345309
0.7922945205479452, 0.5340673488784463, 0.23045490258635973, 0.09732869948573858
0.7816210045662101, 0.5648731312790349, 0.23912137778443607, 0.10313700086595821
0.8424086757990867, 0.41228882335284545, 0.1758589478755852, 0.08269967005157328
0.8596461187214612, 0.39505602706776627, 0.1608566375216121, 0.07969609181202987
0.8752853881278538, 0.35846642793685657, 0.1446154663371343, 0.066444029430258
0.8773972602739726, 0.3591315361357852, 0.14242534076406593, 0.06590581019816145
0.8625, 0.38488785345643545, 0.14829016795802186, 0.06950642128110208
0.8478881278538812, 0.39608817965689086, 0.16907158226298347, 0.07531533942880675
0.8566780821917809, 0.3829513367310946, 0.15925200780149537, 0.07096582386409868
0.8496004566210046, 0.39188434862048055, 0.16135297802234608, 0.07070871310774933
0.8444634703196348, 0.4069146810372979, 0.1724611817394355, 0.0773413537433161
0.8384703196347032, 0.4365873306560721, 0.18089036552568252, 0.08240452789913542
0.8470319634703196, 0.3943335753378682, 0.17037656811132287, 0.08060805874825308
0.846689497716895, 0.415027143693372, 0.1617288693200908, 0.07620812094717393
0.8385273972602739, 0.41652283838522974, 0.17917112057696605, 0.07927318460801171
0.8507990867579909, 0.3914851770337578, 0.162271169922219, 0.07505611681240247
0.8448059360730593, 0.4042444808822218, 0.17172911998870966, 0.08032304893178244
0.8648401826484018, 0.36842286180281963, 0.14286212864030148, 0.07550972436622183
0.8848744292237443, 0.33800663884962906, 0.12368680220933584, 0.06979658022892701
0.8829908675799086, 0.3363860972566191, 0.13024424729811362, 0.0723846245275275
0.8829337899543379, 0.3401790201175186, 0.13261029142582736, 0.07149963600708605
0.852283105022831, 0.3839453501021915, 0.16078996946277935, 0.07520278757906078
0.10365296803652968, 2.3011321715432214, 0.8853116799574576, 0.2848265474178432
0.11232876712328767, 2.3105825770731387, 0.9081888624538279, 0.48858602008640195
0.1776255707762557, 2.573403066543003, 0.8450544987657431, 0.3160650688472462
0.2779109589041096, 2.1350430917488112, 0.7251581955831483, 0.290814373150215
0.3002283105022831, 1.9991774151042172, 0.7463939141901912, 0.2847449697215492
0.41221461187214614, 1.7536604263755964, 0.6456865200331907, 0.2208033778646921
0.36255707762557077, 1.8755959502263972, 0.7050768618272529, 0.21589223130588375
0.4886986301369863, 1.740349145336119, 0.5728503921757624, 0.1707963480686673
0.48784246575342466, 1.8504333627984335, 0.578611888765812, 0.17766495048528047
0.5648972602739726, 1.185998327593791, 0.4701110815196122, 0.14352147565477047
0.5931506849315068, 1.1642223643185783, 0.447727052178098, 0.1473729127802276
0.5712899543378995, 1.2090817627730912, 0.4760189487522046, 0.14044894554303167
0.6002283105022831, 1.1531575790476734, 0.4358776329110113, 0.14235368968774043
0.6179794520547945, 1.0389960012509227, 0.4094313109477531, 0.1292415777784319
0.6630707762557078, 0.9106880229689419, 0.36214169332941515, 0.11956539170212274
0.6641552511415525, 0.8987089188367056, 0.36126178001633863, 0.11912252651590055
0.6355593607305936, 0.9532367634260868, 0.3882437011100881, 0.12490262563454267
0.6371575342465754, 0.9490419677356375, 0.382689503785591, 0.12792411508147214
0.7377853881278539, 0.7537441129973222, 0.2514617667225714, 0.09848402917985083
0.6769977168949771, 0.86224777626847, 0.33380223625201283, 0.11481989887373267
0.6439497716894977, 0.9683272991496081, 0.3861659207440482, 0.12431609922779085
0.7220890410958904, 0.7555584118130604, 0.2784639605696993, 0.10148378593837759
0.7230022831050228, 0.7622192822406855, 0.2784242013992524, 0.10650803205275575
0.6993150684931507, 0.8515079196043617, 0.3057134532747847, 0.11052323683745277
0.6602739726027397, 0.9106628928441431, 0.3517456610777795, 0.12551844631753073
0.7021689497716895, 0.7630526386216, 0.30596849172887436, 0.10530689851110248
0.7167808219178082, 0.7490837379537585, 0.2956505646235108, 0.10476535670404093
0.7697488584474886, 0.6556542063179505, 0.21871567535250822, 0.08747598315673975
0.746175799086758, 0.6676323775212933, 0.24919308085810024, 0.0925953571221402
0.7649543378995434, 0.6370136316203139, 0.22443567396933906, 0.08695816108179123
0.7398972602739726, 0.6854837986135368, 0.26442423265249226, 0.09818833092876782
0.7219178082191781, 0.6978213817799213, 0.2820511875171413, 0.10388349095925746
0.7011986301369864, 0.8351461666033327, 0.3144160483446557, 0.1189619258905916
0.7737442922374429, 0.6167492174495199, 0.2226665045335872, 0.10240045697890582
0.7194634703196348, 0.6989792494250144, 0.2815599327370623, 0.11251403904943501
0.7857876712328767, 0.58717366106682, 0.19790844732999646, 0.0954485643371017
0.7823630136986301, 0.5894179460183121, 0.2042614001807209, 0.09771198123107042
0.7568493150684932, 0.6519501729415714, 0.2495931667167559, 0.10880096414740306
0.7242009132420091, 0.6811583119244011, 0.27490577279969025, 0.12448194995360215
0.715810502283105, 0.7470649227943928, 0.28843136751759935, 0.12339503936301961
0.7111872146118722, 0.808169147345539, 0.2914463525760298, 0.12566783234221968
0.708675799086758, 0.7919251735471019, 0.2986353668144813, 0.11807809397849167
0.7822488584474886, 0.578657731865846, 0.21451958923547285, 0.0986640624682484
0.7636986301369864, 0.6409760272616098, 0.2383046739682345, 0.10855563948960531
0.7954337899543379, 0.5651750250852116, 0.207009390811142, 0.09237528434230008
0.7562785388127854, 0.6181374447755996, 0.24667768218445893, 0.10427748867778908
0.7512557077625571, 0.6578158392779357, 0.25042237227516473, 0.10768679037672925
0.7623858447488584, 0.5967965767153652, 0.23306818588450479, 0.09839747074456488
0.7308219178082191, 0.666610208721741, 0.2711317947659319, 0.10781048511467825
0.7603881278538813, 0.6086397333520217, 0.23790544269206326, 0.09727698962869519
0.7618721461187214, 0.5932608157766427, 0.23047694040690708, 0.09894144389829694
0.7654109589041096, 0.6020462576335655, 0.23497879150940243, 0.10580496413202285
0.7332191780821918, 0.6971827291434944, 0.26578609501518985, 0.11431295469984509
0.7590753424657535, 0.6047230345763749, 0.23729669896610164, 0.10401319324234763
0.7581050228310502, 0.661911575391888, 0.25105168675068157, 0.11020256099631587
0.749486301369863, 0.6368260287409027, 0.24181077420159588, 0.10887343986643605
0.783675799086758, 0.578453132134294, 0.19296695132156227, 0.09847594349780156
0.7952625570776256, 0.5300619051234502, 0.19520438769117707, 0.10258424515177236
0.786986301369863, 0.551864927873411, 0.2019059425617581, 0.10097799748872811
0.7971461187214612, 0.5206784650462799, 0.1952343377475853, 0.09397104982076501
0.7442351598173516, 0.6493301882314237, 0.25037440054986865, 0.11129849750130315
0.7297374429223744, 0.7027929873444931, 0.27229896453289004, 0.11748669899463245
0.7398972602739726, 0.6688798166171797, 0.26033237074387994, 0.11623172628754837
0.7803082191780822, 0.5839268298823116, 0.2107115065843814, 0.0994862629024038
0.7545091324200913, 0.6339000705614504, 0.24194938339905606, 0.09916049796107666
0.7546232876712329, 0.6145501281717924, 0.24137296476898115, 0.09870767901582259
0.7473744292237443, 0.7139051378236504, 0.24885112342546387, 0.09777870176065545
0.7449771689497717, 0.7026412292488631, 0.25729343158747114, 0.10270733583116534
0.7589611872146119, 0.6851933617156003, 0.2433008460940834, 0.09807081601367554
0.77425799086758, 0.6093217698891342, 0.2265884290192228, 0.09047828077298707
0.7710045662100456, 0.6199726280195648, 0.22859475362595577, 0.09423865606118699
0.7713470319634703, 0.6150346409690316, 0.2180215256758385, 0.09240469505312564
0.7963470319634703, 0.5260342073562595, 0.191396339232221, 0.08189854527056195
0.7252283105022831, 0.7696460120451546, 0.2713462651033226, 0.10573823652424993
0.7508561643835616, 0.6102774033908787, 0.24407701230251205, 0.09838650181000828
0.836472602739726, 0.44531501676019575, 0.15115683943918132, 0.07468963719736188
0.7890410958904109, 0.556353623107712, 0.20661584175852432, 0.10180322566032697
0.793093607305936, 0.5150626737443048, 0.2012064820594427, 0.09765160790068529
0.7647831050228311, 0.5634316016902402, 0.22780571178379064, 0.10589342245867348
0.7807648401826484, 0.5531514582667093, 0.2116408464122905, 0.09919319256558357
0.7590753424657535, 0.5862102348709152, 0.23928794719994703, 0.10490451443598774
0.7488584474885844, 0.6318872242709669, 0.24836957282281477, 0.10861737220493622
0.8133561643835616, 0.5249962248492186, 0.17969975444152697, 0.09574056569450569
0.8424086757990867, 0.45625299198737557, 0.14661747738589465, 0.08493857941408767
0.7940068493150685, 0.5258732296827106, 0.19906885830389875, 0.09942211312531787
0.825513698630137, 0.4670830923982656, 0.16430229238002994, 0.08900490137633588
0.8288812785388128, 0.44525708356182747, 0.16063636098134146, 0.08947668961368724
0.775513698630137, 0.5358944506905385, 0.2142395057469771, 0.09991332892168708
0.8417808219178082, 0.43211344946095415, 0.15184281602538982, 0.07608762440894043
0.7850456621004567, 0.5434328699431343, 0.21361121102167105, 0.09015744251186711
0.7486872146118722, 0.6824699382181478, 0.24223837428312564, 0.1083405460190653
0.7996004566210045, 0.4948939299417822, 0.19135111041393127, 0.08790556667591751
0.789269406392694, 0.5241686063218002, 0.20522569110155334, 0.08898759966772461
0.7591324200913242, 0.6515145500817949, 0.23648116887039922, 0.09919088759618366
0.8303082191780822, 0.4420300504601991, 0.15347998079253738, 0.07246095668263233
0.7593036529680365, 0.5879251944861832, 0.23216542446957977, 0.0931641657706149
0.821917808219178, 0.4510596189249978, 0.16735351328745895, 0.07184017945513649
0.7409817351598174, 0.7073613819020067, 0.2547279719621618, 0.10182210925648663
0.7984018264840183, 0.49499041472528466, 0.19122063046271984, 0.0816806028418196
0.8021689497716895, 0.4951539577057552, 0.1911454598614685, 0.08817064558514227
0.8158675799086758, 0.48313172299556456, 0.1785251975697947, 0.08419106049572944
0.11238584474885845, 2.3026701957939966, 0.8781405351129101, 0.3169067788785215
0.1295662100456621, 2.268771497626283, 0.9175497294346802, 0.5016149117560552
0.10918949771689497, 2.26971283724455, 0.8983565723313371, 0.46355442942100994
0.10776255707762557, 2.392482911948472, 0.8802382902051601, 0.4824549712896548
0.23550228310502283, 2.3013702594322156, 0.7651140108901225, 0.37768341997559346
0.2898972602739726, 2.0748406739573775, 0.7624293388465627, 0.31507579764404503
0.37151826484018263, 1.8169217366299946, 0.662380365049525, 0.2282433901942911
0.2993721461187215, 2.071252618769192, 0.7547651464226293, 0.26912150488890973
0.5227739726027397, 1.4093162375625614, 0.4986121167021393, 0.14515088588711997
0.38767123287671235, 1.684632681975711, 0.6301269285176074, 0.22292156234537036
0.5393264840182649, 1.3116928969258996, 0.4964324915317641, 0.1594249262142722
0.6379566210045662, 1.075375714585117, 0.32944084903944626, 0.113679720312016
0.5857876712328767, 1.159023646803224, 0.370665102607659, 0.12977515042072232
0.5526826484018265, 1.238203761564354, 0.47565622701262883, 0.15230033807276963
0.6464611872146119, 0.9859818270081254, 0.3400508332276421, 0.1151656852912779
0.6248858447488584, 1.0819551519488226, 0.40541712985573675, 0.12906845714702933
0.6438356164383562, 0.9830973426439293, 0.35517794948661063, 0.12299608489421673
0.6833333333333333, 0.8339830202960566, 0.30946150630275165, 0.11223269114473287
0.7551940639269407, 0.8014880574246142, 0.27000668440141695, 0.09857813190132995
0.6726598173515982, 0.8392661533570427, 0.3223595990074116, 0.11356931885373747
0.6793949771689498, 0.8462237088771198, 0.3089786315567048, 0.11281367778304659
0.6259703196347032, 0.9820282832900121, 0.383501214318531, 0.13010819327209563
0.7164383561643836, 0.9052968476274631, 0.3229316640275406, 0.11294440198411966
0.6455479452054794, 0.9190694253810641, 0.34940515602300387, 0.1346806766498034
0.7431506849315068, 0.7169327103999044, 0.23580069698633152, 0.10496382438704271
0.663013698630137, 0.9620028054179012, 0.3320753855442674, 0.13323670349426645
0.6636986301369863, 1.0057857771158034, 0.32231864455724796, 0.133427283385472
0.6928082191780822, 0.866680395309404, 0.2871248307604322, 0.11982537678679872
0.6811643835616439, 0.879936320834807, 0.30174286110061305, 0.12395325026045721
0.6671232876712329, 0.8800878952909048, 0.3215149266539796, 0.12157662232446081
0.6921803652968036, 0.8013753816526337, 0.27958741637357337, 0.10845108770544265
0.6872146118721462, 0.8092722028033535, 0.29994579555589096, 0.11065558883622377
0.7094178082191781, 0.7459328280343885, 0.2737483051365224, 0.09776569123684829
0.7174086757990867, 0.7006549248790537, 0.2631884885536521, 0.10927262178413794
0.7617579908675799, 0.6488042648199129, 0.21711860513281311, 0.08757383185935415
0.7568493150684932, 0.6614510987279565, 0.2210234553642811, 0.0966581781733764
0.7397831050228311, 0.6836992531954048, 0.2332525186140974, 0.0974329856632144
0.7472602739726028, 0.7846905521424435, 0.2495473867975724, 0.09844857378564403
0.8105593607305936, 0.6375060683817466, 0.19885900923205388, 0.07805249094949049
0.7631278538812786, 0.7536410102105623, 0.24735337615954364, 0.09207562250721572
0.7112442922374429, 0.7758659956056512, 0.2704585749447236, 0.10039095188724687
0.7337899543378995, 0.7383794670506725, 0.24440920896990612, 0.09492021976505048
0.7317351598173516, 0.8292467367548424, 0.2644608818746985, 0.10028819362281417
0.7666095890410959, 0.6597726860054403, 0.20948491294612467, 0.08475549993808622
0.704337899543379, 0.7782086211407617, 0.2790054677345455, 0.10612551058058556
0.6837899543378996, 0.9454629909213936, 0.3099826228456848, 0.11470994713070201
0.7194063926940639, 0.7089963125720735, 0.25869891709501547, 0.10377866522347104
0.7073630136986301, 0.7390753264820248, 0.2757266662258666, 0.10898583106270764
0.7248287671232877, 0.7348907182806307, 0.2518416646656665, 0.09930644486484967
0.8187785388127854, 0.5586261518440946, 0.14550955144745673, 0.07175881089518742
0.8023972602739726, 0.6211603118693384, 0.17372038937691883, 0.07983483410725847
0.7706050228310503, 0.6416595730989206, 0.20980467263072008, 0.08959473791149035
0.8105022831050228, 0.5800212826197206, 0.17320293165908823, 0.07627353436991333
0.7902968036529681, 0.5765245224724493, 0.18735422468214669, 0.07677145947437117
0.7833904109589042, 0.5984905887859476, 0.1964772955527959, 0.07968068718625126
0.7236301369863014, 0.7356921298644924, 0.255243011601648, 0.09853957522030646
0.7168949771689498, 0.8162619393829189, 0.2764917386276758, 0.10906046565641139
0.7297945205479452, 0.8124455898240296, 0.2543336385361836, 0.10016847360725784
0.7230593607305936, 0.8619496540711403, 0.27307718348531407, 0.10849641182475564
0.7920662100456621, 0.5770883473277689, 0.19458494378366933, 0.08314132719054157
0.7219178082191781, 0.6993796340725305, 0.2571749852963276, 0.10287194078165768
0.797203196347032, 0.5339188697157171, 0.168478016634251, 0.08082396193298426
0.7794520547945205, 0.6511605498657761, 0.23067893982990229, 0.08969953268333447
0.8313356164383562, 0.5590526506844408, 0.17610427612308752, 0.0761727720577286
0.7831050228310502, 0.5691401484886186, 0.1846513502899369, 0.08262369828992576
0.7844178082191781, 0.5433754185293246, 0.18627392947879173, 0.09279572137221889
0.6965753424657535, 0.8703562369223614, 0.2927186128347436, 0.12159182563993473
0.7375570776255708, 0.6511231445611165, 0.24314854351238213, 0.09558764785056256
0.7159817351598173, 0.7064314990275755, 0.2712917236225736, 0.10713273666565297
0.7820205479452055, 0.561266607503109, 0.19784925942602766, 0.08596594515294755
0.8074771689497717, 0.5100303376424945, 0.16426764038575217, 0.08184983446036947
0.7611872146118721, 0.5817930105014426, 0.21529115164437218, 0.09601124616934044
0.7699771689497716, 0.5778808193546299, 0.20245938990040493, 0.08967765374633677
0.7537100456621004, 0.7080378288766395, 0.23713150574754008, 0.10212428567570811
0.765296803652968, 0.6292056490408859, 0.22360599214992605, 0.09502854856864039
0.7740296803652968, 0.5762381640685007, 0.201292877401987, 0.0808817545427891
0.7245433789954338, 0.7299568993543767, 0.25404933571287924, 0.1128874080782303
0.7737442922374429, 0.5500200568161786, 0.2001428162654046, 0.09467563092371907
0.7998287671232877, 0.5062731954384222, 0.17129528028179902, 0.09147381001577827
0.7901255707762557, 0.5497352915197918, 0.17832588450449877, 0.0959354031197328
0.8154109589041096, 0.554829253872239, 0.15905166615676053, 0.07254369798882682
0.824486301369863, 0.5220166326930554, 0.15234057984976887, 0.06734395829950007
0.8227168949771689, 0.5411600209966546, 0.15118270256534697, 0.06582787195108653
0.8334474885844749, 0.4881313597842119, 0.13961212602611484, 0.06523939759674975
0.7998858447488585, 0.5330263013776027, 0.17663221405155727, 0.07812769086242406
0.8125, 0.5325212784665403, 0.16546084393203725, 0.0726288334806955
0.8363013698630137, 0.4883497068835553, 0.13788594512607266, 0.06400589412033232
0.7962899543378995, 0.5601014424643375, 0.18468232727772363, 0.07695908995297364
0.7909246575342466, 0.5299993784047036, 0.18280569264215202, 0.07187311784866941
0.7540525114155251, 0.5964406559350646, 0.21648261650454384, 0.08694008794070342
0.7740867579908676, 0.5517534187434748, 0.19367939741196824, 0.07749116508313086
0.7990296803652968, 0.522999764722679, 0.16809197309907215, 0.07461584022163219
0.7735159817351598, 0.5458037542880726, 0.194970171198778, 0.07626192873214549
0.7453767123287671, 0.6570609454283175, 0.2240878185207371, 0.08866414800957577
0.8019406392694064, 0.5227561728156304, 0.16198986419055714, 0.07035385102177875
0.822203196347032, 0.4719991307462544, 0.14080352044927952, 0.07378558839405262
0.8210045662100457, 0.46986756579766376, 0.14605873703192468, 0.06817832995357884
0.8148401826484019, 0.49055725326452043, 0.15645900855166583, 0.06807833365661328
0.8022831050228311, 0.5142144484352374, 0.17143334170575902, 0.07078570032698935
0.759417808219178, 0.6032908199873094, 0.21239498049795968, 0.08581058801632196
0.7343036529680366, 0.7721004134675672, 0.24418458036019822, 0.09712103963056959
0.0966324200913242, 2.303993775678552, 0.8844134647028079, 0.3791485759533399
0.1786529680365297, 2.3248551094845005, 0.8729999885864701, 0.44446906899344435
0.19560502283105022, 2.499495163189086, 0.8612945400541906, 0.33448128679178124
0.11877853881278538, 2.968097709462506, 0.912246579760691, 0.46889804688061026
0.31523972602739725, 2.055710222116208, 0.7387279579824169, 0.23573730380442284
0.18955479452054794, 2.0039417343749983, 0.8285268619894623, 0.3871327162338106
0.36746575342465754, 1.9256600871205873, 0.654537718911278, 0.23307936343612326
0.5178082191780822, 1.4001252303061555, 0.460382155213089, 0.14476106655843193
0.458675799086758, 1.4919124732806122, 0.5740384879554568, 0.1732689801245597
0.4466324200913242, 1.4839571101424076, 0.5824870706813458, 0.1914504620913253
0.48926940639269406, 1.278313106784733, 0.5300111220700351, 0.1621877400131974
0.617351598173516, 1.0718826850940002, 0.33704151049315856, 0.12708645714965267
0.5473744292237442, 1.1723103069250587, 0.4400453133156345, 0.1449324339863563
0.5963470319634703, 1.1272702565919566, 0.3892576093278515, 0.1309442060536249
0.5830479452054794, 1.179416078804821, 0.4025124787420473, 0.135031739374202
0.6501141552511416, 0.9791918712015345, 0.32098294789462456, 0.11962771446844025
0.5967465753424658, 1.201444438604075, 0.4006026054157767, 0.1364044696266901
0.6248858447488584, 1.0327452054542285, 0.37250045372294255, 0.1231062085812661
0.6517694063926941, 0.9196720728165891, 0.3112565170936466, 0.11621104011774784
0.6513698630136986, 1.0295474511848446, 0.31983299233544893, 0.11819305946334568
0.6567351598173516, 1.006112776712709, 0.31404784866769675, 0.11592366878547472
0.6475456621004566, 0.9149018611573959, 0.31956630902488325, 0.11518882322248084
0.6518264840182648, 0.8796359927203191, 0.31072901213521115, 0.11695899607121114
0.6768835616438356, 0.8336297617861619, 0.29293221517014884, 0.1101958093722523
0.6621575342465753, 0.8521370963659669, 0.3160879415276555, 0.12318405034920488
0.6789954337899543, 0.8510176638819035, 0.2960865527168738, 0.11706296611182443
0.7026255707762558, 0.7857035076166993, 0.26518839351226875, 0.11134851041983941
0.6453196347031963, 0.8893629039331357, 0.32672700311490616, 0.12417935478388582
0.590296803652968, 1.100220648701713, 0.3980134932160032, 0.13711092415889792
0.6202054794520548, 1.076943269405675, 0.36519636036652026, 0.1366656539662511
0.6320776255707763, 1.0417110277374635, 0.35411774448962724, 0.13079023023799552
0.6699771689497717, 0.8247664788116745, 0.3007336539784093, 0.1180965270672308
0.6437785388127854, 1.0645352891034214, 0.3514513333992818, 0.12982199009559772
0.6176369863013699, 1.1700104720001725, 0.37879726929162155, 0.13912800682260176
0.629851598173516, 1.0266637787071762, 0.3630673612973394, 0.14096904485799522
0.6768835616438356, 0.8701840483953487, 0.2599126297543223, 0.108650261348577
0.6829337899543378, 0.849660301109171, 0.25021829655058364, 0.1064305745692237
0.6634132420091324, 0.9188576419900233, 0.31588304022446617, 0.11865497656401816
0.6649543378995434, 0.9614281406262507, 0.3057706916226074, 0.11564568594418265
0.7565639269406392, 0.6907324866951335, 0.19796534368826826, 0.08235288858242744
0.739554794520548, 0.6790102565700609, 0.21956831773229302, 0.08801086275852628
0.6486872146118722, 1.010487501838992, 0.31974070432754986, 0.12189340627526439
0.7009703196347032, 0.7489678540739356, 0.26365738638131014, 0.10019509611612934
0.7218607305936073, 0.6977130432878983, 0.21891170935808055, 0.08712213818988944
0.7041666666666667, 0.7342046093650042, 0.26212012637779636, 0.0975709854405552
0.7720319634703197, 0.6257711873735837, 0.19094802838171143, 0.08460214806210915
0.7555365296803653, 0.7447320280876621, 0.2503163834980471, 0.10428259258386766
0.7978310502283105, 0.6530470778192042, 0.20490170494030846, 0.08687178696567219
0.7704337899543379, 0.6319255253247444, 0.18158096218758474, 0.08150259245368095
0.7309931506849315, 0.6968950543785734, 0.23581454500509602, 0.09557601298640217
0.699486301369863, 0.7763528499661649, 0.23783594418668963, 0.10096706871445578
0.6984018264840183, 0.7420038498443252, 0.2596026351697719, 0.09755145022789792
0.7183219178082192, 0.6910293480413398, 0.24294973326620692, 0.09556815431521626
0.7670091324200913, 0.6212502774411173, 0.18988106601751784, 0.07859386705724913
0.7935502283105023, 0.6228067745125563, 0.20067967361779065, 0.08133091392365785
0.6768264840182648, 0.90983333285668, 0.3059520608794828, 0.11157963918365578
0.7702625570776256, 0.6392623142423877, 0.20678786507433647, 0.08704265156040707
0.7731735159817351, 0.6676183101069694, 0.20185504064423346, 0.08544986755485405
0.7797945205479452, 0.6240194103592908, 0.18705739388815804, 0.08917284687037895
0.8037671232876712, 0.604004157643492, 0.17536018636821357, 0.0904208883341741
0.8006278538812786, 0.5777775340224776, 0.16403457859905035, 0.08366941737072901
0.7280821917808219, 0.6791838281278083, 0.23670105168733907, 0.10196283691612522
0.811986301369863, 0.6220233010526292, 0.17239374858201864, 0.08839376565046493
0.7955479452054794, 0.647226448071303, 0.17919110368610994, 0.08133689462049093
0.8137557077625571, 0.6296516159100838, 0.18314871206465, 0.08397071422372901
0.6982305936073059, 0.7832327655882024, 0.27452708536262377, 0.1071499779503267
0.7778538812785388, 0.5846142200258992, 0.16976329349437516, 0.08235625545667695
0.7927511415525114, 0.5892181730764326, 0.16670277440669765, 0.08231619682772856
0.7565068493150685, 0.6194146915494154, 0.2044070469168135, 0.09536089042926121
0.7687214611872146, 0.5975492824892873, 0.1913675711770316, 0.08997829102360778
0.7933219178082191, 0.5783416411284625, 0.16956990488004808, 0.08574802111711598
0.8118150684931507, 0.5517443694609651, 0.15281784953250258, 0.08401603401550227
0.777283105022831, 0.5887944805325535, 0.1753274655600613, 0.09150031279168451
0.8365867579908676, 0.5460528225434943, 0.14162396707118208, 0.0801752151304929
0.7440068493150684, 0.6607100671567685, 0.2113621137034244, 0.08794544011836747
0.7340753424657535, 0.7126297829538264, 0.2215441861917048, 0.09241591109311584
0.7583333333333333, 0.6298509191431951, 0.20564726842446487, 0.08775321211028783
0.8070205479452055, 0.5217458293516715, 0.15197820928451794, 0.0780114675829548
0.7915525114155251, 0.546706077175629, 0.16722282632198182, 0.08163372005146677
0.7805365296803652, 0.5614562942024964, 0.1768441540249621, 0.08172475584564425
0.7880707762557078, 0.5460096380675077, 0.17291656116157633, 0.08027341393109522
0.7419520547945205, 0.6326359286334285, 0.22350512138896522, 0.096406449020837
0.7433219178082192, 0.6141351027808267, 0.2203117148491477, 0.10040273763286446
0.7655821917808219, 0.6528459746773216, 0.22324494667303724, 0.0987040880338336
0.716837899543379, 0.734458864296096, 0.24817027101814212, 0.10290818489434184
0.7342465753424657, 0.7625405903957458, 0.24543263204430954, 0.10306786766389045
0.7750570776255707, 0.6103038399856374, 0.20501066200279555, 0.0924060279732379
0.7845319634703196, 0.5636706673792774, 0.17038578876726215, 0.0919307505242017
0.7113013698630137, 0.7034606293631217, 0.2505282227562208, 0.11321037239375872
0.7692922374429224, 0.5916791319813418, 0.19185433288629575, 0.09427093892905992
0.8058219178082192, 0.5292040213622419, 0.16419906031464174, 0.08320549324171823
0.7203196347031964, 0.6843017773079434, 0.25150685633170544, 0.11212604246004626
0.7142123287671233, 0.7196897750569148, 0.2626844605089083, 0.11303971576952794
0.7993721461187214, 0.6241310656268962, 0.20279865442748984, 0.1007733639272593
0.791324200913242, 0.6587035225935357, 0.21448756924267962, 0.1037683918039499
0.8287671232876712, 0.5455715459171636, 0.16974144999004356, 0.087976033695028
0.834189497716895, 0.5597699693426705, 0.16519475577645115, 0.08966417733910051
0.8630707762557077, 0.4870660762717141, 0.13193170127075574, 0.07907075511728515
0.7747146118721461, 0.6199221453952326, 0.21139752962791258, 0.10155580145432726
0.829851598173516, 0.5255701865418482, 0.15059522627864644, 0.08415820302152026
0.7925799086757991, 0.5500874503077251, 0.17915177316136588, 0.09135805191680962
0.09611872146118722, 2.305482375635404, 0.8972737797010147, 0.336471258477836
0.18350456621004566, 2.320140799247239, 0.8345910688017065, 0.3144609991148792
0.182648401826484, 2.3829778213887454, 0.8342360835670054, 0.3303622048592201
0.334189497716895, 2.2572460237907492, 0.7416874662104475, 0.21825802949735032
0.2166095890410959, 2.2880273178594024, 0.8215097521536591, 0.2883721546415558
0.40993150684931506, 2.0240694079769255, 0.6658085805115131, 0.1889443219760479
0.46221461187214613, 1.785190937851798, 0.597508283230859, 0.18727901905638042
0.4480022831050228, 1.7478650018615334, 0.6089005306579984, 0.17649670048484048
0.5021118721461187, 1.533961089777858, 0.5637148324533378, 0.16849501386184104
0.5811073059360731, 1.4274221307083488, 0.4929400079800169, 0.1468710345714103
0.5698059360730594, 1.140722227375529, 0.4863912420186556, 0.14140294085013605
0.4966324200913242, 1.3674451136171657, 0.5633258390587081, 0.19170720312072004
0.6041095890410959, 1.1927600242048673, 0.37574346716870166, 0.13413373014055435
0.6165525114155251, 1.1082601636144243, 0.44545570867663664, 0.1399079070669774
0.6199200913242009, 1.2011452269051746, 0.45342961904706314, 0.14576179002443046
0.609189497716895, 1.1000585952114534, 0.4588660408432449, 0.14153136639513153
0.5919520547945205, 1.1540396955907748, 0.4730659629517393, 0.14064001228128614
0.642351598173516, 0.9119571852205389, 0.4118740829422361, 0.1284552493812825
0.6640981735159818, 0.9446850768110787, 0.39841412794959924, 0.13001775557274725
0.6668949771689497, 0.890707636229932, 0.41224570525639165, 0.12768929539242932
0.6181506849315068, 1.0234969433755736, 0.44809879775924555, 0.13812427249257475
0.6291666666666667, 1.0080378593535153, 0.43494658362534105, 0.13944797469196368
0.6849885844748859, 0.8529357412604075, 0.36783560611107796, 0.12526898471479916
0.6989155251141552, 0.8199697136236822, 0.2981827959401303, 0.11392947609364672
0.7449771689497717, 0.7171479037852286, 0.28295746348890966, 0.10753135926615372
0.6746004566210045, 0.8599982014227048, 0.3632938881730219, 0.1321254863401824
0.7182077625570776, 0.7153145804449482, 0.32610404165681245, 0.11647157363247826
0.7740296803652968, 0.6491134551910845, 0.259431739375635, 0.1011690518091053
0.7764269406392694, 0.6328423472970286, 0.24274067456755508, 0.10039103875018875
0.6738584474885845, 0.9089349394006342, 0.36902256169494363, 0.12805476563208848
0.7492579908675799, 0.6554287534727253, 0.287784390322614, 0.11000859422832543
0.6811643835616439, 0.8221120395300033, 0.37104246603632185, 0.12657995700253874
0.6848744292237443, 0.8267653684176919, 0.3629840802985229, 0.11741210763125523
0.7051369863013699, 0.7623163961243792, 0.3504246898703737, 0.11056097210126033
0.7292237442922375, 0.7206967632640546, 0.31882290480548475, 0.11535325385287162
0.7219178082191781, 0.7047195483145602, 0.3161733367493051, 0.1134016917155831
0.7906392694063927, 0.5735321039300184, 0.23295155019820343, 0.0919219858466149
0.7443493150684931, 0.6776958795999268, 0.2965092896228768, 0.10128159085098756
0.7306506849315069, 0.7275972652191893, 0.30085081841154, 0.10727162391534492
0.7235159817351599, 0.7244669950533165, 0.32062557755899784, 0.1079169737026496
0.7058219178082191, 0.7888345204690201, 0.3266933569492247, 0.11493446878961253
0.7125, 0.7258797918559057, 0.31254368409161026, 0.1104927106275759
0.7067351598173516, 0.8462442144372202, 0.30695039123594026, 0.12052639550904204
0.795662100456621, 0.5586251129867502, 0.2113684250539367, 0.08832060828737384
0.7715753424657534, 0.6770583575591661, 0.2561138019009282, 0.10452959793382119
0.7425228310502283, 0.6529758619595071, 0.28525905032711163, 0.10689973944376586
0.7843607305936073, 0.577681151621116, 0.21849631151059656, 0.09278358096583554
0.8142123287671232, 0.5221395812655711, 0.1888412575470029, 0.08287715268106843
0.7090753424657534, 0.7314093033281794, 0.3108349300107435, 0.11272553530546699
0.7222602739726027, 0.8210862965210004, 0.3182453682673002, 0.11632435748745676
0.7638127853881278, 0.6471127244226977, 0.2813909517312749, 0.09865671385141192
0.7497716894977169, 0.6409157222103365, 0.285851906506357, 0.1037097382016197
0.7421232876712329, 0.6569729017656318, 0.30210706055811665, 0.10367985994585137
0.7754566210045662, 0.5975722081394048, 0.2689964750536089, 0.09810648538783873
0.742579908675799, 0.6572647727466827, 0.30372937028391706, 0.1050808476616132
0.7261415525114155, 0.6968332590818912, 0.3082944791618382, 0.11316195978078251
0.8108447488584475, 0.523274757064697, 0.20192196183886396, 0.08550040168883313
0.8011986301369863, 0.5344309836053146, 0.21939201890623494, 0.08932517127442159
0.8134703196347032, 0.5013176526028299, 0.18607005297381882, 0.08321755856081164
0.7678082191780822, 0.5862926751411878, 0.245331806266065, 0.10159773890915867
0.8077625570776256, 0.5202574189177573, 0.21685946645361223, 0.08675775583449401
0.7388127853881279, 0.671231620955896, 0.29432620724594444, 0.10827064275799834
0.7940068493150685, 0.5296088455837141, 0.2174383315744385, 0.08916001207867684
0.7927511415525114, 0.5776504107175188, 0.22032969626947504, 0.09310708226833478
0.8275114155251142, 0.5015785125021894, 0.18836088435243958, 0.0834380304456667
0.7590182648401826, 0.6054520130941115, 0.2692227470554144, 0.10113534070429323
0.7980593607305936, 0.5267019544191142, 0.22144924457661805, 0.09207867814930162
0.7641552511415525, 0.5888714901246311, 0.25662261834226835, 0.09802558971055196
0.7522260273972603, 0.6428770743492052, 0.2599496712654772, 0.10632437763100305
0.7479452054794521, 0.6453732643880332, 0.2763466005479686, 0.10990001475462761
0.8293949771689497, 0.45730869974459276, 0.1903393323206721, 0.0893895359195036
0.8064497716894977, 0.503551415456518, 0.2155471537842319, 0.09421124410526771
0.8286529680365297, 0.4858760366257233, 0.19691330619559685, 0.08924607578299225
0.8284246575342465, 0.48604234009894776, 0.20215375372609898, 0.09083833759156523
0.8115296803652968, 0.5221836498766536, 0.21302555141605325, 0.0935951396621371
0.8019406392694064, 0.511949771186705, 0.22388803006348798, 0.09328184614161328
0.8269406392694064, 0.48187151463864386, 0.1967611973762814, 0.08846536476300615
0.7932648401826484, 0.5477447147805804, 0.23559530845577456, 0.09834213710227234
0.8427511415525114, 0.44807332247223486, 0.1823784721296986, 0.08506988832573734
0.8280251141552512, 0.4768015386255929, 0.1952385031425636, 0.09095712370669524
0.8224885844748858, 0.509377685967655, 0.20433974565899035, 0.09373049495628966
0.7888698630136987, 0.5566554076383726, 0.24076697806563485, 0.09943003484785475
0.7994292237442923, 0.5117337447332614, 0.22666374711477671, 0.08962383800887337
0.8249429223744292, 0.46522178725409175, 0.19797938794547548, 0.08058783551722166
0.8133561643835616, 0.5048177931396866, 0.21698059360168376, 0.08873055275622291
0.778824200913242, 0.5429361263809199, 0.24807990143322162, 0.09888923352535621
0.8007990867579908, 0.5249448605834349, 0.23085103986021163, 0.0894773977213858
0.8384132420091325, 0.42777179912123114, 0.17682793713160105, 0.07985227297846352
0.8333904109589041, 0.455850498162141, 0.1839397369885276, 0.07895170160831239
0.8082191780821918, 0.4852818784045318, 0.21248600841584778, 0.0855845006549398
0.8001141552511416, 0.49353569379206197, 0.21918842254036058, 0.09000010869291501
0.8366438356164384, 0.44565944339820573, 0.18539723987675163, 0.0798968768021916
0.8275114155251142, 0.45136459031137377, 0.18479051478323943, 0.07912062263597519
0.8304794520547946, 0.45531025555055377, 0.18955331742566725, 0.07987348271961654
0.8505707762557078, 0.4058906833103313, 0.17009815631828895, 0.07330631007832232
0.8273401826484018, 0.4647757721719386, 0.2041964482863505, 0.08370404273975182
0.783162100456621, 0.5730439004634257, 0.2632675502258354, 0.09932156559673164
0.7171232876712329, 0.776528899542892, 0.3274372684287684, 0.11667676284893708
0.8442351598173516, 0.424847412892067, 0.17282487472840444, 0.07333291980314216
0.8514269406392694, 0.41059815744002043, 0.16241727029097258, 0.07204663510381523
0.8128424657534247, 0.4796653745964328, 0.20821811816238117, 0.08352095775878599
0.07722602739726027, 2.3086286610664297, 0.9099265307827268, 0.3587443056285465
0.15136986301369862, 2.297953692534471, 0.889983371316691, 0.3537915680601841
0.16735159817351597, 2.4897690416437035, 0.8440997688310609, 0.4187544108828733
0.15547945205479452, 2.3670496104684866, 0.8701754394875674, 0.3668928667890093
0.2375, 2.0228503207433715, 0.8154361916245562, 0.29226176148871896
0.20878995433789954, 2.2119516679651388, 0.8479956925959352, 0.3289097893360659
0.40941780821917806, 1.8353623691325387, 0.6142672759536159, 0.20107982508047378
0.5, 1.5104576968915386, 0.5489076119697497, 0.19007881786819056
0.5681506849315069, 1.345844726793502, 0.4862280745251578, 0.15403566396061869
0.5832191780821918, 1.3048645841323485, 0.47329571770876117, 0.15086532509215642
0.5825342465753425, 1.286316307683286, 0.47778431877509175, 0.14826874972876883
0.6555365296803652, 1.051897305443715, 0.3627379289529231, 0.12445090299257203
0.6868721461187215, 0.9596175017133547, 0.32127339665889054, 0.11763982958358793
0.6095890410958904, 1.1464392117766842, 0.4428731818761132, 0.14354306207843426
0.6609018264840183, 0.9590513517814326, 0.3875737417566934, 0.12777741680871813
0.6351027397260274, 1.0077888791255343, 0.4267807634589637, 0.14603923602702945
0.6833333333333333, 0.9003748472249742, 0.35120015796968196, 0.12864566640085293
0.652796803652968, 0.8905888011396786, 0.3746346229176572, 0.14244300471177473
0.7001141552511415, 0.7866437101461574, 0.34294766025897616, 0.12004266767574374
0.7, 0.8105403077019991, 0.31124531076355877, 0.11498583766755198
0.6590753424657534, 0.961213787058985, 0.37842422711868196, 0.12069261471325216
0.6617579908675799, 0.9491978628697649, 0.3872973019560542, 0.12829027066200338
0.7554794520547945, 0.7094226639881144, 0.27068309667799423, 0.10571150784056871
0.7078767123287671, 0.8704352004841059, 0.34144030903274775, 0.11657965901129169
0.6850456621004566, 0.9794576755592485, 0.36597620111596685, 0.12464769412650507
0.7041666666666667, 0.8268423625497683, 0.3384898802577046, 0.11497125192802622
0.632134703196347, 1.0701024030653263, 0.41097773558975603, 0.14518482357644225
0.6863013698630137, 0.8284366636526251, 0.34867068032571624, 0.11758077164026641
0.6871575342465753, 0.8353895691868993, 0.355292691134799, 0.1224176762488157
0.7656963470319634, 0.6612941536285859, 0.24940602980053173, 0.10068038122752533
0.7032534246575343, 0.8111430083217709, 0.3225598728378973, 0.11662750917335771
0.676541095890411, 0.8494082009599472, 0.3568832911547259, 0.12226386646781878
0.7131849315068494, 0.806530629123931, 0.3079036993582194, 0.11740998254633213
0.6843036529680365, 0.9212799675364768, 0.353450572970069, 0.1279991456150444
0.7639269406392694, 0.6322021823671177, 0.27458777830525805, 0.1041726300605867
0.7170662100456621, 0.7441974955154639, 0.3270381697393037, 0.11405925730483844
0.7264840182648402, 0.7653020846360702, 0.30647048686488626, 0.1173113925931791
0.722716894977169, 0.745462930107518, 0.3062023715079538, 0.11412851612393904
0.7043949771689497, 0.8079705128641842, 0.32722917120989914, 0.12087740682451628
0.7291095890410959, 0.7195869635123591, 0.29307634345491534, 0.11229354605306656
0.7382420091324201, 0.6571521177368433, 0.2862447529853845, 0.11158366420359962
0.7908675799086758, 0.5610534082510382, 0.23106235234483424, 0.09596501665750384
0.7360730593607306, 0.68775034500863, 0.28616398381052593, 0.11555902555956246
0.760445205479452, 0.6228508441930849, 0.2645601225895628, 0.10531904212160487
0.7427511415525114, 0.7049181235322652, 0.28713715178723814, 0.11442609425062843
0.7281963470319635, 0.6805299380701806, 0.30146872555807447, 0.11336967737199435
0.7160958904109589, 0.7261524451955021, 0.3181152978793673, 0.11782453911777654
0.7607305936073059, 0.6236893532371403, 0.2654252564686088, 0.10431799141777783
0.8054223744292237, 0.5383225288113859, 0.20984702096284352, 0.09147224577452909
0.8045091324200914, 0.5303205151654989, 0.2078023607444783, 0.0912643231920278
0.7496004566210046, 0.6185492422440719, 0.2747668931146532, 0.10844506351091919
0.8010844748858448, 0.5195377260764299, 0.20881714002807258, 0.09319352612176904
0.7640410958904109, 0.5836230423749776, 0.2506192103972292, 0.10543919751301707
0.8172374429223744, 0.49974765953877365, 0.20037245510731533, 0.08943705305566113
0.8089041095890411, 0.5220379570146644, 0.20408032770852144, 0.08809627434482299
0.7586187214611873, 0.5952429743574829, 0.2547973826215649, 0.10340454897210377
0.8216324200913242, 0.4963928529403081, 0.1875063278759667, 0.08590527302993763
0.7224885844748858, 0.7921867000826419, 0.3046361167846367, 0.12775356638283358
0.7543949771689498, 0.6050670745609127, 0.27087849570607747, 0.11600858119325473
0.7759132420091325, 0.5470452887121655, 0.24198852717635425, 0.11249803351674725
0.8273972602739726, 0.49369180686402425, 0.18141486589145575, 0.09960660577857958
0.7768835616438357, 0.5695924015243512, 0.23782400847249527, 0.1134987742367855
0.7541095890410959, 0.6181425044333406, 0.27334423430675087, 0.11763722526361224
0.7756849315068494, 0.5632925801627794, 0.23832033901118843, 0.10916113576388091
0.8091324200913242, 0.5162757803122592, 0.18498002464751206, 0.09589384521507373
0.8353881278538813, 0.47456989153924206, 0.17528184890414916, 0.09180588772199937
0.7674657534246575, 0.6147789771502694, 0.2591004572944684, 0.1109005330070708
0.7527968036529681, 0.6597365992040034, 0.2810754095376125, 0.11585937640243019
0.8389840182648401, 0.46683711802414685, 0.17858300233212648, 0.09176463940084795
0.7877283105022831, 0.5401748487749642, 0.23584678569096937, 0.10438492113328732
0.8118721461187215, 0.5048316832694951, 0.2081705635718336, 0.09159159886812826
0.804851598173516, 0.5429278784582219, 0.22775326006732338, 0.09463845075853586
0.8037671232876712, 0.5189409961798617, 0.21530545969923928, 0.0965268069045554
0.8167808219178082, 0.5016311337532291, 0.2035471731669982, 0.08841062612951395
0.8408675799086758, 0.45681942831216893, 0.17521723145391824, 0.07786047021157928
0.796689497716895, 0.5203732332601734, 0.22532177504109047, 0.08757649458526842
0.8054794520547945, 0.49174820421217463, 0.21132760356612137, 0.08570138383633095
0.8244292237442923, 0.4620441460142871, 0.19187562027782473, 0.08038972110195523
0.7769406392694064, 0.5409199869675723, 0.23748489813377163, 0.09704524982860298
0.8329908675799087, 0.44977198728916995, 0.17663678388323745, 0.07877380623590445
0.7609018264840183, 0.5912474779353212, 0.2635119142230095, 0.10520228622864289
0.7789954337899543, 0.5850705286790147, 0.24208053270160915, 0.09851861107478035
0.8331050228310503, 0.43889434094547153, 0.17132099503805165, 0.07852947890970965
0.8223173515981735, 0.4510843367297323, 0.18943348757971862, 0.09043083095444712
0.8215182648401826, 0.45407294661380626, 0.19141232691161708, 0.07936075371559936
0.8370433789954338, 0.44791163150977775, 0.16316201750974862, 0.0777770262601918
0.811472602739726, 0.4665729384709864, 0.2023937271391778, 0.08512591660349292
0.7675799086757991, 0.577821089827883, 0.24683658704554046, 0.0994850177442455
0.7709474885844749, 0.5752936843398359, 0.25584191564715, 0.102548709993867
0.7388127853881279, 0.7820838806457254, 0.2869733522134366, 0.1306222139205118
0.846175799086758, 0.42691370344947, 0.1577461590393575, 0.09021644171951942
0.779851598173516, 0.5540335222146189, 0.23501686945583117, 0.1117410075313941
0.7737442922374429, 0.5724207093339608, 0.24085010536858362, 0.11598931171402381
0.845148401826484, 0.4207243970057361, 0.1627916216285864, 0.0969920268424241
0.7497716894977169, 0.6439015445375321, 0.2697780390124582, 0.11942587002794193
0.7730022831050228, 0.566361741126902, 0.2514585862027118, 0.11314228953876354
0.7945776255707763, 0.5149201004551137, 0.23039377401766278, 0.10582212878457657
0.7381849315068493, 0.7298331757184426, 0.2858877988936062, 0.12577371204702337
0.809931506849315, 0.4899036418533356, 0.205352554079685, 0.08651291414770514
0.852054794520548, 0.4069236159203758, 0.15478436435284457, 0.07482749457637128
0.8384132420091325, 0.4402068617329536, 0.1720757716628146, 0.0792849946446255
0.16974885844748858, 2.3033040864690797, 0.8677642763310264, 0.2208889202942292
0.1863013698630137, 2.2947505647461166, 0.8534492363121422, 0.36296014323992337
0.19571917808219177, 2.400628676445789, 0.8579035283299998, 0.32086630024467483
0.3285388127853881, 2.068304891061021, 0.7227566453767567, 0.21473914099703695
0.35182648401826483, 2.005360953268259, 0.7075647153820174, 0.22014297684558876
0.1868150684931507, 2.5986065943761556, 0.833840825890589, 0.3841330402711952
0.5495433789954338, 1.5449572442737345, 0.5029216979703687, 0.14985336383245113
0.5115296803652968, 1.6596919448969707, 0.5440117189137176, 0.17242059761585168
0.6078196347031963, 1.202463715129264, 0.3975033704274998, 0.14956557546793678
0.5311643835616439, 1.2673972932539974, 0.49697838769283514, 0.19818650031052087
0.6741438356164383, 0.9702342920672982, 0.32020227235146825, 0.13471576425484785
0.5904109589041096, 1.1187316145348154, 0.4402768223853717, 0.1602645455326911
0.6664383561643835, 0.9205418776297627, 0.3190240088577989, 0.13665589127095668
0.71175799086758, 0.8191657960044909, 0.26766755170103346, 0.11793484042559406
0.5759703196347032, 1.1107112787708855, 0.45509566209863955, 0.16032010394786222
0.7131278538812785, 0.7791157888486709, 0.26486929936139164, 0.10902177803818251
0.7526826484018265, 0.7326044683811387, 0.23802692856630014, 0.09666534037611738
0.685958904109589, 0.8180886720979085, 0.32850270340960175, 0.12995083356811107
0.6929794520547945, 0.835787703266227, 0.30972355978818966, 0.1281356418887476
0.7082762557077625, 0.8495134951074748, 0.3068996682523926, 0.11499261997401934
0.7013127853881278, 0.7889950413923481, 0.3100449049993823, 0.1180834216343989
0.7306506849315069, 0.7498380415272882, 0.2736704019133792, 0.10390905257349058
0.7682648401826484, 0.6384699159113639, 0.22229391326868003, 0.10036227286254899
0.7476598173515981, 0.6914817292294805, 0.24322120228294267, 0.09508534290654995
0.6905251141552512, 0.8173201149636794, 0.3295368758330983, 0.11678202273581041
0.7041666666666667, 0.788296310773298, 0.30522824347873373, 0.11373243521391511
0.7068493150684931, 0.7348610209061373, 0.30432979118473436, 0.12315343995632415
0.7460045662100456, 0.6651346815910938, 0.25186863653308605, 0.11588461407032552
0.7644406392694064, 0.6265632935978933, 0.22347517202552353, 0.10545069825471019
0.7473744292237443, 0.6482731652529549, 0.24895803463246644, 0.10782244053599499
0.7161529680365297, 0.7433329790380765, 0.2881626488859174, 0.11944334155163534
0.7287671232876712, 0.6589639118226717, 0.2720559254651811, 0.1117515984065532
0.7639269406392694, 0.5953196776889427, 0.2326734073865958, 0.10158437069731399
0.7232876712328767, 0.6735127096233828, 0.28569801605137823, 0.11346579700614157
0.7231164383561643, 0.6783241555305755, 0.2883688059604483, 0.11252738097134514
0.7135844748858448, 0.7229117856677127, 0.299674026570554, 0.1153428155873709
0.688527397260274, 0.8011626764629378, 0.32548558334497996, 0.12226421979424554
0.7928082191780822, 0.5766332156116172, 0.2047773124472167, 0.096622153727876
0.7878995433789955, 0.5759486870115919, 0.21536606211653717, 0.10041046456428283
0.7335616438356164, 0.6467506894573211, 0.2659858991198171, 0.12492914571873028
0.7101027397260274, 0.8604385712196637, 0.28740093854202364, 0.11784329715870279
0.7307648401826484, 0.6640638254940467, 0.2620373155717136, 0.11447376915046158
0.7453196347031964, 0.6273070797267302, 0.25830632302001894, 0.10735824464208653
0.7990867579908676, 0.5480377117353018, 0.19811903282513962, 0.0939218301296962
0.7989155251141552, 0.5450055492959911, 0.19221735309365337, 0.0949574587907066
0.810216894977169, 0.5224352308102596, 0.18654895375756364, 0.09935949679240051
0.8127853881278538, 0.5078316335596907, 0.1803374576189671, 0.09971918891391096
0.745662100456621, 0.6133501113122505, 0.25495855245654786, 0.11941486002323762
0.7678082191780822, 0.5797750779913515, 0.22824916800578732, 0.09602548517722001
0.8106164383561644, 0.5347019248241883, 0.18551804804331112, 0.09467961041032812
0.7634132420091324, 0.6299058552600308, 0.23797059187023836, 0.10993049606912508
0.7848744292237443, 0.5591198917805342, 0.21956115137523816, 0.10229495624919932
0.7356164383561644, 0.6501780554556463, 0.2632423136183972, 0.10318577376803605
0.7724885844748859, 0.5909646233169856, 0.23038445421428874, 0.09780078250618898
0.7911529680365297, 0.5626445168907968, 0.20502137129703968, 0.08952806886543643
0.7653538812785388, 0.582021701447455, 0.23689022618610175, 0.10388418424623147
0.788527397260274, 0.5255619488568378, 0.212024906538301, 0.09919398397168448
0.8482876712328767, 0.49485092678682385, 0.1532270006065099, 0.0806331843974156
0.8666666666666667, 0.5109017270214518, 0.14379961550382053, 0.07532622107695087
0.8815639269406392, 0.4784788062735995, 0.13055439602637228, 0.06477831210731386
0.8146689497716895, 0.5266385942846898, 0.18635540411772322, 0.08075203933945435
0.7605022831050229, 0.6681300087972484, 0.24046733070296472, 0.1030152235745909
0.7829908675799087, 0.5744720193604087, 0.21210245748419523, 0.10150336465013712
0.7960045662100457, 0.5737698055590547, 0.19577534847836875, 0.09547213628557101
0.8223744292237443, 0.4961961966161839, 0.16598005867306662, 0.09079650240260584
0.8043949771689498, 0.5060803025449413, 0.17236594264650418, 0.0981836629263074
0.8013127853881279, 0.49712300763241407, 0.19393204127020244, 0.09009484428048989
0.8310502283105022, 0.5043638020620484, 0.17754208301036045, 0.08612100084089962
0.7849885844748858, 0.5696406621249995, 0.21880076547490007, 0.09826146270220226
0.7959474885844748, 0.5503441265900786, 0.20836367995145974, 0.09492801624994279
0.8361872146118722, 0.4769214868774841, 0.16928139659820196, 0.08313560127343413
0.833675799086758, 0.4699646645107076, 0.15885148253108425, 0.08442239246908534
0.8188356164383561, 0.4967999865633787, 0.17456280281093914, 0.0963763966518232
0.8384132420091325, 0.47018371153101984, 0.16222011580796802, 0.08747654013350456
0.7974315068493151, 0.534590844413526, 0.20687142213469983, 0.09072272085475992
0.8430936073059361, 0.4654105864972095, 0.15498055499875296, 0.07856127539784469
0.7784817351598173, 0.6123969465541532, 0.22072504367812443, 0.09583237480117746
0.8606164383561644, 0.44637454174245583, 0.12809899086371968, 0.0683390976230671
0.8388127853881279, 0.4492196007104063, 0.14298731148183333, 0.08493195432350398
0.7657534246575343, 0.5765811316043588, 0.2270643878285802, 0.11389535684219457
0.8412671232876713, 0.43063808243854484, 0.1469828037967661, 0.0905122377317209
0.7986872146118722, 0.4957821120915444, 0.19520412624916683, 0.09226144150368709
0.8189497716894977, 0.47555428830867946, 0.17157008254062853, 0.08449346829559644
0.8337328767123288, 0.4238748929024622, 0.1588207234764149, 0.08487504948056834
0.8059931506849315, 0.47308643488971414, 0.19421077038973025, 0.08571822747333128
0.7667808219178082, 0.600507266184987, 0.23933400519911716, 0.10341506148461387
0.8513698630136987, 0.4082889517282484, 0.15019657712964746, 0.07826540442888047
0.8545662100456621, 0.40791765228771193, 0.14520541803642334, 0.07706480947327429
0.7867579908675799, 0.5409092013746275, 0.2163032859950858, 0.09362327224285769
0.7913812785388128, 0.5162325350033165, 0.2087832085913349, 0.09012691710593058
0.7687785388127854, 0.6359357780819108, 0.23424212512400092, 0.1070619985304137
0.8074200913242009, 0.48926168366383804, 0.19608189575960971, 0.08848969600590176
0.8083904109589041, 0.4662239195241774, 0.18917639003905282, 0.08944550071654213
0.8308219178082191, 0.4445292446149083, 0.16532532179906223, 0.07957586063246995
0.8144977168949772, 0.4568728727831101, 0.18096955816616378, 0.08280369175821618
0.8032534246575342, 0.475124158696809, 0.1921049155194849, 0.08670868367968292
0.769406392694064, 0.5654999223989384, 0.22951539253365655, 0.09684172350023021
0.8335616438356165, 0.4322065875944392, 0.15970800470075766, 0.08601757952366411
0.7791095890410958, 0.5346091978952279, 0.21825095465571084, 0.10165000379936545
0.8295091324200913, 0.5245314155672665, 0.19398913821223668, 0.08548430794857753
0.8936643835616438, 0.40953731690034273, 0.12031315863010564, 0.0677466449549736
0.05924657534246575, 2.312755349387317, 0.9256558815351549, 0.2769174368919404
0.10171232876712329, 2.354968581957632, 0.8999445010778078, 0.47948332456107556
0.1023972602739726, 3.2629391192539368, 0.8993464837850874, 0.47961720412701125
0.21506849315068494, 2.3069217633558052, 0.8173765923142083, 0.3427676321513449
0.32916666666666666, 2.0059732274990103, 0.7291440846573333, 0.20890270498334815
0.3291095890410959, 1.765299315797803, 0.6849479770871642, 0.22855835082111792
0.26581050228310504, 2.094041549642868, 0.7639097286554559, 0.2853682935836185
0.4863584474885845, 1.5928084751439056, 0.501524166820046, 0.16987735004164342
0.4949771689497717, 1.3748125535304143, 0.5238577427120519, 0.17675889670465478
0.5703196347031964, 1.3875422388508696, 0.42869856354074287, 0.14208853641580618
0.611986301369863, 1.1293133939901308, 0.37781168520304653, 0.13215775345413372
0.6083333333333333, 1.102136054442936, 0.37549256084048904, 0.13007885670284455
0.5785958904109589, 1.0969695167436337, 0.4036774279171729, 0.13819444876701734
0.6314497716894977, 1.038892547970693, 0.3664803773593934, 0.12677129857040326
0.6698059360730594, 1.050116276601223, 0.3367495150994228, 0.11428441836358892
0.6090182648401826, 1.00123374500263, 0.3799618955320977, 0.12790360140409285
0.5829337899543379, 1.126835692582517, 0.3956796446651598, 0.14066085291397407
0.6632990867579909, 0.9674285304413675, 0.313086492624597, 0.11598763433255169
0.7180936073059361, 0.797367116116991, 0.24231227509533387, 0.09801157232433773
0.6164383561643836, 1.0144688616180366, 0.37237706998481923, 0.12807704510378742
0.6458904109589041, 0.9235437476678994, 0.33173424508298305, 0.11858947204839007
0.6934360730593607, 0.7910193079729038, 0.2771271688171084, 0.10653404284723375
0.6742579908675799, 0.8480851571426459, 0.3029496847682969, 0.11039018502956387
0.7060502283105022, 0.754092847781849, 0.26199550436062546, 0.10209063848688661
0.5708333333333333, 1.2991220845712794, 0.42921843514133884, 0.1471530628375249
0.696175799086758, 0.8512958124858332, 0.28396259462238205, 0.11097186638832557
0.7182648401826484, 0.7677284343172259, 0.25809674449471326, 0.1038436103137796
0.7030821917808219, 0.7760148025092432, 0.28099327005425506, 0.1126476428974528
0.6906392694063926, 0.8396606590359347, 0.2883858219781928, 0.11781976996509043
0.7260844748858447, 0.7271145175294922, 0.2502712333161759, 0.09952204192515353
0.6771118721461187, 0.8881439294603326, 0.3092498715893781, 0.12407138446255024
0.715296803652968, 0.7607919763808764, 0.26302191894971383, 0.1099917232713204
0.7111301369863013, 0.7647389863993145, 0.2801718551442848, 0.11526154028147845
0.7675228310502283, 0.6719687049613349, 0.20480085462445796, 0.09275912044976581
0.6621575342465753, 0.9244026823915956, 0.31730916199150483, 0.11705722870071929
0.7428082191780822, 0.6740169261552428, 0.22737289981739722, 0.1063918342005547
0.6992579908675799, 0.7841079260585947, 0.27230662957089935, 0.11786524273819987
0.7188356164383561, 0.696808936240733, 0.2465659606466184, 0.0994918216090431
0.6892123287671232, 0.7782246651078232, 0.2883445746229389, 0.12264536358380478
0.7441780821917808, 0.6792855383418702, 0.2318255630570491, 0.11129224937275209
0.758675799086758, 0.6483082819448308, 0.21577376680693242, 0.10496208275568347
0.7549657534246575, 0.6691186851713797, 0.2178281170781939, 0.10801608246348436
0.7578767123287671, 0.650699059392079, 0.2140943966128819, 0.10479664030601825
0.7478310502283105, 0.6444878003929054, 0.22411541003862687, 0.10609986629986884
0.7162100456621004, 0.7074281604605468, 0.2642419981683834, 0.11315908411593786
0.7348173515981735, 0.6973327347950411, 0.23749681099518566, 0.09998280196415867
0.7377853881278539, 0.651520570951173, 0.23188063497925923, 0.09504546552761382
0.789783105022831, 0.640162140361608, 0.20083758394159631, 0.08839413604560944
0.77425799086758, 0.6113327832776521, 0.20173021723937673, 0.1009536900999154
0.7657534246575343, 0.6312558629018065, 0.20694772100221062, 0.10099113745346713
0.7385844748858448, 0.6918485857351241, 0.23764962914823812, 0.10744310774550259
0.7508561643835616, 0.6778912308639299, 0.21807997578281102, 0.10112555966888577
0.6907534246575342, 0.79624382212662, 0.24830992894106368, 0.10800181735005684
0.7464611872146119, 0.6512914527716465, 0.21332719647723927, 0.0959033134122808
0.7682077625570777, 0.5923980647639439, 0.20319203342319436, 0.08745824145921378
0.7557648401826484, 0.6098376256990784, 0.21439899092437376, 0.09220853714930277
0.7898972602739726, 0.5627690676858287, 0.17376818241002806, 0.08230760170351566
0.7617579908675799, 0.6213938134321271, 0.1873461552887551, 0.09063031429589831
0.7650684931506849, 0.6191685381033266, 0.19979233974775387, 0.09280725412794574
0.7793949771689498, 0.621398152899048, 0.18682543760040024, 0.08495050775568534
0.7885844748858447, 0.5646324904729305, 0.17475845094054612, 0.08168895798564116
0.7700913242009132, 0.5985269907472618, 0.1926428153582376, 0.08607437238402423
0.7919520547945206, 0.5578907431089418, 0.1635666294539666, 0.08663923795561396
0.7351027397260274, 0.6552498924031045, 0.23421927241545584, 0.10933364234829034
0.7077625570776256, 0.7907383127177787, 0.27227858074857947, 0.11813332787266331
0.7460616438356165, 0.7712010718998167, 0.2433418441994658, 0.1027726231663851
0.8166666666666667, 0.5680993072141454, 0.16479480637251925, 0.08122191014036628
0.76912100456621, 0.5898958466935517, 0.20037053522559709, 0.09562371601798264
0.7849885844748858, 0.5908359353317343, 0.18723908761391603, 0.08965747454850023
0.7875, 0.584223668577877, 0.1975719444126894, 0.09262502431943506
0.7641552511415525, 0.6835196796346696, 0.2288247396743633, 0.10322011371247922
0.7414383561643836, 0.6319159805643522, 0.2267749756940556, 0.10255392220633779
0.7415525114155251, 0.6367572501085231, 0.23027256543853167, 0.0991971126225155
0.7792808219178082, 0.5895163774417663, 0.18813115985450934, 0.08518055070139623
0.7317351598173516, 0.6655100761930238, 0.23999087041808476, 0.09712914501838449
0.7791666666666667, 0.5663867350545652, 0.19057520608301906, 0.08226993540527465
0.8080479452054794, 0.519939459907464, 0.15875107194741428, 0.08197307976133292
0.7872146118721461, 0.5484588531460302, 0.1839086787415554, 0.08732782968025411
0.741324200913242, 0.6201469658653836, 0.22244572526779963, 0.10106139196442626
0.7832762557077626, 0.5672259286836682, 0.18208518323339556, 0.08454556062678588
0.7320776255707763, 0.6750259652356748, 0.23605394847038638, 0.0929935314931332
0.7219748858447489, 0.6969998674274726, 0.24894223407299385, 0.09701613363553861
0.7954337899543379, 0.531644564926945, 0.17079859193191083, 0.07674122382574004
0.7594748858447489, 0.5906755915921491, 0.21154810806371083, 0.08771616601373788
0.7932077625570776, 0.5480458938470196, 0.1809000401378042, 0.0799998010843614
0.7799657534246576, 0.5637079345535977, 0.19342552719507627, 0.09677298453203115
0.7144977168949772, 0.7924803633427328, 0.2564683066703896, 0.10643739696551949
0.774486301369863, 0.5774181484303968, 0.19607251890976607, 0.08552921548316314
0.8085616438356165, 0.5298832214205383, 0.16136628016341117, 0.07521959479382832
0.7970319634703197, 0.5350118845344829, 0.17835750601663478, 0.0768913388151923
0.8103310502283105, 0.5227673109479509, 0.15558371854988018, 0.07127201391431998
0.8180365296803653, 0.5009857678892667, 0.15422304963333908, 0.06886558469963407
0.7592465753424658, 0.5694427284476041, 0.20451132304660558, 0.08771356698982777
0.7458333333333333, 0.6189930623986318, 0.2226827004735864, 0.08956856559117407
0.8126712328767123, 0.4916513214393739, 0.15150345619105046, 0.06793275059384964
0.8075342465753425, 0.5190051330979284, 0.1489952018959755, 0.06622688517981223
0.8039954337899543, 0.5431390808699909, 0.1489501475325481, 0.0718614113229356
0.7857876712328767, 0.5514479599492251, 0.17528016850789402, 0.07858108837961723
0.8238013698630137, 0.4747895697309632, 0.12835741884219357, 0.0753684640422158
0.8250570776255708, 0.47592076304140246, 0.12833578167928802, 0.0755123396070852
0.8011986301369863, 0.5406183228793352, 0.16472177875735317, 0.07755643295807946
0.11192922374429223, 2.303310010966645, 0.8857626366860724, 0.3092594518155882
0.2142123287671233, 2.309417790439847, 0.8326529070345516, 0.28681279707003265
0.12351598173515982, 2.3538108647073783, 0.8947493979124493, 0.4696518781182572
0.18481735159817353, 2.555685045978386, 0.8304767600967117, 0.428317867760587
0.1731164383561644, 2.41501321294026, 0.8472461209736184, 0.3897222272454699
0.35947488584474885, 2.2815861546472735, 0.7084442558593161, 0.20510401546618875
0.2956050228310502, 2.3158097762195604, 0.7670013449322451, 0.25475285947438253
0.363527397260274, 1.845408955470714, 0.6997355017763196, 0.23395524650245392
0.3639269406392694, 1.8479034292868861, 0.696740512323536, 0.20591786755419128
0.3910388127853881, 1.5960536964950003, 0.6581560122903821, 0.21567290363397504
0.5044520547945206, 1.3197089982567756, 0.5357328429129528, 0.15947855721062265
0.3766552511415525, 1.6121778994561577, 0.6687483254508813, 0.22468633357177603
0.5788812785388128, 1.1323947463444004, 0.4514640076820969, 0.16992179501483468
0.4603881278538813, 1.4453667723958605, 0.6001815171879328, 0.19029959531047452
0.4945205479452055, 1.5126842021844529, 0.5539309320674356, 0.17278907376942787
0.609703196347032, 1.2011371709723195, 0.43097985501188235, 0.1340308572576133
0.5364155251141552, 1.27023048796691, 0.498597991539262, 0.18559959549143015
0.6345890410958904, 1.0557508765900037, 0.4000306040898516, 0.13495502756785827
0.6348173515981735, 0.989475840514003, 0.38142138614613275, 0.13421813776140684
0.6113013698630136, 1.0869849401805232, 0.4151499613476089, 0.14092349103733837
0.6397831050228311, 0.9426862581023313, 0.3143347326628806, 0.12334751795996296
0.7069634703196347, 0.8148204415388614, 0.2939543030127451, 0.12170473909487224
0.6883561643835616, 0.855739133776172, 0.32979073704283013, 0.13226053232026438
0.7269977168949772, 0.7485825437753669, 0.26711010823098225, 0.11801758765847575
0.6655251141552512, 0.8804068573539253, 0.3440967330906924, 0.12616199612336046
0.6638698630136987, 0.8663723952677016, 0.3558365974194826, 0.13109133351449664
0.7180936073059361, 0.7759046114853064, 0.27521612589034483, 0.11046091643679729
0.7007420091324201, 0.7997139159101487, 0.30181337889618615, 0.11421754938705611
0.7230593607305936, 0.7397394310305593, 0.2461099211646529, 0.10325892773491736
0.7264269406392694, 0.7148031503021649, 0.2698822377431877, 0.10760971487075656
0.7496004566210046, 0.6936508905081481, 0.24041952837096697, 0.10190114352086725
0.6509132420091325, 0.9820619434645661, 0.3437127459583442, 0.12554489986265666
0.7417808219178083, 0.7216503763010036, 0.23716905744735453, 0.09398394548240739
0.7482876712328768, 0.7185707823235699, 0.2280102148206083, 0.09217313956059656
0.7772260273972603, 0.6835700608211898, 0.1972786289653975, 0.08530949198186256
0.7430936073059361, 0.7038586429425262, 0.24774375540894944, 0.09373775586919095
0.7009703196347032, 0.8574705987172043, 0.29311989218019174, 0.11986535010739063
0.7275114155251141, 0.8081012500046415, 0.2637139387415451, 0.10471498060638341
0.7541666666666667, 0.6822802203223131, 0.24377689093432806, 0.10383809238383643
0.7698059360730594, 0.6427864946460046, 0.22291002619986106, 0.10010195442846348
0.7649543378995434, 0.6620487766830422, 0.2068330460508053, 0.09681170542929739
0.7506849315068493, 0.6850238031624778, 0.2399555520474381, 0.10369474862619045
0.7462899543378996, 0.695641724446348, 0.23705305286680312, 0.10627790979243937
0.7695776255707762, 0.6109230986030849, 0.21368312731990396, 0.10029782361697663
0.7454908675799087, 0.6809119174410015, 0.2458695558121038, 0.10001952955505722
0.7487442922374429, 0.6750463117358432, 0.2391465683636492, 0.10158100647403348
0.7355593607305936, 0.741107760781165, 0.2507444902856894, 0.10508209235946107
0.7696347031963471, 0.6269279578064032, 0.18654461505550324, 0.08467311519193008
0.783675799086758, 0.6036418385833999, 0.18290848357096806, 0.08264600474790978
0.7589041095890411, 0.6354464189511576, 0.22792693295984623, 0.09332424271288754
0.7778538812785388, 0.6256392592171789, 0.21328842901881498, 0.08816378379366094
0.7917237442922375, 0.5939802643900323, 0.2008451848509827, 0.0849907414136517
0.7640981735159817, 0.6270916505324039, 0.23598770573907626, 0.09713294582799907
0.7531392694063926, 0.638168019660032, 0.24660108020144306, 0.10134448380403065
0.7444634703196347, 0.6611717458612449, 0.2559233855970487, 0.10119137404104851
0.7479452054794521, 0.6366299593078555, 0.24848077197930732, 0.10408641225121745
0.7327054794520548, 0.6713826130801626, 0.26398738316681547, 0.10718549328658304
0.7603310502283105, 0.6398863275292075, 0.24670579521236002, 0.1040439127496518
0.7606735159817352, 0.6109986522851273, 0.23746720350320205, 0.10677002056295593
0.7929223744292238, 0.5696124629453372, 0.20382911771390347, 0.09697015180125217
0.7804223744292238, 0.5762989246520678, 0.21883478396191605, 0.10471648904191037
0.6989726027397261, 0.7901578297226525, 0.29755852199732924, 0.12760261615717902
0.7235730593607306, 0.7154024917208409, 0.27500774414907075, 0.11620170065391063
0.7833333333333333, 0.5701657498880905, 0.21080468527971782, 0.09830377486433743
0.8075342465753425, 0.5071318443632484, 0.17614593910745996, 0.0913127292984413
0.7703196347031963, 0.6598645425391328, 0.2278801067218885, 0.0952545631740902
0.8378995433789954, 0.4992830288932607, 0.14131810832546438, 0.07649170402852921
0.7649543378995434, 0.5925389280959421, 0.23042999291065358, 0.11152323953327194
0.7857876712328767, 0.5659109182499329, 0.21144751202872275, 0.09823133033756132
0.8075342465753425, 0.5583603644068525, 0.1880991632776846, 0.08876116829637028
0.798972602739726, 0.5419196669844658, 0.18719882811460775, 0.08633845176148712
0.7615867579908676, 0.6083178372761037, 0.23485477160365054, 0.09453259533659866
0.803082191780822, 0.5145786321236442, 0.18917944145945564, 0.08043434844629706
0.7990296803652968, 0.5395106796246738, 0.19397817092851663, 0.08330122535525238
0.753824200913242, 0.6165777863441931, 0.24349193365789326, 0.09358870670440687
0.7620433789954338, 0.5911620522313764, 0.23448128891329884, 0.0909204027299085
0.7806506849315068, 0.5447977689271258, 0.21019421699962482, 0.0867234167555979
0.7748858447488585, 0.5580963954210832, 0.22006170505832778, 0.08903507017233539
0.7607305936073059, 0.6335660652266107, 0.23611208244491277, 0.0958087537818385
0.752283105022831, 0.6943682558675943, 0.24171428873936082, 0.10279291989403333
0.7517694063926941, 0.6487251025228615, 0.24050681885425096, 0.10281429909073045
0.7420091324200914, 0.8115386237823242, 0.26087926063665356, 0.10971913100461934
0.776541095890411, 0.5689572936408998, 0.2055868111263603, 0.09002327687486461
0.7637557077625571, 0.5813015758437787, 0.22154953290166116, 0.10056268243442157
0.7634703196347032, 0.6003764518155653, 0.22348766517347754, 0.09588731852489729
0.7630707762557077, 0.5990935839387843, 0.23005905313404498, 0.10394450239476022
0.7674657534246575, 0.5717386524259968, 0.22452225530046835, 0.10227507788802281
0.8083333333333333, 0.5069214425128296, 0.1760189502497088, 0.09261190808768668
0.7493721461187215, 0.6196120758425178, 0.24163095577533877, 0.11003395703649904
0.8148972602739726, 0.4969668753672032, 0.17332404675210417, 0.09221018954354948
0.7518835616438356, 0.6237962202255133, 0.2409599727831847, 0.11047074401248085
0.798230593607306, 0.527398638301234, 0.19094597827472626, 0.09086650018700056
0.7987442922374429, 0.5177195500547339, 0.19387674967426988, 0.09617426234715185
0.8333904109589041, 0.4603514607336128, 0.14951502026585176, 0.0820707354974843
0.7886986301369863, 0.5492804710713128, 0.20884282401662105, 0.09435484482004407
0.8369292237442922, 0.4746473114625708, 0.15300582682086628, 0.07359591613991796
0.8404109589041096, 0.4512120375751925, 0.14876341289100595, 0.07402932898928748
0.8595890410958904, 0.4586036777863199, 0.13660889076571694, 0.06603495271612031
0.7880707762557078, 0.5637948832683841, 0.21124412869671083, 0.0871803424986274
0.785958904109589, 0.5337439682328332, 0.2014738270546409, 0.08586484918634235
0.8159246575342466, 0.4769924990827224, 0.1633498204169429, 0.07556185920144426
0.07796803652968036, 2.3058945903222856, 0.9146013292725804, 0.3702259327203219
0.09828767123287671, 2.2911612127537597, 0.8395725880589879, 0.46442581874975863
0.16666666666666666, 2.3109919489246527, 0.8814153855408828, 0.374179943132638
0.2067351598173516, 2.5958943575144358, 0.8565234480570427, 0.31573996786985165
0.1259703196347032, 2.445308009558889, 0.8429757393402103, 0.44533714814572234
0.28521689497716896, 1.9386116948574101, 0.7543552504922938, 0.263180910297548
0.3516552511415525, 1.8497613514463107, 0.6683492744114341, 0.20657903473029862
0.3011415525114155, 2.12666692213436, 0.7411455316563108, 0.2632688261633237
0.442351598173516, 1.571114226057275, 0.5599809465803018, 0.17099189766632605
0.425513698630137, 1.684084717362915, 0.6038464329396518, 0.19882974694183936
0.45325342465753427, 1.6362980276295176, 0.5620966376885069, 0.17152161740568872
0.548230593607306, 1.2717013553084728, 0.42687816601494516, 0.14566723051756358
0.6493721461187215, 1.0728160824435315, 0.33358080300256326, 0.12176464433883481
0.6013127853881278, 1.1460256902794417, 0.39431547626612334, 0.1266427696294678
0.5463470319634703, 1.2279001935880598, 0.4163289995141421, 0.12685852975091438
0.577796803652968, 1.1245830684237939, 0.36366397102767656, 0.12002458678649765
0.6107876712328767, 1.0209797202688684, 0.3533096365669766, 0.12466451429960519
0.557648401826484, 1.1656100073852815, 0.41636999144713016, 0.13925593565923022
0.603824200913242, 1.1864937239192845, 0.3650561981378445, 0.12661089010440998
0.6057648401826484, 1.1047767988560677, 0.3674974503790509, 0.12623540623368446
0.6190639269406393, 1.171222324704445, 0.3978140159133311, 0.13481800404906152
0.5983447488584475, 1.0277831598497835, 0.3738892113093257, 0.1300952904437879
0.6264840182648402, 0.9579979527578476, 0.33338133390048424, 0.1193500415690372
0.6052511415525114, 1.0783217341210118, 0.3676595709677889, 0.12303404938364162
0.694634703196347, 0.8248620624944502, 0.2539636467252161, 0.09742264379067488
0.6323630136986301, 0.9762480290001152, 0.3358996358351207, 0.11819958805483925
0.6938356164383561, 0.8015890439617985, 0.2530347444023291, 0.09890526356754696
0.6601027397260274, 0.8669665939659922, 0.2716729642723346, 0.09888448739873365
0.6567922374429224, 0.9393319839515434, 0.3095288525804029, 0.10263400714980327
0.7149543378995433, 0.8194527557619675, 0.2729946184820657, 0.09896673727099387
0.7190068493150685, 0.7718132055731869, 0.241975340049647, 0.09093875943295478
0.665068493150685, 0.8512207878994879, 0.2922178567684933, 0.10133171506247439
0.6631849315068493, 0.8984438032300167, 0.29238288361551107, 0.11367946954335574
0.6648972602739726, 0.8681563901992996, 0.29689480533884116, 0.11221728941444128
0.7216324200913242, 0.747976073106609, 0.22580111348390253, 0.09296268416864203
0.6723744292237442, 0.8835748612750272, 0.29173591239900026, 0.11609755938331454
0.6799657534246575, 0.9066128316806888, 0.2826856895745477, 0.11012438014996043
0.7498287671232877, 0.7315207654703568, 0.2110139817167379, 0.08651403027891806
0.7265410958904109, 0.7689945204726398, 0.22325450279064074, 0.08772115871388442
0.6523972602739726, 0.9566001289047313, 0.31031225244983085, 0.1117483151243254
0.6509703196347032, 0.9424310797124439, 0.3102582696508465, 0.11554444681090204
0.690068493150685, 0.9057521070639144, 0.2770540606324777, 0.10531892003187954
0.6248287671232877, 1.151738449559124, 0.3479659410526946, 0.11830680878349112
0.6654680365296803, 1.072983864491219, 0.2922570476558461, 0.11059028019655656
0.694920091324201, 0.8091528978235977, 0.25557014288908203, 0.10316675239460092
0.7133561643835616, 0.7372660593293703, 0.24301293534581828, 0.1057655380468468
0.7454908675799087, 0.7355977957739605, 0.2400761709321855, 0.10317220837410118
0.7233447488584475, 0.7218265217955631, 0.21819459829832236, 0.09649929985800774
0.7393835616438356, 0.6969748511849971, 0.21393210014555192, 0.08933175616275513
0.73162100456621, 0.6764574647863681, 0.21025990902446878, 0.09629496719148016
0.6836187214611872, 0.7863162739921072, 0.26432682534094115, 0.10678431439443306
0.6845319634703196, 0.8721334838425906, 0.2791738670311916, 0.1141169380430505
0.6983447488584474, 0.8138238992025468, 0.26292756161142894, 0.1108388149605927
0.7450342465753425, 0.6910888125642881, 0.20710161360788212, 0.0924058520100105
0.6860159817351598, 0.9077430223152597, 0.2797744841805188, 0.11006709493289536
0.6937214611872146, 0.8353803764055863, 0.27121443281042423, 0.10660677246020078
0.8047374429223745, 0.6422725229600225, 0.15945067253251385, 0.07829418149737505
0.7546232876712329, 0.6511182444101212, 0.19087412477420115, 0.08402385986170251
0.7034817351598174, 0.7792943851521279, 0.2511526369574678, 0.09932969013101677
0.7595319634703196, 0.6281772397396426, 0.18295345411423589, 0.09444195748192316
0.7400684931506849, 0.6719207875941321, 0.21381206015811885, 0.10229801634920195
0.6924086757990867, 0.7644515359449771, 0.251963599955195, 0.12018897519351684
0.7228881278538812, 0.8631919770764618, 0.26943385743710224, 0.11873882784529152
0.7807648401826484, 0.6571137639813487, 0.2041485884479244, 0.10096559627517243
0.6960616438356164, 0.733006107556589, 0.2512559744988946, 0.11125058271035788
0.7819063926940639, 0.6478021171202587, 0.20020158039172897, 0.09547817665895979
0.744406392694064, 0.6462143527918255, 0.20265142370738062, 0.08669924722860912
0.7598744292237443, 0.7126454792835726, 0.22478135268307364, 0.09061711490586478
0.767865296803653, 0.6911649410771623, 0.22057375373702062, 0.08868149773148007
0.813527397260274, 0.616361490816099, 0.16500311658125727, 0.074666629666912
0.7443493150684931, 0.6423109826330706, 0.20070347404346228, 0.08633470331960635
0.7643264840182649, 0.6525632486131069, 0.19198460910814635, 0.08405134777459967
0.6844748858447488, 0.8205638730424653, 0.2744853006071242, 0.11032129716178207
0.7575342465753425, 0.6461451676576377, 0.18900152395693937, 0.08788502795802439
0.7733447488584475, 0.608198872934764, 0.1722583917137083, 0.08546156748027516
0.7159817351598173, 0.7829493466213393, 0.21702628979630656, 0.09978675760896832
0.6565068493150685, 0.9280358779551592, 0.2566238912853725, 0.11173946280743084
0.7223173515981736, 0.7073953936300023, 0.22180776402684413, 0.09046473013375675
0.7593036529680365, 0.6219232775442771, 0.18274494978565411, 0.07942119958615426
0.7748858447488585, 0.5850061934717947, 0.1650707179573893, 0.07935743084690774
0.7727739726027397, 0.5864018061400991, 0.16362975164957316, 0.07728413420475881
0.7482305936073059, 0.6264175588212203, 0.19798152593610452, 0.08641584124957408
0.7336187214611872, 0.6424498138988146, 0.2105979638651129, 0.09155757769511627
0.7919520547945206, 0.7395922378053358, 0.21680258197925306, 0.09752569949135827
0.8643835616438356, 0.5878624627527281, 0.1409893446271019, 0.07348476601582933
0.8243721461187214, 0.591732566451451, 0.15529927558033182, 0.07494540616319756
0.7779680365296804, 0.5959548406052315, 0.1656176609933352, 0.07783739690189458
0.7583333333333333, 0.6404603363974918, 0.18947416764417482, 0.0849086364131025
0.7592465753424658, 0.6299276671705802, 0.1915605352121329, 0.09065392462897845
0.7274543378995434, 0.6716047069001508, 0.22203860962053298, 0.10160115071176275
0.7610730593607306, 0.6038825137551729, 0.17899112343984083, 0.0778139224751567
0.7429223744292237, 0.6130414796068459, 0.20224577205871785, 0.09962975546078284
0.7787671232876713, 0.5700354059527052, 0.16154109145177678, 0.08270887442433333
0.7709474885844749, 0.640364033556117, 0.19395880542333147, 0.09118541709320377
0.7508561643835616, 0.6657914131112089, 0.21319540488610778, 0.09525036218079232
0.7159817351598173, 0.825303697153572, 0.2641172882067809, 0.10102596882576308
0.8103881278538813, 0.5544108450537737, 0.15141745210688465, 0.07495039888364775
0.8054223744292237, 0.6133990014511044, 0.17887266849472316, 0.08420923545742118
0.7636415525114155, 0.6039965315311087, 0.18432912564672382, 0.08496921896113237
0.7936643835616438, 0.5654666473913994, 0.15252041668012534, 0.07057626428526916
0.7587328767123288, 0.6134887698704254, 0.19268163154822449, 0.08266711122671659
