acuracia,loss,frr,fpr
0.05917564563023773, 2.3122767483683133
0.09782794595519069, 2.3018090831506934, 0.9191240488299905, 0.33219968561847113
0.09953822473063109, 2.463121010112583, 0.9191641500338066, 0.4780830674648338
0.09953822473063109, 2.3689578733465417, 0.9191641500338066, 0.48022402635070705
0.10193261501624765, 2.4747963542167835, 0.9222453338186734, 0.49066845229234074
0.1604811584288239, 2.3736515115844803, 0.8552773818400453, 0.38025402758222293
0.10951485092070007, 2.4731800367320984, 0.9134626840707674, 0.4819137147299981
0.18305683826463715, 2.373476152123465, 0.8240705733267553, 0.32578935625453354
0.09714383444501454, 2.258146636597916, 0.9171294161338794, 0.489952543828228
0.10392794025426144, 2.20324432223969, 0.9142871542228437, 0.4759761312755876
0.1482811698306824, 2.2078972808801356, 0.861272904327059, 0.4025274257920528
0.23915398209908215, 2.129437582392655, 0.7689994121074222, 0.2856366597911947
0.31771278718431106, 2.057782727060959, 0.6930416510157233, 0.3012140812203139
0.39843794538509775, 2.001140630426663, 0.6035632928918147, 0.1856529143057704
0.40533606977937403, 1.9340217891641138, 0.5948413386949502, 0.18153849988700604
0.25215210079242917, 1.9935395093099006, 0.7607811792892472, 0.30053954972686947
0.20774186192349353, 2.002291775288002, 0.7894235678010978, 0.3870427374012649
0.22153811071204607, 2.0205783640180983, 0.7833302528524747, 0.2907941884146512
0.37078843851547805, 1.9037610907068303, 0.6387384223329636, 0.21821294617773823
0.38777720768485263, 1.8203096312941307, 0.6153586619399419, 0.2010795444897733
0.4644547061170971, 2.1830587756109785, 0.5295194001098599, 0.15956200969384493
0.1344279117496152, 2.192039557482197, 0.850725153868596, 0.4431714471507022
0.12479334131463428, 2.2141199898104067, 0.859921987346223, 0.4369486977985579
0.12199988598141497, 2.2274222376476938, 0.889466811766663, 0.3881485727906768
0.20682971324325866, 2.279942715197222, 0.826470030694227, 0.2966622429406722
0.09839803888033749, 2.294535626945661, 0.8994656317295266, 0.482852070906303
0.09839803888033749, 2.339303987313415, 0.8994656317295266, 0.48148003251407645
0.1579157402656633, 2.347841361679337, 0.8470269303676067, 0.3245282147978834
0.09839803888033749, 2.3229597175578682, 0.8994656317295266, 0.4784431717569898
0.13744940425289323, 2.2960854751695, 0.8514740903825978, 0.4280263327358599
0.1111681204036258, 2.283351360409339, 0.8976227384159503, 0.491884619649632
0.11202325979134599, 2.328919718008779, 0.8968957285035819, 0.4850030151951172
0.11259335271649279, 2.4055623939742614, 0.8962011237281352, 0.48644477896257626
0.18972692548885467, 2.2611498312330065, 0.8409860725304742, 0.26488662484371944
0.09845504817285218, 2.3583769232100944, 0.8993592487508033, 0.4525421070844439
0.1159569009748589, 2.34287764366741, 0.8692314076760493, 0.46733459650331804
0.1726241377344507, 2.2558747519449662, 0.8361714544807581, 0.3601753898609733
0.15745966592554586, 2.1985424292494637, 0.8563798266258901, 0.4133676022839323
0.17923721566615358, 2.166188302170448, 0.8408185895663484, 0.3727247077163948
0.18151758736674078, 2.2435148850208226, 0.8407135119308111, 0.3044124233542509
0.22969043954164528, 2.2102527974520556, 0.7765660341136589, 0.26088913567911076
0.06920928111282139, 2.3094069593057793, 0.9251486797112398, 0.3464910411470637
0.09953822473063109, 2.30852497368159, 0.9191641500338066, 0.4787557597338835
0.10141953138361554, 2.4610274177641194, 0.880341086181959, 0.47770845064596623
0.0907017843908557, 2.3566177259740084, 0.9219175317613525, 0.4877780804063706
0.09406533264922182, 2.3622778892639418, 0.9198618407316631, 0.4886644072035004
0.1054671911521578, 2.336290478115105, 0.9191349395463371, 0.4480499690701848
0.18476711704007753, 2.484610989043354, 0.8356799053540435, 0.3565552826785073
0.2483324781939456, 2.2535950464327272, 0.7630703950210398, 0.25621765821581477
0.15021948577618152, 2.221435598309109, 0.8647494084004553, 0.415876176076741
0.23881192634399406, 2.0432454872944152, 0.7763059266874021, 0.3851413563972789
0.47163787697394677, 1.855496793117173, 0.5433338992992277, 0.15434756301451824
0.41839119776523576, 1.7519774455367945, 0.6013223674020602, 0.17463638006240698
0.44643976968245824, 1.7599878407525036, 0.5566840107380052, 0.1728605791596419
0.3453622940539308, 1.7559431439287803, 0.6683256744316541, 0.23911910833285394
0.3158314805313266, 1.7821458938265735, 0.6917626820228644, 0.2459406571108785
0.5186705432985577, 1.6193225497405277, 0.4942827282473056, 0.14401730657713685
0.5326378199646542, 1.458488041376906, 0.47706665825234323, 0.13790652889925079
0.47842198278319364, 1.5287835141977844, 0.5348492621749756, 0.16235394005977744
0.4972920586055527, 1.4532525230127529, 0.5079224415137545, 0.17723639250404902
0.4859472093951314, 1.4052936642882925, 0.5204041666532632, 0.18059845288553875
0.6541816316059518, 1.1085833788309287, 0.3576423416612416, 0.10762253592701723
0.6821731942306596, 0.9975988402614175, 0.32257320650834265, 0.1004681328348144
0.68120403625791, 1.0065222192131127, 0.3119670739781055, 0.09745002932818166
0.6743059118636338, 0.9937033707824023, 0.31725276610202074, 0.10495175301191419
0.6532694829257168, 1.0280623973787024, 0.3423879788801546, 0.11409571054704751
0.6317769796476825, 1.0538851517566357, 0.3759694664880813, 0.1244362960804455
0.6571461148167151, 1.0092941738211043, 0.32850416135793553, 0.10649404772206131
0.6839404822986147, 0.9909959495924853, 0.3026685574099179, 0.09752225635433545
0.6679778803945043, 1.1437209603287435, 0.3240895897685489, 0.1029098903934056
0.6572601334017445, 1.1067090867007923, 0.33081890426996696, 0.10568955385854077
0.6683199361495924, 1.1259396864708369, 0.31996920856657685, 0.10676741370440102
0.6691180662447979, 1.0680440886615246, 0.3240338460018715, 0.1091397270636663
0.7118750356308078, 0.9794458155337351, 0.28491073755173896, 0.09678483719404682
0.6822872128156889, 0.9653575969100182, 0.32303179996606934, 0.10849042480203437
0.6835414172510119, 0.916503744791021, 0.3143660009879975, 0.10338122994385357
0.7278376375349181, 0.8559317522106232, 0.2638691492365479, 0.0895030732901698
0.7246451171540961, 0.86900025585831, 0.2692631732597516, 0.09116168858821647
0.7182600763924519, 0.8767952569564731, 0.27363379699744095, 0.09208193001625962
0.725557265834331, 0.8028535232679322, 0.26675772994447133, 0.09217040434439498
0.7296049256028733, 0.8106862949711818, 0.26251129432488907, 0.09025791069089628
0.7439712673165726, 0.7943035170733391, 0.25025067892772407, 0.0870727219916077
0.1136765292742717, 2.3016614088765586, 0.8687304082507687, 0.2561056157248148
0.23596146171826007, 2.2900467121603145, 0.771644543042028, 0.2731116088886156
0.10193261501624765, 2.4391592969699225, 0.9222453338186734, 0.49013831970218247
0.19314748303973547, 2.407518508985998, 0.8119634217243477, 0.3046467191758416
0.18949888831879597, 2.3692490345028623, 0.8275176149231078, 0.2963240857780903
0.11099709252608175, 2.346066752641409, 0.8978090329037155, 0.4914379574520212
0.1985063565361154, 2.348193287237783, 0.802560097694204, 0.329183521713617
0.18533720996522432, 2.3935580687663975, 0.8337018563586582, 0.3246361664672156
0.25426144461547234, 2.4257813197613225, 0.759390092077754, 0.3250464537379305
0.24816145031640158, 2.407737438514685, 0.7628224178782648, 0.29541312660782226
0.271592269539935, 2.3542673032019144, 0.7411436298039851, 0.26339715835763916
0.10187560572373297, 2.3754593601765595, 0.8799648009605773, 0.47710416534409206
0.3116127928852403, 2.3042802827625057, 0.6975252353736064, 0.22667698185768465
0.17684282538053703, 2.220117077847298, 0.822433064287375, 0.4021854868091597
0.3107576534975201, 2.1219249294724487, 0.6889446884336321, 0.20764548247982698
0.2718773160025084, 2.1460109829501683, 0.7216514286627959, 0.2417727821307973
0.33555669574140584, 1.9549360188177338, 0.6554143513865631, 0.2098919789399537
0.45812667464796764, 1.7895058702460227, 0.549330364000829, 0.16321293146136276
0.4260874522547175, 1.8054733366720503, 0.5684349857808058, 0.17416215590593304
0.3572202268969842, 1.788412711386683, 0.6462763553729097, 0.2043616807761526
0.3889173935351462, 1.8043365018899624, 0.6068953038337787, 0.21867468323906167
0.4676472264979192, 1.6901159195058342, 0.5363192517434234, 0.1587832408731613
0.43264352089390573, 1.8000557850652366, 0.578111175404285, 0.17391164929970068
0.4243771734792771, 1.6741702848499909, 0.5837325190083464, 0.1699224663059014
0.3930790718887179, 1.696723057761288, 0.6146781869164192, 0.17314068761524212
0.35094920472036945, 1.8174829048901366, 0.6500526867338587, 0.1955221570507854
0.5036770993671968, 1.7128632996717872, 0.5094216944485359, 0.16061587113059525
0.4666780685251696, 1.5385847268983417, 0.53807140475964, 0.17497129440967052
0.4600649905934667, 1.5050108306095888, 0.542954576037278, 0.1564356376631286
0.5022518670543299, 1.4308209348032266, 0.5021202200664299, 0.14857875848721386
0.48064534519126617, 1.4849854939120841, 0.5314416199092759, 0.15378240360734904
0.5051023316800638, 1.5778641805233702, 0.5044789332796641, 0.15745849733706252
0.498489253748361, 1.5169725545040795, 0.5137358828556319, 0.16500426139466925
0.5422153811071204, 1.4756984230604298, 0.4615486461036265, 0.14595451618140004
0.49204720369420213, 1.519511312633272, 0.5183263626375103, 0.15625274552379576
0.4700986260760504, 1.5266188259495241, 0.5433084999680932, 0.16020730465433058
0.4348668833019782, 1.567405005742486, 0.5743883246532591, 0.19978268479763453
0.6669517131292401, 1.3062776389979533, 0.32326236225438476, 0.10193298819610051
0.5104612051764438, 1.3606831704844404, 0.49048448096293107, 0.16586453036196072
0.515763069380309, 1.3435182444732998, 0.4763550090251654, 0.16299891596960392
0.5732284362351063, 1.2327348425658173, 0.4246257177313422, 0.13560488603467521
0.1919502878969272, 2.299405056913361, 0.7886757595384437, 0.26436847327395535
0.10307280086654125, 2.305120623361139, 0.8813943398529506, 0.47747924224322347
0.16908956159854055, 2.3085613764444877, 0.8332573366450065, 0.4358542807369332
0.11099709252608175, 2.412847517976249, 0.8978090329037155, 0.4886320633011707
0.19029701841400148, 2.2951220107740484, 0.7943937885584578, 0.31574985337759964
0.1818026338293142, 2.298163645141488, 0.8425865764522118, 0.3178637163968437
0.1978792543184539, 2.3094847990437466, 0.8034424417127952, 0.34096952357572846
0.31862493586454593, 2.1135416772671256, 0.7016502559288843, 0.21971868570714284
0.4600649905934667, 1.9505766833714044, 0.5683921715152926, 0.1572500989026666
0.33407445413602416, 1.8334957485996557, 0.6860129182520524, 0.25388416273669345
0.3940482298614674, 1.7094207615260013, 0.5969950665824609, 0.22128237460724975
0.38338749216122225, 1.6883380126245657, 0.6443938465518984, 0.24152801917185024
0.6238526879881421, 1.3832001877608522, 0.3771479239298738, 0.11329398897702968
0.5362864146855938, 1.414165787222543, 0.47480075977091296, 0.13323774060745155
0.6109685878798244, 1.2765849968871372, 0.40922221181323465, 0.12888331007694542
0.573456473405165, 1.3585140419743038, 0.45469311464590784, 0.14994156495437144
0.680861980502822, 1.1713000353117584, 0.3339254554373035, 0.11223635882483557
0.6387321133344736, 1.1585758118125937, 0.3687710652271921, 0.11293297252924592
0.6357106208311954, 1.1043002145069358, 0.37225685484492765, 0.11222689585343294
0.5836611367652927, 1.1959922038743755, 0.4100410677555317, 0.13966253910130713
0.6156433498660282, 1.1479250263707523, 0.39731675690634916, 0.11787699138369412
0.7289208140926972, 1.2532004824889493, 0.2857217699777129, 0.09251803697768719
0.6131349409953822, 1.4282447949751, 0.4174738672064317, 0.1202311117950516
0.49740607719058205, 1.4341968476239668, 0.5189383916718115, 0.14973868918646158
0.49421355680976, 1.4620505629301574, 0.5287362418545336, 0.16271175375827313
0.5143948463599567, 1.4530103489145791, 0.4871218984918355, 0.15768207613804386
0.5636508750926401, 1.3481659455803916, 0.45353212426254297, 0.1513938750575732
0.5952340231457728, 1.2539908547976135, 0.42331808977275065, 0.12729778825483332
0.62066016760732, 1.210496025315308, 0.38858168334456883, 0.11933445386928597
0.6173536286414686, 1.0862514123568634, 0.3816054560789144, 0.11726876815851911
0.6711133914828117, 1.086452171954463, 0.33535489888597037, 0.10909195576850099
0.613705033920529, 1.0824852181169227, 0.3884468810163412, 0.12042584537019954
0.7081694316173537, 0.9529119957085312, 0.30983575916318157, 0.10394912138546297
0.7009292514679892, 0.8875798991030798, 0.2922124865069327, 0.10098518429494466
0.6684909640271364, 0.8915921604723464, 0.32864064415025146, 0.1096718442464591
0.7549740607719059, 0.83849029657848, 0.24986606882775156, 0.08913869286335531
0.745510518214469, 0.7827869884786163, 0.24901467018039677, 0.08767170201636107
0.6405564106949433, 0.8812489791446041, 0.3761249489552894, 0.129489450553907
0.6731087167208255, 0.8473809638757382, 0.3440278952463883, 0.12446274003631269
0.7181460578074226, 0.7893660733771272, 0.29982620988496483, 0.11161176472658832
0.7316572601334017, 0.7884100114219855, 0.2825965816105455, 0.10193393893860421
0.08443076221424092, 2.3066201508503927, 0.9244756388174065, 0.2338599666615054
0.11641297531497634, 2.3101103167993013, 0.9086997629823498, 0.4781162477451511
0.10193261501624765, 2.403481476738192, 0.9222453338186734, 0.49413788803260245
0.11099709252608175, 2.398263223174904, 0.8978090329037155, 0.4879727926120899
0.14634285388518328, 2.4854970830895393, 0.8592255846153689, 0.4630785974443004
0.11743914258024057, 2.341222428859595, 0.8929445774547062, 0.4760888927394853
0.23698762898352432, 2.2623761844950345, 0.7573891608170595, 0.26758650387903715
0.27284647397525796, 2.1677464235808257, 0.723812766605378, 0.24096990425547318
0.28766889002907475, 2.157961396506096, 0.7105339518142868, 0.2437123522947104
0.34866883301978224, 1.9761514377141378, 0.6623791628884252, 0.21725979618211125
0.3074511145316687, 2.0296597786782495, 0.7134679137880211, 0.2329974168385508
0.4241491363092184, 1.9190891541047486, 0.5970134136822743, 0.24011217821352102
0.46941451456587424, 1.8562475418879352, 0.5429558109912316, 0.15858711920782637
0.3594435893050567, 1.9852945153433637, 0.6355843947831626, 0.2431395819400043
0.3705033920529046, 1.9724760381174118, 0.6298669272442973, 0.20465646000357157
0.4479790205803546, 1.774950235856109, 0.5665681292905129, 0.1548075672511232
0.44729490907017844, 1.697338843928742, 0.564849870070281, 0.1771881305599257
0.5039051365372555, 1.6061649024422828, 0.5045353257500815, 0.13353189651502556
0.45459209851205745, 1.5624915559245558, 0.5541435764149771, 0.1746945088480104
0.4774528248104441, 1.5516001029873157, 0.52457743654088, 0.1486227615797031
0.5466050966307509, 1.4277669030776485, 0.45193947742615975, 0.13536103860270887
0.5737985291602531, 1.360801959844619, 0.42800360080135014, 0.12322568962312026
0.5426144461547232, 1.3485922121617162, 0.46477795112729425, 0.13619558406710355
0.5902742146969956, 1.2771562284201539, 0.43535159552181013, 0.12373559489496044
0.5430705204948406, 1.3420985229132854, 0.47167527453556835, 0.14687740985437378
0.5837181460578075, 1.3407688486222515, 0.42638047153553893, 0.1261829752047828
0.573285445527621, 1.3251774085449979, 0.43243403843713507, 0.1270998320670137
0.6483096744769398, 1.1815932024144782, 0.36770316416478654, 0.10593270855490938
0.6202040932672026, 1.0990422951537204, 0.3862326191039318, 0.11253771347554416
0.5828630066700872, 1.1613176181600442, 0.42037993217014313, 0.12274974760551631
0.6383900575793855, 1.0844329891113775, 0.3713192958339646, 0.11008072556269681
0.6793227296049256, 1.016315137888251, 0.33850720277540236, 0.10106187775937638
0.6786386180947495, 0.9749898794154924, 0.33806616995306726, 0.10239144487377316
0.6526993900005701, 0.9894111700929475, 0.36479562010198896, 0.10927834911397571
0.683712445128556, 0.9356464348245173, 0.33314540361098904, 0.10341299509303699
0.6535545293882903, 1.002899164472077, 0.3629760745846133, 0.10634200666121549
0.6390741690895616, 1.2660847812666738, 0.37642155800435767, 0.12427163117209547
0.5264238070805541, 1.5484522147445325, 0.4782593868638708, 0.14455274594963455
0.597856450601448, 1.5260080484577068, 0.41042110207040283, 0.12003161047551446
0.482811698306824, 1.5509788853794184, 0.5221057896721192, 0.1630051800463289
0.4938715010546719, 1.5813782381549113, 0.498148811302949, 0.1778970861681138
0.08574197594207855, 2.301543452015122, 0.8960045549673535, 0.28790651688477015
0.11099709252608175, 2.2942694722637675, 0.8978090329037155, 0.4883848899828468
0.1199475514508865, 2.403761669654448, 0.8996891138317018, 0.4629194957185394
0.20511943446781825, 2.3993416183330973, 0.8266828930023387, 0.3650653947295386
0.16430078102730744, 2.3023949415570524, 0.855735225223849, 0.3528880701512417
0.11219428766889003, 2.260272843604906, 0.9122981296344069, 0.48563159343611045
0.2228493244398837, 2.310108096887323, 0.7923836556745685, 0.40569527328062344
0.3968986944872014, 2.1848846568219114, 0.6232134033991398, 0.2058768406064463
0.23681660110598027, 2.248020894170915, 0.7625375530534191, 0.29253161815218887
0.16914657089105525, 2.165066062646325, 0.8247426785067361, 0.4372850370651553
0.11869334701556354, 2.1700530938762097, 0.8976874600849805, 0.47921612106944095
0.39792486175246566, 1.9739317596825205, 0.5996868056849514, 0.1834843879990585
0.342112764380594, 1.9892859801137797, 0.6757585984899136, 0.24061189179167586
0.3929650533036885, 1.8057616144260709, 0.6186130148520445, 0.2140637654105749
0.41097998973832733, 1.6855137149017176, 0.6230454601144592, 0.221958449911955
0.4278547403226726, 1.7170110950855442, 0.5765737395150555, 0.18136310674131592
0.5064135454079015, 1.6291827835254322, 0.5001405417576053, 0.15537905084500864
0.5696368508066815, 1.4787709073407111, 0.4412567124376094, 0.13214261086313253
0.4736902115044752, 1.5991857285157325, 0.5201244540989687, 0.1832545988069927
0.44529958383216467, 1.4679039362307238, 0.5650667487640227, 0.19733146189540263
0.5415882788894589, 1.3037412293103692, 0.46266838226149637, 0.13896030496234726
0.5272219371757596, 1.2389413297387037, 0.48784608495486814, 0.1554527982441868
0.5717461946297246, 1.204724628044829, 0.45120174828472803, 0.142569194434557
0.6539535944358931, 1.0785454084392583, 0.36510334319478793, 0.12915656416200427
0.648252665184425, 1.0553628042154237, 0.36508866215265173, 0.12531711078665342
0.7450544438743515, 1.2066192542954104, 0.25463303154136346, 0.08990551220840938
0.6802348782851605, 1.1534905515445093, 0.33407070074069645, 0.11653148907484898
0.5993386922068297, 1.1170617795647717, 0.40701367030509444, 0.13438435227367435
0.6415255686676928, 1.0551254484592445, 0.36497608409138693, 0.12620672134501726
0.656290975428995, 0.9996854780526112, 0.35693648553000673, 0.11914094852674235
0.690838606692891, 0.9480681805948148, 0.315326105285248, 0.10760272824360463
0.6977367310871672, 0.9149920064449433, 0.3187335815455933, 0.11217770589331737
0.7004731771278718, 0.9001615556303876, 0.31743220913810544, 0.10706097023076108
0.7052049484065903, 1.3096023840260242, 0.30024145483446163, 0.10535586235916605
0.652528362123026, 1.261552636416851, 0.3620840757376746, 0.1233661324534728
0.5383957585086369, 1.257176517239047, 0.46093928336937073, 0.15024262080873574
0.521292970754233, 1.2999401132727857, 0.4876468775700259, 0.1621629463218116
0.5811527278946468, 1.1986114314554097, 0.4249672483655307, 0.1422861978976244
0.563479847215096, 1.1362280411010022, 0.43934203991481846, 0.14607353471775988
0.6130779317028676, 1.0449548260445307, 0.3794164793023068, 0.12790245930666366
0.7270395074397127, 0.891357817374211, 0.28412724155436697, 0.10599116313201287
0.15232882959922467, 2.3026650749381825, 0.8475334967088938, 0.2547189022334225
0.08847842198278319, 2.339681994751224, 0.9245640967208597, 0.4923335603838548
0.1298671683484408, 2.3782023268043364, 0.8767893474270726, 0.4773918506212728
0.10227467077133573, 2.337471531575262, 0.9118876290464293, 0.4480619670229927
0.18385496835984266, 2.2821013571619204, 0.823492080755429, 0.31612826958446905
0.24952967333675388, 2.2688990215382305, 0.7591836786323762, 0.25931879543182484
0.2625277920301009, 2.246278407180753, 0.7544677071208195, 0.2618695206099544
0.13790547859301067, 2.201797702865531, 0.8722627924341146, 0.451339165422879
0.2024399977196283, 2.087087369659704, 0.8199355116155084, 0.33531500229317474
0.32466792087110197, 2.0728195562689424, 0.6909171330934366, 0.27035956151129303
0.5048742945100051, 1.9749222804920872, 0.5109616242455872, 0.16492270656900043
0.41240522205119434, 2.010732393934588, 0.6063460927920934, 0.2159125305000962
0.22518670543298558, 2.0342521148467103, 0.782801072098186, 0.2971171653108412
0.38749216122227925, 1.88667177206794, 0.6314602127736619, 0.22105657910262766
0.38943047716777834, 1.8382451262191888, 0.6118520599113578, 0.22335572780863663
0.5515078957870133, 1.5601048194864622, 0.43225543271382494, 0.14674629977130269
0.5154210136252209, 1.4678902104322809, 0.49105586697939957, 0.14979758487124595
0.570263953024343, 1.4222199974113203, 0.42812103104603166, 0.13219765516660292
0.5478593010660737, 1.4202778944539125, 0.46162143051619764, 0.14389704764687108
0.5688957300039906, 1.2768049769786953, 0.4384596583253444, 0.13475701488714725
0.5966592554586397, 1.222992467768794, 0.4116500826610883, 0.12365622002613884
0.5982555156490508, 1.324252844691025, 0.4130927173447451, 0.1305334151503247
0.5636508750926401, 1.2720164610893274, 0.43938679867436975, 0.139413064714783
0.6138190525055585, 1.1982545013690333, 0.39795223424320475, 0.1243839902453642
0.6513881762727325, 1.1585320011643536, 0.3508263731369858, 0.10876430265423999
0.6330881933755202, 1.1298770083894032, 0.3696141109787542, 0.12168008424424974
0.6690610569522832, 1.0237203863616695, 0.3333967358540502, 0.11123244610753574
0.6592554586397583, 1.0305916526930974, 0.3411465215262039, 0.11237452011934769
0.6715694658229291, 0.9649774312724967, 0.3280971163069144, 0.10448713569272884
0.639188187674591, 1.1240049871843787, 0.3591178947982375, 0.11968909074884537
0.6571461148167151, 0.9276283550828052, 0.3444224711410541, 0.11920235531735487
0.661250783877772, 1.0282649170573561, 0.346213258132057, 0.11376924569512212
0.64916481386466, 1.3142768760022698, 0.3450600564340093, 0.11083009526088569
0.5889059916766433, 1.3472581736679312, 0.42862731195161374, 0.13722816585769082
0.6123368109001768, 1.5428491595479035, 0.3996229653042234, 0.13295737924285841
0.6262470782737586, 1.4386389330925715, 0.36791822518481004, 0.1188765673173361
0.642038652300325, 1.3183482571010015, 0.36048388386224045, 0.11527095704237855
0.5464910780457215, 1.444220495340551, 0.46217515753882565, 0.14660451031462812
0.5767060030785018, 1.3142697223660258, 0.4343868366062825, 0.13928816891081144
0.5993957014993444, 1.2786457766475865, 0.3944991401368161, 0.12939813871233302
0.6743059118636338, 1.1147508946627074, 0.32541683965953716, 0.1048375044840974
0.08568496664956388, 2.305257907269054, 0.9331475498600004, 0.31741227477763634
0.1357961347699675, 2.3083334428800173, 0.8809927412717741, 0.38977411602655593
0.08847842198278319, 2.360679044098819, 0.9245640967208597, 0.4888051569447399
0.11099709252608175, 2.4465800570854475, 0.8978090329037155, 0.48961673534946415
0.11629895672994699, 2.304682416625295, 0.8906516420863179, 0.465989722043906
0.17045778461889288, 2.3601366008920346, 0.8385819175959649, 0.32224203918826416
0.19930448663132092, 2.3516291821263247, 0.7899304699804028, 0.29782842617950156
0.08847842198278319, 2.5345834845671815, 0.9245640967208597, 0.49345254212909984
0.08847842198278319, 2.3688364352150195, 0.9245640967208597, 0.48914791000545726
0.1604811584288239, 2.402220942779588, 0.846549359933957, 0.42458910597353133
0.22689698420842597, 2.353750401120604, 0.7743673607835566, 0.3420505207443379
0.09207000741120802, 2.359429203076208, 0.920642877007586, 0.48596644916770715
0.28020067270965165, 2.2104325676228043, 0.7269291130835015, 0.23228330403472003
0.1834559033122399, 2.185789265958024, 0.8174671391035788, 0.4091543379430901
0.20027364460407046, 2.080543939162467, 0.8000209862358351, 0.3611779269687209
0.3360127700815233, 1.921130113825682, 0.6609283878366129, 0.2067071402236342
0.30454364061342, 1.9383947430977588, 0.689573956685775, 0.26366155341740033
0.40716036713984377, 1.8226842183145502, 0.5667605240447786, 0.17939079721799675
0.3371529559318169, 1.8076874393111562, 0.6495570375930675, 0.22186554156583735
0.48150048457898637, 1.6615029163605526, 0.5115785289849876, 0.1428301281079885
0.5035630807821675, 1.6153170737805793, 0.48396343597496355, 0.1459434602108159
0.45271079185907304, 1.5659156119896174, 0.5386626276070591, 0.16846947014957536
0.45499116355966024, 1.510141521301504, 0.5298514252077101, 0.1675715238433134
0.6139900803831024, 1.321216161668277, 0.35849241690471767, 0.11690880556253606
0.4964939285103472, 1.478154058386014, 0.4918711658308579, 0.15956914990766027
0.5359443589305056, 1.3705679013170664, 0.4460346145265253, 0.1287626870320731
0.5354312752978736, 1.3140502749455318, 0.44455016344550413, 0.13824817127562758
0.6066358816487087, 1.2476095471671957, 0.3724449360932106, 0.11684855129822147
0.563479847215096, 1.3137861748626476, 0.41546552325311337, 0.13252524970367158
0.6178667122741007, 1.1365771538896379, 0.37206154126500074, 0.11287355356160113
0.6430078102730745, 1.0427265427681713, 0.35059309855939963, 0.10970903370255684
0.6648423693061969, 1.0141264055807522, 0.31843829489082387, 0.10612590839328115
0.6857647796590844, 1.0023855776861323, 0.30091312121044433, 0.09516991209261258
0.7186021321475401, 1.0690505967605182, 0.2710651397164121, 0.09458143921153798
0.6673507781768429, 1.0355980448489803, 0.3182640865122476, 0.10698349819398369
0.6484236930619691, 1.026338265325283, 0.34794766971191166, 0.1056896003205972
0.6560059289664215, 1.007163815772895, 0.33908143044244304, 0.10843069586861931
0.743002109343823, 0.8803076035463157, 0.25556724985193263, 0.08832703168881557
0.6988199076449462, 0.9331556142188197, 0.2879873310379295, 0.10339669221232244
0.6375349181916652, 1.065612697706572, 0.35171336957932553, 0.1288198366824818
0.7079984037398096, 0.8940539677088958, 0.2777007783152776, 0.09412458036973739
0.1514166809189898, 2.3007974795758006, 0.8378625397127019, 0.21704778622961626
0.18727552591072344, 2.293905700478408, 0.8145660240130169, 0.35017492204996065
0.125021378484693, 2.395167049086153, 0.8822717969953396, 0.4791186710723505
0.22621287269824983, 2.28205905539111, 0.7700055513448266, 0.3307492836818885
0.280314691294681, 2.1939018734177913, 0.7268407491818043, 0.24066099756521406
0.14012884100108317, 2.145872121349, 0.8684240021499982, 0.35714431047187456
0.19970355167892367, 2.161292635948001, 0.8167776380058622, 0.31776202424851535
0.34655948919673907, 2.1224183062416726, 0.6394090227862169, 0.20318245623465572
0.2934838378655721, 2.0370398569382977, 0.7266802758595311, 0.2773638195971511
0.3703323641753606, 1.970716606742551, 0.6402139470279842, 0.18396279006324878
0.4878855253406305, 1.8164080213990046, 0.5179963880814838, 0.1533792914593662
0.4519696710563822, 1.7273473365255816, 0.5508892402934359, 0.16217441510254535
0.3508921954278547, 1.7427794443910964, 0.6712206093233687, 0.2430177642711064
0.5930676700302149, 1.4858740999497, 0.41922417638108683, 0.14858933127679752
0.5126275582920016, 1.5532113602064768, 0.47612644716836333, 0.1547962401454338
0.48799954392565986, 1.551797773313763, 0.4918155706969597, 0.14865443678786067
0.6072629838663702, 1.3890700730979426, 0.3998648732780808, 0.11761283180200374
0.5177583946183227, 1.5058217748621991, 0.491313484905358, 0.1615050193605788
0.5499116355966023, 1.3654632282690073, 0.46845313027421626, 0.1311568377841069
0.5981414970640214, 1.2591014771491458, 0.41750250121979576, 0.12051008830545402
0.5005415882788895, 1.325993814383786, 0.5074131782458768, 0.1599825753235148
0.5743116127928852, 1.241605006941489, 0.4321738557656474, 0.1515374701684893
0.6462003306538966, 1.1389921385575918, 0.3714819556165907, 0.11707538961982168
0.6292685707770367, 1.0866783692344169, 0.40073168673002724, 0.11913626715922453
0.6494498603272333, 1.0531238606920108, 0.35800627536031626, 0.108308648064801
0.5967162647511545, 1.143432553137185, 0.4034272733049092, 0.12872434445121803
0.6480246280143663, 1.080059281064272, 0.3596330115041084, 0.11426365781139071
0.5963742089960664, 1.1091075884604626, 0.4101251875313766, 0.1280525244879099
0.5998517758394618, 1.0870235158274093, 0.4030016091048181, 0.1275024657047834
0.6313779146000799, 1.0247164335295955, 0.3767869800381041, 0.13501375296832818
0.6859928168291431, 0.9648841507197681, 0.33411642960041027, 0.10741058464616175
0.6263040875662733, 0.9836663796437568, 0.3806672373599519, 0.1262090853297736
0.6835414172510119, 0.8473249055314795, 0.3382274098201734, 0.11097259900913205
0.7118750356308078, 0.8534909763004059, 0.30815285600384085, 0.10406322281661802
0.7031526138760618, 0.782257746705561, 0.3088099130554547, 0.10033682394688376
0.736959124337267, 0.7440210045095781, 0.27824238119461503, 0.09334646784724217
0.7745852573969557, 0.7031922121725258, 0.22801361088619948, 0.08543781426047273
0.729832962772932, 0.778525294112863, 0.2664032174680953, 0.08944795501921725
0.7315432415483724, 0.7244744856382758, 0.281869797570699, 0.0937279591609566
0.7434581836839405, 0.686840344796364, 0.2698580187690073, 0.09520033687399045
0.768998346730517, 0.66071130061302, 0.24521548174754162, 0.09167300662456133
0.13779146000798131, 2.297987343967182, 0.8543459473868791, 0.28509742282921746
0.12285502536913517, 2.2973271452655446, 0.8773696758856534, 0.4296417205116101
0.09862607605039621, 2.3771403337665338, 0.9034211931000824, 0.49216222487451133
0.3287155806396443, 2.2786017013013407, 0.7063571702849687, 0.2500200049182552
0.1916082321418391, 2.312704151987411, 0.8464061957841181, 0.39673139845760774
0.13630921840259963, 2.348692178692216, 0.8796910916730376, 0.4646304058125137
0.2873838435665013, 2.1459804891411838, 0.7244774165933283, 0.2850037474356009
0.2581380765064706, 2.042773274506561, 0.7497675088809033, 0.23179300276562056
0.3030613990080383, 1.9216557069342899, 0.7153798590276752, 0.23463715285447265
0.23995211219428766, 1.9674889800159956, 0.7819519262289846, 0.3960569175226901
0.4841229120346616, 1.6806974109045816, 0.5389597583041159, 0.15343573662218657
0.45162761530129414, 1.5883781816717986, 0.5591572007896015, 0.1631088234473851
0.5332079128898011, 1.4550465957212935, 0.48764098533409117, 0.14399049240921735
0.6130779317028676, 1.2760636657969138, 0.4004255312021774, 0.11530372355638374
0.6080611139615757, 1.2660735927194697, 0.3999134721040858, 0.12756809247152887
0.6309218402599623, 1.1536677639875585, 0.37519014218836944, 0.1105967150937294
0.5178724132033522, 1.3582302655033536, 0.4990854819019956, 0.15776446433294858
0.6298956729946982, 1.0464918135787102, 0.370331849511212, 0.11932353535630458
0.7008722421754746, 0.9480140637564969, 0.2983103037028214, 0.10092954567008255
0.6679208711019896, 1.0154567396453122, 0.3357489909095729, 0.10704104070091124
0.7204834388005245, 0.8338766074148194, 0.2789344544373128, 0.09371444911414213
0.804629154552192, 0.7709348446438783, 0.199806786745436, 0.07604668720324156
0.7961917792600194, 0.7464921424996502, 0.21266913566920154, 0.0793511291524399
0.7342226782965623, 0.7688284230106682, 0.26552616247920674, 0.09566667822438772
0.7628983524314463, 0.7684383803324337, 0.24344279833627142, 0.09299974052372666
0.7345647340516505, 0.7314572340667207, 0.2612593827873696, 0.09474512801012072
0.827603899435608, 0.602101684759222, 0.166326371117068, 0.07158321727767805
0.7893506641582578, 0.6478627271935167, 0.20371296083877422, 0.08160848907206728
0.8394618322786614, 0.5846067504520567, 0.16220508578321768, 0.07192169442637125
0.776124508294852, 0.6335247295109724, 0.21003209534128486, 0.0854020508978672
0.790376831423522, 0.6095031435829134, 0.19666139330841603, 0.08061999875075126
0.8339319309047375, 0.5691461230367872, 0.16614850613345744, 0.06950815344697579
0.8511487372441708, 0.5248591706043534, 0.15002614541064813, 0.0673476615159487
0.8547973319651103, 0.5127314487053796, 0.14447745626597727, 0.06494403224311227
0.8560515364004333, 0.5083792212869821, 0.13921744062395244, 0.06454015176765085
0.8644889116926059, 0.4874380965821785, 0.13468271225216277, 0.06336898568318407
0.87087395245425, 0.46686379439669223, 0.1292748498248608, 0.06329358020412011
0.8400319252038082, 0.513705843377328, 0.15723927351616332, 0.06957906296116588
0.8454478079927028, 0.48157839872920777, 0.1477234057363466, 0.0675877976503646
0.8579898523459324, 0.48666914051191995, 0.14144020818651615, 0.06473773328738329
0.8259506299526823, 0.5264126951706961, 0.17057579880582474, 0.07293245415322856
