acuracia,loss,frr,fpr
0.05702054794520548, 2.3126389158915166
0.1095890410958904, 2.302889444015614, 0.8984962668864432, 0.47980756640910277
0.18213470319634703, 2.508626028143516, 0.8674647714363559, 0.3340919281820705
0.23264840182648402, 2.358060844310615, 0.7847484844567292, 0.40617004575841725
0.21158675799086757, 2.381013244960338, 0.7932476047315471, 0.3372659599997826
0.3284817351598174, 1.837206535105972, 0.6965687500826282, 0.28029319085819693
0.4762557077625571, 1.6218197003619312, 0.5182823482207615, 0.18259382180958375
0.4263698630136986, 1.847694205234176, 0.6287390640244672, 0.22117316878011908
0.3817922374429224, 1.7314902108009547, 0.6485938947636961, 0.2346475875491127
0.4011986301369863, 1.6696724194522998, 0.6316381315203131, 0.23140824467070545
0.43476027397260275, 1.4832339940567132, 0.5792663131606841, 0.20877034676764608
0.38710045662100456, 1.6673368981201626, 0.655284850100382, 0.21588113546308318
0.5045662100456622, 1.4441259116308602, 0.5133258317688831, 0.14366860364281614
0.590296803652968, 1.4755046996258234, 0.4622951221919611, 0.12636948908789447
0.5527397260273973, 1.4857595826171712, 0.5025439808406037, 0.14648299074771182
0.4718036529680365, 1.5398010222045662, 0.5668700804815203, 0.18350483211773166
0.3829337899543379, 1.592807209945909, 0.6654206005025283, 0.23731352186528676
0.4268835616438356, 1.5418490317305678, 0.6118101203533489, 0.19669550581018633
0.5438926940639269, 1.4101808722620004, 0.51059923572224, 0.14567247140961143
0.6568493150684932, 1.1969532480165703, 0.37033884015742463, 0.12021964265440711
0.5877283105022831, 1.1824619410763662, 0.4185524304513708, 0.1390311647967319
0.6387557077625571, 1.0709620716279908, 0.39744303085286675, 0.12040381414451362
0.6246004566210046, 1.253779400735413, 0.3855836024623989, 0.11920378298080246
0.5736301369863014, 1.2194739731908968, 0.45353370515842395, 0.1409019845588067
0.6518835616438357, 1.164493986489634, 0.37107730312716297, 0.11404338600041579
0.5618721461187215, 1.2040145662685509, 0.4709021448888319, 0.16565421291444657
0.6132420091324201, 1.2284320293436652, 0.4487717950689266, 0.1295795661943745
0.5572488584474886, 1.2802047438528303, 0.4910611031255155, 0.1496822449327031
0.6898972602739726, 1.1089758760759343, 0.3535976451728164, 0.10936769964339234
0.6158675799086758, 1.1799068194010283, 0.43897687169542965, 0.13289582207206546
0.5841324200913242, 1.3058831962765318, 0.48014627857745595, 0.14115873836416082
0.6556506849315068, 0.9808191357163466, 0.40106012516592066, 0.116297578984497
0.689041095890411, 1.0107353653048579, 0.3656806193587085, 0.11041780209393105
0.6432077625570777, 1.0275024420120085, 0.40614788034861754, 0.12813121688805845
0.6045091324200913, 1.1056261042685813, 0.44333549178188264, 0.13791976819724872
0.6837899543378996, 0.8767166325830977, 0.35238108763102055, 0.11047624073511807
0.6622716894977169, 1.0293689241269222, 0.381826658326364, 0.12123265721772535
0.6589041095890411, 1.024453448239697, 0.3732230557313866, 0.1185526226850369
0.6668949771689497, 1.0708709128201008, 0.3650559743645863, 0.1187316335601392
0.6534817351598173, 1.0539503070757592, 0.3723344996994679, 0.12443397907236008
0.6827625570776256, 1.0208449965965887, 0.3399313719852609, 0.11691673041758205
0.7124429223744292, 1.0032964554696118, 0.31320805991734013, 0.10562799218954284
0.5022260273972603, 1.2659757286191122, 0.49799724422257385, 0.19854719258457776
0.568892694063927, 1.2316223021005557, 0.46025405529733354, 0.147817874188969
0.6141552511415526, 1.3212931806944548, 0.41681704535258196, 0.14011061307256717
0.5765981735159817, 1.3194330151018487, 0.4798083088361678, 0.14398550977098784
0.5682077625570776, 1.3562839489736378, 0.498272023177606, 0.14213792497592556
0.4982876712328767, 1.4138601359030971, 0.55625192764584, 0.1741923660232111
0.5577625570776256, 1.3814786824801741, 0.46450785737615996, 0.15164616681483112
0.47990867579908675, 1.396850163967574, 0.5815897011895038, 0.17843230013775407
0.45199771689497714, 1.742090275818397, 0.592357105134304, 0.19702845035874755
0.5138127853881278, 1.2243817466668376, 0.527871425909731, 0.17683293715161344
0.6788812785388127, 0.9572433686725897, 0.3425563407157338, 0.10901504078080305
0.6392123287671233, 1.0449909619391644, 0.38923492794323733, 0.13200193323567777
0.7111872146118722, 0.8471906285469853, 0.3215077802880597, 0.10496798655499533
0.6948059360730594, 0.8406926163054416, 0.3464209198516985, 0.10811032964047274
0.8014269406392694, 0.6478299158548758, 0.2038357014911321, 0.08271643143343452
0.6847031963470319, 0.962155184633477, 0.3343840880033076, 0.1106388643294868
0.5663812785388128, 1.1606891455758175, 0.46623303102728625, 0.15957069096122148
0.6236301369863013, 1.045385199680512, 0.42924851573512224, 0.13322354003219802
0.701027397260274, 0.8394176943348848, 0.32665210235702175, 0.11192674033994664
0.7367009132420091, 0.892526778303614, 0.311351394375599, 0.09944981947400665
0.6537671232876713, 1.0161876239873402, 0.39757075330987585, 0.12293831747533457
0.5857876712328767, 1.1132884721560872, 0.45708008684888, 0.15184332993489424
0.6618721461187215, 1.1318730577435259, 0.37029702456016755, 0.1257225870071879
0.6417237442922374, 1.1958533589936555, 0.38867857507791564, 0.1280374780966433
0.5740296803652968, 1.2210463733025338, 0.4515294526085608, 0.1517849545420976
0.6073059360730594, 1.182814580370081, 0.4427121907256523, 0.14807470917584614
0.6988584474885845, 0.9039699316505325, 0.3204618540401038, 0.1070948572085359
0.7210045662100457, 0.8661755817646765, 0.28745538652117547, 0.09905590054700672
0.7156963470319635, 0.8725011504438097, 0.2994391350307931, 0.10429135511532711
0.697203196347032, 0.8799241423985356, 0.3357921123798786, 0.10393987201640456
0.6589041095890411, 1.0092732058208622, 0.378817568842354, 0.12067788568685177
0.6957191780821917, 0.8652204427289772, 0.3460921821041373, 0.11345351726367023
0.7371004566210045, 0.7778890312361195, 0.280828201182032, 0.09993054737223059
0.7093607305936073, 0.924631231741716, 0.33217155460504005, 0.10667765484123869
0.7276826484018265, 1.115576615982336, 0.26047256078929637, 0.093282134643039
0.7284246575342466, 0.9968394522789066, 0.3114399628892641, 0.10076616601541895
0.6073630136986301, 1.3750837905119815, 0.4384150547792617, 0.13567403366178463
0.6992579908675799, 1.3755212126257212, 0.29801372446948926, 0.0993204774487391
0.6220319634703196, 1.233651878388777, 0.41542215733941057, 0.12460820035578894
0.6570776255707762, 1.390819056913869, 0.3764535521483984, 0.1285624303814968
0.44988584474885845, 1.4247424648300697, 0.5950456031969839, 0.18911180409357153
0.42631278538812784, 1.4913530852547825, 0.5978851762733128, 0.19564074839947257
0.5398972602739726, 1.4307406614207105, 0.5293618557972996, 0.1788667543745591
0.5984018264840183, 1.2599083530125486, 0.46531198409780367, 0.1411454786458771
0.5634703196347032, 1.2343219595132013, 0.4821909521647379, 0.15000058918859718
0.5380707762557078, 1.5044150069704678, 0.5070312642041186, 0.16799142956908641
0.6183219178082192, 1.2838684201512707, 0.4461704246150209, 0.1356636174829548
0.628310502283105, 1.2796061545933626, 0.43766329924044634, 0.12237112177122406
0.5194634703196347, 1.3237706417158315, 0.5179690663573643, 0.23501900417609695
0.624486301369863, 1.1438808637922078, 0.39431617011922654, 0.12392196028333043
0.6127853881278539, 1.0920701389639005, 0.44913810226353607, 0.13229436244333723
0.6871004566210046, 1.063565402784593, 0.3630779059880387, 0.10919410987489714
0.7693493150684931, 1.0937131635572541, 0.24028942952763635, 0.08808850023071563
0.729851598173516, 0.9533996327299642, 0.2577503063504886, 0.09681148030179816
0.5871004566210045, 1.182841691038397, 0.47127102281670136, 0.1413636458924815
0.5711187214611873, 1.2746649859922823, 0.48872098608909537, 0.14089640023197522
0.6420662100456621, 1.0246980832141217, 0.41561545255654414, 0.12722245238758054
0.716837899543379, 0.87844471249487, 0.310613221926736, 0.1056876792528265
0.646689497716895, 1.1646244880628505, 0.4026619993670578, 0.12770070033873424
0.10142694063926941, 2.3060335898372135, 0.8995494135109393, 0.3585276881715813
0.12077625570776256, 2.5238924302330843, 0.8837989968102515, 0.4623774349460893
0.10313926940639269, 2.310966659116146, 0.8944962397010902, 0.4917021809077978
0.24885844748858446, 2.2842505698947058, 0.7766723183220944, 0.2833718197567945
0.39315068493150684, 2.160453640128652, 0.6659898917556426, 0.24757414091363142
0.11649543378995433, 2.387251782972689, 0.8917082019542651, 0.4854846154992605
0.4218607305936073, 1.8896428885865428, 0.6375367071670811, 0.18995828802414474
0.49845890410958904, 1.6332180995085877, 0.5563987587214596, 0.1593163610488069
0.39052511415525115, 1.7291541866167155, 0.643597809636543, 0.21118236176841115
0.4151826484018265, 1.5499173075947315, 0.6257460614170024, 0.22455014392080241
0.4542808219178082, 1.6264943931404858, 0.588782514652953, 0.19883296222342703
0.4762557077625571, 1.718062416525328, 0.5928780092614762, 0.17997387213532914
0.3686643835616438, 1.840551064666956, 0.6975131650441818, 0.22630575182235554
0.42248858447488585, 1.650519299952815, 0.6472235746149729, 0.18996412115254963
0.2752283105022831, 1.7354452535386737, 0.7275929084026541, 0.2765388892539887
0.4868150684931507, 1.5216542099130481, 0.5706136029178533, 0.1880900681769426
0.47363013698630135, 1.4937082661664514, 0.5598117295693976, 0.20301217487428252
0.4278538812785388, 1.6748506908173157, 0.6238775361796107, 0.21244048344421324
0.44851598173515983, 1.7371157694174206, 0.598528961415697, 0.18829730615462414
0.5447488584474885, 1.3863481021737127, 0.4572967526465257, 0.1361698933400607
0.5407534246575343, 1.4768025230811952, 0.4931811723998283, 0.1526101282083762
0.5146118721461187, 1.3734841207722754, 0.5321909398985429, 0.1658122162825654
0.5389269406392694, 1.2450778120694912, 0.43060295069700727, 0.1676972664824735
0.6131849315068493, 1.330341508732811, 0.42876477317300365, 0.1305674450883173
0.4563356164383562, 1.4647445137795385, 0.5838041001212178, 0.17983064904937013
0.506107305936073, 1.4110056510781996, 0.5545940079377597, 0.15701663225996018
0.5663812785388128, 1.538610905664016, 0.48172893849237697, 0.14844492701713294
0.49874429223744293, 1.4899093177935032, 0.5499591622420691, 0.16273009431371005
0.5762557077625571, 1.3826184003201385, 0.3890276432648576, 0.13277206835178224
0.5554223744292237, 1.3127482794446352, 0.4918708357098089, 0.14949943494532783
0.5030821917808219, 1.4815738289425635, 0.5416074357198803, 0.17724563371099755
0.45331050228310504, 1.482588062049251, 0.5720505693403131, 0.18855336004165796
0.47106164383561644, 1.4878869063658937, 0.5902593063299354, 0.17851201533825975
0.5057077625570776, 1.5667770220060326, 0.4945051560520802, 0.16557000661845392
0.4574771689497717, 1.747824193237851, 0.575222580524803, 0.18139872050622988
0.41221461187214614, 1.659770078851616, 0.6177933478479221, 0.19043365622413158
0.42711187214611873, 1.6881314518721136, 0.629541961609042, 0.20238328437737937
0.4202054794520548, 1.6095639972518023, 0.6332618423495167, 0.19030004309333978
0.5099885844748858, 1.6649553857913844, 0.5205740670923451, 0.16959464532118979
0.5282534246575342, 1.544308028075861, 0.5113221339426975, 0.1495511436076135
0.3636986301369863, 1.7558851406182328, 0.6524107472469951, 0.23808514712511136
0.367351598173516, 1.8146093915994854, 0.6736956089311894, 0.22056116025182104
0.3727739726027397, 1.8603430968900658, 0.6616289084484183, 0.21722675473999817
0.46329908675799086, 1.5277132255378174, 0.5286458380832056, 0.15672480578115358
0.48356164383561645, 1.6253381802611155, 0.5720639207463735, 0.16979899050075523
0.47248858447488584, 1.453957288229166, 0.5715673964707073, 0.16948601006072742
0.3615867579908676, 1.6689518871296145, 0.6261957753080974, 0.20444817051427946
0.546689497716895, 1.243508994531686, 0.49922458891461036, 0.14486804319264038
0.6082191780821918, 1.391374299033932, 0.40254942961256396, 0.12098374389215713
0.36238584474885843, 1.6677261829070031, 0.6037143458805891, 0.20204791433706348
0.42756849315068496, 1.6724579557181085, 0.5868354619307368, 0.18768661053313193
0.34577625570776255, 1.77812861771276, 0.5953853554376132, 0.2580310367073368
0.46158675799086757, 1.5794767912188077, 0.5534609684207661, 0.16689889918877832
0.5003424657534247, 1.4053358722188973, 0.5487717499788245, 0.16703617143371957
0.4567351598173516, 1.6291649093128502, 0.5419900931976178, 0.1682760192100873
0.4490296803652968, 1.4999661987098827, 0.5344573106811028, 0.1792632358796072
0.5652397260273972, 1.3995408317831146, 0.4816313226274104, 0.1406913786015492
0.41997716894977166, 1.5403205171499623, 0.606471041613967, 0.23813256938564706
0.5617579908675799, 1.3078268088706553, 0.4816630804695403, 0.15124053884534355
0.5059931506849316, 1.5159601103863147, 0.5566343948594055, 0.17054018425882486
0.44389269406392695, 1.4488926425423116, 0.5981631472725089, 0.1878533157081485
0.4894406392694064, 1.4067848867621937, 0.5411480174451755, 0.1682304986891895
0.5006849315068493, 1.2926799531039446, 0.5299120163966254, 0.17604456163268897
0.47791095890410956, 1.5967539713875343, 0.5798949542194766, 0.1678708797658816
0.3158675799086758, 1.7574687282924784, 0.6999631883696524, 0.2591155144150369
0.5127283105022831, 1.4118920115515863, 0.5521062452413484, 0.17440649429638355
0.593607305936073, 1.5248768300872688, 0.4510021634408305, 0.12968518329734668
0.4303082191780822, 1.6079885801155818, 0.6225408932620434, 0.20939033900203177
0.44172374429223743, 1.6003332339558904, 0.6059348887624162, 0.19457513850221975
0.4988584474885845, 1.3835695553247787, 0.5287473526356861, 0.17166608324312319
0.523972602739726, 1.3603451761276755, 0.519570070624261, 0.15115360015112025
0.5586187214611872, 1.3879312818895464, 0.500905072520775, 0.1470512633377999
0.5785958904109589, 1.2907128124536105, 0.453134010607315, 0.1321951466075298
0.4482876712328767, 1.40703314533202, 0.5995392477312212, 0.19185741469427428
0.6373858447488584, 1.3745909941216854, 0.39160872784908685, 0.1270598789991645
0.46187214611872146, 1.3721620704868136, 0.5649157207130804, 0.19933052012757965
0.5955479452054795, 1.2434671906431176, 0.45076774900915895, 0.13848079584062215
0.5386986301369863, 1.326474724201375, 0.5224616196208763, 0.1468715483858147
0.6328767123287671, 1.3591661919027431, 0.399570780025198, 0.11686086803925623
0.507648401826484, 1.4526602524251901, 0.5303769686768768, 0.15567540673933658
0.39942922374429224, 1.5627020477738283, 0.6490957455912387, 0.22405926907591908
0.4523401826484018, 1.525088745316482, 0.6039667255031809, 0.19608267942731303
0.3654109589041096, 1.5615749618336219, 0.65404271779892, 0.2481941460888165
0.506107305936073, 1.549170367950446, 0.5140001143508001, 0.1581770464670075
0.4634703196347032, 1.3836000545826406, 0.5389462398971507, 0.21648151266955684
0.5656963470319635, 1.252400557554782, 0.45212698586527295, 0.1301526469688619
0.4615296803652968, 1.4029113293901834, 0.5284393203883357, 0.17163352844606394
0.49577625570776257, 1.4940513754697287, 0.5169443420881925, 0.16531210564543034
0.32231735159817354, 1.701284531338489, 0.6980522016938326, 0.27852211475536026
0.6045662100456621, 1.2943143565343804, 0.4587618620619395, 0.13052862989233785
0.4083904109589041, 1.47568297139858, 0.6073488238452098, 0.20633014569274824
0.5858447488584475, 1.3331107621357594, 0.4459732606593318, 0.1291835011737032
0.49052511415525113, 1.354662752011153, 0.5526273013911647, 0.16269434724634863
0.6837899543378996, 1.2325469726245832, 0.34463959518260445, 0.10954793354173459
0.559931506849315, 1.3742003841266104, 0.49834250238422423, 0.15353768711271185
0.43829908675799084, 1.526743719870114, 0.6217813494640936, 0.19892272031343905
0.5561643835616439, 1.2859350483932588, 0.45638026448545427, 0.15463455375682972
0.4879566210045662, 1.5788985024950548, 0.5809845694709574, 0.17869079277433783
0.4963470319634703, 1.5508834097585449, 0.551512954434416, 0.17898991567518965
0.6067351598173516, 1.297721431104968, 0.4238010413621851, 0.12458620278058234
0.46740867579908674, 1.438287277610709, 0.5554060757057122, 0.18460669243566308
0.05165525114155251, 2.3061202222489876, 0.9543803998397826, 0.25392202629086275
0.1687785388127854, 2.277005911091147, 0.8602005415761377, 0.3520933012154331
0.19771689497716896, 2.51325375017238, 0.8328500854855527, 0.3192360953951043
0.19480593607305935, 2.404110297189864, 0.8515973750450426, 0.37852688589078953
0.2930936073059361, 2.3400289720528202, 0.752519926951446, 0.2770153391240788
0.3002283105022831, 2.179292303711584, 0.7344984792345035, 0.2507068070920445
0.24195205479452056, 2.071662315117306, 0.7925062017908732, 0.33337176147839964
0.22471461187214611, 2.2254845805840406, 0.8063171417371541, 0.34430293206622103
0.18944063926940638, 2.282583274838587, 0.8341849400357434, 0.32900224756732865
0.19332191780821917, 2.3106953901991454, 0.8362233649067312, 0.33731805307675694
0.11284246575342466, 2.402819334943545, 0.9118190097628086, 0.5028700596849505
0.14389269406392693, 2.3312118291990944, 0.8919774776802114, 0.45416356833427635
0.16501141552511417, 2.447104436598004, 0.8789148666275252, 0.42365204099369036
0.241324200913242, 2.1934192609637297, 0.8193870529931396, 0.3004259253844216
0.20062785388127855, 2.346534058016185, 0.8355077397063218, 0.2849196069444027
0.34383561643835614, 2.093905402396776, 0.7315879730578656, 0.20635545335401567
0.26301369863013696, 2.060163965338169, 0.7908479639556047, 0.2823809896665502
0.2901255707762557, 2.0956923130508427, 0.7711054706014373, 0.2441851106559852
0.20251141552511415, 2.1426885317381656, 0.8267615420929362, 0.3104153178849575
0.19286529680365297, 2.205397564703471, 0.8307613988000475, 0.3379316504969513
0.16546803652968037, 2.1531387180974493, 0.8784528955274521, 0.42582204027461174
0.3018835616438356, 2.127348995970809, 0.7614565317483694, 0.27701344916904597
0.21649543378995434, 2.2998263645185726, 0.8430917307272325, 0.31310142053138856
0.21449771689497718, 2.1145246660192263, 0.8073388876044469, 0.3195556288813421
0.1421232876712329, 2.235047123142301, 0.8721619614842591, 0.42463015764262324
0.18852739726027398, 2.2167027835908546, 0.8379587283688285, 0.34814368172461146
0.19029680365296803, 2.225698637758216, 0.8364467281320555, 0.3406521420486047
0.17734018264840182, 2.2654046234610963, 0.8356093931028364, 0.3280052899541388
0.10313926940639269, 2.2834341537598606, 0.8944962397010902, 0.4963076997399827
0.17853881278538813, 2.349732895338372, 0.8545184414824832, 0.32054616819208404
0.10085616438356164, 2.4501982894117975, 0.9043957357119083, 0.49884377345416214
0.11301369863013698, 2.627486192349974, 0.911737616099915, 0.5034896947366784
0.19942922374429223, 2.2894483761496196, 0.8549136772922974, 0.37653353466086714
0.18841324200913243, 2.1695837833701748, 0.863480271399045, 0.38044868151135114
0.22985159817351597, 2.2193657671479876, 0.7442182062280189, 0.25204569709702446
0.11426940639269406, 2.338188386310453, 0.9108298345644802, 0.5001611181734019
0.15907534246575342, 2.2806248213874696, 0.8426461340821184, 0.4271803973381892
0.1703767123287671, 2.269741475622948, 0.8325299989404047, 0.32211589923965817
0.19720319634703196, 2.3367106509195072, 0.8570424143508089, 0.3550505067845559
0.30439497716894975, 2.2048337429421676, 0.7635169009433751, 0.23320907429861604
0.1035958904109589, 2.2741866036092855, 0.8942730295727443, 0.4977308683203738
0.19383561643835617, 2.2418970467497226, 0.8317542770185498, 0.31302210416702825
0.18105022831050227, 2.2712745059502724, 0.8488680905151669, 0.31287756453186427
0.19320776255707764, 2.267863655240024, 0.8327003645229865, 0.3119897135286039
0.18898401826484018, 2.2748057168708544, 0.8274954113422989, 0.3230753669441117
0.208162100456621, 2.2602416645990657, 0.8343322812810399, 0.3634383879375088
0.13190639269406393, 2.3226380604110894, 0.8976673731962864, 0.4607542883117842
0.22591324200913243, 2.276909827213037, 0.7891073410771754, 0.27337789248288386
0.20827625570776256, 2.2167681400294175, 0.850120379032147, 0.32124361517600036
0.1851027397260274, 2.24425648554275, 0.8225030452267353, 0.3042106985933745
0.1980593607305936, 2.2554761527948184, 0.8450926823967256, 0.26684282240630286
0.20730593607305936, 2.4093461569959986, 0.8503041038873604, 0.33996052684205547
0.20171232876712328, 2.058006900375428, 0.826554780403502, 0.3248374778954177
0.23641552511415526, 2.102475212225223, 0.7884309337987776, 0.3370923662637515
0.22876712328767124, 1.966702171469524, 0.8053241427812118, 0.30541543706435026
0.2654109589041096, 1.9637418785289815, 0.7830840616834429, 0.2651361420257283
0.26015981735159815, 2.0013328687513257, 0.7829942588040548, 0.24388148309973182
0.2660958904109589, 2.0432559025512167, 0.775897404785078, 0.2565039733069797
0.29988584474885843, 1.975230770422035, 0.7666184015169527, 0.2829994120826593
0.29315068493150687, 1.9486962631650984, 0.745796693188262, 0.25790882183340935
0.2040525114155251, 2.075862420608872, 0.8524637704659392, 0.35490842548936014
0.14845890410958903, 2.299787123538724, 0.868779560677618, 0.4242456065652474
0.22876712328767124, 2.141918024686101, 0.8285571713093232, 0.3685157400976216
0.21837899543378994, 2.1429203408357758, 0.8050730618876518, 0.3004857102428516
0.22899543378995435, 2.1176903368743587, 0.8042721322360314, 0.3084184417808926
0.19960045662100456, 2.193979500669595, 0.8270934651178117, 0.2971087003694634
0.20827625570776256, 2.198964402453812, 0.8498486727748449, 0.33699211205531976
0.18202054794520547, 2.25986859256138, 0.8675006141295976, 0.40722830270618265
0.22471461187214611, 2.1637950754941326, 0.8332921219826618, 0.2809467651188552
0.18926940639269407, 2.2468796804036995, 0.8632009553330381, 0.38712728982204603
0.20804794520547945, 2.130364380205331, 0.8496251675909172, 0.3488534730216022
0.1749429223744292, 2.2525292759004247, 0.8475531546149037, 0.3682744588522154
0.1327054794520548, 2.325435725698188, 0.8814231296259945, 0.45515686970195623
0.1783675799086758, 2.3007929378074325, 0.8592539316701806, 0.2871496536053858
0.2608447488584475, 2.1265610337665635, 0.7587143136317988, 0.30325025873556305
0.2009132420091324, 2.1490370660612026, 0.8472827083846275, 0.4024039221581744
0.24343607305936074, 2.176097580810932, 0.8196582764355135, 0.3137365653842929
0.24840182648401826, 2.1652768185693922, 0.7776865800741749, 0.2969088063123006
0.27317351598173517, 2.1696416614738774, 0.7752106180166836, 0.2720783961444848
0.21015981735159817, 2.2380825195682648, 0.7635907930092309, 0.27548176395306634
0.22893835616438357, 2.2346207781877694, 0.8134825647790574, 0.3219121073780839
0.17562785388127855, 2.6182741019313465, 0.866971706786268, 0.39880608480532354
0.12391552511415525, 2.549881675397152, 0.9048958395505164, 0.4862773736554026
0.26358447488584474, 2.0965453841982913, 0.7782688937826177, 0.28661191349112686
0.2816780821917808, 2.0464189859557913, 0.7029515927008491, 0.2444802762019228
0.20736301369863014, 2.050893832413165, 0.8475968404573543, 0.3751073605727108
0.19925799086757992, 2.148112199914782, 0.827936500989042, 0.30894217552093123
0.2054794520547945, 2.1049404521817214, 0.8494368399462898, 0.31679939644417354
0.1978310502283105, 2.1636983619092804, 0.8311304909287938, 0.3585284943762928
0.31141552511415527, 2.183875496996796, 0.7482111023504379, 0.22535084792067142
0.24035388127853882, 2.141737430376005, 0.7793747131812064, 0.2883420788847408
0.258675799086758, 2.127789076448303, 0.8023441607688001, 0.2709196297222901
0.1646689497716895, 2.238334519276608, 0.8545539881710889, 0.3862269454008633
0.10313926940639269, 2.2838457390257756, 0.8944962397010902, 0.49379144291404176
0.0988013698630137, 2.2843717829549695, 0.9363034822865268, 0.43763554029420426
0.11575342465753424, 2.3901026786666484, 0.9099088741301138, 0.48748545076990835
0.2141552511415525, 2.341478261868703, 0.842652762044234, 0.3612675747474322
0.2218607305936073, 2.2425111506015196, 0.8317897319248384, 0.30280146349354575
0.19474885844748857, 2.1953153709060254, 0.8325577329939611, 0.32777227978950557
0.19697488584474887, 2.0686626416159, 0.8344440366701213, 0.33414538978956443
0.20679223744292238, 2.262174037704457, 0.839761583510289, 0.3498303812712244
0.14006849315068493, 2.3021014201042314, 0.8796897041195472, 0.32050569915510674
0.1783675799086758, 2.3149785630915263, 0.8045345777891443, 0.4090934212752541
0.10171232876712329, 2.2784172626186723, 0.8976954689524645, 0.5055375061928724
0.267351598173516, 2.2517774333624536, 0.7930784040095482, 0.2907478514406727
0.2873858447488584, 2.133222314735798, 0.7296547384201998, 0.2323797649803105
0.31546803652968036, 2.0149602117671814, 0.6966271172686449, 0.21912755079166815
0.21221461187214613, 1.9701791555233743, 0.7822876995317029, 0.28411749746860243
0.4954337899543379, 1.8247050330553152, 0.5561945931103617, 0.18386573273821227
0.40993150684931506, 1.5777746166047304, 0.6449303385136974, 0.21285236992807038
0.47100456621004566, 1.7807957676583774, 0.5858145162895236, 0.17566065710616274
0.2839041095890411, 2.071518154313031, 0.738967220269689, 0.3162156577578132
0.27128995433789954, 2.0978302285415396, 0.781609928085144, 0.2837154157202424
0.26866438356164385, 2.1066659419980223, 0.7783101797434224, 0.27900361920728145
0.2762557077625571, 2.280355415726293, 0.770237366263652, 0.2736858691656513
0.37151826484018263, 2.0367338991702693, 0.6866020345067082, 0.2173895359094332
0.3772260273972603, 1.9324452043821414, 0.6996051941728818, 0.21198754301904252
0.36198630136986304, 1.9734490462429992, 0.684708795045143, 0.21438225528647606
0.22910958904109588, 1.9816789611051344, 0.8019775670157298, 0.295376469135377
0.42682648401826484, 1.9919590856250562, 0.59229364788348, 0.19715633182737474
0.358162100456621, 1.9929690741836072, 0.7121428342113493, 0.225503227637847
0.2952054794520548, 1.9542320911419582, 0.7270626969068471, 0.2986614628037567
0.4519406392694064, 1.5028124335115631, 0.576983340837957, 0.21130140413680054
0.5118721461187214, 1.3247430495441503, 0.48639928531324794, 0.1389685272051629
0.4785388127853881, 1.716847008262595, 0.5538545539207087, 0.1836117857881267
0.3841324200913242, 1.7216502762293298, 0.6605160861887812, 0.20420738473518965
0.34434931506849314, 1.8912074635494245, 0.6921955306234476, 0.22487106996565068
0.21307077625570775, 1.9605173509074674, 0.8191831169404034, 0.32289424384597354
0.3800228310502283, 1.8655664326189316, 0.6053174870084905, 0.20723705689953756
0.3986872146118721, 1.6745891867409626, 0.6580268869950047, 0.23084516259817228
0.39651826484018265, 1.7171279417121248, 0.6773123694677763, 0.21081266214038305
0.5546803652968036, 1.4429043542236497, 0.4565817898379031, 0.13131471305699982
0.4401255707762557, 1.8174384022548318, 0.6294286926599894, 0.18960964490318288
0.2723173515981735, 2.020033807344905, 0.7678707511958041, 0.31045473775963317
0.27728310502283104, 1.8780187725136268, 0.7378075472790364, 0.246811807179321
0.3425228310502283, 2.078240012129148, 0.6731076434089072, 0.1995051581189713
0.2586187214611872, 2.0111840705417063, 0.7506802616151171, 0.3178449763880845
0.34691780821917806, 2.0183856687657364, 0.6796186188429024, 0.19991316532393527
0.31118721461187215, 1.987368330883381, 0.6890447817396843, 0.22179651034120945
0.36312785388127855, 2.008355821818794, 0.6317293975757646, 0.20397359971208295
0.22973744292237444, 2.0669313669681006, 0.7801636267784944, 0.36270652203400666
0.22654109589041097, 1.9604441379235216, 0.7979616904201839, 0.3055262409052849
0.19863013698630136, 2.0204784000300924, 0.8270441340541166, 0.3106105828001318
0.18567351598173515, 2.383970159923309, 0.8359244739611156, 0.3826951677317652
0.27071917808219176, 1.9636410849755757, 0.7911558203024519, 0.31757311887040296
0.3375, 2.001018154423803, 0.7346187480874907, 0.2357428138976827
0.35182648401826483, 2.0477476062771935, 0.7268104978387115, 0.218064469184844
0.2639269406392694, 2.1319315929595195, 0.7982198450237408, 0.2706226520869405
0.3598173515981735, 2.1603563492837017, 0.7155238575719971, 0.20269698102483716
0.3823630136986301, 1.8554194404109972, 0.6096336346164911, 0.19684603621619118
0.28122146118721464, 2.216526973273044, 0.7786070214753082, 0.28804493024949457
0.2851598173515982, 2.004292700313814, 0.751282773721112, 0.2553444581992322
0.313013698630137, 2.073739124916188, 0.7379613479100691, 0.21659863829458129
0.29954337899543376, 2.02743568971549, 0.7600349987233153, 0.23997056227731825
0.3521689497716895, 2.087838683095357, 0.7180759454793898, 0.21368545314106663
0.3543949771689498, 1.8845934682512937, 0.6730190226622668, 0.23317183642480777
0.3071917808219178, 1.969857159253533, 0.7534931362312328, 0.25180943754936175
0.3519406392694064, 2.091044784340684, 0.6224678916122965, 0.21675382062199577
0.24355022831050227, 2.1262851960786944, 0.7776573119411906, 0.27146409804283694
0.3422374429223744, 2.073970953963663, 0.7124877641567287, 0.25689040664108687
0.20525114155251142, 2.1110162743286454, 0.8512517480173838, 0.3511516657349329
0.11718036529680366, 2.1931606829982915, 0.9080603722612856, 0.49807120041051806
0.11284246575342466, 2.3859555003917925, 0.9118190097628086, 0.5039548850744697
0.2676940639269406, 2.242051635941142, 0.7721293915147052, 0.3046775578513987
0.18036529680365296, 2.2127462861200446, 0.869360787167829, 0.39697529092692363
0.2648401826484018, 2.241109900799108, 0.7987625345959647, 0.2866499817694099
0.2497146118721461, 2.056611721020311, 0.8087589203497868, 0.28770142562154133
0.2243150684931507, 2.0524786884892205, 0.8168450169225494, 0.3336246182515913
0.35114155251141554, 2.0238235893059673, 0.7201645223212125, 0.20395660318764242
0.25901826484018264, 2.0005067968137187, 0.7765410564500059, 0.23673805358923136
0.12796803652968036, 2.1757500769612994, 0.8752626956927275, 0.37824630773467244
0.2756849315068493, 2.1112202490981855, 0.7874683677719893, 0.2803480032805812
0.17973744292237442, 2.1320155455505465, 0.8087806356375595, 0.31423920402739985
0.13184931506849315, 2.199162970809904, 0.8606227642367626, 0.43963295288720916
0.12699771689497716, 2.2119530632275426, 0.8982519982730952, 0.46389357756408506
0.13601598173515983, 2.274051686675717, 0.8969936548012545, 0.46228184948548207
0.2936643835616438, 1.9610452720427622, 0.7756884863853124, 0.2600989033514113
0.25873287671232875, 1.9193646431547593, 0.8016979442559551, 0.28428912782778243
0.3752283105022831, 1.8709955706137773, 0.6932277144179058, 0.20629285244923998
0.3732305936073059, 1.8347116192522115, 0.6781670784473522, 0.2097913139853544
0.2696917808219178, 1.9226431620957918, 0.7837117356364578, 0.27291979643283887
0.23972602739726026, 2.0487466419056126, 0.8035370749971711, 0.28739592994659896
0.28898401826484016, 1.9351603989221462, 0.7733259795688683, 0.26590444629922705
0.22174657534246575, 2.02714393707375, 0.8117754002272569, 0.2990787485618819
0.29297945205479453, 2.0195673205264626, 0.7666070624880712, 0.24718321384379316
0.3377283105022831, 1.9210657009727334, 0.7355672689421147, 0.22142827535829354
0.3193493150684932, 2.0345907231035842, 0.7502400349690496, 0.2361945854884187
0.22226027397260273, 2.0512317454638, 0.8364631086368778, 0.31853509961277343
0.3886986301369863, 1.852757625771712, 0.6819594609129577, 0.19917631749884385
0.3082191780821918, 1.931988581069256, 0.758729733165442, 0.24426839467734193
0.3566780821917808, 1.9283101298187149, 0.6893815134099011, 0.20369459420113717
0.4428082191780822, 1.6479389686571204, 0.6043561744560738, 0.17779934041429102
0.41364155251141554, 1.995246527177286, 0.6147520185053893, 0.2017288700669809
0.386986301369863, 1.944670824128199, 0.6930155207195996, 0.19332895237941775
0.23812785388127855, 2.0542228340898476, 0.7784914928490058, 0.2550148323845141
0.26529680365296804, 2.0881389040448894, 0.7508693302128802, 0.26784705881853305
0.1643835616438356, 2.0857800500884176, 0.8627114099437624, 0.44959176924905575
0.33909817351598176, 2.084963534588683, 0.6707249336649176, 0.2269585220098868
0.19560502283105022, 2.1838711605428562, 0.8292382289848881, 0.330522669121334
0.1976027397260274, 2.1354747697983156, 0.8289321743044411, 0.3115830439811249
0.3256278538812785, 2.1940490942967195, 0.7392114852752827, 0.23376081645366129
0.3593036529680365, 1.9474607845530185, 0.698279396007138, 0.21682489793104892
0.07848173515981735, 2.305564413291134, 0.9490048105833182, 0.45483727334590734
0.17648401826484017, 2.334428388649198, 0.8741880760406197, 0.4593239357082076
0.0920662100456621, 2.286922999651737, 0.9049010547879849, 0.49806352520224045
0.15273972602739727, 2.293953273788979, 0.8929131440427182, 0.4882408881906087
0.11284246575342466, 2.35550067626178, 0.9118190097628086, 0.5061299599543139
0.10051369863013698, 2.3057649897522032, 0.9043744390094952, 0.5005959213900745
0.10313926940639269, 2.310657721757889, 0.8944962397010902, 0.4938926421694802
0.09731735159817352, 2.31619525693323, 0.8398631863495862, 0.48072654797555137
0.09697488584474886, 2.3113681234997703, 0.8825692670621323, 0.501547465243782
0.10313926940639269, 2.393299829388318, 0.8944962397010902, 0.4976634937246302
0.11284246575342466, 2.3097686362116847, 0.9118190097628086, 0.5055535750322551
0.09805936073059361, 2.5774618061642123, 0.936737740817903, 0.5204449504110091
0.11244292237442922, 2.4972574276126682, 0.8885713998707933, 0.4778803838330643
0.10028538812785388, 2.3058230165205047, 0.9046734337117323, 0.5020734551903453
0.09805936073059361, 2.343774911584375, 0.936737740817903, 0.523448341232153
0.1642123287671233, 2.288846579316544, 0.879746625767092, 0.4199414078511367
0.12756849315068494, 2.345738327237841, 0.8983329074288556, 0.39137585964522414
0.18932648401826485, 2.5249069870743033, 0.8619475807222013, 0.3828566527978113
0.20416666666666666, 2.2330931200828728, 0.8524594363023256, 0.35197059689835347
0.20296803652968037, 2.271680260330575, 0.8088037507357363, 0.3411874876430169
0.10028538812785388, 2.3041297831491794, 0.9046734337117323, 0.5002962184234092
0.11529680365296803, 2.3074986214098865, 0.8634840033724906, 0.400257901204969
0.1776255707762557, 2.3576671606873814, 0.855677910978286, 0.3185122322697546
0.10268264840182649, 2.4352546320318087, 0.9022710964388984, 0.4973897797360444
0.18515981735159817, 2.274914620156702, 0.8624713177687816, 0.3490718766022626
0.23184931506849316, 2.496087702683526, 0.824342540252131, 0.3072472708199666
0.19360730593607306, 2.2707677023799997, 0.858900355647239, 0.3827560001384623
0.10644977168949772, 2.3782915803565556, 0.892169207317409, 0.490035585911295
0.18230593607305937, 2.284863892619468, 0.8151310880021988, 0.38951071248685354
0.09697488584474886, 2.3338870030559904, 0.8825692670621323, 0.5043476528873786
0.1459474885844749, 2.2631618117632932, 0.8906991524457507, 0.4512355082083694
0.15987442922374429, 2.4194657562802373, 0.8580482269414748, 0.4078246775299199
0.16050228310502282, 2.5321886390821846, 0.8573425381003994, 0.40751127084867156
0.13059360730593608, 2.20055334290413, 0.8609211477058374, 0.43841141392393884
0.15759132420091324, 2.218573608892421, 0.869088955114025, 0.4475775282549407
0.23761415525114155, 2.283245263133011, 0.7958006177737389, 0.29745178672079464
0.24486301369863014, 2.414893097852327, 0.8114226009872906, 0.30251454118966475
0.22922374429223744, 2.2032166764412295, 0.8017976485479177, 0.28022462775466483
0.1877283105022831, 2.2351012312454177, 0.8630690701203042, 0.40051591410214094
0.16700913242009133, 2.690131981624928, 0.876969353178211, 0.4269261954017732
0.32128995433789953, 2.2264601280632084, 0.7141306615000658, 0.21856193706843982
0.2868150684931507, 2.2614533755809205, 0.7182556876537789, 0.21903559066356787
0.10331050228310502, 2.3937926415711233, 0.8944249292911728, 0.4595298073480877
0.1841324200913242, 2.2777251703758217, 0.8193148712779932, 0.37624398834172096
0.12636986301369862, 2.2773476520085443, 0.9000344310608867, 0.4847613026721187
0.09280821917808219, 2.3004598798953233, 0.9112161470690743, 0.45404071239233995
0.11518264840182649, 2.293395614692065, 0.9103646337741058, 0.4959142000860939
0.10313926940639269, 2.32837499689702, 0.8944962397010902, 0.4973349545429013
0.1509703196347032, 2.3168459088358704, 0.8880243058405227, 0.4466601090392057
0.11341324200913241, 2.296558258808367, 0.9115494174776038, 0.5025389456779156
0.09977168949771689, 2.305723543553592, 0.8992324786510553, 0.5075959246901078
0.11284246575342466, 2.2997753633756073, 0.9118190097628086, 0.5044172358834474
0.10313926940639269, 2.318686833372127, 0.8944962397010902, 0.4933428398517481
0.09697488584474886, 2.3483127810639335, 0.8825692670621323, 0.5014406438887863
0.11284246575342466, 2.3049234508243326, 0.9118190097628086, 0.5039333291340167
0.09697488584474886, 2.330436219179739, 0.8825692670621323, 0.5010284983011669
0.09805936073059361, 2.3196400578571783, 0.936737740817903, 0.5264023121603466
0.13407534246575342, 2.382382940143755, 0.9079873485443875, 0.36042166349710864
0.09805936073059361, 2.3595702585972607, 0.936737740817903, 0.524272532348985
0.09018264840182648, 2.3304686004712702, 0.9067816421278164, 0.4994157085140202
0.11404109589041096, 2.30314667987633, 0.9110109324418104, 0.49850162577458335
0.11284246575342466, 2.5218975665158334, 0.9118190097628086, 0.5040333149297002
0.18396118721461188, 2.335484812459717, 0.86648577389087, 0.39687621309539933
0.11289954337899544, 2.357609786583136, 0.911772280790846, 0.4928895179310801
0.19942922374429223, 2.4471658882893386, 0.8554908121441643, 0.36087549035522015
0.1909246575342466, 2.454254197011187, 0.8630591075134099, 0.32168288028186576
0.18784246575342467, 2.249097766424423, 0.8417043326910557, 0.3282594747770011
0.24417808219178083, 2.371822791502356, 0.8049836484442335, 0.2633604939801008
0.19383561643835617, 2.219082001076169, 0.8588052681537492, 0.3835599513820403
0.13738584474885845, 2.218529074234233, 0.8834336010709524, 0.3443619538704126
0.20382420091324202, 2.251492968861643, 0.8526733213923783, 0.3529485291000558
0.10610730593607307, 2.2910107360446834, 0.8920638922602387, 0.49049482073197426
0.19155251141552512, 2.384928369100235, 0.8379661261797857, 0.3539253799305461
0.16484018264840183, 2.621453409294968, 0.8547635370592487, 0.40485186344627033
0.14218036529680364, 2.427979261632243, 0.8697743643097391, 0.4346722720140459
0.13207762557077626, 2.253801731574753, 0.8997626187407036, 0.4755181008224339
0.14337899543378996, 2.3264317322607453, 0.892282523223348, 0.46005284483030784
0.21358447488584476, 2.2570200483888794, 0.816258942812731, 0.3113360355021071
0.14149543378995433, 2.253235831019813, 0.8916960434271383, 0.4636337496790725
0.15896118721461186, 2.45239882712767, 0.8421145046619827, 0.4179614179139782
0.1723744292237443, 2.2831430279228786, 0.83465579857803, 0.3983259636915852
0.20559360730593607, 2.239475235778447, 0.838285538340378, 0.26505240619866455
0.1656392694063927, 2.2711358211424253, 0.8748022673210193, 0.36099641681430655
0.17203196347031963, 2.282107689418749, 0.8736060750294253, 0.41296533529866714
0.09914383561643836, 2.337219178220725, 0.9356344921311032, 0.4152333232980992
0.15565068493150686, 2.2787191951996113, 0.879525821873295, 0.2887957460698509
0.1613013698630137, 2.41052177998165, 0.8404130926384262, 0.4029718033608213
0.09703196347031963, 2.3178681503011758, 0.8825530201084361, 0.49677459584709505
0.09697488584474886, 2.3040675878660863, 0.8825692670621323, 0.5033979374373168
0.09805936073059361, 2.307754122421622, 0.936737740817903, 0.5205009098984663
0.17168949771689498, 2.347311846299531, 0.877428289956622, 0.335556342911078
0.1783675799086758, 2.4248390488088405, 0.8717531554467594, 0.3286349753152986
0.11523972602739727, 2.303725968614289, 0.8843641911551249, 0.44141212040024735
0.18550228310502284, 2.3286393020999485, 0.8277678578323475, 0.3547206565920552
0.18042237442922374, 2.334413094621271, 0.832475964267847, 0.3817516166538373
0.1146689497716895, 2.359171423397652, 0.9222616270074194, 0.3762490289423344
0.15644977168949772, 2.3084810579952584, 0.8843019594544548, 0.4379303564162803
0.09018264840182648, 2.3230046670594717, 0.9067816421278164, 0.5032872925530899
0.11375570776255708, 2.607178868394192, 0.9111666371567297, 0.4987476726600582
0.12728310502283105, 2.298524494503187, 0.9077023278143076, 0.3985125999740089
0.11284246575342466, 2.300068278045959, 0.9118190097628086, 0.5057172478950914
0.10970319634703196, 2.3037177976407963, 0.9133501525997229, 0.47844704952765826
0.11284246575342466, 2.3783940875094776, 0.9118190097628086, 0.5058139534761775
0.22146118721461186, 2.43758265161419, 0.8361467457886869, 0.3149719945570402
0.21792237442922374, 2.0473303877395583, 0.8097469639862196, 0.3357629222378307
0.40422374429223745, 1.9792528560444644, 0.639745869771824, 0.24334877188334225
0.43105022831050227, 1.9924556156816005, 0.6446376934388367, 0.19323673085656634
0.3224885844748858, 2.0401054005848764, 0.7322212817664279, 0.22822799112853814
0.25325342465753425, 1.9470428540843399, 0.7807254528107085, 0.36611163244884876
0.28858447488584477, 1.879453847615142, 0.7413032541237231, 0.30205282718564697
0.4401255707762557, 1.8373960432022403, 0.6184660347905979, 0.18979438448568928
0.2046232876712329, 2.0038982656924693, 0.8465221842754979, 0.3512646311238544
0.19332191780821917, 2.129076135906999, 0.835331698334027, 0.3366993757836796
0.4242579908675799, 2.123720486298816, 0.5872371202474871, 0.16995214895827415
0.3119292237442922, 2.0430151671919647, 0.7286673876440466, 0.24043887282845153
0.2639840182648402, 1.9488015476563205, 0.7618650781812246, 0.28910609280224486
0.38767123287671235, 1.9641794911802632, 0.6702929736382692, 0.21999288732635588
0.30998858447488586, 2.033720113774209, 0.7550145539902842, 0.25307246595942123
0.25610730593607306, 1.988539182279072, 0.7633201063900601, 0.3415683469254951
0.3740296803652968, 1.7471528542623536, 0.6683050543053868, 0.22796338184692297
0.4514269406392694, 1.7838505792155113, 0.5936908081999223, 0.20290401390848437
0.3142123287671233, 2.0534756821992737, 0.6746605064720679, 0.23519175486332064
0.39942922374429224, 2.012271256792491, 0.627690329136263, 0.20592265786663447
0.2500570776255708, 2.0432742712330327, 0.7704497853967258, 0.2978247809334662
0.4035388127853881, 1.9053770142092825, 0.6476540603721642, 0.19830228436089198
0.3498287671232877, 2.0358954839748606, 0.700172752479836, 0.2392431699848852
0.4288812785388128, 1.8560450221084432, 0.5914763941040065, 0.21286870425554508
0.4180365296803653, 1.8118207888192919, 0.6271326549296721, 0.1895444814152861
0.37608447488584473, 1.654849915230247, 0.6535948231802959, 0.21622154409313127
0.42848173515981736, 1.649310400867707, 0.642653534109442, 0.19184504699036453
0.3838470319634703, 1.8769628904360138, 0.6864547593712813, 0.22928088531248073
0.5812785388127854, 1.7371451874097732, 0.47720326685716513, 0.13004566759517674
0.33515981735159817, 1.7355503275616255, 0.710671163312126, 0.2413535153848337
0.290810502283105, 1.9459559231575527, 0.7581114566399978, 0.3106635537412253
0.5906963470319635, 1.539468954343638, 0.4557168843189831, 0.1306827593600423
0.5074771689497717, 1.6429161335507485, 0.5648055654998054, 0.1655072520829143
0.3566780821917808, 1.7645117277151918, 0.6700316769366949, 0.2607995248297923
0.5248287671232876, 1.5732651442459458, 0.5349622670296201, 0.155759355097408
0.41478310502283106, 1.796649061730259, 0.6312974953806418, 0.20588263370671014
0.28664383561643836, 2.072408628197106, 0.7487602628060205, 0.24349727565012483
0.4095890410958904, 1.6718968798784906, 0.6627572701125239, 0.20871411394561348
0.4125, 1.6965855006043498, 0.6660605641900209, 0.18804517123097006
0.32871004566210044, 1.8726590952644608, 0.7300151719939612, 0.2761814792793259
0.4704337899543379, 1.7123068754361372, 0.6092770826598597, 0.17689671121387388
0.36552511415525113, 1.6987809203463058, 0.6966274233682361, 0.23476973041225474
0.48378995433789956, 1.42209298162972, 0.5677877186350182, 0.180393535448196
0.4906392694063927, 1.509400071215616, 0.5754450744125872, 0.17279874578660423
0.41963470319634705, 1.5756516538985652, 0.5992465036296326, 0.23001436803858735
0.542351598173516, 1.4893810671043994, 0.5182061292405282, 0.15929023521231997
0.5735730593607306, 1.4858546978602671, 0.4717988838024322, 0.13405807427136768
0.4457762557077626, 1.4093240475167252, 0.6094045409123497, 0.1993370345390163
0.5631278538812785, 1.5092177026790299, 0.4525058942889919, 0.13674934274007147
0.32009132420091324, 1.7252839186020434, 0.7100315061889029, 0.27930905699081515
0.5209474885844749, 1.540429594871252, 0.5399739249275354, 0.1509510692707375
0.4089611872146119, 1.6991602301563575, 0.6321156067186088, 0.21476367774074678
0.4765981735159817, 1.6424738849236813, 0.5892885926314062, 0.1776285562907268
0.43732876712328766, 1.8148696283295274, 0.6096558569552006, 0.1908703945277431
0.4396689497716895, 1.675062998891149, 0.5870097358553745, 0.18682866753094607
0.3935502283105023, 1.7781749061627747, 0.6434750266719678, 0.23701498618108746
0.5679223744292238, 1.4935336745492944, 0.4887199139231868, 0.14534263284444512
0.48807077625570777, 1.6533525688156963, 0.5717317855700724, 0.18152403755816834
0.5510844748858448, 1.7470290062362201, 0.5105323535800864, 0.1415204203825266
0.4985730593607306, 1.680737148055203, 0.5652382466619366, 0.16582920261949646
0.3686643835616438, 1.869711856370511, 0.659168685017395, 0.2849780609093965
0.225, 1.9392066794953662, 0.798279034246728, 0.32158209244741115
0.5308219178082192, 1.8260270111398882, 0.47088557688672256, 0.1413942126147298
0.3530251141552511, 1.8967713917431221, 0.6886323636545213, 0.2420484062939512
0.3042808219178082, 2.0776773524338794, 0.6928231463718362, 0.24910333575454247
0.2820205479452055, 2.0443287585185814, 0.7638399675455169, 0.30840489561796913
0.3418949771689498, 2.0179220275587686, 0.6963269537121022, 0.23280730297169341
0.2637557077625571, 2.21177085585569, 0.7815061613567845, 0.3144790497542343
0.3958333333333333, 1.9194525044787778, 0.664631739657913, 0.21124880212926114
0.36027397260273974, 1.7064647030297957, 0.6563378407431018, 0.22852593156398435
0.27494292237442924, 1.8290390999690038, 0.7524636421209743, 0.3126929707948911
0.4021118721461187, 1.8199201319451745, 0.6474476498285653, 0.20524892279690424
0.34178082191780823, 1.7318660924304703, 0.7011553025145283, 0.24829142360358308
0.3150684931506849, 1.9953052137268188, 0.6915747835661993, 0.26540342294238134
0.3070205479452055, 1.9523628825704529, 0.7119612641099312, 0.2597510095487597
0.2831050228310502, 1.8956459367077916, 0.7306592520489298, 0.3013260050478767
0.4444634703196347, 1.8874403479708928, 0.6072170389169789, 0.18473106836276743
0.45079908675799085, 1.8331573878078973, 0.6135764595271957, 0.17754916661815756
0.5150684931506849, 1.6778881361937685, 0.5330903822113834, 0.1516216350326035
0.37311643835616437, 1.7584679698392953, 0.6846258944556536, 0.23500117849813623
0.4184931506849315, 1.7544459552738016, 0.6513538099015906, 0.19929266403128224
0.4617009132420091, 1.858247266907126, 0.5888938757109061, 0.17819571724950356
0.41797945205479453, 1.714932288240097, 0.6310539166309163, 0.19991119081598285
0.5295091324200913, 1.4226541627836349, 0.5274744492690059, 0.15544857243268642
0.5496575342465754, 1.4149911623567206, 0.5036632468018456, 0.14639280962480455
0.4243721461187215, 1.5516909922247744, 0.5960539487637483, 0.1952825959233183
0.5698059360730594, 1.3762792793259908, 0.49179354943614073, 0.14093446378844662
0.5632420091324201, 1.5500561095672112, 0.4145079746401428, 0.13588266172679714
0.46678082191780823, 1.6324139162285687, 0.5974642471566786, 0.17506405767070002
0.3353881278538813, 1.752744477854608, 0.6824193307912431, 0.2533153562314836
0.47534246575342465, 1.6740169092094246, 0.5864714454447904, 0.17180693331472416
0.41655251141552513, 1.714659917065406, 0.6452277736345142, 0.1986850535620302
0.43025114155251143, 1.6733789065112807, 0.6039684332919388, 0.18722087578153757
0.34828767123287674, 1.7748203194883043, 0.6409822155505632, 0.227697481945899
0.40907534246575344, 1.6981129530323966, 0.6252339413007069, 0.21124692902530529
0.48247716894977166, 1.8175200237395013, 0.5699756656750009, 0.16779935724212663
0.42191780821917807, 1.8552772682721483, 0.6535159973362127, 0.19478143721158336
0.30542237442922376, 1.950044298464577, 0.7615045233133665, 0.3026669527857456
0.4095319634703196, 1.773011220232945, 0.6579866024145953, 0.18457922792455214
0.06626712328767123, 2.302820461022255, 0.9395849647178095, 0.29397147422913383
0.09805936073059361, 2.34451177501243, 0.936737740817903, 0.5231605425161385
0.23932648401826484, 2.2788649238782113, 0.7903797021116975, 0.30266118073499326
0.34714611872146117, 2.0091819905050814, 0.6594469192045135, 0.2585440166054911
0.3617579908675799, 2.049431167590564, 0.64559323769814, 0.22647742724195102
0.22882420091324202, 1.9438446148957835, 0.7694998803695929, 0.3757783040626462
0.4746004566210046, 1.789590840218546, 0.5000824755895323, 0.1550175586259905
0.4475456621004566, 1.7169823489896103, 0.6276373539481385, 0.18877392230034962
0.4009703196347032, 1.7459697806637853, 0.6472496853276902, 0.2205040414440575
0.5744292237442923, 1.4937375964775477, 0.5027149667062591, 0.1574105122654489
0.6760844748858448, 1.292623231604219, 0.3210674388044373, 0.10945385559520329
0.592351598173516, 1.362996875843433, 0.46399621388083256, 0.14088043539351808
0.6781963470319635, 1.1936860086132675, 0.32305362478378796, 0.10769764380393042
0.5685502283105023, 1.2564858180964067, 0.4834028785513487, 0.1429191930938024
0.5412671232876712, 1.3825534425705637, 0.5058475115771295, 0.156885345020056
0.5809360730593607, 1.2533889249086243, 0.47508872352089, 0.1411777856344662
0.5960616438356164, 1.2408922687104849, 0.45419080774155546, 0.1379099000741847
0.5567922374429224, 1.3311322204649585, 0.5015992311588281, 0.13660264729963514
0.6845319634703196, 1.2171420680180396, 0.31386268471738465, 0.101889233587262
0.6346461187214611, 1.1644096965463535, 0.3989572569564963, 0.11665913449490846
0.6412671232876712, 1.245073555954243, 0.35550855563443234, 0.11885008191771637
0.5640981735159817, 1.3714829311336147, 0.47206460650535703, 0.14443145068557134
0.5593036529680365, 1.3022459778798634, 0.4812788634704014, 0.1821856339591945
0.5491438356164383, 1.2904366102703255, 0.506629438232893, 0.16449737774599574
0.6096461187214612, 1.1762134030223166, 0.454210560703506, 0.14227225058391302
0.6856735159817352, 0.9646086662414497, 0.3600936361268485, 0.11487672027083327
0.6971461187214611, 0.928833774265357, 0.3448162041430593, 0.11588752084535969
0.7105593607305936, 0.8872659040249238, 0.3020912099149238, 0.1123334769273849
0.7253424657534246, 0.78047908002146, 0.30630855371519417, 0.09895027438814036
0.6514269406392694, 1.0801804352126436, 0.3997692892759449, 0.12584786553659316
0.6521118721461188, 0.9744179739752895, 0.400715199576649, 0.11783963082297191
0.6992009132420092, 0.9535929537701451, 0.33032094299270964, 0.10911786992915953
0.7730022831050228, 0.8330228699690164, 0.2461025402173564, 0.08995012562970768
0.7197488584474886, 0.8624516306223866, 0.3132977852194726, 0.10661406140347662
0.6023972602739726, 1.0301226131413896, 0.41181132649059005, 0.1347511664264351
0.5285958904109589, 1.3080475158853346, 0.5108363830015432, 0.18295434052366288
0.6809931506849315, 1.1787700344931726, 0.3588568465345056, 0.11602913669288474
0.601027397260274, 1.3055529474689025, 0.4514104084080764, 0.14730198847562606
0.5825913242009132, 1.3715155995739028, 0.47258684136778484, 0.15255394722528687
0.6580479452054795, 1.0292445094430964, 0.3927046695380843, 0.12111752807402708
0.7361301369863014, 0.9553617470987039, 0.3042463750501209, 0.1145290439111571
0.6353310502283105, 1.1783657139515904, 0.4321888373216873, 0.13830245594954177
0.6065639269406393, 1.2690159591969494, 0.4475728575911331, 0.15708367793729358
0.42174657534246573, 1.4492170330392171, 0.6174880109478799, 0.23519355060418431
0.66837899543379, 1.0976701824139106, 0.3388560766713535, 0.1030937754758892
0.6427511415525115, 1.0763728901475975, 0.3925245594591933, 0.11741621249175331
0.5835045662100456, 1.2589051527269908, 0.47437872233597617, 0.13268977901889553
0.6502853881278539, 1.0421728642005685, 0.39428700098206876, 0.12121905595537404
0.6530251141552511, 0.9892092467573808, 0.39312598667704834, 0.12600203738864202
0.6582762557077626, 1.0224643713824417, 0.3974283762214106, 0.12847473252607272
0.771404109589041, 0.7986830029173086, 0.23025758779110211, 0.09260045382318094
0.677054794520548, 0.9500338678792561, 0.3659758931566084, 0.12039401783264733
0.5959474885844749, 1.125935739562868, 0.4591303010765535, 0.14980423917789978
0.5892694063926941, 1.2531418943505512, 0.47609259116342983, 0.13522172048823686
0.6744292237442923, 0.9968364944530558, 0.3741963744946471, 0.12013320261318404
0.7138698630136986, 0.9958004997464824, 0.33906757303499324, 0.11514404971741188
0.6431506849315068, 1.1378394894114776, 0.4110470106037123, 0.13135519044649016
0.6486301369863013, 1.03834450621345, 0.4073344550596078, 0.1200448540440607
0.6464611872146119, 1.020822769950769, 0.38855595335088483, 0.13526791762446977
0.5926940639269407, 1.059524352196604, 0.4622468594538462, 0.13769965249954225
0.7203196347031964, 0.8863816177685103, 0.3203733435188793, 0.10388865412589585
0.7517694063926941, 1.010989941172642, 0.26959600862108457, 0.09678826302073486
0.6980022831050229, 0.9684688574162452, 0.34528869374102017, 0.1131840605785465
0.6144977168949771, 1.1068128810574611, 0.4576093318172363, 0.1345089808364245
0.6494292237442922, 1.0632529584810002, 0.4022003252783356, 0.1366874196228462
0.745662100456621, 0.8042151907225008, 0.24538395156789747, 0.09035317929847912
0.6995433789954338, 0.846564404935189, 0.3369895501571614, 0.12094155749133723
0.5476598173515982, 1.3919845118379799, 0.49929735317193746, 0.19190214209967904
0.8187785388127854, 0.6521100403998286, 0.18073555658612278, 0.07817471043951224
0.7811643835616439, 0.6740694895552548, 0.22706789391667606, 0.0876007714380739
0.7867009132420091, 0.9346687613761044, 0.22832383257082234, 0.08557781678936228
0.7424657534246575, 0.8335146144853233, 0.2924902087696847, 0.09899444752989449
0.7907534246575343, 0.9340286792983135, 0.20910172597423973, 0.08198567782031514
0.6494292237442922, 0.9895435426826482, 0.4062406648621252, 0.12821504429547176
0.6920662100456622, 0.8455667559628388, 0.3421408215505036, 0.12104922587504065
0.6077625570776256, 1.1077031187901325, 0.43645630425660364, 0.14431252678530668
0.7208333333333333, 0.7891963052882315, 0.30813885955528764, 0.10032008366755518
0.7023972602739726, 0.8851252673104507, 0.3481828881138304, 0.1070105682435018
0.7384132420091324, 0.8506289736295468, 0.2876489868160324, 0.10490596047778078
0.7251712328767124, 0.800485318353119, 0.29478175924701877, 0.0991604643876981
0.7449771689497717, 0.9237283072549186, 0.24673153301177828, 0.09334060874514552
0.6831050228310502, 0.8943126960245034, 0.3672196777156107, 0.12281934293226757
0.718607305936073, 0.8157232845024541, 0.31609949731224185, 0.11268444161068893
0.8242579908675799, 0.6310757559413711, 0.18853929396180785, 0.07834746893955905
0.7637557077625571, 0.7111678686788195, 0.27100838274725425, 0.09203059253490331
0.704851598173516, 0.8019728511896146, 0.3488005136824899, 0.11282093609358851
0.7732876712328767, 0.8108908881820296, 0.2322665574434724, 0.08737828498590211
0.7057648401826484, 0.81696117250589, 0.27152157085587714, 0.11323513274303985
0.7557648401826484, 0.7795067050315644, 0.2830452060089294, 0.09729506211026653
0.7602739726027398, 0.7841504850981919, 0.27146126694383005, 0.09683024396571036
0.718607305936073, 0.7732497480234395, 0.3177942144032048, 0.10452713915862694
0.6847031963470319, 0.9102801216732217, 0.37141404329065186, 0.11846725397294264
0.6166666666666667, 1.105617087695335, 0.4433578325424415, 0.1459616421072855
0.6407534246575343, 1.2123552784425755, 0.40359600674311286, 0.134471786070044
0.3584474885844749, 1.542005811203016, 0.6826629265358397, 0.27402516507416397
0.596175799086758, 1.327862022415688, 0.44837548051429976, 0.1572547470988815
0.6913812785388128, 1.2362587110381829, 0.3138439807660403, 0.11499736504880005
0.6526255707762557, 1.1014845182183604, 0.3746296777754734, 0.13066744862132665
0.6280251141552512, 1.1549855055347018, 0.44320971068511233, 0.13396844181044512
0.6899543378995434, 0.9405585940029966, 0.34716116378067974, 0.11687540230939891
0.7210045662100457, 0.9913303749338133, 0.3118796971458422, 0.10866140611361763
0.11974885844748859, 2.3030198915227906, 0.889461869447643, 0.2764757092470575
0.13493150684931507, 2.3119399478854654, 0.8685749755132336, 0.41596072139968565
0.1865296803652968, 2.2574117253224055, 0.8639303101681435, 0.3475002301588858
0.09777397260273972, 2.2881687032033318, 0.9060329964979384, 0.5135785131524535
0.1651255707762557, 2.30092597236372, 0.8481356702864065, 0.461262752384135
0.11284246575342466, 2.4678451253262828, 0.9118190097628086, 0.5041028258316325
0.14897260273972604, 2.298367575348512, 0.8505861367219968, 0.3944637408212901
0.11284246575342466, 2.618951408075143, 0.9118190097628086, 0.505642249385955
0.10393835616438356, 2.530676211961056, 0.8760108105577439, 0.35212491207938557
0.11312785388127854, 2.2930545366041737, 0.9117051221925226, 0.4994947783785163
0.20787671232876712, 2.261625614646635, 0.84554808765817, 0.3419046296763828
0.27106164383561643, 2.2657687560948605, 0.7749163908594425, 0.26027901961836425
0.15399543378995434, 2.2564829570721816, 0.8859095016245614, 0.42605311212288954
0.19920091324200914, 2.5580651948577193, 0.8573149592447605, 0.3222887598256481
0.25108447488584473, 2.2226417224360926, 0.7788209595107274, 0.24184633642466888
0.10810502283105022, 2.281345025548652, 0.890708729300566, 0.4354883487144571
0.19400684931506848, 2.227004463324264, 0.8057119526760155, 0.3177694681382038
0.14349315068493151, 2.297116549051107, 0.841518204463603, 0.4296621861366471
0.24121004566210047, 2.138289680798032, 0.7472614376363823, 0.23329071334050078
0.3338470319634703, 1.8747524347173297, 0.6636960077500028, 0.21085067818656456
0.4121004566210046, 1.9919136251352694, 0.537654073621992, 0.17896295027687384
0.20724885844748858, 1.9428916933499787, 0.8489134141359065, 0.34262401690037175
0.2742009132420091, 2.0435068672786563, 0.7659215192018283, 0.2439474777126131
0.22243150684931506, 2.35222248782374, 0.8311090339049663, 0.3908295421709026
0.2702054794520548, 2.2596597584483287, 0.7858855442495803, 0.3466967540957657
0.4264269406392694, 1.9824083520533287, 0.5912201207202148, 0.1709431397114893
0.26672374429223744, 1.9847251538136235, 0.7429792819782826, 0.28044667070917506
0.3710045662100457, 1.954262078434365, 0.6552008989556252, 0.20181916674909728
0.19292237442922375, 2.0389788863644616, 0.838578663438924, 0.3182662203973118
0.20519406392694065, 2.07120374052628, 0.8510867819167351, 0.3523353266232029
0.2004566210045662, 2.1126069026178422, 0.8519783260431975, 0.3694331403978209
0.2650684931506849, 2.07821434274588, 0.7458453414351698, 0.3237237950797297
0.1608447488584475, 2.210741492207736, 0.8650461936500059, 0.4466777732256647
0.2086187214611872, 2.1732122963013714, 0.8482081465650745, 0.33154551959197853
0.13961187214611873, 2.252972125224599, 0.8536107826071769, 0.45395927376780465
0.11113013698630136, 2.1877236325991207, 0.897778148120479, 0.47643689110301146
0.2089041095890411, 2.179995518752701, 0.8495228580428105, 0.32141861985109627
0.23304794520547945, 2.1497678797402884, 0.7948364532901487, 0.2871778223807757
0.20856164383561643, 2.219170660501746, 0.8306790965040505, 0.27549763067485805
0.2113013698630137, 2.1579405166531944, 0.8468382275652148, 0.33945698559628035
0.40742009132420093, 2.1078810419257916, 0.6081419130384687, 0.18470621220739208
0.2197488584474886, 2.1170028716189675, 0.7651201513984235, 0.3643740673802117
0.3663812785388128, 1.890609130093224, 0.6422406084963516, 0.2211350803184336
0.22180365296803653, 1.928026412856089, 0.7970520713023014, 0.2900272032797715
0.24994292237442922, 1.9354633952520754, 0.8016606344642703, 0.368267104602108
0.5030821917808219, 1.8881673061752429, 0.4719030568399251, 0.14325479337302663
0.2401826484018265, 2.0214350534696557, 0.8122657310473299, 0.3114770391155595
0.24178082191780823, 2.1530855241431492, 0.7865540964131315, 0.2912314333296366
0.13070776255707764, 2.2323996824012498, 0.868783974468183, 0.4127818773933463
0.1309931506849315, 2.2819532673040483, 0.8996803471943141, 0.4736218400693191
0.24337899543378996, 2.183523667368987, 0.7700075856907306, 0.29439330403133557
0.2531963470319635, 2.2178582120839865, 0.7768595602991678, 0.26182494100028203
0.23333333333333334, 2.10651023025246, 0.7963605505219773, 0.2628979390454552
0.30827625570776257, 2.0772035883986244, 0.7386149563290121, 0.23252591819060375
0.3428082191780822, 2.158836168867268, 0.6622125289504384, 0.2027574259107531
0.29914383561643837, 2.0897178146188664, 0.7409405579250662, 0.2437812769094284
0.21712328767123287, 2.1985498249734916, 0.8070131935172661, 0.30796331592067866
0.2093607305936073, 2.2032767104231605, 0.8357582308353456, 0.41397758449182814
0.20445205479452055, 2.2067287555160044, 0.8532164458595355, 0.31547504211811683
0.10599315068493151, 2.282570864049267, 0.8920615113875502, 0.49608834962963216
0.16980593607305935, 2.261074022513274, 0.8757079860095931, 0.4153804908281643
0.20125570776255708, 2.2733844950931257, 0.8295043277395961, 0.3361411639869536
0.14132420091324202, 2.2777486963631355, 0.8519841670915065, 0.4511978816966347
0.09977168949771689, 2.461060056845619, 0.8992324786510553, 0.5046844913775531
0.33042237442922373, 2.267554056542377, 0.7195709929133852, 0.21091342664970422
0.18881278538812785, 2.2499916558668493, 0.8529996758578391, 0.31164793854655926
0.14035388127853882, 2.2607289153691297, 0.8569974972631675, 0.388641000943744
0.2046232876712329, 2.463780914682504, 0.8520791475977962, 0.3493176930540646
0.17505707762557077, 2.2355169355597124, 0.8482245426300579, 0.38061305951750557
0.09965753424657534, 2.271277303296273, 0.9033272299719493, 0.5080669683107508
0.21073059360730595, 2.218270292503921, 0.7830805308945175, 0.2845599863946763
0.21426940639269407, 2.0469189699994375, 0.8222622671373091, 0.32067193538578764
0.11289954337899544, 2.242113858420555, 0.825758844703392, 0.4565900486439132
0.2728881278538813, 2.232502920258807, 0.7630528975214248, 0.2749778401483629
0.1819634703196347, 2.269762544980332, 0.8457005303555988, 0.4139302096660375
0.2642694063926941, 2.3130185775901086, 0.7278425056370817, 0.23339973391691246
0.3944063926940639, 1.964276735334908, 0.6418584064017889, 0.19025385710074746
0.30125570776255706, 2.073528450809113, 0.7519519226751108, 0.26007301379886705
0.4526255707762557, 1.881549685036755, 0.5152317399964383, 0.14691888606600279
0.238013698630137, 1.9792983162824966, 0.817551519060417, 0.31149835157520506
0.2816780821917808, 2.081153499392886, 0.7350459268292875, 0.22579931629747643
0.13110730593607306, 2.4010881437286393, 0.8953805844645415, 0.4215346171833228
0.17756849315068493, 2.119731178777675, 0.8707397122983774, 0.414320201097948
0.21780821917808219, 2.1907669672155623, 0.8398625826007011, 0.34311905205737875
0.2608447488584475, 2.0482596101485977, 0.7918954608164054, 0.3280788618092337
0.21335616438356164, 2.164705225716443, 0.8313983323326102, 0.3242268727483619
0.2788812785388128, 2.07740454670365, 0.7619610621935269, 0.26953621055098675
0.3732876712328767, 2.070606272249189, 0.5960236873718588, 0.18489685813063864
0.21512557077625571, 2.226745147941864, 0.7758639275908863, 0.3383239265655124
0.11284246575342466, 2.2717676132100904, 0.9118190097628086, 0.5029482795987791
0.18767123287671234, 2.5461249617783173, 0.8144294635666767, 0.30518142954668703
0.26164383561643834, 2.2342141124415615, 0.7874828769624174, 0.2912369644544118
0.20930365296803652, 2.2850993289386845, 0.772904433052117, 0.257667446418089
0.19355022831050228, 2.377268684618005, 0.8090487154838124, 0.33712374994565186
0.30547945205479454, 2.2644351182803173, 0.7542205963609712, 0.272816584691443
0.2918949771689498, 2.208173352837154, 0.7624083668613665, 0.25122569588402954
0.23692922374429223, 2.083028232078302, 0.78904013474197, 0.2554073776214744
0.19246575342465752, 2.304937319881091, 0.8603865128716491, 0.3893499359571523
0.3937785388127854, 2.1230076716983155, 0.5993401479446128, 0.2050983837818936
0.19697488584474887, 2.2070286549389633, 0.805759283031578, 0.3499215615527933
0.20102739726027397, 2.161814798292232, 0.7993177159057221, 0.3523379510650046
0.11421232876712328, 2.3020472219137296, 0.8989884428731345, 0.2904239963914223
0.10028538812785388, 2.386810417759092, 0.9046734337117323, 0.5027654677723884
0.2620433789954338, 2.335074342464067, 0.7980819559041453, 0.2853572217170868
0.2631278538812785, 2.1349416739047933, 0.7632558715471219, 0.2759785617429438
0.41307077625570776, 1.906139605883594, 0.6436459284502033, 0.18755291246681055
0.40176940639269404, 2.1367570222372434, 0.6621271640662819, 0.2122759027339635
0.4361301369863014, 1.9387744191132452, 0.6279581807646993, 0.18497939855784876
0.5040525114155251, 1.84885699700343, 0.5523242460568595, 0.1727743837566783
0.473458904109589, 1.783099892169033, 0.5801875286592707, 0.18750079114470644
0.5319634703196348, 1.4309874267015419, 0.5219412348612713, 0.16337735742159068
0.5287100456621004, 1.5803119435787336, 0.5320557740895575, 0.15168248286900657
0.5287100456621004, 1.3924174578494677, 0.5235919780124064, 0.1643078494585015
0.5003424657534247, 1.4027558595869163, 0.5100756178391072, 0.18246781145067864
0.6011986301369863, 1.2136988681960068, 0.4558443478621952, 0.13558279690625485
0.626541095890411, 1.2292470718678683, 0.43534990098666876, 0.12502025221098326
0.586986301369863, 1.4317737340978156, 0.46803707866295197, 0.16038363787613988
0.47728310502283106, 1.5028447901260227, 0.5758651478417203, 0.18917431708181526
0.49246575342465754, 1.5641787441753565, 0.5758918509684472, 0.18028228352496659
0.480365296803653, 1.4561195386685304, 0.5752707867602508, 0.20868531412845343
0.7547945205479452, 0.9218084898747537, 0.27428057647104126, 0.09503646154432556
0.6518835616438357, 1.053789813435513, 0.40729828458789297, 0.12311701790549522
0.6214041095890411, 1.1172143077337477, 0.42823664317883564, 0.1276031009516636
0.6873287671232877, 1.0329308629852452, 0.3724722953849586, 0.11290558423210921
0.6640981735159818, 1.3615779328632027, 0.398895158655691, 0.11806632862272187
0.5703196347031964, 1.4400001966721936, 0.4777371261618973, 0.15704264033502796
0.5465182648401826, 1.4000996456332675, 0.5198436351556394, 0.15660640051666405
0.47294520547945207, 1.4628707576168862, 0.5953854772240706, 0.1800939287652981
0.5872716894977169, 1.2877490279400832, 0.46462039120537446, 0.1398456051093998
0.7206050228310502, 0.9908815608449179, 0.3003219956888969, 0.10589036570708074
0.5658675799086758, 1.1879752119552327, 0.48695074225196594, 0.14293306009729345
0.5220890410958904, 1.4146027927384732, 0.531680914949162, 0.15592054097026287
0.5700913242009132, 1.2495300404293692, 0.49196259018912497, 0.1450458954878502
0.6085616438356164, 1.2580271621204946, 0.44310355868227974, 0.12794576258197157
0.6328767123287671, 1.2452967876534415, 0.42890962610256284, 0.12637575176944624
0.49646118721461185, 1.4172338584727144, 0.541931942042376, 0.19264397312528303
0.6208333333333333, 1.2265915568390666, 0.4318656377441135, 0.1261453891618574
0.6602739726027397, 1.1853085488795418, 0.3874377398065247, 0.12068213237403087
0.597203196347032, 1.279911140634861, 0.47459809327562236, 0.13673507344126407
0.6169520547945205, 1.1391173598360798, 0.4418934407514681, 0.1351230057525675
0.6027968036529681, 1.2681519125235272, 0.4504039308653034, 0.14548693316259415
0.5872716894977169, 1.199592668466168, 0.47146487568083545, 0.14520734682739672
0.6712899543378995, 1.398577708296784, 0.3771762579961222, 0.12506484591963996
0.5182077625570777, 1.360043142752118, 0.5355512725792042, 0.17997789137706618
0.48567351598173514, 1.4343113233229001, 0.5585701840190671, 0.1719544781487671
0.48276255707762555, 1.5252423999320768, 0.56219850570543, 0.16907010770789913
0.5882420091324201, 1.1950170150951622, 0.4711153939565518, 0.1469684733052712
0.6445776255707762, 1.0772640114539562, 0.41207816547164056, 0.1254170950117858
0.6372716894977168, 1.119697791502543, 0.42787691655635535, 0.12865019648683956
0.814041095890411, 0.7426124805839707, 0.20420074179988304, 0.07971811474302497
0.6859018264840183, 0.8610277438906264, 0.36632423793097985, 0.11698053520393924
0.704851598173516, 0.9099575551800838, 0.3317393785232092, 0.10831051005065401
0.709189497716895, 0.8049015411450613, 0.3397561300349038, 0.10690082955835573
0.6637557077625571, 0.9206891202861145, 0.39508759563026014, 0.11862321947652948
0.7126141552511416, 0.9269826016894894, 0.34096507352754557, 0.10382611437331538
0.7083904109589041, 0.8985019760393457, 0.32498796944255887, 0.10843798400501019
0.729851598173516, 0.9518506357412292, 0.2982177822474016, 0.10269298873007786
0.7246004566210046, 0.8469836969153964, 0.3180086841826618, 0.10526579360206004
0.7135273972602739, 0.8996672597199202, 0.31993659844508204, 0.10767945257786345
0.6808789954337899, 0.8686795091575445, 0.35776864594835955, 0.11819931360867575
0.64412100456621, 1.0128933307838086, 0.4022861832042379, 0.12154901651743798
0.5865867579908676, 1.1535344052578207, 0.45159289691969534, 0.14852818742900478
0.7236872146118721, 0.9635188036372877, 0.31040789942447167, 0.10529930996832501
0.5870433789954338, 1.1691761307737292, 0.42309979150543414, 0.16176304150066276
0.6110159817351598, 1.082663873222882, 0.4257776664419221, 0.13337541103051828
0.6965753424657535, 1.2874951760722622, 0.34766567010800964, 0.11351401069027067
0.5799657534246575, 1.4172426824292093, 0.4871447257272949, 0.14625346756937424
0.7066780821917809, 1.2483309158927773, 0.3152642404773161, 0.11117261042924674
0.6868150684931507, 1.1069730840529821, 0.298871342015682, 0.1040204246238952
0.5789954337899543, 1.1650412391509741, 0.4719125744091604, 0.1457768194215603
0.6100456621004566, 1.1654769381202044, 0.426772391654948, 0.13370007555320604
0.5865867579908676, 1.2995717694855309, 0.4620070047986337, 0.1418756852525485
0.6062214611872146, 1.2414930324133946, 0.4611051601058347, 0.13781527248692366
0.6167237442922374, 1.2874646717554903, 0.44476288843778294, 0.1356053500308917
0.58675799086758, 1.2914152190012678, 0.475042121007804, 0.14664356819640384
0.5912671232876713, 1.390517762699696, 0.455668131297113, 0.13664201851428945
0.5732305936073059, 1.4536375095514946, 0.48439394916057327, 0.13865080256491805
0.269634703196347, 1.738128159623423, 0.7613129692857196, 0.3297637590588144
0.48333333333333334, 1.4164865025952798, 0.5652358811917169, 0.17623616208537246
0.4389840182648402, 1.4746869126232725, 0.6004578806052977, 0.19215046502634542
0.5144977168949771, 1.4462187326406915, 0.5540557923856838, 0.16125047209099896
0.49360730593607305, 1.4677824160262738, 0.5814420694940633, 0.16582451816261018
0.5892123287671233, 1.392137261294679, 0.46769145906869025, 0.15643010030909177
0.5645547945205479, 1.395405096827781, 0.4706975441205404, 0.15691464693199758
0.6587899543378996, 1.2596361472930537, 0.4013905244947214, 0.11902261928191829
0.5884703196347032, 1.2999462249922697, 0.48145308415604476, 0.14709829317859954
0.5604452054794521, 1.337496839969772, 0.5069985782843398, 0.1466607188130902
0.5819634703196347, 1.3100784619585462, 0.47837233844202376, 0.15151729057990174
0.6248287671232877, 1.3046294909429876, 0.44621830729117806, 0.12977291012045264
0.5716324200913242, 1.330173404166075, 0.47771344075301586, 0.15650254097879535
0.6725456621004566, 1.6453665266298267, 0.37852022223029236, 0.12278032804555959
0.6170091324200914, 1.517753970912194, 0.4153133521066508, 0.13789264006573485
0.4997146118721461, 1.5618807576052403, 0.5321223854900069, 0.19471794416114924
0.3404109589041096, 1.603022486684189, 0.7016194857093536, 0.23322311385005534
0.5285388127853882, 1.5184658543874412, 0.5305264100691451, 0.1623461548251988
0.4112442922374429, 1.6673829746743043, 0.6454480363663571, 0.2217650660704152
0.5747716894977168, 1.2898082475071628, 0.47826543865519416, 0.15798434299630038
0.45639269406392696, 1.4310958140295797, 0.5716281894354401, 0.18929765522509026
0.5238013698630137, 1.4133705416149949, 0.5267456700211021, 0.15320826452165004
0.47922374429223746, 1.5831435217853789, 0.5747727432593431, 0.18788590022400875
0.5726598173515982, 1.2671697345370911, 0.4834119313840211, 0.13978261968850322
0.6469748858447488, 1.0809744586355847, 0.41231107080632046, 0.12675917688315844
0.06529680365296804, 2.3077903846355334, 0.9577168363897001, 0.3362022233747392
0.26381278538812786, 2.298655847409, 0.7941776547546594, 0.24178227311236017
0.24891552511415524, 2.267141891206236, 0.8085762908934534, 0.2804719347884323
0.24777397260273973, 2.1206635299134473, 0.811314851515524, 0.2961152025278332
0.30947488584474886, 2.0541491166641723, 0.7281846175480259, 0.2780030640800317
0.3704337899543379, 1.9883260694744924, 0.6563865080891819, 0.18959067206780195
0.15034246575342466, 2.095566354246308, 0.8513538113405388, 0.445510345655824
0.4098744292237443, 1.941819843717906, 0.6367966668533266, 0.19344600680536797
0.29235159817351597, 2.0723249171490536, 0.7549940484789515, 0.24412963982576105
0.33378995433789954, 1.9660630417196718, 0.7144613351922614, 0.25637222963653167
0.30490867579908676, 1.9777137137405132, 0.7532958407417083, 0.2697526367288832
0.3396689497716895, 2.062225415928451, 0.6726845253980688, 0.31736387733556026
0.20376712328767124, 2.0636892839313643, 0.7979015314809805, 0.29698949040382955
0.38281963470319635, 1.9690546785111296, 0.6325179745479281, 0.20014713255007271
0.32802511415525115, 2.019142650013373, 0.7292059943372502, 0.32931781102795205
0.37054794520547946, 1.8761562008427703, 0.6977039234549218, 0.23483305545003808
0.31187214611872144, 1.79576951522193, 0.7402088223972073, 0.25492921019296144
0.5435502283105023, 1.479748074115003, 0.5195792995399731, 0.14639420896607236
0.514269406392694, 1.4263022188250332, 0.531348552818735, 0.15890648173091126
0.44457762557077624, 1.5326371589616008, 0.6194289942713016, 0.19678341223509446
0.5361872146118721, 1.795904318314709, 0.4839833199696052, 0.15324617071203417
0.17745433789954337, 2.01194518435083, 0.8278715014574738, 0.3797882112163351
0.40884703196347033, 1.788701086777122, 0.6664007343036664, 0.19847823579800555
0.44594748858447486, 1.8381634886304266, 0.6314217039290839, 0.19111168664787936
0.4730593607305936, 1.5611538786891865, 0.5761046428705126, 0.1662984169463577
0.4973744292237443, 1.462746012697345, 0.5541400058290208, 0.15851520660564322
0.5035388127853881, 1.473100740734709, 0.555422485172016, 0.1533730526034045
0.32265981735159815, 1.7060082575076656, 0.7219085779377861, 0.2897089252034796
0.5492579908675799, 1.793062588565698, 0.5043928353889596, 0.14086908186553884
0.2694634703196347, 1.9797940645043708, 0.7713438744420423, 0.3049286257955506
0.31061643835616437, 1.8782883413850444, 0.7252869845939028, 0.26601596819126927
0.24509132420091323, 1.9737981586313071, 0.8027372887909366, 0.3173012919039578
0.45131278538812786, 1.720741440144848, 0.5541501139726506, 0.188857767856344
0.3589611872146119, 1.834106868804862, 0.6443582989872095, 0.24620521164710113
0.3815639269406393, 1.6050217261903634, 0.6368645802236991, 0.24709833736704037
0.492865296803653, 1.5858968868749599, 0.5447763923036045, 0.1638164181191765
0.5053652968036529, 1.9723934853389926, 0.5175201493892332, 0.15395533259460017
0.29628995433789956, 2.1732689226939255, 0.7442336551277259, 0.2566270059789469
0.1454337899543379, 2.221058683519222, 0.8556351010131216, 0.41867233073240506
0.11877853881278538, 2.866245192726096, 0.9071721811165034, 0.4995250412176661
0.3849885844748858, 2.078385146018373, 0.661223694901543, 0.21420889730838014
0.3712899543378995, 1.831853006260478, 0.670990405055222, 0.23486379294720625
0.4007420091324201, 1.941610147106593, 0.6428555758249029, 0.19926979331723285
0.2062214611872146, 2.1034700730755995, 0.8046017002493009, 0.3264137453895857
0.2398972602739726, 2.1483519079750533, 0.8082608057362074, 0.27532208443018047
0.23498858447488585, 2.0988661449453603, 0.8191451973464504, 0.30434341338395493
0.276027397260274, 2.121018456011058, 0.762503263462074, 0.24103639892194292
0.21307077625570775, 2.0040674449408162, 0.8216489738844653, 0.34581817269378307
0.37003424657534245, 1.8745765474561142, 0.7040339140588489, 0.20190608019240064
0.31095890410958904, 1.8372373000433728, 0.7511411929447808, 0.23221195953989068
0.27351598173515984, 2.098824032481981, 0.7866804481909029, 0.2554571777901722
0.32751141552511415, 1.9535090023456099, 0.7213745491300979, 0.22822188532755308
0.36118721461187214, 1.7098748711579943, 0.6850791219341339, 0.2122508782791512
0.410958904109589, 1.6432865421938365, 0.6280568390786226, 0.20315501597644456
0.5859018264840182, 1.3130911633933653, 0.4092377204177214, 0.12317498010046833
0.5374429223744293, 1.6965823009474092, 0.4293990834806316, 0.15769432060292007
0.4292808219178082, 1.8518375518659478, 0.6175855761640128, 0.1850916356389383
0.2170662100456621, 2.0724857937969845, 0.802425317322873, 0.3742786632500175
0.4349315068493151, 1.888788743538263, 0.611343847488406, 0.18595281457696647
0.3851027397260274, 1.7967862584071073, 0.6685178480780523, 0.19836655538968054
0.15759132420091324, 2.0469075809772974, 0.8471698817231075, 0.3646357603766988
0.2583904109589041, 1.9463999800154403, 0.7867003940129726, 0.3651981933830267
0.4207191780821918, 1.6413161221330297, 0.5664355124150343, 0.16827988217234807
0.4332191780821918, 1.8610387550981622, 0.6193223364633451, 0.19223787535709494
0.37654109589041096, 1.7350209852195766, 0.6781317978756393, 0.2018545602221938
0.37374429223744293, 1.883153449890276, 0.6859580279826281, 0.2176231576805524
0.33721461187214613, 1.825929196250357, 0.7078846323265486, 0.24563106923782868
0.3134132420091324, 1.8912721196419164, 0.7449147419814977, 0.2545388393927942
0.4930936073059361, 1.890453842084974, 0.5228661413611584, 0.14338513224521532
0.30154109589041095, 1.9395436419471759, 0.7586085154972462, 0.25302759425110144
0.320148401826484, 1.767653132332106, 0.7294605303520428, 0.26423074904549
0.3856164383561644, 1.8875272679716757, 0.6901467724374344, 0.1992671421906936
0.2836187214611872, 1.9186088397010277, 0.767627816764231, 0.28735690151600773
0.42482876712328765, 1.8061251518456902, 0.589040957494036, 0.17496193346572866
0.4093036529680365, 1.8923791230269218, 0.6335684105774427, 0.19071882692290718
0.32950913242009133, 1.9578558922154174, 0.7233576811790049, 0.25791161789060524
0.2672945205479452, 2.0121256247707153, 0.7916715302540028, 0.3059283871948186
0.2946917808219178, 1.9715306867679505, 0.7640083336911004, 0.239872200008196
0.3853310502283105, 1.9469302334997072, 0.6737678712043601, 0.1959319295463582
0.3976027397260274, 1.901427851015166, 0.6321870654428243, 0.2040571219269179
0.4160388127853881, 1.88012182707792, 0.6274745289491804, 0.19124147086424167
0.363527397260274, 1.9548321293641444, 0.6840703736745172, 0.2165232367703035
0.35428082191780824, 1.820421965039212, 0.6590962985615495, 0.24291962257360106
0.432648401826484, 1.7311021163940565, 0.6257648129799227, 0.1809181798729706
0.36027397260273974, 1.833697782506205, 0.7018249512965639, 0.23395831446061288
0.5118721461187214, 1.5996206749179591, 0.5341280077269295, 0.15067846884951225
0.5038812785388128, 1.7092292887911404, 0.5083748225426299, 0.15291266877954354
0.3113584474885845, 1.8620716922954745, 0.7408793896826755, 0.23941707269211815
0.4580479452054795, 1.4192454085281314, 0.6056700520584426, 0.1872329760108144
0.5204337899543379, 1.3937817430863642, 0.5407233389722955, 0.1585843730461935
0.5192922374429224, 1.4489899442926661, 0.5419136308428893, 0.15567435438269117
0.49845890410958904, 1.406672958271008, 0.5605888205864397, 0.1651746171719529
0.5008561643835616, 1.428168955476759, 0.5647930649597075, 0.16204744359112397
0.4930365296803653, 1.3440088421829284, 0.5413896039224769, 0.18377455016391814
0.5444634703196347, 1.3018139603662573, 0.4783918450047894, 0.14536624004300763
0.5792237442922374, 1.2634179100275176, 0.4804997864323594, 0.1398295427416587
0.4708333333333333, 1.4330428736820204, 0.5894821257204227, 0.2015638196556173
0.45901826484018265, 1.5581108049714947, 0.6165389269507382, 0.18548983326630414
0.4891552511415525, 1.6564634460607144, 0.5677089670303094, 0.16705640020232773
0.5704908675799086, 1.4551201302473131, 0.4848897275227639, 0.14518985671453094
0.3900684931506849, 1.5736279806572961, 0.6644461410301669, 0.23245687010348476
