acuracia,loss,frr,fpr
0.05917564563023773, 2.3122767483683133
0.17017273815631948, 2.3420205322191903, 0.8398540717338507, 0.3094070234317339
0.20152784903939341, 2.5526575919778662, 0.8292950656452056, 0.30943115091970697
0.19725215210079242, 2.2912607528785367, 0.8132720355489912, 0.41314462908957245
0.2644661079756, 2.2447250819139635, 0.731399271832001, 0.3105407020160539
0.09457841628185394, 2.222837796692266, 0.9177498640270975, 0.486872483193726
0.2095091499914486, 2.1033120779278653, 0.8177475987636924, 0.2976128475593591
0.42802576820021665, 1.900271304238448, 0.5676225341078179, 0.1862930641094966
0.562225642779773, 1.7149096202377339, 0.4453308506635241, 0.13237744200708856
0.5529331280998803, 1.6527958355810466, 0.46036377392825856, 0.13840716246850865
0.47882104783079643, 1.508365712876834, 0.5410335807394459, 0.20475478466549782
0.607833076791517, 1.3133689013546737, 0.39660433608938533, 0.1189172150309262
0.5753947893506641, 1.3568323157062132, 0.42324193274420174, 0.12648493384939777
0.5987685992816829, 1.2313550801558109, 0.41344384609029744, 0.1266707924584259
0.620318111852232, 1.1073337946176107, 0.38825555717859933, 0.11881593435061683
0.6547517245310985, 1.0314420381603715, 0.3487967582470095, 0.10606521506142876
0.6494498603272333, 1.0307787457796087, 0.35146211992893156, 0.11572853621192472
0.6599965794424492, 1.0708978908547115, 0.3412213526180342, 0.12094086563049748
0.6441479961233681, 1.0510164691023471, 0.3624148332041691, 0.11717854587142834
0.6837694544210706, 0.9286216136372228, 0.31744202356716417, 0.10585271726555316
0.7208254945556125, 0.8646383726881544, 0.2719735263259962, 0.09096939252386846
0.7219086711133915, 0.834629127984384, 0.26930145906830855, 0.09108749321955421
0.7584516276153013, 0.7142902098856894, 0.23368065013609363, 0.0847122371499948
0.737301180092355, 0.7867997940473624, 0.2538714163541355, 0.08870079260779412
0.7500712616156433, 0.7378388335528258, 0.2440076749941649, 0.08574230559687045
0.7497292058605552, 0.6847889533620669, 0.24749154960616523, 0.08738075482913825
0.728407730460065, 0.715966271972847, 0.27402673751458445, 0.0907369513517633
0.7754974060771905, 0.6480448696346385, 0.21287909040644368, 0.08008235867913081
0.7377572544324725, 0.772291740599452, 0.2531983002368355, 0.08932941999169389
0.791631035858845, 0.5937516042134882, 0.19916346588028971, 0.08127188636998346
0.8274898808505786, 0.5762779496414354, 0.17586562642614928, 0.0736481111186873
0.811584288238983, 0.5621559064407292, 0.18036366956877173, 0.07600729102723741
0.8204207285787584, 0.5578715013564491, 0.18046491872659604, 0.07451214030805758
0.8116412975314976, 0.5370642705441675, 0.17479102687584142, 0.07426000584556428
0.8163160595177014, 0.5534196465637381, 0.17802509354759827, 0.07319409289008502
0.7723048856963685, 0.6192357434767615, 0.21057921293301834, 0.0861244427729861
0.7908329057636395, 0.5622540040748538, 0.1949292376092459, 0.07677616013999702
0.777036656975087, 0.6035265761325534, 0.2079426540110067, 0.081645383993992
0.794823556239667, 0.5475107195697562, 0.19683842447887043, 0.07599797819061888
0.7920871101989624, 0.5754868563638497, 0.19499698610019695, 0.07810633663595347
0.8177412918305684, 0.4910319456713947, 0.1722288477661284, 0.07157979397872728
0.7937403796818882, 0.5815183441889746, 0.19236181404725156, 0.07591329704071577
0.8394048229861467, 0.4712532188009036, 0.15091974027465882, 0.06845847066230773
0.8473291146456873, 0.4418547181470981, 0.14491652776087485, 0.06432877915104895
0.8510917279516561, 0.4402416170213738, 0.1379694903457925, 0.06329405026546624
0.8794823556239667, 0.39269380343255755, 0.12040443414635575, 0.05930103897667159
0.8142637249871729, 0.49232126803155785, 0.16862352807220035, 0.07274112318109913
0.8265777321703438, 0.4783589455072527, 0.16023160534872669, 0.06860683967565931
0.827774927313152, 0.46913386561769144, 0.15870526342554656, 0.06635284526830147
0.8421412690268514, 0.4532374537769563, 0.15126057318613154, 0.06536587929538798
0.8022917735590901, 0.5260536517881856, 0.18302939803691134, 0.07262811790189361
0.8165440966877601, 0.5040156532171371, 0.16751389497680713, 0.07005815345213723
0.8524599509720084, 0.40417618229460534, 0.13416051185815117, 0.06101533154066921
0.8309674476939741, 0.44950531898862284, 0.15285785010709008, 0.06848305011936427
0.8238982954221538, 0.467578383781588, 0.16041867180742603, 0.06768488099023813
0.8375235163331624, 0.4381152472866967, 0.1503151071098984, 0.06612690535992632
0.889401972521521, 0.36447346895992827, 0.11341503298716478, 0.05852763359931055
0.865173023202782, 0.3776977572564767, 0.12325789561876373, 0.060677723326614065
0.8904281397867853, 0.35395800237447966, 0.10674089729190449, 0.05544931871824803
0.8569066757881535, 0.41118093832514846, 0.13295535357947325, 0.06125308280855446
0.8597001311213728, 0.3899066928835688, 0.12870330899363727, 0.06010088429405905
0.8255515649050795, 0.44754863417168567, 0.1594400203260703, 0.06961976345955856
0.8095319537084544, 0.5027571693314423, 0.17275496709621926, 0.07073307208098455
0.8246964255173593, 0.4639028390264704, 0.15471135649539158, 0.06800307850339364
0.8647739581551793, 0.38333589735564927, 0.1234294901561613, 0.05843580799607565
0.8299412804287098, 0.43734394205734345, 0.15330136097335584, 0.06587506974460354
0.8499515421013625, 0.3918211641718109, 0.1401328997744859, 0.06257820043469522
0.874807593637763, 0.34432186326318304, 0.11757820582665415, 0.059280563129883695
0.8880907587936834, 0.349559311373043, 0.10686638391593659, 0.05471245149484998
0.8988655150789578, 0.32234099582353726, 0.0983583005108169, 0.0526254213585061
0.8603272333390343, 0.37153287722877437, 0.1240437581790414, 0.059231440397931136
0.8614674191893279, 0.36533280414274477, 0.12433644818864593, 0.058438582755868745
0.859130038196226, 0.36496327025427927, 0.12856258495715006, 0.05952905262385971
0.8957870132831651, 0.3193149196577657, 0.09749257648905729, 0.05284078789177093
0.857704805883359, 0.3805778318220687, 0.13100594827754208, 0.06080081441933965
0.907758964711248, 0.2952923392608327, 0.08730741083228785, 0.04927088750627767
0.9051365372555726, 0.3076229998212286, 0.08943923392435521, 0.0514020648233867
0.9130038196225985, 0.28641458154837257, 0.08230710743979142, 0.04882703241143526
0.8866085171883017, 0.32953727562212803, 0.1041056095224152, 0.05385503645915776
0.9022860726298386, 0.30746874389743767, 0.09132474330273216, 0.04937053053847387
0.9009178496094864, 0.29971317440359196, 0.09043663869834821, 0.05049224888085625
0.8742375007126162, 0.34327357118559215, 0.1118567853910419, 0.05794111780896635
0.8747505843452483, 0.3373463579281198, 0.11005835411952697, 0.056748486378877736
0.8607262983866371, 0.3682145050358705, 0.12395494570582354, 0.057690178831461346
0.8496094863462744, 0.3875019643680564, 0.1300542684210697, 0.05999865813296545
0.869619748018927, 0.34025987113679296, 0.11580934462480527, 0.05725082135929034
0.916652414343538, 0.2747731983654378, 0.07957941772545067, 0.04762485486556078
0.9128327917450545, 0.27782551582443, 0.08419093090506548, 0.048311530911740015
0.9047944815004846, 0.28450415729159384, 0.08731220045903332, 0.049387327686843216
0.8987514964939285, 0.3070034517502082, 0.09207668069174346, 0.04994553950734429
0.8856963685080668, 0.30919303069321, 0.10021183048149433, 0.05184268801210611
0.8642038652300325, 0.35049437274597367, 0.11922035195173647, 0.05645176807246382
0.8538851832848754, 0.37884728731664913, 0.12944306870940958, 0.05839492067046956
0.849153412006157, 0.4055738327993287, 0.13450037913192545, 0.06300756923403433
0.8573057408357563, 0.36534258131661274, 0.12555075492528045, 0.057068783136851896
0.8839860897326264, 0.31186159644503597, 0.10406021354896243, 0.0516785614258498
0.8729832962772932, 0.3338393443242498, 0.10734076640898638, 0.05410976727852635
0.8770309560458355, 0.3294304008809946, 0.11000080549639113, 0.05357373052418122
0.9000627102217661, 0.28527923499276403, 0.08954121925325781, 0.04860747795425703
0.9090701784390856, 0.26371864458561095, 0.08291942036147573, 0.04804375132611266
0.8984664500313551, 0.28660532076070616, 0.09480486109230517, 0.04978924466329997
0.0530186420386523, 2.310686257877614, 0.9557867673402362, 0.3569307026116357
0.1278148338179123, 2.394892152280956, 0.8886900403795588, 0.37610081676408136
0.11304942705661022, 2.3174417267013703, 0.9098601467927635, 0.4664968826674008
0.17382133287725898, 2.243935914126873, 0.8334334584121688, 0.3488878401404855
0.13277464226668947, 2.2327341985168347, 0.8882002830540181, 0.4466079464005924
0.2486745339490337, 2.146357899869931, 0.7688147730425987, 0.3089754891266061
0.34633145202668036, 1.9467888330524348, 0.6633179669516571, 0.24133714816920793
0.45145658742375006, 1.850943012077774, 0.5680591972015958, 0.19040529767605616
0.4369762271250214, 1.71022218510489, 0.5687795314790762, 0.17519238385957178
0.4674761986203751, 1.5574820083893866, 0.540789913015151, 0.1481247082235205
0.4594948976683199, 1.6015739299220593, 0.5449279814657815, 0.17395162125160776
0.5105182144689584, 1.4594946278613932, 0.4905396747075313, 0.16045266265850933
0.4636565760218916, 1.6109636941332481, 0.5416375316904586, 0.19012920680661233
0.5688957300039906, 1.3518576168743326, 0.4513261314193834, 0.13064867047300466
0.5995667293768885, 1.2361442146302595, 0.4116003353673942, 0.11732268055635614
0.6252209110084944, 1.0577016875668566, 0.38246197271998034, 0.11266769710055761
0.6623909697280657, 0.9874270804006907, 0.353278140051269, 0.11502302961374539
0.6096003648594721, 1.0471835249946686, 0.3960118216321497, 0.1192252036729837
0.6703152613876062, 0.9740993759124073, 0.3468513632694056, 0.1042956225159802
0.6682629268570777, 0.8909217115205134, 0.33309102200075025, 0.10533667864282611
0.7377572544324725, 0.8032058848357055, 0.2676312456085044, 0.09177926083492827
0.6909526252779203, 0.9433457175244025, 0.3133120750955707, 0.09980613630493068
0.6826862778632917, 0.834975480390144, 0.3199724232086706, 0.10492824421597534
0.7481899549626589, 0.7190462841236767, 0.24333520284436033, 0.08763808172496333
0.769910495410752, 0.6879158324102909, 0.2169869638543545, 0.08115129031129178
0.7096516732227353, 0.7506834481660757, 0.29057848735115854, 0.10468747653785529
0.8240123140071832, 0.6010746574006496, 0.17660438852710086, 0.07207950159394161
0.7752693689071318, 0.6575451309267438, 0.2127479632612909, 0.07958953457129253
0.8278889458981814, 0.5843934782664272, 0.17346184517720395, 0.07310009280279299
0.795906732797446, 0.6146860470347347, 0.19921299648548416, 0.07744471754466621
0.765634798472151, 0.6346459622906302, 0.2212671328273025, 0.08575883881861107
0.7650076962544895, 0.6694015217451736, 0.22094587304594737, 0.08090028371298662
0.8127814833817912, 0.5589695914356084, 0.18706953775985716, 0.07276542939445169
0.8280029644832108, 0.5570681111929413, 0.17106195697117813, 0.0707803539419843
0.8396328601562054, 0.5282319510361113, 0.155953380822581, 0.06738800576196083
0.8286300667008722, 0.5498173755310567, 0.17179572471084548, 0.07018022686318295
0.8288010945784163, 0.5349370112571393, 0.16691655830774174, 0.07127888012523527
0.807308591300382, 0.5391372819394658, 0.17971733778518872, 0.0726992666750219
0.8236132489595804, 0.5074116066650391, 0.1648370593524455, 0.0688827639282587
0.8239553047146685, 0.5191962825060118, 0.16973752047519017, 0.07073598054007584
0.8458468730403056, 0.4670998397794074, 0.14961125609605203, 0.06570726942107419
0.8360982840202953, 0.46486092828565007, 0.1550495407832432, 0.06770883309927911
0.8687075993386922, 0.4314627806828167, 0.13004846248884092, 0.06036659071259478
0.8381506185508237, 0.4735138420292114, 0.1534768755351305, 0.06720803532539957
0.8347870702924577, 0.47638858660398686, 0.15792423436560588, 0.06813152915687437
0.8728122683997491, 0.4179922935548475, 0.12518478478563966, 0.06053327007186952
0.8766889002907474, 0.40861197253153186, 0.12214647004284786, 0.06104940528016826
0.8741804914201015, 0.41350282696998775, 0.12669078622014798, 0.06230871775291329
0.8663702183455904, 0.4335424897488366, 0.1342170669673337, 0.06119432727186323
0.8744085285901602, 0.39784590756917254, 0.12308339242280493, 0.05884421022594112
0.880679550766775, 0.3862111254887742, 0.11597902216693144, 0.059386950785838666
0.882275810957186, 0.390393788277836, 0.11874185180968017, 0.05849305702163164
0.888147768086198, 0.3747895137600958, 0.11275224555100698, 0.05769220680112737
0.8519468673393763, 0.42063533110800944, 0.1378422519753533, 0.06251312498699522
0.8802804857191723, 0.3758300779711547, 0.11536087852210823, 0.05697855024473833
0.8898580468616385, 0.36532517738108317, 0.10828030428229338, 0.05552470943546664
0.8846131919502879, 0.3665013363415211, 0.11356350068382533, 0.05734398056940065
0.8870075822359045, 0.36487859412543544, 0.10872674732117493, 0.05494472246066598
0.889401972521521, 0.3613011678318726, 0.10780559600213284, 0.055139682864269346
0.8985804686163845, 0.33692931103790397, 0.10139557199964497, 0.05410760197367991
0.8896870189840944, 0.3550655465061724, 0.108100070388023, 0.05475784153573666
0.879254318453908, 0.3697618198657017, 0.11846733845516123, 0.057570000507910474
0.8775440396784676, 0.3564740899355543, 0.11497724176953959, 0.057776550268423016
0.8924234650247991, 0.3348269088987769, 0.10372223882868928, 0.05461119082990994
0.8828459038823329, 0.3467825702038622, 0.10701043475217588, 0.055179126911584504
0.9090701784390856, 0.29881305112217493, 0.08952951368787937, 0.051508217762055344
0.8930505672424606, 0.31709275585550034, 0.09800495880393828, 0.05279339553186198
0.8845561826577732, 0.3363168235520894, 0.10844428875765671, 0.05544436999868332
0.8831309503449062, 0.3439616601388988, 0.10856117994475695, 0.05463720598186073
0.8694487201413831, 0.36660761972614275, 0.12041492494026006, 0.058870281586028674
0.9148281169830682, 0.2826866234587054, 0.08190983033920218, 0.05035083617834432
0.9032552306025883, 0.30124980439310445, 0.09161199985457945, 0.05162080171136136
0.9042813978678524, 0.29741505468827584, 0.08915267549355078, 0.051573746212926805
0.920757083404595, 0.27108359972396995, 0.07752158396791761, 0.04782069218469895
0.9091271877316003, 0.29070147282258935, 0.08641349557005233, 0.049720632857592637
0.9008608403169717, 0.30866992049624975, 0.09431336517972355, 0.05095380686947654
0.909526252779203, 0.28629983318365465, 0.08411079137511289, 0.04835684939716033
0.9154552192007297, 0.27973212314445806, 0.08161089359486776, 0.048156962259887574
0.903483267772647, 0.3058635022817279, 0.09481979944671742, 0.0512026397331698
0.912376717404937, 0.28194708275562275, 0.08399341722823844, 0.047291860172936226
0.8926515021948578, 0.31134674515442523, 0.09804812257950926, 0.052958431516046484
0.8658571347129582, 0.3693440940195306, 0.11977357786575561, 0.060124928553270084
0.9103243828744085, 0.2804610924456862, 0.08433113067068511, 0.04825615124890463
0.9233225015677555, 0.2620033604076782, 0.07382998731511578, 0.04496207407797374
0.9140299868878627, 0.2655356182874141, 0.08353864729051048, 0.04805675470457356
0.8997776637591928, 0.29862130453124747, 0.09346456330906681, 0.051870410121722305
0.8972122455960322, 0.29754779534376413, 0.09491960374016792, 0.05261482774286566
0.8989225243714726, 0.29857976731935726, 0.09007836065238012, 0.05200581862755894
0.9141440054728921, 0.26160775812919407, 0.08188021480771975, 0.04886144568434523
0.9228094179351234, 0.2593582455849779, 0.07478041395938166, 0.0451506908956163
0.9199019440168748, 0.267139086172147, 0.07879601509401514, 0.048293499068456966
0.9214982042072858, 0.2501649433790285, 0.07892152606932698, 0.04727844756883852
0.9150561541531269, 0.267760707730826, 0.08096276845780395, 0.047373767913800185
0.9059916766432928, 0.2791636519361476, 0.08751997589596443, 0.047408812083945116
0.9067898067384984, 0.28627701322545485, 0.08611481473952122, 0.048864121176515944
0.9241776409554757, 0.24766112706381443, 0.0705202778790626, 0.044456145888112635
0.9188187674590959, 0.2556823175930756, 0.07552101568645012, 0.0458104900037453
0.9303346445470612, 0.2322454351594557, 0.06840933392524429, 0.04340162737609701
0.9314748303973548, 0.23078079366282547, 0.06643653985690814, 0.04254254202803079
0.9207000741120803, 0.24426508675096356, 0.07388172408757494, 0.0467089089001174
0.9325580069551337, 0.22142893671719857, 0.06495910850901394, 0.041735293136673596
0.09742888090758793, 2.308424215456499, 0.8932784872217823, 0.480041674042149
0.12536343423978108, 2.322763881256015, 0.8948675901822682, 0.4210295769446294
0.11099709252608175, 2.598312987252194, 0.8978090329037155, 0.48622532678711594
0.1497064021435494, 2.332497010487365, 0.8525919789394399, 0.3339156859095061
0.19970355167892367, 2.17847925938696, 0.8202347916232702, 0.41083007224097373
0.35140527906048685, 2.094708176840603, 0.6747276764085605, 0.198331390429977
0.4402827660908728, 2.107050450234462, 0.5617216079689075, 0.17941628855870778
0.3987229918476712, 1.9801025514210937, 0.6129361213339874, 0.1868206870823995
0.41673792828231004, 1.7292564869161464, 0.5899773098945073, 0.172669866488393
0.4693004959808449, 1.7218949252114206, 0.5306111491104036, 0.1600377394170129
0.6367937973889743, 1.4624332977798318, 0.34883762893791664, 0.11576859114478869
0.4820135682116185, 1.4285628293829873, 0.5232411628684361, 0.16318685607200414
0.4856051536400433, 1.4182653520561042, 0.5175869942763436, 0.15457690547700137
0.6248788552534063, 1.1889109963187046, 0.3618053085619385, 0.11374896773782885
0.6078900860840317, 1.075445639918756, 0.4012671213176555, 0.13810341613814817
0.63491249073599, 1.0428530994264764, 0.3711914311466561, 0.12646716798202937
0.658229291374494, 0.9871715506011313, 0.34261905259428327, 0.1079543035749835
0.6931189783934781, 0.8968105397761279, 0.31073598120290996, 0.0960855706040072
0.6726526423807081, 0.8990983055818177, 0.3336243343838345, 0.11666091966485298
0.675503107006442, 0.9044999252885009, 0.33752328767370243, 0.11925711481617796
0.7449404252893221, 0.7495749601643524, 0.25099196794000733, 0.08659197336244386
0.7716777834787071, 0.714170581969588, 0.21977226189453863, 0.08067513956545183
0.7195712901202896, 0.7537539058310931, 0.2703447267207561, 0.09772076543316686
0.7617581665811527, 0.6872642340166057, 0.23214520595198151, 0.0826684917975696
0.7173479277122171, 0.7529247337262565, 0.2790414779655055, 0.09895974840906224
0.7790889915056154, 0.6373558841565227, 0.2109227440466315, 0.08033813793306345
0.7687133002679437, 0.6404287982046083, 0.22193977442214188, 0.08287941740008059
0.7933413146342854, 0.6530615211410362, 0.214506504187965, 0.08598765952258468
0.7926001938315945, 0.6052358336735012, 0.20520300907654168, 0.07866171028563439
0.7782338521178952, 0.609081446229893, 0.21135237338113794, 0.07992700105872534
0.788951599110655, 0.6435733951100214, 0.19542372524139895, 0.08014916880953013
0.7999543925659882, 0.5615126245673331, 0.1882924201736467, 0.07568495791477506
0.7834787070292457, 0.6016157440519734, 0.20550934515962152, 0.07763020909774732
0.8583319081010204, 0.4875584345955992, 0.1381623728557882, 0.06351886207376255
0.8354141725101192, 0.5363191735113252, 0.16262250100019035, 0.06982600765866694
0.8687646086312069, 0.4632035297050742, 0.12824980904695135, 0.061478032338889044
0.8005244854911351, 0.5308747784338037, 0.1837927327013825, 0.07858627343192343
0.7922581380765065, 0.555233681072672, 0.19039434108797518, 0.0791665730858474
0.8217889515991107, 0.4840091064156449, 0.1617110506982093, 0.06898849273741325
0.8191665241434354, 0.4908288541665073, 0.1697815209766012, 0.06938133452707491
0.8287440852859016, 0.47469979618004843, 0.16204588453942442, 0.06770098187759467
0.817798301123083, 0.4973808685963442, 0.16811795851643693, 0.07089578408516792
0.8269767972179465, 0.45809569882741225, 0.15834496975081191, 0.06879814508703921
0.8506356536115387, 0.42760895111362707, 0.13980867817268347, 0.0639912616647575
0.8193375520209795, 0.47492524149289445, 0.16710551872122878, 0.07014480772536134
0.8530870531896699, 0.4201100130356168, 0.13983959862840495, 0.06352694332328038
0.8501225699789066, 0.4191930514130647, 0.14149914466470676, 0.06408178040350732
0.8318225870816943, 0.4424298782336425, 0.15099843708928207, 0.06572123769597281
0.8505216350265093, 0.4073259050540695, 0.13737904367885614, 0.06216135268229237
0.8795393649164814, 0.36021165114727743, 0.11302498112652067, 0.05627975265493818
0.8646029302776352, 0.3806673917231245, 0.12225070217125737, 0.06105674376625802
0.8416281853942192, 0.41893564064462674, 0.13902787640796313, 0.06342890166586165
0.857704805883359, 0.3939781620178186, 0.12792670531599765, 0.061512380709144346
0.897782338521179, 0.34018282980781717, 0.09900130583357415, 0.053715174666289736
0.8826748760047888, 0.34942355775310174, 0.10681997270972322, 0.05548493403875457
0.897953366398723, 0.32399002664510285, 0.09677862581823937, 0.05205859953075259
0.8441365942648652, 0.41253062037013677, 0.1437126928654972, 0.06460242918051494
0.8950458924804743, 0.3222566323352942, 0.09828868600182777, 0.052838372759209024
0.8919103813921669, 0.3410250424340073, 0.10249629165118558, 0.05298123675283147
0.8982384128612964, 0.3214808547174377, 0.09648390696748449, 0.05247537594290343
0.91363092184026, 0.2922595755974414, 0.08333077696442384, 0.04915604154336987
0.8863234707257283, 0.33307843206037513, 0.10147566194690566, 0.05393590727556813
0.8583889173935352, 0.37923562853928094, 0.12945099437342159, 0.060849387272293554
0.8937346787526367, 0.3179527860727854, 0.0991337940756252, 0.05275611505967731
0.8967561712559147, 0.3164546783839972, 0.09806645109016257, 0.05121738644436613
0.8669973205632518, 0.36366410331838295, 0.12292449124303349, 0.05796739377869365
0.9035402770651616, 0.3109841732949009, 0.0908866091879014, 0.05045211185717658
0.8989795336639872, 0.3023843929631503, 0.09036294352350131, 0.05081523222684183
0.8919103813921669, 0.31710949051318, 0.09944790207156155, 0.051533423002944716
0.88512627558292, 0.3200447715641123, 0.1030543765059662, 0.05361994192082197
0.8777720768485263, 0.33084861382477215, 0.10918593286881009, 0.05469349896436993
0.8629496607947096, 0.36126558908378525, 0.12297093701389539, 0.057235566166260854
0.9122626988199076, 0.2756520507858902, 0.08181865722075277, 0.04745349652427305
0.8741804914201015, 0.3436451159456733, 0.11499322754555727, 0.05559176354675417
0.9119206430648196, 0.2845568477231241, 0.08664685090081832, 0.04929539803255914
0.9094122341941736, 0.29090049824692993, 0.08623983889021453, 0.04823428571685195
0.8788552534063052, 0.33019416006640623, 0.10950311331889678, 0.05493542169933388
0.8739524542500428, 0.33961579385185947, 0.1134581217664533, 0.05455244253589928
0.8953309389430477, 0.2936191305892072, 0.09449813249780181, 0.050307743784214355
0.8981814035687817, 0.2897771623318168, 0.09064796127152273, 0.04967827124603044
0.9178496094863463, 0.2513054329788047, 0.0747251826464144, 0.045695296301357456
0.9270281055812097, 0.24424711644910357, 0.06902906402181067, 0.04305271926041585
0.9272561427512684, 0.23874449603445447, 0.0692941510445298, 0.04386511539209548
0.9016589704121771, 0.2924706822798101, 0.09172244655616439, 0.04956232359744778
0.903996351405279, 0.27511528197231916, 0.08631070043514086, 0.04798742675572416
0.9301066073770025, 0.2268478622277286, 0.06518515279383555, 0.04320569122329029
0.929650533036885, 0.23233848348611014, 0.06496736892064595, 0.044288388542432756
0.9179636280713757, 0.2567494616641014, 0.07507579994900915, 0.0446435045370255
0.9306196910096346, 0.23088962430540905, 0.06630071839016777, 0.042478937494521675
0.9287383843566501, 0.23143539813878705, 0.06400603995009836, 0.041154040908745824
0.929650533036885, 0.23328811581494954, 0.06679442807186783, 0.04433862570033794
0.9271421241662391, 0.24170288998402745, 0.0682615143441729, 0.04395041118665971
0.9197309161393307, 0.2564808099653284, 0.07567582117314496, 0.046814217848740194
0.9031412120175588, 0.2849036519807931, 0.08694194211512415, 0.04787112849560958
0.9275981985063565, 0.2378224837845404, 0.06903077645938936, 0.042925832226671234
0.917735590901317, 0.2513534702853539, 0.07755122301556773, 0.045819358367750605
0.8918533720996522, 0.304803014066324, 0.09941179781743047, 0.04972301963621491
0.9137449404252893, 0.25187396080396074, 0.07530357036942155, 0.0445496343502159
0.9226383900575794, 0.23682939038586343, 0.07061660627806145, 0.04323752087921777
0.9217262413773445, 0.2402441495383959, 0.07040630849597591, 0.04317843378940065
0.9288524029416795, 0.2332949745740338, 0.06526966135905646, 0.043299944747923286
0.09742888090758793, 2.3164054380774286, 0.8932784872217823, 0.4819978348460027
0.11099709252608175, 2.3624635466514783, 0.8978090329037155, 0.49282530271367975
0.10273074511145316, 2.439134963276, 0.8998923928305915, 0.4898552821651916
0.11099709252608175, 2.4204975625657346, 0.8978090329037155, 0.48953735144728855
0.10307280086654125, 2.3654256585957176, 0.8813943398529506, 0.47856890398284135
0.17017273815631948, 2.180900352359749, 0.8415229359297727, 0.35895898552130406
0.1936035573798529, 2.1841497310863023, 0.8164012835175538, 0.3453638143065422
0.20734279687589077, 2.1123093173071785, 0.80482633821387, 0.28380660927472406
0.239895102901773, 2.0237064512104492, 0.7684021065563743, 0.2678221499446513
0.39655663873211333, 1.9544175705156184, 0.605888216286207, 0.2277186054968471
0.34114360640784447, 1.8143002842271296, 0.6764770183437107, 0.2415007901881295
0.5487144404537939, 1.5950788654933654, 0.4524793688782268, 0.13217844176892968
0.4985462630408757, 1.6395281842915541, 0.4989486092925166, 0.16374528758360288
0.5343480987400946, 1.388122249958514, 0.47918063584692017, 0.1408493045778939
0.5909583262071718, 1.2380550368625554, 0.4118078604080285, 0.12413377782837426
0.5737985291602531, 1.257577334315249, 0.42914679110558274, 0.13361517995735356
0.5703779716093723, 1.3214224389999583, 0.43989876850454124, 0.1353615267612157
0.6161564334986602, 1.1890792691899938, 0.39634377116950126, 0.12501189324739592
0.6343423978108431, 1.0719486432267131, 0.37170651185897613, 0.1096222763248437
0.7066301807194573, 0.8892777653441931, 0.2885691461744, 0.10104913929817456
0.705604013454193, 0.8620945419195536, 0.2854379270340291, 0.09514323762537265
0.6854227239039964, 0.8604546128108789, 0.3164258550086362, 0.10322142870313543
0.713984379453851, 0.8311754257176266, 0.27934496099225115, 0.09286647538132158
0.6699161963400034, 0.9222088455293747, 0.3301314256411386, 0.10860120329128797
0.7462516390171599, 0.7351259581343174, 0.2448143149516646, 0.08484458229853875
0.7247021264466108, 0.7632879380056663, 0.269492294056062, 0.09315042074707104
0.7592497577105068, 0.6931184956654565, 0.23323802938365212, 0.08747384200526431
0.7838777720768485, 0.6416329491466621, 0.20879000890542304, 0.07867623741174111
0.7448264067042928, 0.7198335843604589, 0.2494632182759443, 0.08709985146817024
0.7523516333162306, 0.7947890735031972, 0.23948761856038264, 0.08910106509342533
0.7799441308933356, 0.6116570002795811, 0.2123652380694784, 0.07937805526269409
0.777207684852631, 0.6187627807050475, 0.2121425446363781, 0.07857181165961973
0.7586226554928454, 0.6645540010515781, 0.22813012030284235, 0.08952942271666206
0.7725899321589419, 0.6553933786742887, 0.21693957896729482, 0.08076867516424777
0.7839917906618779, 0.5987297062870447, 0.20166883102809963, 0.07941988727031994
0.7603899435608004, 0.6614470851527077, 0.2273807303273274, 0.08457944552455894
0.8147768086198051, 0.5358175432368868, 0.1789821634794496, 0.07261843512155265
0.7689413374380024, 0.6188913027987379, 0.22466750422592163, 0.08857598453206775
0.7831936605666724, 0.6148334499046633, 0.2018975155926038, 0.07871418602328943
0.7996693461034149, 0.6134452040032038, 0.18616715151060917, 0.07355995100369986
0.8016646713414286, 0.5527376038259192, 0.19152183190588687, 0.07548464286350874
0.7946525283621231, 0.5581543152228644, 0.1963501861264067, 0.0771545491122636
0.7920871101989624, 0.5705925584186837, 0.1952373715486089, 0.07557394208750065
0.7980160766204891, 0.5372630104932112, 0.1879629295398966, 0.07555183638783754
0.8514337837067442, 0.47168214783066315, 0.14586536447766035, 0.06525666624509102
0.8134085855994527, 0.4978816063455718, 0.17180272506700725, 0.07187292949770203
0.8180263382931418, 0.4824860692026355, 0.16520571696440023, 0.07261881926802177
0.8583889173935352, 0.4519575229228404, 0.13897633916032837, 0.06450815502994764
0.8517188301693176, 0.45813972537925207, 0.14320214201273543, 0.06387239338404642
0.8202497007012143, 0.49767248015713533, 0.16871365173602307, 0.06978423787382607
0.8541702297474488, 0.459012168347672, 0.1433005888567655, 0.06333536641397891
0.7964198164300781, 0.5415351561687947, 0.19137427290888742, 0.07727395101808034
0.8162590502251867, 0.5049515558792386, 0.17575569848903963, 0.07313249571428558
0.8355281910951485, 0.4479993233503147, 0.15256271836335716, 0.0670414788324013
0.8262356764152556, 0.46518643361200757, 0.15657481326440312, 0.06775221493105446
0.8041730802120746, 0.5215540730943043, 0.18087023230889746, 0.0739992683237931
0.8807365600592897, 0.382709651855381, 0.11431145474906673, 0.057227077350993805
0.8874066472835073, 0.3726647443873654, 0.11035109992900016, 0.056494434784479804
0.8414001482241605, 0.4291535193474168, 0.14538941507627756, 0.0642314734925783
0.8475001425232312, 0.43024383001771216, 0.1423341588117525, 0.06237428802286964
0.8407160367139844, 0.42463207346052534, 0.1444173175283381, 0.06523300641320033
0.8427113619519981, 0.42792241931333186, 0.14370159715563266, 0.06322899339246447
0.8744085285901602, 0.39543327531088307, 0.12149301262895147, 0.05841744679424341
0.8931075765349752, 0.35329475290200457, 0.10502989391275631, 0.055361458659950936
0.8742945100051308, 0.36833060165357717, 0.11620544773660083, 0.0586094947316415
0.852174904509435, 0.401537576252589, 0.13523513078001168, 0.06283565247836004
0.8675674134883986, 0.3760220391914647, 0.1256782513228082, 0.058915751271494426
0.8789692719913346, 0.35205068431649456, 0.11156403120203154, 0.056186340786058324
0.8665982555156491, 0.38856822855737777, 0.12415354059799318, 0.05866060362923586
0.8395188415711761, 0.4251150364356954, 0.1445213810660515, 0.06474455897665804
0.8961290690382533, 0.3325871533100096, 0.10103220165826977, 0.053224307695394116
0.881021606521863, 0.3463891696332714, 0.11186871374653042, 0.05643667466558196
0.886722535773331, 0.3275333306556746, 0.10516772438834072, 0.054719541899474526
0.9005757938543982, 0.31392602348031395, 0.09290599068957546, 0.050864562094273084
0.8503506071489653, 0.3928111048918902, 0.13438873868263862, 0.06306342501866662
0.895273929650533, 0.31681842307815555, 0.09657326957819323, 0.0530667852978128
0.8593580753662847, 0.381385670453069, 0.12467413611782131, 0.0639556257301998
0.895102901772989, 0.32836024338991093, 0.09786166227682706, 0.05157094455414857
0.8667122741006784, 0.3743761716998919, 0.12309711849125085, 0.057614552612766545
0.9035402770651616, 0.2915360659947734, 0.08901617354604265, 0.049843756482464786
0.9045664443304259, 0.29175114624362686, 0.08777666533290648, 0.05024936813691446
0.8711019896243087, 0.3775084493752271, 0.12621076701370848, 0.06106893840703523
0.9110084943845846, 0.2847059920150139, 0.08691954148089127, 0.05047715645548024
0.909526252779203, 0.2874012660231729, 0.08851305887037653, 0.04966113686640302
0.9159683028333618, 0.27081943034407063, 0.08024163878178436, 0.04731776755913132
0.8896300096915797, 0.31103837307051946, 0.09751902673563675, 0.05239059548641798
0.8699618037740152, 0.35337591610237884, 0.11434777942560846, 0.056696857948442494
0.9149991448606123, 0.2716348488193278, 0.0805874936326943, 0.04707972332105033
0.9131748475001426, 0.271036994459215, 0.08316105920660728, 0.04687028127393388
0.9046804629154552, 0.29454646422190583, 0.09208359099948195, 0.05073738682833666
0.923607548030329, 0.2542997259398519, 0.07436862795573933, 0.046286134853053724
0.9044524257453965, 0.285941043434579, 0.08679597547920323, 0.048699738435950185
0.8599281682914315, 0.37162527064961487, 0.12504519926115978, 0.058502216701931384
0.8956729946981358, 0.2899977214821993, 0.09226020993374771, 0.05144634293616599
0.9181916652414344, 0.2528070120509575, 0.07750554557379126, 0.046470026446023285
0.9054785930106607, 0.2743236151241381, 0.08743529582517069, 0.049239760378852054
0.9287383843566501, 0.23423318073036967, 0.06826238673373963, 0.044328630226597755
0.8874636565760219, 0.3099988515455792, 0.10509073696854086, 0.05322422100560405
0.9230944643976968, 0.2511034998482143, 0.07179948652047673, 0.045052851815841205
0.917735590901317, 0.24983177663433118, 0.07904284358417235, 0.047872636432036354
0.9164243771734792, 0.25583554547236376, 0.0767236802915458, 0.04619717197564859
0.1256484807023545, 2.3032675388159594, 0.882101945822028, 0.33995515521950276
0.12336810900176728, 2.3093273280440427, 0.8541914630689241, 0.379457159052513
0.11823727267544609, 2.3246966065501997, 0.891661952658476, 0.4462964402585474
0.10033635482583661, 2.279108799242605, 0.9182013800953043, 0.4796185283618658
0.11099709252608175, 2.4062230297154628, 0.8978090329037155, 0.4887867418900766
0.19662504988313095, 2.178453606813271, 0.823322537463836, 0.32188729457617216
0.27176329741747907, 2.0803080398200087, 0.7281990180686932, 0.30561096478832633
0.28960720597457384, 2.151647283504765, 0.7049215267317956, 0.26967208571420326
0.4385724873154324, 1.8185583802022804, 0.5472134531919878, 0.15714996267917353
0.3495809817000171, 1.7824496181815443, 0.6497575417575523, 0.23326015665326102
0.4199874579556468, 1.6670312584092126, 0.5807756194989219, 0.18584525078618147
0.5035060714896528, 1.5597471283059268, 0.5027802271835697, 0.15574561906597192
0.5431275297873553, 1.4247041778416707, 0.4530444416565551, 0.14345133046290198
0.4666780685251696, 1.486500702358748, 0.5128228470682751, 0.18561354667888127
0.6172966193489539, 1.2270674013498877, 0.35998102574398366, 0.1245613494256538
0.6179237215666153, 1.232935732731858, 0.3652670309631486, 0.12070764146695703
0.6346844535659313, 1.2224326640419327, 0.354744692769527, 0.1156216399088431
0.7150675560116299, 1.0432287994788123, 0.27095094552563415, 0.09670529210379222
0.6791517017273816, 0.9898221451054532, 0.30895631700286363, 0.1018189236652862
0.6969956102844763, 0.9061085737039198, 0.29523995795887364, 0.10285072967717433
0.7257853030043897, 0.823646762130475, 0.2666273944887423, 0.09016370044293406
0.7048058833589875, 0.8492623253624431, 0.2871041859509298, 0.09619111946768535
0.6979077589647112, 0.8937549049217995, 0.2875983896438421, 0.0942406392936626
0.7225927826235676, 0.8020519249354761, 0.266090942940341, 0.09294802324142838
0.7164357790319822, 0.7844649877140745, 0.27060745797330427, 0.09710700698517147
0.8352431446325751, 0.6068514272047422, 0.16032586178118036, 0.06875549297110195
0.7234479220112878, 0.7526003987274117, 0.2696322373224855, 0.09627873367008552
0.7813123539136879, 0.6180997196017153, 0.2082268487595474, 0.08336603698146884
0.7903198221310074, 0.6211542326600833, 0.1999030081348157, 0.07990637005579763
0.7723048856963685, 0.6924658726661256, 0.2132670192182979, 0.08173610486404677
0.7704805883358987, 0.6270094802963103, 0.21858752817107596, 0.08324877978315624
0.7419189327860441, 0.6728708601326184, 0.24669076646075425, 0.09359552720725438
0.8120403625791004, 0.547224848539655, 0.17678976870569543, 0.07446039616013336
0.8541132204549342, 0.5014009385046747, 0.14516148992574254, 0.06345930239351023
0.8207057750413317, 0.5165047137269329, 0.1673422134601135, 0.07092767021977488
0.805712331109971, 0.5228989365904122, 0.17871554285839825, 0.07633597940700586
0.83615529331281, 0.47756047021077247, 0.1537290146629295, 0.06832063792127026
0.822073998061684, 0.4884344643296947, 0.16427579030605535, 0.07185041361606745
0.8315945499116356, 0.4799603241595658, 0.15871165263177908, 0.06987483349975776
0.8308534291089448, 0.4716127486942236, 0.1555398319270194, 0.06895779145959974
0.7987001881306653, 0.5225850054701412, 0.1917393431991571, 0.0855989313359137
0.8490964027136423, 0.42652675703831433, 0.14314792811000523, 0.0650951014947323
0.8602132147540049, 0.42883692050357897, 0.1390946246916572, 0.06331839261104738
0.8709309617467648, 0.4035088031830785, 0.12604468035590646, 0.059723762246077304
0.8441936035573798, 0.4295154342969781, 0.14118259287638635, 0.06637420325770972
0.8777720768485263, 0.3817227784162802, 0.1167976826503603, 0.05752624799818678
0.867852459950972, 0.40045894687710476, 0.12414792309215308, 0.05957664237217772
0.8723561940596317, 0.4034490871114054, 0.1223184597754393, 0.05847834724925577
0.8786272162362465, 0.3888159078753413, 0.11951514549129533, 0.0586057159397009
0.8736674077874693, 0.39550327032764243, 0.1204038138671798, 0.05766437642102715
0.8940197252152101, 0.34684787590814736, 0.1047724624551198, 0.054103460117124316
0.8891169260589477, 0.35319191767438257, 0.1108920570419538, 0.05640424707012338
0.8854683313380081, 0.36566785440099187, 0.1162304069844753, 0.05773704303233524
0.8785702069437318, 0.3690658509554888, 0.11949122482667521, 0.05791096706762695
0.8914543070520495, 0.3447310287227122, 0.10554236250579507, 0.05445534313167027
0.9004617752693689, 0.33314314025383235, 0.09644229226888058, 0.05411591555147208
0.9018299982897212, 0.32156338596785056, 0.09679120134164508, 0.052989999132745096
0.9031982213100735, 0.31274095235804356, 0.09432061642150222, 0.05347010181383091
0.8578188244683883, 0.3976161280849952, 0.12800496172007406, 0.06016110033413957
0.8884898238412862, 0.33541740563681494, 0.10312746695313652, 0.05385922056808981
0.8917963628071376, 0.3461852028711424, 0.10636623280565168, 0.0550580895754466
0.8619234935294453, 0.39102531440407745, 0.12420241540254741, 0.05901916619850889
0.862151530699504, 0.37493643012599254, 0.12037497472985975, 0.05829385038280679
0.8640898466450031, 0.3683816162829643, 0.12251484822660316, 0.06034729747697507
0.8703608688216179, 0.358839281395176, 0.11289676860994366, 0.0576009704133014
0.902229063337324, 0.29719966166878603, 0.08891847093425673, 0.049777548181913274
0.8988085057864432, 0.3048621688125012, 0.0956643388193758, 0.051038084417813476
0.8986944872014139, 0.3048072429937321, 0.09371388200454056, 0.05122183824634497
0.8726982498147198, 0.35088135623226685, 0.11754084225752688, 0.05732651520625667
0.9156832563707884, 0.26992602540413646, 0.08236899636665196, 0.049061999348393656
0.9205860555270509, 0.2603118111534831, 0.07760045487130166, 0.0463699026245909
0.9089561598540562, 0.27445636201771667, 0.08440194458591313, 0.04856834913010067
0.8976683199361496, 0.304279729816633, 0.09474505150786965, 0.05237145771634351
0.9025141097998974, 0.29095592971222733, 0.09074656640004142, 0.05007037316276552
0.9069608346160424, 0.2883435904649036, 0.08993826462788174, 0.04953609767166395
0.919673906846816, 0.2552856146112659, 0.07511357273659962, 0.045728574222152485
0.9221823157174619, 0.25199060184558647, 0.07481736969359924, 0.045384207213839324
0.902571119092412, 0.28757660928613216, 0.0864584923382579, 0.04843211544189655
0.8993215894190754, 0.29332535661609443, 0.09193346977148423, 0.04982971006984277
0.9128327917450545, 0.25976453597350924, 0.08248679725579425, 0.04787173079624047
0.9192178325066986, 0.25128559906180215, 0.0777053023833926, 0.04630249061820978
0.9193888603842426, 0.2529719382460963, 0.08174422372074547, 0.04696385322458556
0.9227524086426088, 0.24687362347566988, 0.07728913203810805, 0.04648100352083128
0.9152841913231857, 0.2647880975438527, 0.08064412879048685, 0.04714824101301192
0.9208140926971097, 0.2482941169338723, 0.07554782308985022, 0.04571656205210442
0.9232084829827262, 0.24387266978006217, 0.07914755964748642, 0.046214175855391844
0.9229234365201527, 0.24311207669808504, 0.07689038516784702, 0.046079627219519394
0.9090701784390856, 0.2700395961340306, 0.0876368527239147, 0.049649182022828954
0.9302206259620318, 0.22166393452435895, 0.06950936075606111, 0.044348989851453885
0.9232654922752409, 0.24174317760457065, 0.07356017618132105, 0.04707846616452529
0.920928111282139, 0.24045313883687458, 0.07409347111941975, 0.04680915428479817
0.9083860669289094, 0.26473706556657006, 0.08814834107281276, 0.05069472945885251
0.925545863975828, 0.23303727599655302, 0.07190870817836725, 0.043628852737152723
0.9153982099082151, 0.25528161311677583, 0.07957656947609129, 0.04634569903652986
0.9171654979761701, 0.2521788463374781, 0.07962158413356824, 0.047254352174123035
0.9215552134998005, 0.2352712099279893, 0.07430577244919645, 0.04646934449197625
0.9224673621800353, 0.2373181339503181, 0.07376112991197767, 0.04499614757251519
0.9177926001938316, 0.2516310015734999, 0.07608995242361581, 0.045174560754730114
0.9297645516219144, 0.21953434564965627, 0.06718710955839852, 0.04231510807621701
0.9337552020979419, 0.21505490223045257, 0.06190706707304295, 0.040990875458854575
0.9315888489823841, 0.21398764665807393, 0.06474579170714452, 0.042041580901876
0.07080554130323242, 2.3061628622487063, 0.9216644966403902, 0.22443514795719544
0.15603443361267888, 2.321368977095326, 0.8585154014587482, 0.3507046950240318
0.11099709252608175, 2.448380990006226, 0.8978090329037155, 0.4869747076188762
0.11755316116526994, 2.336781931931994, 0.9079532519587523, 0.4824969741190602
0.24622313437090246, 2.2483073079418165, 0.7780814134949317, 0.2796427938507166
0.21144746593694771, 2.191889457009169, 0.8098892679847262, 0.32372042285447983
0.251467989282253, 2.203786735564299, 0.7460810100577965, 0.2467653759310359
0.29559318168861526, 2.0343526512899213, 0.7167662329400873, 0.2587669564987208
0.4148566216293256, 1.8306418383966239, 0.6086613090458934, 0.1827997734667407
0.34285388518328486, 1.865636100427746, 0.6702160853865835, 0.24611849734641794
0.49843224445584633, 1.6552281527207695, 0.5299800015332405, 0.1607464665973578
0.4895958041160709, 1.6381918085789668, 0.5125986468141245, 0.16030647681402457
0.4910780457214526, 1.5824104983959113, 0.5303341069259919, 0.17664382104034249
0.6325751097428881, 1.2943251385140546, 0.3624952888581994, 0.11760193347427648
0.6148452197708226, 1.1950519551563328, 0.38809175590133693, 0.1250098096757165
0.5565817228208197, 1.2309117557223, 0.45576942422014616, 0.13806329092083122
0.7113619519981758, 0.9862418608220394, 0.28656995196647356, 0.09315422659725182
0.6764722649791917, 1.0194746556616272, 0.31779300915907593, 0.10536298542895843
0.6497919160823215, 0.9978149782582293, 0.35790452233107134, 0.11437183046983086
0.6543526594834959, 0.9389367586184504, 0.340420898511899, 0.12852156906669912
0.7662619006898125, 0.792518457888089, 0.23536583654668358, 0.08551966698227614
0.7400376261330597, 0.8489832907616089, 0.25045808349084137, 0.08864833332129125
0.7720768485263098, 0.6828014559903218, 0.2187067355084353, 0.08542150829298237
0.7728749786215153, 0.7063983900988702, 0.21424462343221007, 0.08895377237400526
0.7618151758736674, 0.6646929040917959, 0.229431784789939, 0.08595129247315578
0.7700245139957813, 0.7413867644313229, 0.22244315265320014, 0.08823843066489621
0.7754974060771905, 0.6810501378411756, 0.2114299967348718, 0.0815643453927193
0.7764095547574255, 0.7095748880404174, 0.21123136229380443, 0.07999856101498795
0.7751553503221025, 0.7694426654838238, 0.20734545695795845, 0.08387709267468153
0.7920301009064478, 0.5870016135064607, 0.19135951329730902, 0.07569294190757357
0.7960207513824753, 0.6289303689910712, 0.18468021156372175, 0.07789828373611274
0.7949375748246964, 0.5849796587315831, 0.1890156729753819, 0.07797066564590638
0.7989852345932387, 0.6241727131244802, 0.185273523510967, 0.0762287551961434
0.8031469129468103, 0.6076490294594324, 0.17967705014815094, 0.07650539691482389
0.8358132375577219, 0.4878288942788086, 0.15412278863783843, 0.06953644205622442
0.8006385040761644, 0.570009402794469, 0.1811330794980073, 0.07639073029397098
0.8008665412462231, 0.5316660235677403, 0.1815686641347853, 0.07891386457269109
0.8209338122113905, 0.5043023526409317, 0.1651270126062276, 0.07064875225280072
0.8610113448492104, 0.4484600770933583, 0.13482110709846395, 0.0615193741511653
0.8652300324952967, 0.4507776164208651, 0.13160703175284932, 0.06100137609005585
0.8749216122227923, 0.41268173358812765, 0.12145638285545896, 0.058964797370102746
0.832050624251753, 0.44552436739869894, 0.15399624331651623, 0.06818959875606506
0.862151530699504, 0.42003430907043926, 0.12986477186372541, 0.06104975080072677
0.8214468958440225, 0.48105222559440963, 0.1650680718064894, 0.06868194624514447
0.834901088877487, 0.4401081760430563, 0.15053251358016115, 0.06662554044332696
0.8401459437888376, 0.42875764488168394, 0.14559750230155202, 0.0633116405256607
0.8357562282652072, 0.4503605983704099, 0.15130217718736605, 0.06643336899981722
0.8939627159226954, 0.36132139421729575, 0.0994564660328332, 0.05349571586591864
0.8913972977595348, 0.35312232666781235, 0.10121491606049245, 0.05370630047495559
0.8768599281682914, 0.36309624978645566, 0.11141720982583525, 0.0559579399968444
0.8927655207798871, 0.34789215111344973, 0.10090875068615411, 0.05337221330675602
0.8921384185622256, 0.354624875925941, 0.10555132063877538, 0.054752565351062994
0.8675674134883986, 0.3673234860180543, 0.12184006666890887, 0.05730748670052081
0.880850578644319, 0.3418744291943383, 0.10915283366026785, 0.05537070362762332
0.8557664899378599, 0.382474786391476, 0.12867393718574852, 0.06083821532765755
0.840430990251411, 0.4281703370802908, 0.14642782406007096, 0.06579460809264957
0.8465879938429964, 0.3998769244712187, 0.13703822216551007, 0.061892011228363256
0.8684795621686335, 0.3696718863452022, 0.12095767902568864, 0.059233414920615
0.8875776751610512, 0.3346637853404785, 0.10558393608727865, 0.055912279210960446
0.8485833190810103, 0.4000014310666206, 0.1319495962115077, 0.06127053096269396
0.8709309617467648, 0.35136287739319166, 0.11216321002943984, 0.05696737197712237
0.903996351405279, 0.2964524027656476, 0.0851998690244425, 0.05002274017681573
0.8805655321817456, 0.3322425127601388, 0.10269670095764122, 0.055092392950656495
0.8863234707257283, 0.33230078031166815, 0.10341677433905662, 0.053500159186834643
0.8738384356650134, 0.34893146827035004, 0.11395554933827137, 0.05604211375517489
0.9019440168747506, 0.2930584872024886, 0.09079829402956952, 0.049690858594129875
0.8861524428481843, 0.33519359601871923, 0.10506726411639297, 0.05386933016598788
0.8943047716777834, 0.300581805041214, 0.09576242225309675, 0.05221084949487345
0.890998232711932, 0.3084679513410289, 0.10026403048743937, 0.05243345738133996
0.9013169146570891, 0.3047897863959877, 0.09131632770047293, 0.050583114561771704
0.8956159854056212, 0.29867374147315146, 0.0949561501521638, 0.051018164622079226
0.9165383957585086, 0.27913058539757796, 0.08067290294696916, 0.048235868166999915
0.913972977595348, 0.2819639132723288, 0.08172845459437633, 0.04722110768476846
0.9144290519354655, 0.2668620040902387, 0.08416666753795889, 0.048808801216103544
0.9140869961803774, 0.26823544785373815, 0.07694285776112068, 0.04675965847111567
0.9148851262755829, 0.2610950812895624, 0.07554920723339258, 0.046583069817997175
0.9218402599623738, 0.2562408353451109, 0.0744080607383047, 0.04671261381262382
0.9138589590103187, 0.26737145750120683, 0.07935499675896057, 0.04876112508516656
0.9236645573228436, 0.25823384218719697, 0.07264094109645601, 0.04478670104848893
0.9194458696767573, 0.25119292539141935, 0.07455734911720166, 0.04578448196499032
0.9189897953366398, 0.24947999057053283, 0.07494929008501743, 0.044912086061431704
0.9152841913231857, 0.2545274864046876, 0.07535388632073144, 0.04530451422576567
0.9026281283849268, 0.27793609773503, 0.08685561495943536, 0.048729215214751306
0.8987514964939285, 0.2917123982095086, 0.08665847872162953, 0.048984888883521184
0.9249757710506813, 0.23885127670917727, 0.07060442627980992, 0.044594318451054375
0.9151701727381564, 0.2496314438853506, 0.0744206659425942, 0.04513130499072803
0.9079299925887919, 0.26059415126148777, 0.08165251898781457, 0.04744355236876971
0.9205860555270509, 0.23831939619161055, 0.07119378377046237, 0.044217164083606514
0.909526252779203, 0.26327678924086795, 0.08141131505919702, 0.04723435685119197
0.9015449518271478, 0.27712206666835504, 0.08880609717012639, 0.048522916571643926
0.9018299982897212, 0.2731307797194737, 0.08517165157747918, 0.04785691989708227
0.9222963343024914, 0.23966162298124413, 0.06798300791244057, 0.04304944817827791
0.9213841856222564, 0.24268454848741888, 0.07132252163877993, 0.04676012908033751
0.9161393307109059, 0.24759386426517763, 0.07606766205723091, 0.0449388721500093
0.9303346445470612, 0.22732954591595497, 0.06513130493958717, 0.04335442406251437
0.9277692263839006, 0.22973259429965856, 0.06638889390271858, 0.041906784157772436
0.9140869961803774, 0.26149301775076317, 0.07721006876188592, 0.04503215159001261
0.9047944815004846, 0.27048907294583924, 0.0843398198191165, 0.04682641837453894
0.8821617923721566, 0.3176957692692934, 0.10264632467081258, 0.050266379621639594
0.8759477794880566, 0.3286824328182892, 0.10659229981988169, 0.05248357487322966
0.9089561598540562, 0.2539311301648975, 0.07798097774018543, 0.046898942018727886
0.08044011173821333, 2.3109557563389633, 0.9066439393099702, 0.26347028513849813
0.10193261501624765, 2.3466930822787595, 0.9222453338186734, 0.4945062840449587
0.1704007753263782, 2.3271809659575893, 0.8441695377655081, 0.32555750756676916
0.11943446781825437, 2.2853453695131853, 0.8903066611870983, 0.4641888574525026
0.192520380822074, 2.299066633157669, 0.8176900441052466, 0.3247333959084765
0.2949090701784391, 2.104568023868124, 0.7194945469625911, 0.271044150332533
0.2800296448321076, 1.9990377343065906, 0.7414423118110085, 0.2696312724086461
0.5435265948349581, 1.8758286485160391, 0.47313927061106276, 0.12995625538945219
0.40356878171141897, 1.7289379953787594, 0.6154296807278179, 0.18640469350691902
0.40339775383387494, 1.6795611753579822, 0.6098162224252939, 0.2107217828857026
0.4292229633430249, 1.6080308409269584, 0.5916279714380511, 0.19752355385973325
0.5497976170115729, 1.413907205094824, 0.47107277059157426, 0.13315793248537752
0.5608574197594208, 1.2999724628433833, 0.4580222507836826, 0.15394463213310083
0.5913573912547745, 1.2661409684077316, 0.4199196757928605, 0.12546132975790272
0.6285274499743458, 1.1665888260903445, 0.38126209393521043, 0.11454557740878894
0.6322900632803147, 1.0453506326331026, 0.3685032239108916, 0.1132278897463524
0.6858217889515991, 0.9272359963575483, 0.32467215729599774, 0.10142746154341448
0.6331452026680349, 0.9855894641333773, 0.38549195505605316, 0.1272597663504661
0.6585713471295821, 1.0065274923159755, 0.35154110026010327, 0.1208607142031173
0.6151872755259107, 1.0910281375737103, 0.38762571522594663, 0.12824644682951905
0.782737586226555, 0.7364008407974503, 0.21915273377992026, 0.08270406747627249
0.7616441479961233, 0.758090802229808, 0.2585068833266277, 0.0919398383809085
0.7224217547460235, 0.7690952981535857, 0.2745157057449431, 0.09556815549239436
0.7211675503107007, 0.7387973966412418, 0.28659680232029067, 0.10084660299943703
0.7610740550709766, 0.6833318119135434, 0.2403270125432997, 0.08696718422472646
0.8191665241434354, 0.6230900400159401, 0.18654324673909145, 0.07503015795232479
0.7435722022689698, 0.6972032398175323, 0.2491077927197903, 0.09146920147463883
0.8559945271079186, 0.5378024069942035, 0.14622263536699157, 0.06473351566438067
0.7552020979419646, 0.6855903941396552, 0.24096985144945596, 0.08801179787165095
0.7805142238184825, 0.6622079631298178, 0.20908850612673052, 0.0814272358985772
0.8102160652186307, 0.547415143231116, 0.17854030443021263, 0.07217901991558252
0.7993842996408415, 0.5622247939934649, 0.1887285507615156, 0.0774160078419645
0.816031013055128, 0.5166500212006548, 0.1734658046308929, 0.07104530937440058
0.8357562282652072, 0.5140860439266438, 0.15983539651955478, 0.06710308523086833
0.7788039450430421, 0.6013637535861196, 0.20662965001124284, 0.07957533009106027
0.7881534690154495, 0.5711043172905447, 0.20013754373523618, 0.07906376268848217
0.8016646713414286, 0.5370603874611797, 0.18974819463917503, 0.07413231779780681
0.8717290918419702, 0.43458412218108144, 0.12139839635788464, 0.05905409355883018
0.869277692263839, 0.4198623698875838, 0.12491067320279309, 0.060205516571569105
0.8738384356650134, 0.4169124787069993, 0.12235293088888165, 0.058926254084707246
0.8541702297474488, 0.426481210227753, 0.13771642738883189, 0.06479961234369407
0.8647739581551793, 0.42389941720839003, 0.13053721523777662, 0.060823894007231497
0.8827318852973035, 0.390080842978591, 0.113126636959748, 0.05854096115528777
0.8842141269026851, 0.3899614447054899, 0.11498053076196711, 0.05693583954558648
0.8704178781141326, 0.3866646483853365, 0.12063014152486792, 0.05965884211603771
0.8487543469585542, 0.42890059646955175, 0.13913163543427903, 0.06377298181222936
0.8916823442221082, 0.3583902329040319, 0.10593443564678261, 0.05563030486756834
0.8929935579499458, 0.3634665073748509, 0.10799357858437787, 0.05672318586210489
0.8834730060999944, 0.3799633159456997, 0.11763509148142426, 0.05707306119809575
0.851832848754347, 0.4089705457645797, 0.13613881269195174, 0.060741178733234424
0.8626076050396214, 0.4034790731505523, 0.13004362128696195, 0.05928998178447169
0.8686505900461775, 0.3799907304906836, 0.12407463168775563, 0.058188723132437586
0.846302947380423, 0.4189955848247056, 0.14125073174441494, 0.06197143274158505
0.9011458867795451, 0.3274703466387213, 0.09825252975824346, 0.053766441797115275
0.9044524257453965, 0.3251265277186919, 0.09439791995779435, 0.05279782748564809
0.8889458981814036, 0.3305293638157232, 0.10127184455310355, 0.054774541018234695
0.898124394276267, 0.3209208399406531, 0.09607962173297897, 0.05204190638220212
0.8841001083176557, 0.34496970027169094, 0.10700017263951025, 0.05362947468953052
0.88512627558292, 0.3456999113270123, 0.10417319416243814, 0.054919151422727595
0.9097542899492618, 0.30229190124338323, 0.08574688033322736, 0.05002035816907301
0.9179636280713757, 0.2821857059414269, 0.08085453130166938, 0.04849991658431937
0.8894589818140357, 0.32253373423173437, 0.10178944204439155, 0.053959675497011
0.9077019554187332, 0.2842427750320591, 0.08666133685373267, 0.04940195621229784
0.8973832734735762, 0.3186943962807605, 0.09920724817192651, 0.05295878967147796
0.8720711475970583, 0.35599238953009416, 0.11442257487735494, 0.05635928033603998
0.8800524485491135, 0.3313490876096393, 0.10583110270933271, 0.054416317395528956
0.8890599167664329, 0.3228770412790478, 0.10128890206341822, 0.052863391458206496
0.8976113106436349, 0.3073774895262659, 0.09429371066496485, 0.05071942312876466
0.8971552363035175, 0.30348532897194364, 0.09584829649764519, 0.051079503565664784
0.895273929650533, 0.3117445535391778, 0.09291075701581868, 0.05080318232401285
0.9118636337723048, 0.2814640501817917, 0.08685195134824304, 0.04944476613465043
0.9043384071603672, 0.2809934813392562, 0.08651671833356576, 0.049653425508830874
0.9019440168747506, 0.2886383675680483, 0.08855380496723413, 0.050179690641676496
0.9132318567926572, 0.2787020572451704, 0.08345891865410379, 0.0473254859840567
0.9055356023031754, 0.28736121671686154, 0.08912648813433838, 0.05075460081957745
0.8927655207798871, 0.3103170346322561, 0.09453860211142062, 0.049714057759470826
0.9160253121258766, 0.26374705387539815, 0.0766483526118607, 0.04462094755363617
0.9212701670372271, 0.25306950705352704, 0.0746688331130763, 0.04533533485004833
0.8917393535146229, 0.3059340435945534, 0.09674115774986942, 0.051468849018127434
0.9275411892138419, 0.23582901824198954, 0.0701225469618415, 0.044674513336202024
0.9176215723162876, 0.25355580267351624, 0.07887539051525215, 0.04716515341848591
0.9023430819223534, 0.2787381160597034, 0.08808852204925391, 0.0489805848397423
0.9184767117040078, 0.25096305168166294, 0.07519900844868414, 0.044606562988805436
0.9225813807650647, 0.2460909900060364, 0.07057704420123226, 0.04325049403045098
0.9108374665070407, 0.2661049249847546, 0.07967728288389178, 0.046388181319262325
0.8939627159226954, 0.29638921022876347, 0.0905066016140034, 0.049749388584545716
0.9234365201527849, 0.23971176617793838, 0.06927665519631972, 0.043027331241186156
0.938201926914087, 0.2076267048265298, 0.0596323137395773, 0.04088411587410519
0.9197309161393307, 0.25157134806314596, 0.07774753101737004, 0.046857356895784845
0.918077646656405, 0.2613741412360806, 0.07876655153813453, 0.046985127274238925
0.8954449575280771, 0.29902623761916064, 0.09270715985496591, 0.050259806879655214
0.9248047431731372, 0.23515036227234226, 0.06955322771181406, 0.04288609291237898
0.9113505501396728, 0.2525141998216076, 0.08193534970130317, 0.04676251256740265
0.921099139159683, 0.2463445480836455, 0.07376080458676978, 0.04455224169428204
0.9048514907929993, 0.27222199937036734, 0.08640894308263496, 0.04732592172003559
0.9083860669289094, 0.2628200770766032, 0.07798351723450768, 0.043901637461389934
0.9213841856222564, 0.23371316737752942, 0.07141246704707106, 0.04296041406447428
0.9329000627102217, 0.21255875339602806, 0.060805343087398024, 0.042173855363372044
0.9383729547916311, 0.19837227308778635, 0.058920201264080735, 0.0398533055658856
0.9302206259620318, 0.22217091752066373, 0.06512946430678887, 0.041199127619028525
0.9014879425346332, 0.27567237158893365, 0.0853771925989042, 0.04723307013510156
0.06527563992930847, 2.3038436813560006, 0.9467621522854679, 0.30468344154726124
0.12034661649848925, 2.2948285846072465, 0.9046633913972406, 0.4463771177148655
0.16059517701385326, 2.3150567510749043, 0.8398927293103613, 0.3107575345474354
0.15050453223875493, 2.315130126230951, 0.8607613070776726, 0.3339522660887143
0.11441765007696254, 2.3491882881565163, 0.8946507284984802, 0.4838025725734637
0.23658856393592156, 2.194825077996777, 0.7803837407288551, 0.262170661546889
0.2611025597172339, 2.054238569161536, 0.7241184052525909, 0.27619152126320284
0.3402314577276096, 1.9194070461382038, 0.6500054781021468, 0.26551751994559414
0.5228322216521293, 1.7523208876868812, 0.472675651624989, 0.14058360336637202
0.48634627444273415, 1.702961754889956, 0.5227102010086311, 0.14759134078429612
0.47939114075594325, 1.6488899431205668, 0.5121168190462942, 0.1586896440236922
0.48634627444273415, 1.5719578839487234, 0.5118459408603798, 0.1593114278409961
0.6335442677156377, 1.3333068682700284, 0.3584463848113095, 0.11560095320716074
0.5751667521806054, 1.3608469165907056, 0.4146643070366061, 0.13210080124288787
0.5751667521806054, 1.3053724730196086, 0.4110502811482212, 0.13125886337196538
0.6520722877829086, 1.0763015346452411, 0.3425528011240142, 0.1048402259373499
0.6138760617980731, 1.1773404642165668, 0.39964887467736565, 0.12951321125834217
0.6449461262185736, 1.1087504258125231, 0.3541468537735179, 0.1102571128824587
0.6590274214696996, 1.0372168893704603, 0.340662468504126, 0.12227448707619365
0.6857077703665697, 1.0277265723047984, 0.3132230594736601, 0.10264693671031436
0.7068012085970014, 0.9053053442531277, 0.28770932140644334, 0.0983552343001431
0.7237329684738613, 0.8969918135755356, 0.27372969240115297, 0.09244303499379022
0.7409497748132946, 0.8305150476500895, 0.2551742652091596, 0.08879075920304244
0.6865629097542899, 0.8823726452284654, 0.31148156144743483, 0.10862770574732687
0.6888432814548772, 0.8900747624864689, 0.30645418044702405, 0.10306441370005334
0.7085684966649564, 0.8945783487297639, 0.2827196721255584, 0.09407248378319644
0.7448264067042928, 0.8485005347057752, 0.23793291599314706, 0.08976895446669034
0.7671740493700473, 0.7638240803657659, 0.2201447472153022, 0.0838073335666995
0.7621572316287555, 0.7287274576885194, 0.22890392485265817, 0.0824581587130493
0.7793170286756741, 0.6881173956773714, 0.20864823379127057, 0.07843864953693375
0.7520095775611425, 0.7174384139626233, 0.2333952671191813, 0.09201148469230622
0.7842768371244513, 0.6310558949706846, 0.20293537875985732, 0.07867329899553942
0.7951656119947551, 0.605984624612011, 0.19052520415970864, 0.07589691940741475
0.8028048571917222, 0.5589452190608717, 0.18506637429831066, 0.07460088530904863
0.7819394561313494, 0.5941425500187862, 0.20493453914518195, 0.07844631381315453
0.7801721680633943, 0.6268609349940171, 0.20742605781507886, 0.07984013464567592
0.7973889744028276, 0.593488109242806, 0.1852193644606086, 0.07564290108757445
0.7594777948805655, 0.6939577515711216, 0.2269437189560141, 0.09092545307754575
0.8067384983752351, 0.5225509008233197, 0.18033095031361437, 0.07429341508100686
0.8054272846473975, 0.5648410157195007, 0.1763240989897326, 0.07408193405236602
0.8083917678581609, 0.5578559074539929, 0.1758756075784802, 0.07329976158017881
0.8124394276267032, 0.5162148044607778, 0.17499986448364616, 0.07072352620508668
0.7822815118864375, 0.582743359963799, 0.20425671729521572, 0.07861329535842118
0.8358702468502366, 0.4691155197789047, 0.1559748648805116, 0.06830278610271558
0.8165440966877601, 0.4932823440539432, 0.17086361324334742, 0.06999932498096363
0.8195085798985234, 0.5086178830188327, 0.166604610475279, 0.06802734661264266
0.8225870816943162, 0.4848986304384199, 0.16155053549459986, 0.06617276871371781
0.8142067156946582, 0.5167310025681576, 0.17153773143827347, 0.072148780833556
0.8258936206601676, 0.47464978124120316, 0.15651213518944576, 0.06827205698798802
0.7994413089333562, 0.5468058493690516, 0.1840044511069757, 0.07758283951248333
0.7845618835870247, 0.584499735787473, 0.1962710734118387, 0.08011099097670443
0.859130038196226, 0.41246577567090603, 0.1286581785299656, 0.06014234107614305
0.8213328772589932, 0.4896219937882899, 0.1618147580123099, 0.06891954222192367
0.8579898523459324, 0.3930721944332871, 0.12687110715004282, 0.060401653183596575
0.8677954506584573, 0.3749238096621272, 0.11937312299770804, 0.05869808178286157
0.8242403511772419, 0.47085501387121803, 0.16392415762544718, 0.07081974746970951
0.8362123026053246, 0.43362828705624, 0.14563793286952442, 0.06422890870716581
0.8440795849723505, 0.4065956703179331, 0.13766367189397508, 0.06270982526591834
0.8380365999657944, 0.41945699806911946, 0.14607326724002162, 0.06301917307640609
0.8259506299526823, 0.46370607892712734, 0.15943956589217553, 0.06776430394219951
0.8912832791745054, 0.3604381313096272, 0.10398990949164333, 0.054751551022990716
0.8677384413659427, 0.38073148707095383, 0.12194837217890367, 0.05897736104827806
0.8765178724132033, 0.3668791221821145, 0.11415167886192307, 0.05688608036608188
0.9038823328202497, 0.31656882820552673, 0.09261796925000959, 0.051173877901063466
0.8759477794880566, 0.3496608434425218, 0.11039363366151617, 0.05453754815145244
0.8919103813921669, 0.3314436504276875, 0.09915514562921976, 0.05209170695403739
0.8760617980730859, 0.35966056595913776, 0.11272078842649458, 0.05545115769240322
0.8374665070406476, 0.41721663806991716, 0.14609692725473233, 0.06654606697997897
0.8499515421013625, 0.4006241377066957, 0.13181831829733723, 0.06116950447974051
0.879425346331452, 0.3530309205676574, 0.10871884350238271, 0.055459926172542896
0.8464739752579671, 0.40708149439793667, 0.13797415301960295, 0.06260991626109792
0.8408870645915284, 0.4185764223113541, 0.14001821482385157, 0.06195678245806279
0.8443646314349239, 0.4206170565145999, 0.13994091493425784, 0.06127879147932045
0.8355281910951485, 0.44406283579808004, 0.14597815698277164, 0.06380216191789488
0.8354711818026338, 0.4415741089434636, 0.14852354278912192, 0.06323890193502878
0.8608403169716664, 0.36838064128366355, 0.12343192108082299, 0.05859555808662729
0.8414001482241605, 0.4313521964560622, 0.1423769706139557, 0.06257493073009625
0.8692206829713244, 0.37261545988848954, 0.12045702625616932, 0.05728631710943868
0.8878057123311099, 0.3249934405825516, 0.09970671466536256, 0.05184479547969208
0.886551507895787, 0.32369748668662474, 0.09849538943001754, 0.05144096625457212
0.8670543298557665, 0.3659029397299408, 0.12257112939007256, 0.05563231282432886
0.8825608574197594, 0.32864068785310424, 0.1052033830554839, 0.05393759780767787
0.8720141383045437, 0.3474324015485178, 0.11150182305688873, 0.054970041366671184
0.8639758280599737, 0.3819334128579662, 0.12088641278012106, 0.056042576079845835
0.8758337609030272, 0.329179406048772, 0.10791407447700722, 0.05357133060821999
0.8574767687133003, 0.3785655084070075, 0.12268797000879367, 0.05803551581475047
0.882617866712274, 0.3207578478515047, 0.10215505153482715, 0.05269320768875916
0.8679664785360014, 0.34685260577200516, 0.11441065209305602, 0.054632353321842304
0.8619805028219599, 0.3652794610092968, 0.12216764556324361, 0.05655779851911222
0.8745795564677042, 0.33149503473765224, 0.11325692048824033, 0.05502307680562088
0.912376717404937, 0.27748557945303143, 0.08016848160106557, 0.04694146580240295
0.9110655036770994, 0.286656087872425, 0.0817562432183095, 0.04725357168045882
0.9100963457043498, 0.27267366189861014, 0.0836934488954917, 0.047060156889777396
0.9059346673507782, 0.2888853061313768, 0.08587142053404975, 0.04817985715650854
0.8752066586853657, 0.34661486708105504, 0.11462498765331847, 0.055332709468732325
0.8904851490792999, 0.31617447534693144, 0.09943056574508359, 0.05101968420615426
0.8927085114873724, 0.2944877472033723, 0.09266069235890248, 0.04964983357034175
0.8974972920586055, 0.2904894796832639, 0.09018999467925802, 0.050328824247585266
0.8695057294338977, 0.34532999517621277, 0.1159640691186614, 0.05607117861542406
0.867852459950972, 0.35610497586487716, 0.1174154926967664, 0.05478247531795343
0.8807365600592897, 0.3235747046944486, 0.10318898980813287, 0.05169153659357331
0.07964198164300781, 2.306225830034848, 0.9364943191101304, 0.30472555323994505
0.10307280086654125, 2.309394794806849, 0.8813943398529506, 0.4807335159958073
0.17251011914942135, 2.311623855746531, 0.8201727104819296, 0.3886979589658768
0.24656519012599054, 2.369845655100232, 0.7526819058460614, 0.2621535399263574
0.14896528134085857, 2.3820768714182177, 0.8644978993845168, 0.39382793295725443
0.16264751154438173, 2.1323898826294605, 0.8453763652502084, 0.3485737914448135
0.23698762898352432, 2.1198003584721103, 0.7685139688619473, 0.3136488491253684
0.3316800638504076, 1.9732538350502011, 0.6859269741609108, 0.22649564332947317
0.2710791859073029, 2.020113830480504, 0.7477961422863402, 0.25977118728338416
0.4446724816145032, 1.784407906961865, 0.5747562931071485, 0.1571371809637856
0.49466963114987744, 1.6553561964637367, 0.519859214374468, 0.14981955569892288
0.4477509834102959, 1.6101374460650675, 0.5259445141352811, 0.1875105768077347
0.5028789692719914, 1.678773922513671, 0.4604696920130391, 0.1553843440107975
0.47397525796704865, 1.5222193785799685, 0.529674007512962, 0.17510366426847634
0.47397525796704865, 1.5205647192258709, 0.520165058090541, 0.1735950706820748
0.5611994755145089, 1.3377081216703453, 0.4463713686629677, 0.14223819804123167
0.6654124622313438, 1.1571104361397309, 0.3249606722879397, 0.10712014412490525
0.6431218288581039, 1.1580345987235952, 0.35491336299900433, 0.11100046045572431
0.6770423579043384, 1.0080612519904941, 0.3017128748440572, 0.10213751255717471
0.7253862379567869, 0.9099836888784718, 0.2546973884240081, 0.09058711132035255
0.7166638162020409, 0.8950056405708794, 0.2735562027601469, 0.09697660216193282
0.6790946924348669, 0.9181165842069785, 0.31325097089131027, 0.10160990020437238
0.6987058890599168, 0.8340034169106648, 0.2865660814153897, 0.10052485930185692
0.7474488341599681, 0.8332678734452139, 0.23780365421254518, 0.0885082611804309
0.6989909355224901, 0.9129759047697975, 0.2882498383346696, 0.09892763394197629
0.7215096060657887, 0.8186888318847285, 0.2642218398389863, 0.09412892608284355
0.7485890200102616, 0.7324442901795067, 0.23321248067123526, 0.0875868040447097
0.7772646941451457, 0.6415013238321697, 0.20604142724418836, 0.08287390723159968
0.7557151815745966, 0.6934339860025733, 0.22492295147416994, 0.08855313908480163
0.7840487999543926, 0.6116684309681192, 0.19567889318593074, 0.08042372290266078
0.7565703209623169, 0.6496502869526026, 0.22659006614244032, 0.08668848470974201
0.768656290975429, 0.7086327457349209, 0.21686494332195033, 0.08199065865339225
0.7683712445128555, 0.6790776985934938, 0.212063007167331, 0.08306328978689125
0.7778347870702924, 0.6813091455609319, 0.20576874030633466, 0.08417715901033214
0.7882674876004789, 0.5733358529805975, 0.19484453613053254, 0.07922906777176074
0.8153469015449518, 0.5404743429725304, 0.17411563294592822, 0.07146790890486937
0.7766375919274842, 0.6095774403291313, 0.20406905052276259, 0.08198981740212974
0.7780058149478365, 0.6557678228631002, 0.20119231600835494, 0.0832387869888162
0.7828516048115843, 0.6263754865716678, 0.20113525517455147, 0.07894695002591161
0.7800011401858503, 0.6681405672576597, 0.20423042673149047, 0.08257634964338509
0.7852459950972008, 0.6260821331092173, 0.20015129719936503, 0.08221888373860743
0.7874693575052734, 0.5524044245041527, 0.19545151259607896, 0.08010545773747664
0.8065674704976912, 0.5092849957279489, 0.17866410149472245, 0.07495856043795851
0.8067384983752351, 0.5243844140733451, 0.18192076338337546, 0.07348607333695935
0.7842198278319366, 0.5681671240051133, 0.20069828109348287, 0.08059252870334804
0.8064534519126617, 0.5047611671177202, 0.1782868641299383, 0.07589483480709064
0.8396898694487201, 0.4692234071984908, 0.14692807950171372, 0.0663344379948973
0.8104441023886894, 0.4902064550773552, 0.17348542155015337, 0.07305934407615453
0.8061113961575737, 0.5178622466466735, 0.1796214484295909, 0.075056080736062
0.8024628014366342, 0.5196048922230785, 0.18154911743904364, 0.07409830036589013
0.8526309788495525, 0.43540933610396265, 0.13512253635813895, 0.06411556284798772
0.8142067156946582, 0.4948190064628597, 0.16889850785316252, 0.07366634837039585
0.8257225927826236, 0.4564334153970808, 0.15784001755736343, 0.06849112575754965
0.808733823613249, 0.5143206193625467, 0.17624341818471861, 0.07309151549803117
0.8526879881420671, 0.4371157870368044, 0.1385791501169207, 0.06431775308814382
0.841685194686734, 0.4295224021340133, 0.14235662422794734, 0.06363470036420375
0.8585599452710792, 0.4023934391878425, 0.1291930300685267, 0.06272797491724254
0.8262356764152556, 0.4534778637080118, 0.16320255308321854, 0.07316626560497806
0.8242973604697565, 0.4505185869162256, 0.16343675966242072, 0.07219850358198786
0.8357562282652072, 0.42502982331738026, 0.15101174863001873, 0.06836650532363941
0.8143777435722023, 0.4761208988568138, 0.17041055845572245, 0.0732692622322709
0.8150048457898638, 0.4697363147377173, 0.17176137877341688, 0.07206051772765859
0.8205347471637877, 0.45274839192171934, 0.16719996493249029, 0.07155196430078864
0.8345020238298843, 0.4272811493914053, 0.15171836082775475, 0.06628344875146759
0.8465879938429964, 0.3970058674488545, 0.1387509748544637, 0.06506354727534096
0.825836611367653, 0.4482620816676906, 0.15401655267655054, 0.0704416613314314
0.8442506128498946, 0.4219618301025395, 0.13948174898694699, 0.06345354199565423
0.8709309617467648, 0.37624120587897525, 0.11681189281863713, 0.056597851657399875
0.8896870189840944, 0.34307227372992505, 0.10125184397927693, 0.05272102729497661
0.8313665127415769, 0.42911361462606146, 0.15467945242970818, 0.07047293201500261
0.8825608574197594, 0.3580229197436483, 0.11185264098590285, 0.056090164176685456
0.879254318453908, 0.3564124538100185, 0.11370292115328766, 0.056651321345435754
0.8801664671341428, 0.371252790400863, 0.1159306660351268, 0.05654878096046838
0.8892879539364916, 0.3416971315030057, 0.10382775307329589, 0.053543677357138275
0.8761188073656005, 0.3600785102080019, 0.11511436264325328, 0.056787022187409046
0.8686505900461775, 0.3659718285498421, 0.1193275538639737, 0.05913402865274391
0.8639758280599737, 0.3579361579301169, 0.1210667463440273, 0.061465141945707374
0.8802804857191723, 0.33963803742682286, 0.10558831908991578, 0.05519935495528284
0.8903141212017559, 0.32355567022347104, 0.10076114929644561, 0.05320896248530478
0.8746365657602189, 0.34206268344748836, 0.11004425720816347, 0.05660063952208106
0.8384926743059119, 0.41990810517880867, 0.144327773418012, 0.06514196196399186
0.8734963799099253, 0.3423727910311722, 0.10975216307534033, 0.058174177243751
0.8578188244683883, 0.36538640121982785, 0.12450150449575187, 0.06124092046178931
0.8639188187674591, 0.36579732914331553, 0.11940358659039439, 0.056090712124754125
0.8802804857191723, 0.3308254308550949, 0.10688689537043727, 0.05425218031873705
0.8528590160196112, 0.38229497028929144, 0.13079504583008109, 0.059155419260573855
0.8850692662904054, 0.32044982668347405, 0.10073013127538623, 0.05253813743526859
0.8891739353514623, 0.31757974919770954, 0.10069980593930117, 0.05269505700270863
0.8828459038823329, 0.32463966695014795, 0.10627931667231079, 0.05435452001114714
0.8725272219371758, 0.3422767148442835, 0.11402643207143442, 0.05575198743129164
0.8844421640727439, 0.3106436596508213, 0.099892906543223, 0.05279720996881631
0.8837580525625677, 0.31817021159295555, 0.10266676810990542, 0.05220929142118451
0.8972692548885468, 0.2989587911481284, 0.09491686126268264, 0.05062240918082018
0.8927085114873724, 0.30192054266642965, 0.09811943035814898, 0.05140395523181593
0.9100963457043498, 0.28296865415577005, 0.08477153689012246, 0.04965933974570613
0.9020580354597799, 0.28871651974168805, 0.08839508147886056, 0.049005671523160065
0.8670543298557665, 0.34340708150736127, 0.12025837994168327, 0.060175086622163594
0.889744028276609, 0.3234721242026331, 0.10396679151797932, 0.05388539436987084
0.8811356251068925, 0.329823632253824, 0.10573577729728034, 0.053796058665246636
0.8973262641810615, 0.29989589407793105, 0.0885731179964613, 0.04956622844327108
0.9031982213100735, 0.2938174633423891, 0.08808779858119797, 0.04920343583899036
0.125021378484693, 2.3032862062118773, 0.887306276626026, 0.22353172207910582
0.11384755715181574, 2.303463404007767, 0.9087254178208992, 0.36563664285456304
0.10141953138361554, 2.302704604381126, 0.880341086181959, 0.4780233021040832
0.08847842198278319, 2.2779393965961057, 0.9245640967208597, 0.4897957121001214
0.19468673393763183, 2.3400819286789862, 0.8218862614231025, 0.307958915388269
0.1111681204036258, 2.2737497245597362, 0.8975565498501953, 0.48743870737911615
0.15751667521806054, 2.325459086176648, 0.8562731739772836, 0.3458512596799175
0.24360070691522717, 2.04907835897919, 0.7469346390183534, 0.37877613601358573
0.2279801607662049, 2.014756176081074, 0.7809445329967081, 0.3712502811449301
0.4696995610284476, 1.9448966694784766, 0.4961589246322603, 0.16403119170821123
0.3636052676586284, 1.8172269870213993, 0.653450727478099, 0.2463404114073503
0.40898466450031357, 1.6505104667831463, 0.6029174658556894, 0.2024209833343084
0.4675332079128898, 1.624898668880861, 0.5244539301610278, 0.1581136070661045
0.5744256313779146, 1.3926252736094387, 0.41006221804668674, 0.140976502609366
0.6371358531440625, 1.2943452765936727, 0.3476938262634573, 0.11275396577900705
0.6718545122855025, 1.1876052110048434, 0.31686819999539995, 0.09942857725926435
0.6786386180947495, 1.1830607133179345, 0.3216583392171251, 0.1084025670543634
0.6533835015107462, 1.0994031336945367, 0.3328988423276016, 0.10672045683582321
0.6990479448150049, 0.9969435378702681, 0.3073848473907376, 0.10119819635999118
0.666780685251696, 1.0082838309976665, 0.3290300975560941, 0.10687965943947189
0.6385040761644148, 0.9892191372129642, 0.3686847851860573, 0.11032707420669988
0.714326435208939, 0.8810356219290801, 0.292311790490928, 0.09283547206387688
0.7591927484179921, 0.835708079958794, 0.24253500719855658, 0.08652808612530498
0.7484179921327176, 0.8084931945851199, 0.25684004883779976, 0.09154941565107305
0.7787469357505273, 0.7506535612913213, 0.22865574898836016, 0.08777767133300207
0.7786899264580126, 0.7368611988425849, 0.22654383633676517, 0.085227425331044
0.7711076905535602, 0.709405559608621, 0.21446623063502387, 0.0816044582474159
0.748874066472835, 1.0383898163832659, 0.24875881871120772, 0.09180833712396588
0.6946012199988598, 1.0118034296992886, 0.29642218670406245, 0.10035665219278889
0.6862778632917166, 0.9624399796190287, 0.3020410530917201, 0.10407460898995263
0.7062311156718545, 0.9353738777984233, 0.2816024403763909, 0.09676980363110607
0.6906105695228322, 0.8966117381822212, 0.3031818775174451, 0.1005399885340972
0.7680291887577675, 0.764943947659522, 0.21704015433872578, 0.08151140892496211
0.7493301408129525, 0.7789391989272677, 0.23404076870688306, 0.0905846492811162
0.7395815517929423, 0.7775415769257287, 0.24809454173301304, 0.08871330665995161
0.7557151815745966, 0.7206746243655284, 0.23388549493001573, 0.08919934633054448
0.7685992816829144, 0.6708416427257818, 0.2218847673492514, 0.08645036604069162
0.8154039108374666, 0.6434597983371453, 0.18426202313098133, 0.07340761412342828
0.7541759306767003, 0.678495387888803, 0.24040624064715588, 0.09081940230147112
0.7883815061855083, 0.6143735049635805, 0.20027690974289603, 0.07792663466910238
0.79607776067499, 0.6177984214236436, 0.19449903828372064, 0.07734353333294659
0.7923151473690212, 0.6024890607406089, 0.2005308579124422, 0.08008347850744091
0.8269767972179465, 0.5874453227413572, 0.1713595968685482, 0.07003964895962655
0.8221310073541988, 0.582770269652844, 0.17372035912656564, 0.07271308280912069
0.8390627672310587, 0.5374905215949808, 0.15893860304911767, 0.06927000221344196
0.843452482754689, 0.5330895254691672, 0.15511233988191017, 0.06661919741522589
0.8619234935294453, 0.48000936812231293, 0.1354088904934882, 0.06354006835636977
0.7929422495866826, 0.5635958619371533, 0.18860433783446104, 0.07899343289093759
0.7949945841172111, 0.5539168292302616, 0.1914881942543172, 0.07721169787051643
0.8563935921555214, 0.474630614777254, 0.1388229532945969, 0.06349985802883355
0.8425403340744542, 0.48093223860551854, 0.1516141028894035, 0.06769001146256436
0.8696767573114418, 0.4395845911406279, 0.12524963304788245, 0.059188867235202974
0.8542272390399636, 0.47665836839941667, 0.14417428661228604, 0.0644460320539873
0.8394618322786614, 0.47983463307326657, 0.15396149707937234, 0.06719728144260065
0.8411721110541018, 0.47924048157408194, 0.1551429764923866, 0.06781909228083387
0.7998973832734736, 0.5400150105547699, 0.18986957997533715, 0.07801237621728925
0.8799954392565988, 0.40702292655321903, 0.11844614829318285, 0.05861609838412925
0.8620375121144747, 0.4435414069564044, 0.1397631731634365, 0.06374649459191284
0.8608403169716664, 0.4329475205747163, 0.13172369281304827, 0.06077498343318334
0.8878057123311099, 0.38379039489570427, 0.11006188067263116, 0.05626599870172995
0.8624935864545921, 0.42702435565153307, 0.13139419147246773, 0.06125763826808743
0.8602132147540049, 0.43564144738153265, 0.1379502300277141, 0.06406931824281811
0.8616954563593866, 0.4316440356687756, 0.13322661623162838, 0.06219648107249578
0.8599851775839462, 0.4239497206777158, 0.13235394367810172, 0.06119494507768313
0.8473291146456873, 0.4142418043915262, 0.14083979799548346, 0.06494766506746101
0.8752066586853657, 0.36733140470925957, 0.11659832906659603, 0.05764727466453981
0.8986944872014139, 0.34825554112909346, 0.1000188851248115, 0.053674997978721155
0.8374665070406476, 0.43405766955229574, 0.14358719363144426, 0.0660133244501728
0.8815346901544951, 0.3603052894314281, 0.1120086619254402, 0.056791762064326325
0.8783991790661878, 0.38111659888983734, 0.11554336290017467, 0.05709557718615301
0.8620375121144747, 0.4042871842224514, 0.12815550636628845, 0.05987929563119176
0.896870189840944, 0.34563574566101524, 0.10084055980785875, 0.05284392365336815
0.884784219827832, 0.3553154774675025, 0.11210434406225486, 0.05618511047164901
0.8688786272162362, 0.3773057778521356, 0.12183947843402398, 0.058568554652402245
0.8867795450658458, 0.36284538194240684, 0.10963102660209807, 0.056562014258186216
0.8805655321817456, 0.3490689320477393, 0.10824574503440827, 0.05603080495472236
0.8719001197195143, 0.37709139238881517, 0.11769942676124388, 0.05739124836360658
0.9025141097998974, 0.3135398416610698, 0.09443598780957045, 0.05157238858298867
0.9025141097998974, 0.3136522039050607, 0.09085331341477947, 0.04974206095197868
0.8896300096915797, 0.3312479523871646, 0.10243468025529692, 0.05373382289092156
0.8988655150789578, 0.3249267553642488, 0.09517181611422496, 0.05110908508731036
0.8872356194059632, 0.3453555761124219, 0.10306243889185562, 0.05347392715684654
0.8920814092697109, 0.3321742342045361, 0.10452625767724215, 0.054101931597754914
0.8928225300724018, 0.33946665874233856, 0.10686706129673475, 0.0575294918745321
0.8762898352431446, 0.3428166129530871, 0.11314787837348143, 0.056687117998311214
0.8500655606863918, 0.39207051585771874, 0.13253504631938898, 0.060623331821638746
0.8939627159226954, 0.31543552898821775, 0.0973168878522602, 0.051858972203652785
0.9174505444387435, 0.2763911275244384, 0.07870947269157955, 0.047082963935621655
0.9088991505615416, 0.29493823023858967, 0.08993893577308464, 0.052037921720153583
0.9077019554187332, 0.2891944124262537, 0.08738300498400951, 0.04956493514634166
0.8992075708340459, 0.3028150637244624, 0.09477897088985428, 0.05104573788704887
0.8769739467533207, 0.34251488493211313, 0.11129532044913687, 0.05495267364893221
0.9002337380993102, 0.30340468246075314, 0.09218289480094174, 0.05142096419509328
0.9070178439085571, 0.29083438363732284, 0.08651903415492844, 0.04806226959008141
0.9129468103300838, 0.27878953406292056, 0.08386961782149417, 0.04748663598723356
0.8917963628071376, 0.3071825024553104, 0.09994865427720667, 0.05233452375253938
0.8746935750527336, 0.3402046542480669, 0.1131969844555652, 0.054926842087668584
0.9147140983980389, 0.26524762179247424, 0.07966257577564602, 0.04632492625076854
0.918077646656405, 0.26998388903675535, 0.07698974021980051, 0.046481351797404716
0.9137449404252893, 0.27853963861422054, 0.08085954587043569, 0.04782969095374083
0.9033122398951029, 0.28280914875856955, 0.08758009144969175, 0.04902647855266535
