acuracia,loss,frr,fpr
0.05917564563023773, 2.3122767483683133
0.10238868935636508, 2.328899553017703, 0.9218757314389192, 0.49052123524529256
0.11196625049883131, 2.431613018171429, 0.8970783712826234, 0.4797552310185458
0.18328487543469585, 2.266521808094068, 0.8030663783859283, 0.4268429002636651
0.18396898694487201, 2.3728689389437867, 0.8070472234348633, 0.4063261186720408
0.16053816772133858, 2.206457655246755, 0.8450558672132159, 0.35753584480508427
0.2352773502080839, 2.1886654455161856, 0.7652471751638288, 0.32426968120877353
0.3689071318624936, 2.022220538130889, 0.629724323445342, 0.20555672551788257
0.4414799612336811, 2.094052739427378, 0.5447294361817584, 0.1767101110425068
0.44478650019953253, 1.8517132542925885, 0.5615607310064841, 0.2005515795592536
0.4680462915455219, 1.7409457484309367, 0.547046898106419, 0.16437333031670245
0.5278490393934211, 1.5010853772344233, 0.46980894618618785, 0.15313995422988044
0.5847443133230716, 1.4539386677673025, 0.4150736618915811, 0.12550671726756918
0.5791574026566331, 1.3235104425982993, 0.42084784018254856, 0.1286978328004179
0.5341200615700359, 1.3399517972460426, 0.44901683445537827, 0.1569617319072175
0.6503049997149536, 1.1674816329536577, 0.32753810905457525, 0.1095024439988153
0.7135853144062482, 1.0530221348029607, 0.2755122672601567, 0.09209729035962066
0.607833076791517, 1.0837529750377217, 0.3883554321765674, 0.1295944138470736
0.6865059004617753, 0.9938669504022668, 0.3050515411791029, 0.09918740387601056
0.708112422324839, 0.9394391873255384, 0.2822709955004875, 0.09440273686899879
0.7406077190582064, 0.8487340716440603, 0.24550146194497033, 0.08507577316965328
0.7422039792486175, 0.78642232730695, 0.24505814306778298, 0.08887299947990852
0.7509264010033635, 0.8123355384658667, 0.23788901965875398, 0.08720675371200193
0.7353058548543413, 0.8501067615551275, 0.25078243005147394, 0.0891415315600426
0.7475058434524827, 0.8484116434947112, 0.23748948865924288, 0.08706083252283815
0.7611310643634912, 0.7078066190407271, 0.22911148855676544, 0.08615563378746768
0.7665469471523858, 0.7046690193210858, 0.22053141706881868, 0.08278405497950363
0.7185451228550254, 0.7956350172169179, 0.27366164535577964, 0.10119507907305375
0.716834844079585, 0.8609890058517682, 0.2694602940045941, 0.09725094318099449
0.739809588963001, 0.8299789678212978, 0.2489838050509272, 0.09062820194496571
0.7565703209623169, 0.8031697120637697, 0.23293728165854494, 0.08378947439572029
0.7671740493700473, 0.726158555362285, 0.21947702309994951, 0.08117327025644608
0.7452824810444102, 0.7521905067808872, 0.2411172206365625, 0.0853823023215765
0.7491021036428938, 0.7611260623088938, 0.2387923075063808, 0.08457882496261462
0.7668319936149592, 0.7371314013705271, 0.21981399475998098, 0.0826739093902421
0.7815403910837466, 0.6626844597539912, 0.20087933467558916, 0.08132358411266744
0.7776067499002337, 0.6431053418412176, 0.20863122724102592, 0.08045120542973835
0.7738441365942649, 0.5977752308126185, 0.2107321024810373, 0.08411016108375988
0.7938543982669175, 0.59397548046211, 0.19748341777601502, 0.07667795745578591
0.7853600136822302, 0.6193819810874149, 0.20180405616214106, 0.07668964175239598
0.7817684282538053, 0.6093066392453577, 0.20175742026279925, 0.07989865258703652
0.8006385040761644, 0.5939924360083175, 0.18407077505654793, 0.0749570696960638
0.7902628128384926, 0.5742758059838923, 0.19383393797318177, 0.07783103261864972
0.7654637705946069, 0.6135453653274577, 0.22161512951577708, 0.0856873474901641
0.7652357334245482, 0.7263282672440909, 0.2202860701175144, 0.08326734900593388
0.7940824354369762, 0.6550568429888096, 0.19050219872585253, 0.07552507095494342
0.8014936434638846, 0.5487807495445718, 0.17978498976164772, 0.07448371109246596
0.7956216863348726, 0.5535417199133765, 0.18784765826143668, 0.0765979231251692
0.7774927313152044, 0.6107145635275143, 0.2056674179728866, 0.08069311039555238
0.8119833532865857, 0.5686547024858234, 0.17022486206515083, 0.07098906969146809
0.7901487942534633, 0.6058124765910055, 0.19627007229159296, 0.0763617888901933
0.8016646713414286, 0.5550931163796291, 0.1806369392071781, 0.07354716259642634
0.7923151473690212, 0.6130357312297401, 0.1955059448895484, 0.07581121550552589
0.7938543982669175, 0.5737022988989968, 0.1898179037142801, 0.07542263318750614
0.8078786842255288, 0.5265917720427216, 0.17429968872265011, 0.072698751666406
0.8203637192862436, 0.4633500401768162, 0.1610105076325866, 0.07149345219885964
0.8409440738840431, 0.44994504303257365, 0.1484453582331809, 0.06587780092496243
0.8180263382931418, 0.4653641707001337, 0.1644781286109755, 0.07178022392943509
0.7935693518043441, 0.5551943216875529, 0.18752273150997734, 0.07452082843050442
0.8286870759933869, 0.4478609597499611, 0.15514482423522202, 0.06680621521860856
0.829029131748475, 0.45021716440694204, 0.1536970505818238, 0.06637413779949085
0.8451057522376147, 0.4030388740686593, 0.13764714510133635, 0.06299966359038661
0.8331908101020467, 0.4344609663970818, 0.15059700355688121, 0.06624180416513065
0.8143207342796875, 0.4991924722234058, 0.17060636887846148, 0.07276466663685408
0.79875719742318, 0.5122293349798052, 0.1931620801631762, 0.07680693506482064
0.8070805541303232, 0.5414602298187571, 0.17930808781164412, 0.07255040702580948
0.8476141611082606, 0.40542079373427814, 0.1382030156421634, 0.062316478698117544
0.8168291431503335, 0.46523901084402924, 0.16405427842926162, 0.07111212447874637
0.8148338179123197, 0.4802641007768329, 0.16721954495814495, 0.07112220078507085
0.8140356878171142, 0.48422571638015455, 0.16802949794904054, 0.07111345036701941
0.8421412690268514, 0.4066558280495365, 0.14302005952347904, 0.06580931252323499
0.8611253634342397, 0.3777220109028862, 0.12695137557298422, 0.06043960195201981
0.8329057636394732, 0.43108926648565155, 0.14995324041519348, 0.06730674054645379
0.8398608973262642, 0.4080268180251034, 0.1404159353003078, 0.06422905559554329
0.860555270509093, 0.37522179016792573, 0.1250777230845699, 0.06053058015583712
0.8624365771620774, 0.37714454596579033, 0.12447746247727032, 0.05879588523507822
0.8425973433669688, 0.42308174298984774, 0.14486946971024717, 0.06403455892253099
0.8370104327005302, 0.4145294839815726, 0.1456690491690491, 0.0654108050750572
0.8768029188757768, 0.3408524361618839, 0.11032236065868994, 0.055645910139233694
0.8463599566729377, 0.4162776910295434, 0.13424672580170924, 0.06326034906057969
0.8366113676529274, 0.4183791269417762, 0.1442350840078769, 0.06793606581739248
0.8397468787412348, 0.42460636805205326, 0.14255193852496664, 0.06421069553192482
0.8648309674476939, 0.37567823153672947, 0.12299535176085347, 0.060183130457497
0.8467020124280258, 0.4085736004101931, 0.13547631136914043, 0.060808718945388564
0.8914543070520495, 0.30987326146107896, 0.0981077573508976, 0.0525953892112312
0.8775440396784676, 0.3299192160316438, 0.10862244916722545, 0.05585736164370762
0.8802804857191723, 0.3281530089780166, 0.10514875254516878, 0.05365556568914417
0.8868365543583604, 0.31733180747035566, 0.10197174813776382, 0.05309908212924072
0.8683655435836042, 0.34308014075664045, 0.11777666993964622, 0.05842003586932906
0.8854113220454934, 0.3158882792015424, 0.10463173396715471, 0.0533949190489133
0.8923664557322843, 0.31941975389487287, 0.09933099613695097, 0.05230806009581245
0.877658058263497, 0.3461895526954076, 0.1158390819681342, 0.05572830071487756
0.8714440453793968, 0.3343059892185936, 0.11202612397484078, 0.05699813236619135
0.9048514907929993, 0.2966743082436797, 0.08885442559918605, 0.04962333240206689
0.9178496094863463, 0.26896219002337796, 0.07786895552495895, 0.046302111028127105
0.9143720426429508, 0.2765121342652242, 0.08056133414950523, 0.046597924830267215
0.8945328088478423, 0.30641163027648133, 0.09716782496528908, 0.05117731660894941
0.8688786272162362, 0.3438371674942681, 0.11314371551020944, 0.05622000868309076
0.8953309389430477, 0.30483651183107086, 0.09392882566934808, 0.05038208250325768
0.9030842027250442, 0.28275231080506663, 0.08711393012376419, 0.04859253490846139
0.8581608802234765, 0.3630227783712241, 0.12449399988756639, 0.0577478247354772
0.10740550709765692, 2.314205407647775, 0.8942211437524002, 0.2532534540957963
0.10193261501624765, 2.350415015735782, 0.9222453338186734, 0.4953503649843098
0.11099709252608175, 2.429501194270509, 0.8978090329037155, 0.490433403495502
0.11356251068924235, 2.2891141394376553, 0.8945686002124233, 0.45250469950260064
0.26247078273758623, 2.2536640511455617, 0.746969055251049, 0.26345507365957643
0.18533720996522432, 2.290729661677244, 0.8363148402722372, 0.41425503069599984
0.5090929821560914, 1.9639910972143524, 0.5084210331789464, 0.14709504512295377
0.30397354768827317, 1.9439685838733973, 0.7192204659326261, 0.2687695367565516
0.4377743572202269, 1.809139532735319, 0.5670856282594081, 0.16557816613817472
0.47163787697394677, 1.7480286860569982, 0.5400129825939913, 0.18137176662745153
0.5482583661136765, 1.489940661185824, 0.4636438508459922, 0.13500044795145985
0.5236873610398495, 1.444830546265052, 0.4864131309375136, 0.14945942938479867
0.6016760731999315, 1.375601469737306, 0.40438130685120194, 0.12450221054931417
0.5960321532409782, 1.2060479173998178, 0.41744942385405925, 0.12781147182798264
0.5757368451057523, 1.1823068184984205, 0.4237409104050145, 0.12848357009692743
0.6573741519867738, 1.0855669914562416, 0.33684038436335734, 0.108756539571114
0.6310358588449917, 1.0045150655045316, 0.38302761264063995, 0.11618146730672084
0.7130152214811014, 0.9485521566721247, 0.2948939353099884, 0.10503566394928025
0.7059460692092812, 0.8775941884004654, 0.2884926927192557, 0.1047651002987182
0.6732227353058549, 0.83945316611679, 0.3357479109334884, 0.11393706784407005
0.6730517074283108, 0.946819168813945, 0.32440789142111603, 0.10815268562870266
0.7376432358474432, 0.77918749862205, 0.25686295010647664, 0.08991998347035483
0.7622142409212702, 0.7768537275069242, 0.23270474618559425, 0.08456472623141612
0.7760104897098227, 0.735292101245558, 0.21855974034267184, 0.08305689931009592
0.7532067727039508, 0.6931608878519943, 0.2391255205979313, 0.08995634209509819
0.7666609657374152, 0.6724932119241271, 0.22998281093232453, 0.08133336317339265
0.8029758850692663, 0.5995420072787646, 0.18829589270438907, 0.07623232167779162
0.7836497349067898, 0.670538118993229, 0.20506588238829, 0.08012080342028569
0.8403169716663816, 0.5098250929672942, 0.1516796632729492, 0.06833073166282587
0.85040761644148, 0.4877586340013297, 0.14246233078812287, 0.0646306560740803
0.8254945556125648, 0.5007908077582475, 0.1632730786156116, 0.07267527591188055
0.8389487486460293, 0.4935206931044202, 0.15596360430074874, 0.06665863367467996
0.8615244284818425, 0.4631837491166076, 0.13608883755862441, 0.061904631247490814
0.8123824183341884, 0.5649094136688683, 0.17844417933503134, 0.07743539478063728
0.8181403568781711, 0.5000180883684995, 0.17130039394214636, 0.07407804758453079
0.840773046006499, 0.4493490659768267, 0.1461711717390497, 0.06583320608163737
0.7952796305797845, 0.5490560131644464, 0.19068611445915754, 0.07634443060799093
0.8156889573000399, 0.49533375248272704, 0.17429524818278938, 0.07143188396650214
0.8402029530813523, 0.44527944237543365, 0.1470672408531596, 0.0658853478092844
0.8750356308078217, 0.4158575896687772, 0.12438452706915987, 0.05826592162463217
0.8472721053531725, 0.45738279642634266, 0.14841110328250426, 0.06397067453627726
0.8568496664956388, 0.42118257195436987, 0.13217960764964873, 0.06088376654447918
0.8619805028219599, 0.4107669520933811, 0.12885344663285403, 0.06109636113317149
0.8561655549854627, 0.4114349500448718, 0.13382832485629734, 0.06160741445513744
0.890827204834388, 0.36138995478656993, 0.10468802105765496, 0.05452930112078005
0.8074226098854114, 0.5069840154682483, 0.18571652111387124, 0.077567010543902
0.8842141269026851, 0.36187653267503056, 0.10840030260833226, 0.055791374890628936
0.8929365486574311, 0.34576624331995953, 0.10530673896554316, 0.05372457083642474
0.89937859871159, 0.34337930147437395, 0.1025128774153893, 0.05325102642629202
0.8701328316515592, 0.3787934750823757, 0.1203752791355768, 0.05766731668842233
0.8578188244683883, 0.40118050928440563, 0.1326359587042482, 0.06069224452482325
0.8749216122227923, 0.3710722134010137, 0.11987759256794017, 0.057300114334257995
0.8759477794880566, 0.3524928830251988, 0.11254050283744155, 0.05521747969350945
0.8825608574197594, 0.3513777404624341, 0.10959544319924784, 0.05538637694308407
0.8932786044125193, 0.32698581514662217, 0.10124380250388652, 0.05254682637978008
0.8997776637591928, 0.31536143024122193, 0.09275135498744382, 0.050639549077019765
0.902571119092412, 0.3094356089896129, 0.09394551315949112, 0.05015447188781358
0.900974858902001, 0.3046675076780425, 0.09111426557045328, 0.050391789000211885
0.9014309332421184, 0.31672451565133114, 0.09808440837903615, 0.052874271373698066
0.9152841913231857, 0.2783143673523702, 0.08300329039587365, 0.04819050737994931
0.8842141269026851, 0.3296365078350265, 0.10136887417367141, 0.052861321926108006
0.8685365714611482, 0.35470276388819694, 0.1120405779067835, 0.05525043388215132
0.8976113106436349, 0.30680390213723896, 0.09138598304394811, 0.04981789122265482
0.9010318681945158, 0.2990831712913192, 0.08870108692146901, 0.04935317691159694
0.9049655093780287, 0.2944628878073268, 0.08828063673821086, 0.04876884666494125
0.9028561655549855, 0.2921264840804206, 0.0884656203797013, 0.04974579099777996
0.909697280656747, 0.2838289369523534, 0.08176964508703159, 0.04666320717795561
0.9031412120175588, 0.29904969398881587, 0.08968804186038802, 0.05131009606558925
0.9027421469699561, 0.29556977271394147, 0.09414718838587445, 0.04990931406974571
0.9156832563707884, 0.26917224837299614, 0.07967154028390622, 0.04811023169535865
0.910609429336982, 0.27436778678294466, 0.08166389181649251, 0.047487895524026304
0.9110084943845846, 0.2709982582046353, 0.08206180194178123, 0.04714828228795464
0.9021150447522946, 0.28585995743427295, 0.0873569496426151, 0.04770357866907843
0.8806225414742603, 0.33256087186537775, 0.10352377903632243, 0.051061272673682066
0.8848412291203466, 0.3215683050962556, 0.10472341345175573, 0.053279753612180326
0.905250555840602, 0.2797359547113597, 0.0850650459510093, 0.047178479718459405
0.897953366398723, 0.29004742476451867, 0.0944599192549605, 0.05116138625552082
0.8927655207798871, 0.3015098712247319, 0.09164932442795466, 0.049560742982700044
0.890656176956844, 0.30406301558474835, 0.0972554817832634, 0.05050941058591452
0.900974858902001, 0.29272001294957173, 0.08488697522444143, 0.04735995979310622
0.911122512969614, 0.267519132380446, 0.08105889830894837, 0.046565236645616334
0.9250327803431959, 0.2378035603441762, 0.07387852357117099, 0.045077603150279276
0.9180206373638903, 0.24852328498867202, 0.07613909317197201, 0.046481987349391546
0.9002337380993102, 0.2841865132035539, 0.08761867354398363, 0.04744833571868751
0.9151701727381564, 0.25629202855907773, 0.07570519058508364, 0.043967400128087857
0.922353343595006, 0.24137871400342298, 0.07221531803574764, 0.04337094475907172
0.9189327860441252, 0.2436001346290551, 0.07383192601716301, 0.0438937070720868
0.9297075423293997, 0.22222045933839857, 0.06572460626393382, 0.04223686142327018
0.935351462288353, 0.20705757766256325, 0.06270345027599411, 0.041150329045416004
0.9233225015677555, 0.23162265285403397, 0.06674323836835488, 0.040875880051795724
0.9297645516219144, 0.22430713387858678, 0.0648859569731308, 0.04253334841272841
0.9069608346160424, 0.2696087689924349, 0.08837446528006829, 0.04881366647100317
0.8986944872014139, 0.290207832235797, 0.09305837627538394, 0.05009007774856426
0.9281682914315034, 0.22440477193275044, 0.06872491974709287, 0.04274371452775386
0.9200159626019041, 0.2445065782222368, 0.07999156446526572, 0.046596686578346674
0.9242346502479905, 0.23596044001370098, 0.07281737323017937, 0.044538423176033154
0.9225243714725501, 0.2325328753639478, 0.07231398936400656, 0.04385253514396453
0.9149421355680976, 0.2490664044804099, 0.07909728090295051, 0.04543682101739254
0.9363776295536173, 0.20327739747154513, 0.059364982142943196, 0.040216822537052534
0.9306196910096346, 0.2153255295681544, 0.06098664171263656, 0.040953310890296225
0.9294224958668263, 0.22128179441946783, 0.06394051160531236, 0.04172711740505994
0.09252608175132547, 2.307631821461397, 0.920679277239411, 0.38203322052169897
0.10193261501624765, 2.3322335254927875, 0.9222453338186734, 0.4947793081735742
0.15717461946297245, 2.3626251702066443, 0.8393859141869366, 0.314109261150891
0.11099709252608175, 2.4681855861018356, 0.8978090329037155, 0.4860835810073612
0.18892879539364915, 2.301230879630801, 0.8121719454316707, 0.3814507387790654
0.2973604697565703, 2.1955001480963623, 0.7202518567285959, 0.2910884357046297
0.2194287668890029, 2.0601770684864658, 0.8034011127705513, 0.30139829848884825
0.4242061456017331, 1.9629429769817734, 0.5992277024469221, 0.21371792241038423
0.4783079641981643, 1.7236751262488261, 0.5218688272977449, 0.1574608007904793
0.4842939399122057, 1.6927025260158564, 0.5184717264303415, 0.1635068408052005
0.5029929878570207, 1.659121057140223, 0.506693195098967, 0.15267332866180547
0.525910723447922, 1.4218409753833399, 0.481964296445523, 0.1517991156431935
0.6380480018242973, 1.338549512874325, 0.3684126691087761, 0.11038580593848843
0.6483096744769398, 1.1687077348190116, 0.35636892645241836, 0.11463922247586535
0.6263040875662733, 1.2086020062821607, 0.35407427274367165, 0.12159121457576384
0.6865629097542899, 1.0923133594221333, 0.3098386038608022, 0.10179934996724152
0.7834787070292457, 0.8717150389103272, 0.21671559267247154, 0.08132060321099406
0.7639245196967106, 0.881258336676478, 0.22686378199043325, 0.08303901464592083
0.760104897098227, 0.8065391084849648, 0.22553754450230193, 0.08485785855322138
0.7509834102958782, 0.7771404314909162, 0.2457795932411603, 0.09521172925051272
0.7601619063907417, 0.725296683747424, 0.22350533373113446, 0.08902638178997474
0.8070235448378086, 0.6897991405175121, 0.19659957442317882, 0.07873335641328488
0.8201356821161849, 0.6476788149648476, 0.17955752026019078, 0.07278723678728345
0.7650076962544895, 0.6751283826427782, 0.22943834117820086, 0.08727676054099053
0.7519525682686278, 0.7010684576501478, 0.23974822620944358, 0.0859092829313956
0.7536058377515535, 0.6960388108576967, 0.23688777683754092, 0.08805053056319895
0.79607776067499, 0.5770130680991221, 0.19414174464422962, 0.0776439214661036
0.8050282195997948, 0.565697702240155, 0.187422167557742, 0.07585042629698474
0.7838777720768485, 0.5968068256655868, 0.20307962641504726, 0.0790966584161839
0.7746992759819851, 0.650609873414126, 0.20678455884028468, 0.08210146778715556
0.7876973946753321, 0.6532492728824355, 0.19749986548868087, 0.08050092724635041
0.7849609486346274, 0.5944588588198992, 0.20076762815288984, 0.07988554804933715
0.8027478478992076, 0.5203734630490078, 0.1856569338351313, 0.07447603141673509
0.8439655663873211, 0.4786332600054391, 0.1488109337838073, 0.06457339684781481
0.8508636907815974, 0.4516095808180166, 0.14383418767865921, 0.06585526814704354
0.8670543298557665, 0.43365775019239017, 0.13014742913646205, 0.06221126095053722
0.8154609201299812, 0.48418816882682464, 0.16938303053728268, 0.07204231520401849
0.8134655948919673, 0.4995429436899996, 0.17379074225441238, 0.07366669404593673
0.808904851490793, 0.5153696359627445, 0.1741991368948871, 0.07425418632517405
0.8579328430534177, 0.43317836403460375, 0.13698397592202935, 0.06228902515116523
0.8653440510803261, 0.4255919318984627, 0.12886740936025096, 0.06161006616617904
0.8224730631092868, 0.45864627159463794, 0.16346215968763395, 0.07157721984572803
0.8399749159112936, 0.4335171291235933, 0.14577525460574983, 0.06431890098390543
0.8717290918419702, 0.37768571815171087, 0.11798601193143819, 0.05896044196700198
0.8946468274328716, 0.3637617736056179, 0.10115010294477562, 0.05400654511149108
0.8653440510803261, 0.39110744311501605, 0.12504510616117226, 0.060320404774225116
0.8650590046177526, 0.3825879847123359, 0.12292785633200587, 0.060549384458089876
0.8770879653383502, 0.3616753850282364, 0.1149861798444834, 0.05651623347901137
0.8941337438002395, 0.3314993442485188, 0.09873044382784568, 0.05317188699007626
0.8999486916367367, 0.3264674336530839, 0.09576780598716245, 0.05187869900133559
0.8734963799099253, 0.3629176518375703, 0.1166202256201471, 0.05696224667908417
0.8830739410523916, 0.34498360977844955, 0.10849830126662875, 0.05612877703576876
0.9065617695684397, 0.31640065164609443, 0.09257003280364877, 0.0515777375727089
0.9002337380993102, 0.3163939942930065, 0.09406759320499708, 0.05187033082484721
0.8971552363035175, 0.3296364142520637, 0.1022813045946799, 0.05356936374838943
0.903654295650191, 0.31482021613261024, 0.0945069021653529, 0.05252200804661888
0.9059916766432928, 0.31180060276381155, 0.09005651456589625, 0.050050258803556916
0.9072458810786158, 0.299786251565623, 0.08909698929304785, 0.04960035630172408
0.9063337323983809, 0.3030643823273372, 0.08950328220899728, 0.049959870481069577
0.8668833019782225, 0.37661557601529116, 0.12188701624568832, 0.05833363482626627
0.8785131976512172, 0.34129731892657883, 0.11057456587444056, 0.055977282432471166
0.913801949717804, 0.28963048466577557, 0.08282196607444567, 0.04810171135958829
0.9162533492959353, 0.28046593497836775, 0.08303697298503586, 0.04982889080783905
0.9147711076905536, 0.281676841198679, 0.08325353632100686, 0.047377503052569284
0.9092412063166296, 0.2951585867504923, 0.0860940723789087, 0.05096660922166036
0.9129468103300838, 0.28504684144878534, 0.08421932798368192, 0.048334209012458045
0.9217832506698592, 0.26176916179179505, 0.0775963809325115, 0.046158989753066676
0.8777720768485263, 0.337913824717572, 0.11221296383547096, 0.0535028300871194
0.8986944872014139, 0.29461902048572886, 0.09298658912553368, 0.04951925441910805
0.9087281226839975, 0.2736987558355332, 0.08410716978595593, 0.04738595729063611
0.9105524200444672, 0.2842726997597852, 0.08330594164260258, 0.04752164975561028
0.9134028846702013, 0.27120481676539104, 0.08236400538180844, 0.0468440912502958
0.9100963457043498, 0.2722669580299995, 0.0860802237628993, 0.04842237239801219
0.912376717404937, 0.27364252688404794, 0.08466215944135572, 0.04949524841698572
0.9091841970241149, 0.26723163534511685, 0.08287535332096133, 0.04667779898806173
0.9153982099082151, 0.2635877287140883, 0.07970346989175627, 0.045962844542103136
0.89937859871159, 0.28640472037791315, 0.08773692734521597, 0.048163560111442114
0.906675788153469, 0.2756683498572097, 0.08419102032547755, 0.04733501878034703
0.889230944643977, 0.29692228271117205, 0.09821653478373697, 0.05060802856282724
0.8763468445356594, 0.32954864108403764, 0.11040462290605767, 0.053156428454407274
0.9199589533093895, 0.2431043871985259, 0.07348826992972614, 0.0447771548150574
0.9121486802348783, 0.257648426673167, 0.07929502677481075, 0.04474616648076363
0.9069038253235278, 0.2806640701019388, 0.08590828748124087, 0.0484982434013805
0.9309047374722079, 0.22411473798569118, 0.06573814695967098, 0.042799780731675036
0.9278832449689299, 0.23414692655567057, 0.06888810341574994, 0.04388962086814456
0.9293654865743116, 0.2236589691811299, 0.06814433239468581, 0.043042480673453926
0.9175075537312581, 0.24967729035254746, 0.07521426036782448, 0.04502769947731464
0.9303346445470612, 0.22331943198538945, 0.06761510462496434, 0.0425908390383953
0.928567356479106, 0.23355398294799332, 0.06785810031559363, 0.0422348645688975
0.9278262356764152, 0.22980348108069484, 0.06677911215845887, 0.04271166379083412
0.9260019383159455, 0.23065490976879463, 0.06687404594695369, 0.04315023754352084
0.9171654979761701, 0.24140526567294707, 0.07549636143724213, 0.04559979267663961
0.9334131463428539, 0.21204737572402818, 0.0647841460957695, 0.04250637656200907
0.9295935237443703, 0.22006985106059385, 0.06751628827861639, 0.041530795238073466
0.9322729604925603, 0.21389778489871084, 0.06431438129545644, 0.04280941147377984
0.9192178325066986, 0.24262712980053383, 0.07275568249374281, 0.044601483211367456
0.9326150162476484, 0.21733097670270457, 0.06498035940080933, 0.04244105403852307
0.9241206316629611, 0.23182884333662174, 0.06874584251212897, 0.042547399888538576
0.9293084772817969, 0.2118234001713598, 0.06171952066010552, 0.04067877844359879
0.9197309161393307, 0.23649919485729834, 0.07597346787670396, 0.04445093042228187
0.9336411835129126, 0.21234720425259004, 0.06240869068798607, 0.04268954363149868
0.1222279231514737, 2.307048725610203, 0.8964306080488035, 0.29062115464703503
0.1874465537882675, 2.3145236681997488, 0.8203642212736543, 0.309165867607725
0.18624935864545922, 2.3451424326050425, 0.8164885687582298, 0.37393570542778803
0.18248674533949033, 2.2652865194362324, 0.8172935440303937, 0.3673678066030893
0.2070007411208027, 2.268364483475189, 0.795532737064257, 0.37288806759946963
0.2539763981528989, 2.0961847529023396, 0.774234137263627, 0.26008860131793404
0.18237272675446098, 2.095562257759112, 0.8325709886406487, 0.395771935760717
0.41440054728920817, 1.815569729929632, 0.6036303531296197, 0.18048090513943724
0.5032780343195941, 1.7346370540668454, 0.5092464799759275, 0.17982875921194855
0.5623966706573171, 1.512773623817541, 0.44412388528155816, 0.14024218120904636
0.5443247249301636, 1.4273920902456405, 0.4762601790645596, 0.1499085242669326
0.5544723789977767, 1.3901852984502754, 0.4613089585411696, 0.13728847167268765
0.6316629610626532, 1.239091810361668, 0.3733368266211335, 0.11976187296468678
0.5784162818539422, 1.231884923559639, 0.42486393663269206, 0.13137781787420477
0.5708910552420045, 1.147567575011753, 0.4349583582009121, 0.15450819116841866
0.6048685935807536, 1.0760398583254018, 0.40746789190262445, 0.12735610372344258
0.6467704235790434, 0.9771974090769013, 0.3635211140415619, 0.10932149670862602
0.6148452197708226, 1.0100791004793426, 0.40451300118030575, 0.12501677422552854
0.6366227695114304, 0.9878968901295218, 0.3747316782467591, 0.11275569074568013
0.7111339148281169, 0.924874852834343, 0.2831938193477485, 0.09653583409267501
0.6896414115500826, 0.8938986114725631, 0.31487666507378703, 0.10157748832008073
0.7556011629895673, 0.766686845972406, 0.23666712294607503, 0.08732495751211033
0.7029815859985178, 0.7917584742565006, 0.30166176058458777, 0.10331228898134583
0.738384356650134, 0.7473300373815962, 0.25356375084981736, 0.09569674801914693
0.7454535089219543, 0.74414278290297, 0.24813541049983262, 0.08806001083204172
0.7594777948805655, 0.6724679593133182, 0.2278127686889376, 0.08491143848374656
0.7824525397639815, 0.6274472876454444, 0.2055295929224522, 0.08089253356617412
0.8054272846473975, 0.5973605916989712, 0.19454494467655356, 0.07657792185418871
0.7904908500085513, 0.5830338408159174, 0.1977668604437996, 0.07787611950062369
0.7971609372327689, 0.6064257491771811, 0.1986362991579345, 0.07977723534514575
0.8522319138019497, 0.5104978605998928, 0.14766964560834517, 0.06529453482419938
0.8489253748360983, 0.5166777913983692, 0.14897323158797832, 0.06450921330526067
0.823157174619463, 0.5005908521801444, 0.1643944759737711, 0.07226133122576595
0.8017786899264581, 0.5457488374965533, 0.18522344727107448, 0.07375391993000219
0.7836497349067898, 0.5957083759291985, 0.20363560691250068, 0.0765128929363991
0.7760104897098227, 0.57524986581843, 0.20972010589326195, 0.08551875876624816
0.7926572031241093, 0.5842965607480451, 0.19488940251451278, 0.07776752519648882
0.7735020808391768, 0.6645764947094932, 0.21660615259420435, 0.0825445958100509
0.7806852516960264, 0.6016673905712618, 0.20693299441436078, 0.08295067766746778
0.8054842939399122, 0.5191370797289184, 0.18232376772397313, 0.07656919806162164
0.8510917279516561, 0.46880785732179475, 0.1417431313307319, 0.06502433618099875
0.8425403340744542, 0.474114547361666, 0.1498830876894432, 0.0650450235779588
0.8822188016646714, 0.41613411087990937, 0.11329828207724883, 0.0576214826178746
0.8181403568781711, 0.4822407814055242, 0.16542124532265906, 0.07342493882444431
0.8809075879368337, 0.40811323419390205, 0.11567127568788838, 0.056855104931635696
0.870531896699162, 0.3921131705183005, 0.1193982278230768, 0.05965419618562933
0.8321646428367824, 0.45441722251476463, 0.1511093383753776, 0.06577515041746314
0.8833589875149649, 0.3935422425324347, 0.11371149205781501, 0.05762387312930357
0.859130038196226, 0.4404305924180618, 0.13470950066748066, 0.06366408152462574
0.8359842654352659, 0.4474705726152618, 0.14794001069497478, 0.06758928367830866
0.8681945157060601, 0.39189355394393804, 0.11921739739320714, 0.058796062866984224
0.8927085114873724, 0.36310135970184637, 0.10311211302301976, 0.05429479385993947
0.8795963742089961, 0.3756028190076769, 0.11279361108178962, 0.05556236921813332
0.8679664785360014, 0.39261445519953736, 0.12244699077061032, 0.05965856419738635
0.8742945100051308, 0.3687263928665661, 0.11662437033383422, 0.05717965098647342
0.8793683370389374, 0.37250615837747786, 0.10987478472845012, 0.055921963413227666
0.8807365600592897, 0.38182046915406676, 0.11460375226126306, 0.058196462338047185
0.8972122455960322, 0.3417136693543834, 0.09934734252566646, 0.053061974562233515
0.9069038253235278, 0.31951557682692866, 0.08878866482746307, 0.050357122036825096
0.9030842027250442, 0.3149077978623759, 0.0906372394977721, 0.05233367316581433
0.8279459551906961, 0.4532157913176696, 0.1604183950678405, 0.0720701236033892
0.8723561940596317, 0.36423150610249116, 0.11536348008141992, 0.057429908806997575
0.905079527963058, 0.31646455853154776, 0.09323646211644794, 0.05121147258202947
0.890998232711932, 0.3371778373215313, 0.1028805280617558, 0.053686057020577424
0.866769283393193, 0.36854571264160074, 0.12258077102282934, 0.057542959217343544
0.9020010261672653, 0.30405378407036227, 0.08891293837698783, 0.050898572137950786
0.9074169089561599, 0.3034079512746551, 0.08690066948899901, 0.0491128700560321
0.8945898181403569, 0.3163541643069728, 0.09600148261629082, 0.051276703373209526
0.9033122398951029, 0.3041401764009718, 0.09643259495260267, 0.051716310567182955
0.9130038196225985, 0.2822047402301185, 0.08355830031852372, 0.04895776381057516
0.8996066358816487, 0.31375746746089267, 0.09126477938321888, 0.0505579251505719
0.9064477509834103, 0.3038750159755065, 0.08755617082206804, 0.048540568557188725
0.9173935351462288, 0.27599855379157034, 0.07740931003542988, 0.04623793839202086
0.9208140926971097, 0.26719535395036376, 0.07562674285400096, 0.04535504029805249
0.9121486802348783, 0.276538088573205, 0.0830007136456864, 0.04816185161200561
0.9148851262755829, 0.27695597406627204, 0.08505384324841954, 0.04819579911624541
0.9063337323983809, 0.2851590439358185, 0.08629988957128897, 0.04819265578803563
0.9165954050510233, 0.267474993882924, 0.07596222613613224, 0.047720769900315124
0.9004047659768543, 0.29502671156915006, 0.09133848522847626, 0.049481361229887645
0.9204720369420215, 0.2620071730725703, 0.07301950062403371, 0.045508063568648234
0.9163673678809646, 0.26044208377626105, 0.07772023050347301, 0.04621683012920959
0.9300495980844877, 0.23670599214366445, 0.06577387927929318, 0.04285107033632528
0.9192748417992133, 0.2667645043391975, 0.07775525501123584, 0.047942660378063405
0.9284533378940767, 0.24394361751378082, 0.06757205373396823, 0.04283153690177819
0.9225243714725501, 0.2629818175710794, 0.07342004657624586, 0.046402537595648836
0.9013169146570891, 0.28360377910174994, 0.08806152843372328, 0.04929399117755057
0.9110084943845846, 0.26579477817235764, 0.07951139795325343, 0.0455448961706581
0.9155122284932444, 0.2532770511151975, 0.07651979683822298, 0.04650850096653787
0.923949603785417, 0.24247416147489834, 0.06999361486536865, 0.04396734133672326
0.9287953936491649, 0.23893889384661557, 0.06789938886031198, 0.04316842984224595
0.8912262698819907, 0.3103978817055534, 0.0982641013013972, 0.05199154422424613
0.9205290462345362, 0.2455613761879765, 0.07328365799790859, 0.04425870155715806
0.9242346502479905, 0.23675870511162417, 0.06863556379156767, 0.04403045285495157
0.9225813807650647, 0.2516602472157976, 0.0722202993823019, 0.04441286105746289
0.9146570891055242, 0.26749148081171115, 0.08082762477950482, 0.045711726997751015
0.916652414343538, 0.2493092300810696, 0.0734409421212917, 0.04464685956326516
0.9265150219485776, 0.24138361114901258, 0.07089063446908878, 0.04472601630935346
0.9229234365201527, 0.24624429200923256, 0.07130413182730702, 0.04605209612582088
0.9301066073770025, 0.23433924218856905, 0.06639185757065827, 0.04250767575304433
0.9360925830910438, 0.21067774847297013, 0.05963862616543887, 0.04246814567894677
0.9212701670372271, 0.2413650524831419, 0.0726836948290535, 0.04427459039034078
0.10364289379168805, 2.3078601808587664, 0.878553878838176, 0.393949985454447
0.16789236645573227, 2.3198834055744046, 0.8373640356701899, 0.27339193295765046
0.10141953138361554, 2.353920861155255, 0.880341086181959, 0.4764625393529646
0.10141953138361554, 2.320159332094779, 0.880341086181959, 0.4778221964946645
0.16338863234707257, 2.297453991503422, 0.8492679939090313, 0.3708574468871093
0.388062254147426, 2.1056302036406422, 0.5905543761624148, 0.2067946976422811
0.25528761188073656, 2.2013627060272083, 0.7417203121804127, 0.24487447546365174
0.29165954050510234, 1.8964630906811992, 0.7098560698151039, 0.2583057777392439
0.48383786557208824, 1.7179317988995155, 0.5289487214877151, 0.1538192427771126
0.4212416623909697, 1.6680499704878657, 0.5904016462040389, 0.1837020568331642
0.5698078786842256, 1.4885037039179303, 0.43543185847237587, 0.14080812157741554
0.5939228094179351, 1.441667250643692, 0.40504143122263075, 0.12029239354117235
0.5083518613534006, 1.4090941349223582, 0.48581122825582346, 0.16517028404020936
0.6089162533492959, 1.193029332489538, 0.3928339209008945, 0.1275608123799754
0.6343423978108431, 1.1126957191205862, 0.3675125929887042, 0.1176655609386891
0.5942078558805085, 1.203041253271856, 0.4204803820104495, 0.1310112760559037
0.7139273701613363, 1.0867372769457837, 0.2834162079264414, 0.09826629525753607
0.5787013283165156, 1.126838263932319, 0.417417011278722, 0.14055050433407523
0.6905535602303176, 0.9652030556471466, 0.2883405841364597, 0.1041941030259705
0.7608460179009179, 0.8380415460370793, 0.22446699066263243, 0.08512493016721534
0.7092526081751326, 0.8822300978192673, 0.27671914597267694, 0.09987010835277665
0.6842825380537028, 0.9090901130305881, 0.3099242758661275, 0.10794607741342496
0.7453964996294395, 0.7516061482230771, 0.23830930423990918, 0.0887828259518957
0.7260133401744484, 0.7724069081576885, 0.26951558969645445, 0.09424820401570953
0.7458525739695571, 0.7180899169505641, 0.24688487225969621, 0.08887322317813438
0.7636394732341372, 0.693096231621748, 0.22732420751795776, 0.08446291794862164
0.7822815118864375, 0.670784152160739, 0.20138259935814265, 0.08194820171914462
0.7963057978450487, 0.6551639500320604, 0.1996752913807306, 0.08599256724596241
0.7753263781996466, 0.6382514374210329, 0.21221896975819363, 0.07938346657473278
0.7538338749216122, 0.8216727627242184, 0.23613824431907163, 0.0848627784688444
0.7399806168405451, 0.8294963228142127, 0.2556745456257178, 0.09260481721029283
0.7512114474659369, 0.7504647883358971, 0.23697052128661156, 0.0874870532116912
0.7670600307850179, 0.6935842915081164, 0.2245029867041086, 0.08299510148371779
0.7635254546491078, 0.67084583150168, 0.2217907532570768, 0.08354165038296436
0.7743002109343823, 0.6760188203504003, 0.22581359885743665, 0.09048676333346121
0.8104441023886894, 0.5883329080036113, 0.18034341754141286, 0.07310670985579999
0.7708796533835015, 0.6335997801449484, 0.21085192290375074, 0.08113491710852518
0.792885240294168, 0.5853619082726729, 0.19403240485628648, 0.07620411496259712
0.7858730973148623, 0.5852072655891923, 0.19982224038908694, 0.07781058802600298
0.8269197879254319, 0.5232551877328624, 0.15878142213316598, 0.07028550792804897
0.7949945841172111, 0.566658958902485, 0.18563517969758261, 0.07798998096070947
0.8416281853942192, 0.49836261873450716, 0.14468766090136387, 0.06569570352496439
0.8534861182372727, 0.49447007403447585, 0.1411771137451569, 0.06587024541550753
0.8030328943617809, 0.5348557636929321, 0.17672667454467203, 0.07768958473322124
0.8613534006042985, 0.4656915370443197, 0.1315529383787408, 0.06184114376421243
0.8607833076791517, 0.45560356315885214, 0.1358973722893975, 0.06435709033756525
0.8581038709309617, 0.46265873958414394, 0.137539507948922, 0.06352702848712202
0.8655720882503848, 0.44443382693528, 0.1323039496897435, 0.06385244968808047
0.8212188586739638, 0.49550624071797683, 0.16647187910867078, 0.06798987169541071
0.8194515706060088, 0.4795166064518559, 0.16452764684275362, 0.0727751887230341
0.883530015392509, 0.3990850357036575, 0.1143069766284037, 0.05838626831672164
0.8787982441137906, 0.40457207257516153, 0.12270922946819418, 0.05934989202858481
0.8551393877201984, 0.42461225707072525, 0.13535168217377935, 0.06320281064234808
0.8586739638561085, 0.4175153672382834, 0.1318947842503456, 0.06184837409877625
0.867852459950972, 0.4051912551984848, 0.12451350065958527, 0.060398337657716766
0.8829599224673622, 0.3942333635188702, 0.11045814423449712, 0.05608415157538677
0.8911692605894761, 0.3722646645102033, 0.10438577235712261, 0.05626598823748253
0.8497805142238185, 0.49661289367201045, 0.13981156613987303, 0.06379875277647475
0.822073998061684, 0.5122080249339152, 0.16242847886539655, 0.06975231485034063
0.8776010489709822, 0.4439072078071056, 0.12043272808513591, 0.059242567699712964
0.8533150903597286, 0.45088143825410376, 0.13357078934911024, 0.06379879464238637
0.8844421640727439, 0.4231331097865224, 0.11297140481729237, 0.057581813434387605
0.88512627558292, 0.4098075289324565, 0.11240228724614885, 0.059492236201238245
0.8687646086312069, 0.5918665739322876, 0.12810784399432038, 0.06533420535562529
0.8797103927940254, 0.5386400007433138, 0.11622403466304998, 0.05857568890361717
0.846302947380423, 0.5230097307841491, 0.13754409987015312, 0.06319653491456195
0.8702468502365885, 0.5167132341941918, 0.12433974922670661, 0.060244772731336015
0.8651160139102674, 0.49770946361344964, 0.13356633437866847, 0.0630334034144522
0.8116983068240123, 0.5534067473610151, 0.17496203173645594, 0.06985156203638619
0.8068525169602645, 0.5473465566560353, 0.17474459756816355, 0.07227672928422367
0.8211618493814492, 0.48805897948975363, 0.1625438864571401, 0.07253364757319557
0.8189954962658913, 0.49889881556293403, 0.16420660525679395, 0.07178302732308339
0.8749216122227923, 0.6709558133847813, 0.11581993582742797, 0.057181145667410734
0.8424833247819394, 0.6450344911043201, 0.14849119368095237, 0.06785364281281117
0.7890086084031697, 0.6338470507429926, 0.19506220041781483, 0.08099433020215226
0.8104441023886894, 0.7691430151615466, 0.16994603752398396, 0.07230050686192982
0.7763525454649107, 0.732458344331357, 0.2036696845421696, 0.08494161265506397
0.8436805199247477, 0.6587738419593749, 0.15331220755329314, 0.06904413270971121
0.8283450202382988, 0.6017361725142422, 0.15545170320999308, 0.06903149458301165
0.8442506128498946, 0.5868791157490076, 0.14393151674733398, 0.06645856269343992
0.791460007981301, 0.6241587078018589, 0.20009803839655882, 0.07415973787605845
0.8162590502251867, 0.7319065979535635, 0.1711813161193853, 0.07080992577103111
0.8392908044011174, 0.6828319765667735, 0.1623313064104667, 0.06774224614098387
0.8444786500199533, 0.6566284293005474, 0.1585170077025661, 0.06951566617208094
0.7859871158998917, 0.6442027651427644, 0.20042862556926466, 0.08111047958705925
0.8045721452596774, 0.5954985133528397, 0.18062792613928255, 0.07261539909775874
0.7778347870702924, 0.797915677842481, 0.20621579031926565, 0.08278677181050602
0.7716777834787071, 0.7404375573942269, 0.21493040610471112, 0.0825806471993468
0.8041730802120746, 0.6610621032157195, 0.18407594757990609, 0.07455684322731025
0.8442506128498946, 0.6209488449326521, 0.15365074880916457, 0.06877039242334088
0.7963057978450487, 0.8306900446673945, 0.19160191902901283, 0.07694144826978651
0.7945955190696083, 0.7657654790495407, 0.18905087140250865, 0.07906187383048656
0.7323983809360926, 0.7754632887999604, 0.25588398056830236, 0.09835356787550721
0.811755316116527, 0.7139043810956665, 0.19145682376875037, 0.07666429120616713
0.7867282367025825, 0.662136382339081, 0.20634443011010845, 0.07950963240576354
0.8423693061969101, 0.5845219770415732, 0.15286605041544632, 0.06557072928962701
0.8636337723048857, 0.5434189909148138, 0.132571519256772, 0.06344029647615997
0.8427113619519981, 0.5538778367110027, 0.1494916920504877, 0.06508663125123038
0.8335898751496494, 0.5400687444608513, 0.15419968343000537, 0.06670042474201802
0.8054842939399122, 0.5402679618855356, 0.1785086978338956, 0.07526653426709834
0.8754917051479391, 0.453735341836707, 0.11740292928469678, 0.0582864552580456
0.08431674362921156, 2.30483708792949, 0.9032259631151408, 0.34260275262923556
0.11099709252608175, 2.298032392886541, 0.8978090329037155, 0.4899150970403698
0.1074625163901716, 2.3350891931850346, 0.8757905860008557, 0.4785121025076946
0.19862037512114475, 2.3361718437091414, 0.8367107775475678, 0.31259614646149975
0.16395872527221939, 2.263215058763679, 0.8519698609792096, 0.3340285676792547
0.15187275525910723, 2.4699999468606975, 0.8615720163935842, 0.35383147425324407
0.25289322159512, 2.042714107682894, 0.7489957650023615, 0.28312227741837753
0.31258195085798984, 1.9357387330086797, 0.6983850631275443, 0.23074569492324648
0.501510746251639, 1.8048562364372736, 0.5042409029916842, 0.1703410247421588
0.43019212131577445, 1.7080406304076123, 0.5665142706852586, 0.21526773445441902
0.5296733367538908, 1.5560954908377007, 0.4836730883235802, 0.1422575491250642
0.528761188073656, 1.5764897516947993, 0.4815205791356909, 0.14271940114373557
0.6288124964369192, 1.3650950042184826, 0.36687290521539784, 0.11172184633357585
0.5623966706573171, 1.4106878926096684, 0.43333375485747827, 0.13097815149521885
0.5672994698135796, 1.356076092483207, 0.4170675313574808, 0.13041392511531233
0.6070919559888261, 1.2603366757985648, 0.3960536674621835, 0.12741128308433347
0.7005301864203866, 1.0017209559264686, 0.2862563459594694, 0.0981372553155852
0.647910609429337, 1.026239265259348, 0.355099931579301, 0.1149326655127895
0.6739638561085457, 1.0093956690813206, 0.31792050992831916, 0.10103606184108997
0.6947722478764039, 0.9013264270069924, 0.29371200911324596, 0.0966923698852323
0.6891283279174505, 0.8592957477926567, 0.30787334398008925, 0.10463139553425796
0.6886152442848185, 0.9048406014487689, 0.29918039231357585, 0.10213778522931571
0.7342226782965623, 0.8046942255812536, 0.2666121580015053, 0.0999655635889774
0.765805826349695, 0.7400719059553605, 0.23384925705018073, 0.08470297204536106
0.7074283108146628, 0.8442028957706283, 0.28262865355906713, 0.09512022984111837
0.764380594036828, 0.6707564645969442, 0.2229484077269737, 0.0819871016257612
0.7755544153697053, 0.6505700879000295, 0.21508189551184784, 0.07928168131021025
0.7494441593979819, 0.7024914609533459, 0.24651609637572677, 0.08516837750435942
0.7863291716549797, 0.5928681442233672, 0.19910109610823856, 0.07876749474022454
0.8222450259392281, 0.5457943676230821, 0.16672195659691572, 0.06980585491204845
0.7783478707029245, 0.6215504980919243, 0.2060021507599694, 0.07829192272770977
0.788780571233111, 0.5823144968278658, 0.1961817804628374, 0.07534169002496918
0.779887121600821, 0.627026783079219, 0.20258032366446233, 0.07645609914192165
0.771848811356251, 0.6625931754652647, 0.21255538546166114, 0.07821255221912285
0.7770936662676016, 0.6127223258669324, 0.20377253963182335, 0.0831534246518013
0.7888945898181403, 0.5812965986160082, 0.1957601031799756, 0.079688601183102
0.8675674134883986, 0.45362030771098993, 0.12874985164980507, 0.06163332445593324
0.8311954848640328, 0.5031728274467149, 0.1606797414927272, 0.06941404630297691
0.793056268171712, 0.5697447238020104, 0.1900540149066983, 0.07668703715387946
0.7865001995325238, 0.5874154043768722, 0.19712040519102672, 0.07716485147206927
0.850578644319024, 0.48554645502020444, 0.1442562482122233, 0.06502117722900454
0.8220169887691694, 0.4807080326597987, 0.1598616644955305, 0.06876049224520236
0.8690496550937803, 0.43710482165160697, 0.12508166654200162, 0.06008973210668813
0.8553674248902571, 0.45044377011610515, 0.135566194954681, 0.06346675005311946
0.8449917336525854, 0.4769556022011208, 0.14594640297129258, 0.06768146995739856
0.8282880109457842, 0.4610677378176629, 0.152138723182163, 0.06858553727851571
0.8686505900461775, 0.42927444224055983, 0.12137602343710512, 0.05979052921661515
0.8397468787412348, 0.4741460561757589, 0.15032432939348922, 0.06577106474243301
0.8673963856108545, 0.40982137457479895, 0.12246850074330384, 0.05873508096314173
0.8795393649164814, 0.3887654826632044, 0.11603835625396836, 0.05816655176936643
0.8683085342910895, 0.39978027704492153, 0.12084492361398552, 0.058579115732670245
0.8480702354483781, 0.4196501132647424, 0.1347026116035972, 0.061849240719616866
0.8669403112707371, 0.3817800685611802, 0.12100946184112805, 0.05876234958944901
0.8802234764266575, 0.37748924184746385, 0.11429262731943318, 0.05799081945958605
0.8435094920472037, 0.42588650700944286, 0.13985405185704208, 0.06412781280293936
0.85930106607377, 0.407302061950014, 0.1285275201731567, 0.06114685374088758
0.8473291146456873, 0.40565979029624577, 0.1360519040192273, 0.061934908435726375
0.8553104155977425, 0.39307673272126636, 0.1279564781295497, 0.06165767091260048
0.8986374779088991, 0.3422276135540419, 0.09777512338352644, 0.05234023001419294
0.8864944986032723, 0.36682072571105745, 0.11539901024695062, 0.05706542922370412
0.8949318738954449, 0.3501315297186768, 0.1006243191744574, 0.05308629454363531
0.8951599110655036, 0.33545678483676294, 0.1007732441735734, 0.053426079879761314
0.8538281739923608, 0.38718145612121707, 0.12765911499461788, 0.06067447293526995
0.8974402827660909, 0.34095583107752764, 0.10018703886584172, 0.052703078464247335
0.8869505729433897, 0.3579058536511895, 0.10687392202084739, 0.05544302988592337
0.8966421526708853, 0.3266168226474515, 0.09568094370723738, 0.05200260894569375
0.8543982669175075, 0.38622853252073747, 0.12689282557994652, 0.06004145750011548
0.8797674020865401, 0.350395898347033, 0.10907712952097252, 0.05410421625916137
0.8975543013511202, 0.312037624853516, 0.09507832557140036, 0.05142798079852664
0.8992645801265606, 0.31492247169544646, 0.09179238697952559, 0.05102762810069125
0.9056496208882048, 0.30354821024198225, 0.08602283871566353, 0.049240437936281654
0.8901430933242118, 0.33156171455306727, 0.10160904495256703, 0.05410561667129052
0.8909412234194174, 0.3237875737624496, 0.09966950596792547, 0.05398370095219754
0.8947038367253862, 0.3200807851378251, 0.09913968049788387, 0.05278554404768945
0.8915683256370789, 0.32768708625806137, 0.09892460457669436, 0.05306140475171303
0.9034262584801322, 0.298706809022781, 0.0887727145370789, 0.049688932266685575
0.8856963685080668, 0.3405366477356037, 0.10423686390695643, 0.052714430919298706
0.913972977595348, 0.2858536874430073, 0.0810087653773856, 0.04724349523117015
0.9088991505615416, 0.2977271429980538, 0.08945340769543852, 0.05115677839962479
0.91095148509207, 0.29501881753446946, 0.08612300180532144, 0.04879398991782982
0.9094692434866883, 0.28379114007219486, 0.08316127814959293, 0.04827497440935809
0.8920814092697109, 0.349431411156194, 0.10149955914079566, 0.05202034430524266
0.8995496265891341, 0.33191577470357114, 0.09412760789398572, 0.04974604290634818
0.905079527963058, 0.32843910516115726, 0.09025625672873144, 0.04933150587264199
0.8617524656519012, 0.3886404679615028, 0.1235219337397149, 0.05929980472823023
0.8750356308078217, 0.36426104005194593, 0.11311383725329371, 0.055240557605248826
0.9034262584801322, 0.30048359295668847, 0.08876301389044296, 0.04914457980979457
0.9197879254318454, 0.27217786645061576, 0.07422187108369466, 0.04593279682397187
0.9070178439085571, 0.2897739637334609, 0.08487436371282907, 0.04852074028591511
0.889401972521521, 0.34029405270305063, 0.10063174879738673, 0.053173113134771535
0.9078729832962773, 0.30974269392025977, 0.0877450832557566, 0.05044040322058377
0.9138589590103187, 0.2860357994134059, 0.07967934777735883, 0.04837836584625196
0.8768029188757768, 0.33969196161005116, 0.11050209065149458, 0.0544810691851466
0.8738384356650134, 0.35001392702863376, 0.11443104863860638, 0.05642145660141247
0.897953366398723, 0.314701252933467, 0.09439449766297221, 0.05005927372817747
0.9228094179351234, 0.26752497932237496, 0.07294312437010714, 0.04663781702376832
0.9175645630237729, 0.2687147559209201, 0.07870769116606981, 0.046481950194563304
0.9146570891055242, 0.2773294420003473, 0.08319064662313008, 0.04735567450792105
0.9234365201527849, 0.2614117301290647, 0.07280611825151788, 0.04446564454065217
0.9147140983980389, 0.27215194139158305, 0.0807884391944263, 0.04718333699121111
0.9118066244797902, 0.26971660578619244, 0.08189932962382324, 0.04710446270305671
0.11949147711076906, 2.297051414702109, 0.8715029389324197, 0.27531595132901876
0.1031868194515706, 2.3196517596949695, 0.88128524497292, 0.4779751453255742
0.2262698819907645, 2.3325841944979246, 0.7814631989343387, 0.2736044532543506
0.13260361438914542, 2.2803014224600844, 0.874770536489582, 0.4773843443955449
0.1468559375178154, 2.2352252826710517, 0.8584120287672923, 0.4598135823096427
0.1922353343595006, 2.137528859714738, 0.8115959674370353, 0.3611872845361747
0.35368565076107406, 2.032092575818686, 0.6766688415005455, 0.2583837485460728
0.3197651217148395, 1.986223098177111, 0.693797612987908, 0.25550753029047135
0.4567014423351006, 1.8095489917476435, 0.5521301526604363, 0.15403329287714862
0.46793227296049256, 1.7721766310511275, 0.5455648042248364, 0.157588163268775
0.4899948691636737, 1.532445519906032, 0.5033708971244404, 0.15490140529453555
0.5915854284248332, 1.396614133500399, 0.41512559806564975, 0.12491797557299816
0.5377686562909755, 1.3880147167978603, 0.48394379823415434, 0.14019463036408555
0.6027022404651958, 1.2160126304508894, 0.4146295860651631, 0.12236912199863743
0.6558919103813922, 1.1406816331747525, 0.3460274291487378, 0.10892304494209204
0.6137620432130437, 1.112854695158596, 0.3977962799038123, 0.11536324999493748
0.6406134199874579, 1.0433463873986772, 0.36086271219735155, 0.1120357716382043
0.6277293198791403, 1.0449734441483656, 0.3796830002397869, 0.11701339847916134
0.6624479790205804, 0.973329204971883, 0.34006271301213453, 0.10478175294089968
0.6519582691978792, 0.9204926049046579, 0.34994338273630304, 0.11479375254338998
0.6816601105980274, 0.893497179008816, 0.32229102182030767, 0.10372361429385117
0.7112479334131463, 0.8059100373770489, 0.2849684688403865, 0.09838936125164684
0.7773217034376604, 0.6815008230058835, 0.20724654799254888, 0.08276625815093143
0.7108488683655436, 0.8615260280761756, 0.2763234395823989, 0.1004025290003939
0.7322273530585486, 0.7677146511764136, 0.2549109290610881, 0.09186010749065449
0.7267544609771392, 0.8174306651120797, 0.2646223805741647, 0.09634840074909468
0.7378712730175019, 0.7518576328063091, 0.2531829186440854, 0.0895704516077316
0.8159740037626133, 0.6179021683599989, 0.18140258539962015, 0.07364528439760809
0.8051992474773388, 0.5693721546002569, 0.18136117324406176, 0.07436413090918198
0.8337038937346788, 0.5484126697338058, 0.1634926442009613, 0.06810973976287381
0.7749273131520438, 0.6246452818734886, 0.2163238315135486, 0.08128453597589883
0.7636964825266519, 0.6302220181290935, 0.2247806347357915, 0.08372609262591649
0.8397468787412348, 0.5287931692901144, 0.1556965721703137, 0.06662489709368538
0.8184254033407445, 0.5759526482178066, 0.18517101909700592, 0.07489849586939691
0.8239553047146685, 0.5080039710747587, 0.16816724023304758, 0.06889743574294664
0.7737871273017501, 0.6364194143746922, 0.21494073981895181, 0.08327887778547005
0.800182429736047, 0.5297085887669023, 0.18388097273360923, 0.0747146199152779
0.8066244797902058, 0.5247605577597771, 0.1737675904386353, 0.07224152980608106
0.8004104669061057, 0.5447252938158283, 0.1828505544853812, 0.07520081044865055
0.8069665355452939, 0.5195207711272347, 0.17889223863277223, 0.07107988441557594
0.802861866484237, 0.5194966996026212, 0.1823713122504315, 0.07411931271530156
0.8111282138988655, 0.5075927046490913, 0.17513876185887597, 0.0712495074678284
0.8083917678581609, 0.5058867302996198, 0.17837882557461313, 0.07365677528448228
0.841856222564278, 0.441527717116037, 0.1468732280490378, 0.06510663685208745
0.8672253577333106, 0.4101754208191207, 0.12763385946495615, 0.06158344343288648
0.8663702183455904, 0.4326029932976306, 0.13041722766988217, 0.0628277295433286
0.8715010546719115, 0.4215403323309554, 0.12863897286515288, 0.06329365765555854
0.8719571290120289, 0.4139535819832185, 0.12327173560384445, 0.05949425024445187
0.8821617923721566, 0.39134388400195963, 0.11455872206700382, 0.057274511205703885
0.8730973148623226, 0.4199003762476143, 0.12348300620994493, 0.05888005901433574
0.8813066529844364, 0.3861281543332223, 0.11530174458103035, 0.05728874573063633
0.8901430933242118, 0.3735572569301799, 0.1065362193110535, 0.05673332160598703
0.8786842255287612, 0.3684180251842849, 0.11228284053284383, 0.05683341857651047
0.8557664899378599, 0.41801480279581715, 0.13443166624462688, 0.06150810866622438
0.8267487600478878, 0.47027714975599555, 0.1583284366018446, 0.06626583760312492
0.8641468559375178, 0.4077313895781734, 0.129961073343139, 0.06049045773439394
0.8555954620603158, 0.39090197978494906, 0.1292710314975132, 0.06053178978107072
0.8206487657488171, 0.5065273197342196, 0.16049209279608237, 0.06866488268611655
0.8547973319651103, 0.4049316938769912, 0.13509566441740595, 0.061625122380241495
0.8690496550937803, 0.40985593171161344, 0.12611449166025476, 0.060011635819270534
0.8636907815974004, 0.39058290092262016, 0.12590648211349026, 0.05946621859206108
0.8672253577333106, 0.3753465837562213, 0.1183705333183731, 0.05698700436743808
0.8427113619519981, 0.40933777257785714, 0.13652395664682027, 0.0656150580344131
0.8468730403055698, 0.4151885081633599, 0.14094028118675545, 0.062169377006030514
0.8643178838150618, 0.37634400198498397, 0.1226775339981042, 0.05945775820833199
0.8504646257339946, 0.3946385734855426, 0.13153463319254083, 0.06122512290267174
0.9010318681945158, 0.31995821095415955, 0.09186603960057914, 0.05064169575666207
0.8926515021948578, 0.32463143904114555, 0.09896118824959536, 0.0527727487488562
0.8798244113790548, 0.3444027680547552, 0.10629450021683544, 0.053656281227879646
0.8981814035687817, 0.32029982161634296, 0.09542175381652127, 0.05099272512245865
0.9088991505615416, 0.3078653382444142, 0.08702955885412353, 0.04928528351598703
0.8701898409440739, 0.36007868899855994, 0.1152394197412195, 0.05748793491923216
0.9088421412690268, 0.29100052874087634, 0.08506078078608942, 0.04811049575650632
0.9127757824525398, 0.282990204691811, 0.08217381730364698, 0.047637431506699565
0.9075309275411892, 0.293768784137022, 0.08583823068056119, 0.05006155477450381
0.9025141097998974, 0.30945023971651425, 0.0942958520864482, 0.05216135997976814
0.8927085114873724, 0.32374491377754594, 0.10052941600799697, 0.05323043075152936
0.9082720483438801, 0.28989772573835254, 0.08600927911399885, 0.049188966712586456
0.9105524200444672, 0.2839231446279189, 0.08399592506603815, 0.049233318711389334
0.9089561598540562, 0.27765804788995135, 0.08435956248341413, 0.04830954602285474
0.8966421526708853, 0.30243026395458755, 0.09471702038767031, 0.051501955472768535
0.9148851262755829, 0.27142798573609167, 0.08053233922453729, 0.0469656399542199
0.8724702126446611, 0.35380815205602056, 0.1138446258564508, 0.05610385720121365
0.8743515192976455, 0.3466156191130361, 0.11144201847175798, 0.05683161201173089
0.9037683142352203, 0.30375207093167456, 0.09182973225278396, 0.05034088387417288
0.8892879539364916, 0.3231657821716662, 0.09951728307793706, 0.052776112571535826
0.8689356365087509, 0.356192852462224, 0.11602281358898363, 0.05551818549256643
0.9001767288067956, 0.3053309777718481, 0.0927192149273987, 0.04996573668021638
0.9160253121258766, 0.26952053166695844, 0.08071372024180244, 0.047058609307509186
0.9195598882617867, 0.27072504463041247, 0.07978120002426924, 0.04701818521856848
0.9232654922752409, 0.2587073713833984, 0.07362348835501252, 0.04549259063410985
0.8915113163445642, 0.2962146616521616, 0.09564771835153175, 0.05104036409471334
0.8926515021948578, 0.30428108963782313, 0.09298402788404317, 0.05076476800413544
0.9230944643976968, 0.2537612143018435, 0.07287728893933426, 0.04550054308796654
0.9228664272276381, 0.24717691089644378, 0.07320545740827927, 0.045746592944518015
0.9218402599623738, 0.2529622034150912, 0.07339051396900576, 0.04506006471063353
0.9270281055812097, 0.2409276219302239, 0.07116639249075071, 0.044452441633295224
0.9194458696767573, 0.25499151032972217, 0.07564337808698003, 0.0456401749974526
0.9134598939627159, 0.26787643338172445, 0.0818331140574438, 0.046902260193082815
0.9293654865743116, 0.23112277545588844, 0.064812346330833, 0.041440806638137026
0.9306767003021492, 0.22570645322801972, 0.06441112974876825, 0.041776755377467924
0.11196625049883131, 2.3025455560211743, 0.875997454287292, 0.21413413463474526
0.09965224331566046, 2.3229605725877036, 0.9191109499124483, 0.4751952369110268
0.23259791345989397, 2.2698702565702553, 0.7722175672804272, 0.2408433114072574
0.327518385496836, 2.202663827830006, 0.6850682548461087, 0.20978101349958636
0.11692605894760846, 2.2763277440880922, 0.8853384393806834, 0.4630512594357992
0.3113277464226669, 2.1636191122779675, 0.6769908590147081, 0.28654347944952563
0.30859130038196225, 1.8936269297090633, 0.7102630117160009, 0.3056730411639691
0.3525454649107805, 1.8831840635661041, 0.6407310924989337, 0.23734475799682517
0.37831366512741577, 1.6866780062400997, 0.6409126920651996, 0.21474285908133797
0.41554073313950174, 1.6268836845792003, 0.5869905475633437, 0.18452443409667782
0.5586340573513483, 1.384953683454684, 0.44719247394700035, 0.12884976498346462
0.5784162818539422, 1.3274556876599133, 0.42801248554862964, 0.13402578652647965
0.6097143834445015, 1.1679713109107934, 0.38895887409652397, 0.125080327437208
0.6030442962202839, 1.1578741579951402, 0.39526485900988306, 0.1296955339145138
0.6376489367766947, 1.212184106580776, 0.35199696624378896, 0.11437779651922927
0.652015278490394, 1.1129446232550284, 0.3490203211453158, 0.10683541053175588
0.6581152727894647, 1.1568386223916656, 0.3316577132339905, 0.11017995562110261
0.682458240693233, 0.9566604539280107, 0.30659730320845535, 0.10004477459003719
0.6828573057408358, 0.9622872480164265, 0.30883872483192865, 0.10275483122624303
0.6777264694145145, 0.947286609896018, 0.30943162732380797, 0.10560198561804696
0.6798928225300724, 0.9390312730261482, 0.3164795677481252, 0.10147070404600328
0.7253292286642723, 0.8417603022868995, 0.2833003263595007, 0.09540931025293452
0.7599908785131977, 0.7434071559898802, 0.23225341713570877, 0.0885800435102309
0.7695114303631492, 0.7520840328484502, 0.22590458957861945, 0.08765931250944137
0.7422039792486175, 0.736216061370163, 0.24367762391891346, 0.08989173612764809
0.7760674990023374, 0.7071148262218343, 0.22060434281396357, 0.08178211508118878
0.7754403967846759, 0.7130761119372279, 0.2227188972107862, 0.08505745773149213
0.7908329057636395, 0.6657196031404982, 0.20854002956530235, 0.07773662354414575
0.8146627900347757, 0.5839035824831299, 0.17962098853143552, 0.07340802282022407
0.8356422096801779, 0.5723355215034972, 0.1646939162239569, 0.07001623069514262
0.8385496835984265, 0.555306301179263, 0.1626966509292303, 0.0684682833125862
0.8322216521292971, 0.5384441604436915, 0.16328525189516493, 0.0698270518036266
0.8472721053531725, 0.5323537018452833, 0.1539093276882842, 0.06901398101228322
0.8661421811755317, 0.4834267511470282, 0.13236996741095955, 0.06255020594083321
0.8457328544552762, 0.4965552897624856, 0.14761607762878887, 0.06469360453087834
0.8482412633259221, 0.488324982796023, 0.14691782687261803, 0.06554454879629681
0.8494954677612451, 0.5064712329172195, 0.15063550913798554, 0.06567350106231258
0.8573627501282709, 0.478684920356306, 0.13614989859707458, 0.0654447232053856
0.8226440909868309, 0.49995233340456563, 0.16610124829099934, 0.07120607392102313
0.8392908044011174, 0.4813517259566229, 0.1501608714999607, 0.06850686216983423
0.8200216635311556, 0.5056429882846838, 0.1692996290640756, 0.06956960672216908
0.8691636736788096, 0.4306301368046729, 0.12630112270703472, 0.060831189273905434
0.8512627558292002, 0.43696538263246004, 0.14139771722121566, 0.06380358355064542
0.817798301123083, 0.49293297745465975, 0.16863412488290247, 0.07061348254468804
0.8241833418847272, 0.4838422785709843, 0.1664057605591862, 0.06840377209271056
0.8202497007012143, 0.48864883773678613, 0.16687665620669473, 0.06977174554437146
0.8577618151758737, 0.42473164239508904, 0.1356509505805574, 0.06267716682722434
0.8183683940482298, 0.4826541772716806, 0.1656326909063198, 0.07192565077177354
0.8510347186591415, 0.4230250806484679, 0.13750566383543197, 0.06308400344839328
0.869619748018927, 0.39125385917095207, 0.12471266787994223, 0.05912596196753097
0.8939627159226954, 0.3606032869499113, 0.10312809097727349, 0.05459251179212334
0.8830739410523916, 0.37902862032827356, 0.11096170253114826, 0.058051106103958715
0.8490964027136423, 0.41683222273618076, 0.13978480014462064, 0.0645325308241325
0.8397468787412348, 0.4346602822252266, 0.147978676091076, 0.06593211313235471
0.865173023202782, 0.3891495883561086, 0.12730072722072666, 0.05970379709667689
0.8716720825494556, 0.3654843119132219, 0.11814256360815747, 0.05689533777713976
0.8973262641810615, 0.3327848822063785, 0.09853311007162338, 0.05207177402415406
0.8679664785360014, 0.38342003547042286, 0.12116663880835343, 0.058070674749906355
0.8994926172966193, 0.33153313223386477, 0.0958136321264502, 0.051346067433111375
0.8747505843452483, 0.36151636259700515, 0.11654700523794632, 0.057133713887317396
0.8805655321817456, 0.3506513290386206, 0.11092049879735244, 0.05552337063588287
0.8633487258423123, 0.38815398967004666, 0.127600897152557, 0.059140537201291456
0.8619234935294453, 0.3784660772229407, 0.12662386285390692, 0.058359200081766795
0.8928795393649165, 0.3288629451500556, 0.09803818668033719, 0.05371590427918252
0.8693347015563537, 0.3575597210434241, 0.11635235777181087, 0.056944091411717884
0.9073598996636452, 0.3051374813676374, 0.0902666945519633, 0.049875375969895205
0.9081580297588507, 0.30486010701764665, 0.08955228026067509, 0.05006007841406697
0.9119776523573343, 0.29493444281168035, 0.08556645547672527, 0.0497386668744625
0.913972977595348, 0.2969306618696272, 0.08187861050725212, 0.04974121661182138
0.9012028960720597, 0.31906032324904093, 0.09441322592252739, 0.05237988900659877
0.8892879539364916, 0.3214249989463383, 0.10087946875458759, 0.05202478298500455
0.8727552591072345, 0.34764631114563815, 0.11414433628415675, 0.05624135620561611
0.8838150618550824, 0.31923087349167717, 0.10512617687411423, 0.05371740507658159
0.8884898238412862, 0.3146079288736178, 0.09979493591894892, 0.053387482524245994
0.9142010147654067, 0.2733852784341201, 0.08645213369274195, 0.0488718922127562
0.9240066130779317, 0.2549596849634462, 0.07548488957188822, 0.045763786654145606
0.926971096288695, 0.2505291113597218, 0.06860354641729316, 0.04413560376482007
0.9087281226839975, 0.2805392641160834, 0.08633222488059317, 0.04839586640732258
0.9163673678809646, 0.2682486295752859, 0.08111626911789256, 0.04693298940875451
0.9184197024114931, 0.2583377185103074, 0.07769613990520118, 0.04734575010730945
0.8927085114873724, 0.3010819668357862, 0.09621235986079371, 0.05121044138261216
0.8933356137050339, 0.2993936639473723, 0.09540533320210075, 0.05145835629912978
0.869619748018927, 0.3563120032034691, 0.11483247801602638, 0.057039731404247576
0.9231514736902116, 0.2479305842897979, 0.07299598993412118, 0.04608551098870033
0.920928111282139, 0.25151921362314894, 0.07435038632087271, 0.047174303884379876
0.9129468103300838, 0.2680781378212908, 0.08289607927515212, 0.049260012479769355
0.9006898124394276, 0.28978706560097023, 0.09231556840327544, 0.04942239147602266
0.8871216008209338, 0.31766861166196064, 0.1036845326055171, 0.05271353187205756
0.8811926343994071, 0.32986809399603795, 0.1062516766261208, 0.05402337244808049
0.9138589590103187, 0.26114900033568006, 0.08006059317525147, 0.04668086977871866
0.9289094122341942, 0.23429935416783154, 0.06635533619676813, 0.04274654167744161
0.9258879197309161, 0.24788445218789357, 0.07111796318885516, 0.044050129612285646
0.8844991733652585, 0.3432712156589449, 0.1103712058200748, 0.05659241903121401
0.9007468217319423, 0.2955923825246283, 0.09028520428991778, 0.050051829060275124
0.9118066244797902, 0.27471511049675656, 0.08261952796045768, 0.04758935979309197
0.925545863975828, 0.2389320489096009, 0.0699870458181399, 0.04315307450392307
0.9233795108602703, 0.24274936085157017, 0.0760286053424625, 0.04545973734282899
0.9094692434866883, 0.2651589877187382, 0.08299786615706033, 0.04701198216728079
0.9286813750641355, 0.23260905280411992, 0.0677882317783583, 0.04304179898245249
0.9226383900575794, 0.24249092971124894, 0.07351098681121028, 0.04464072324124109
0.9304486631320905, 0.2230780492965176, 0.0651234090924545, 0.041190851202143636
0.09389430477167779, 2.308443460746649, 0.9232978544725695, 0.3638111343542756
0.12011857932843054, 2.341257570080893, 0.8662278034469023, 0.38910185879617365
0.0986830853429109, 2.319716324509091, 0.9033972696551064, 0.4936751829898479
0.12747277806282423, 2.2612860041927103, 0.8823331280790991, 0.46290560170604245
0.2548885468331338, 2.2638898566581864, 0.7767756161466357, 0.32876726641246656
0.34553332193147485, 2.149295950451053, 0.6792321523009502, 0.2073313797114434
0.3853828173992361, 2.04139400107186, 0.63192778714668, 0.18406610251692507
0.27182030670999374, 1.9828762183265645, 0.7337311364440667, 0.25704904055279604
0.3874351519297646, 1.8489401651794095, 0.6138733372192938, 0.21034305622888094
0.5550424719229234, 1.608376378861102, 0.4640502043376772, 0.13253387814763543
0.5010546719115215, 1.5149016058704585, 0.5090694954857446, 0.14621865862630493
0.5065845732854455, 1.49307524326943, 0.5129379796119903, 0.14735984702557547
0.580240579214412, 1.285970177341096, 0.4229881820942855, 0.13324620463608428
0.5785873097314862, 1.2723306180861174, 0.4388610349581557, 0.12702469565405092
0.5927826235676416, 1.3897295924672706, 0.41614719346475026, 0.13036831560655066
0.5641639587252723, 1.3186005339052786, 0.4505888635122907, 0.13882524943412886
0.6478536001368222, 1.1802536612192334, 0.35520182627713126, 0.11981666012770086
0.6493358417422039, 1.1107281808520042, 0.3454790395805691, 0.11435146575861177
0.6529844364631435, 1.1429001464539321, 0.33749726668189167, 0.10861959289741652
0.6654694715238584, 0.9893646759188275, 0.31825280446662585, 0.11254634756686281
0.690838606692891, 0.9611769630104604, 0.3015605813078492, 0.10788133910407875
0.7382133287725899, 0.813769445142254, 0.25343704781068177, 0.09141335794516145
0.7086825152499857, 0.8385256498996405, 0.2798301943018962, 0.09586307087743068
0.6820591756456302, 0.879066201281462, 0.30511779009865747, 0.10712416905887175
0.741063793398324, 0.7534214351586388, 0.2519788191792602, 0.0908118902874349
0.7737871273017501, 0.6748214625598374, 0.2142478519040001, 0.08105772262377446
0.8034319594093837, 0.6683165826639087, 0.19730697241463724, 0.07718854953894201
0.8053702753548828, 0.6380959696253062, 0.18931169022609826, 0.07422102273998664
0.8296562339661365, 0.5927970968599927, 0.16357910801065226, 0.06912998929064024
0.8082777492731316, 0.6228171571021792, 0.18717113169555424, 0.07537322072057046
0.7896927199133459, 0.6494225004153142, 0.21016394877694572, 0.07931001524873967
0.7976170115728863, 0.6243451717146921, 0.20193371791745357, 0.07887510438713108
0.8040020523345305, 0.5870600843623274, 0.1883821411468257, 0.07770553730941995
0.8228721281568896, 0.5666997752132048, 0.17786952401833703, 0.07314129999808022
0.8260076392451969, 0.554163835850335, 0.16719929431957944, 0.0709968410251091
0.7660908728122684, 0.6392200427396079, 0.21466749578044872, 0.0832204672055772
0.8006955133686791, 0.5687321638110251, 0.18252662519197732, 0.07565867183004878
0.8329057636394732, 0.5598768586067001, 0.16657681178115463, 0.0706859069689664
0.8087908329057636, 0.5621806426719691, 0.17890465243128148, 0.07255816449570424
0.7849039393421128, 0.5819024039443769, 0.20125189305931548, 0.08049993378379126
0.8322786614218117, 0.5420926566350457, 0.16603498318100895, 0.07038761168851612
0.8367823955304715, 0.5224195202333326, 0.16034649795459782, 0.06798921817114327
0.8459608916253349, 0.5006111257644098, 0.1507063464211302, 0.06719236857777988
0.7675161051251354, 0.6180994835984505, 0.2188948025811173, 0.08230468299561129
0.8347870702924577, 0.5196040539853252, 0.15998061218087997, 0.06881016209226604
0.8510917279516561, 0.4694949362897834, 0.1430776657544367, 0.06593391676367101
0.8297132432586511, 0.5082866563410751, 0.16311492386807486, 0.0707847226288306
0.7963057978450487, 0.5496976465771877, 0.19090644050316904, 0.08153054625872656
0.8269197879254319, 0.473538520127122, 0.16144266253995304, 0.06927925608580206
0.8199646542386408, 0.5013362232071484, 0.16711007176270665, 0.06908690529627863
0.8479562168633488, 0.4428367696865386, 0.13983555509353573, 0.06455607118006608
0.8733253520323813, 0.41438561963244186, 0.12093370307662724, 0.059584393808026055
0.8409440738840431, 0.4484189624440956, 0.14423380398494062, 0.0660807319544801
0.8274898808505786, 0.4811498811346366, 0.16409792425018493, 0.06834848641929617
0.8543982669175075, 0.43540290830136685, 0.14158312206754026, 0.06384654660304029
0.8178553104155978, 0.48808932153257106, 0.16292623900484163, 0.06878431858446202
0.827432871558064, 0.4751576675906569, 0.16014962034517083, 0.06867145800331673
0.8752066586853657, 0.3960137870180512, 0.1220058323425899, 0.059433392093862496
0.8607262983866371, 0.41589344446416454, 0.13510493902459925, 0.062330231056059816
0.8718431104269996, 0.3962839536560145, 0.1222245325626912, 0.060001284869509765
0.8862094521406989, 0.371220869186352, 0.10946346410296227, 0.05672476690193012
0.860555270509093, 0.42470312117606435, 0.1282734066073845, 0.06048889484430191
0.8504646257339946, 0.43696655060574147, 0.13451688305952034, 0.0627725736998811
0.8137506413545408, 0.5089879555076429, 0.16950339414169588, 0.0690117625680508
0.8225870816943162, 0.4724880818384887, 0.1624916482431922, 0.06796491206990275
0.8744655378826749, 0.39193437954029803, 0.12333486849618698, 0.059950335376021915
0.8928225300724018, 0.4793061590834464, 0.10633046927689258, 0.054847206374116414
0.8628926515021949, 0.4879821811916678, 0.12936106580137927, 0.060568379297646226
0.8801094578416282, 0.4360999427407684, 0.11381459564199742, 0.05733880883037995
0.8527449974345819, 0.4797893303687147, 0.14599717278362637, 0.0646513778965701
0.8589020010261673, 0.45557314272105376, 0.1326622247888791, 0.06231430236528299
0.8791973091613933, 0.42226704437497825, 0.11590716117227828, 0.05830439109757354
0.8588449917336526, 0.4290911310090791, 0.12413422407763726, 0.05964836440114795
0.8741804914201015, 0.4235717152324665, 0.12200113081226088, 0.059146588409343746
0.8855253406305228, 0.3996360573270305, 0.11418157272938984, 0.056511043748245934
0.8584459266860498, 0.4047250949836889, 0.13102961130898877, 0.06343721494284868
0.893848697337666, 0.3690834198816561, 0.10665346412360029, 0.05647552429056711
0.9020010261672653, 0.3545650422227673, 0.098291982738197, 0.05403446321179705
0.8755487144404538, 0.3778945267782699, 0.11132452866225938, 0.05724442994709234
0.8592440567812554, 0.4016820641789907, 0.13091921363643721, 0.06277870752849862
0.8836440339775383, 0.44653734915860227, 0.11294824745063002, 0.055913530843827476
0.8484122912034662, 0.5058378485478691, 0.15067917828589544, 0.06689027890522121
0.8614104098968132, 0.459683850389044, 0.13579094296625369, 0.06279880641527667
0.8708169431617354, 0.44096078383378723, 0.12441303188692573, 0.05937941667887567
0.8648879767402087, 0.438708979663084, 0.12701977793208175, 0.06043265877652973
0.8932215951200045, 0.3955457304306972, 0.1021535349875172, 0.05493586267261772
0.8246964255173593, 0.4712705792792617, 0.15735618147955935, 0.06706215427882245
0.8465879938429964, 0.4314170036291631, 0.13726415575310866, 0.0632541459160256
0.8164300781027307, 0.5194819338298384, 0.16217509469157299, 0.07103223877580109
0.8684795621686335, 0.4526611218090573, 0.11672176571632692, 0.057410356489270724
0.8882047773787127, 0.4136629417639203, 0.10809079818226375, 0.05390923085624675
0.8421412690268514, 0.4486398609183811, 0.13997443106995167, 0.06540591477005094
0.8118123254090417, 0.5207130344691091, 0.16907993169868793, 0.07465276312302611
0.8903711304942705, 0.3881177801461401, 0.10753899772385828, 0.055048531559930024
0.8819907644946127, 0.3727846864230518, 0.10981090876621519, 0.056872191632751666
0.8488683655435836, 0.42677030280795175, 0.13536471534232036, 0.06444889215654427
0.8251524998574767, 0.4655821223503978, 0.15789340426168666, 0.06654308680663515
0.8665412462231343, 0.401888911127716, 0.12432993620551289, 0.05980107754135832
0.8197936263610969, 0.47826632322141727, 0.1626686011120671, 0.06880586074656786
0.821731942306596, 0.48428278428699734, 0.1596432081356151, 0.07161979014402077
0.8217889515991107, 0.5091348103505938, 0.1598111558085181, 0.07317822741946543
0.10592326549227524, 2.303147657452692, 0.8790279453976352, 0.2990358451235795
0.18197366170685822, 2.372274136884435, 0.819042058255368, 0.33011665397537493
0.20021663531155579, 2.3311044612963028, 0.7795520944117534, 0.2744095426438238
0.3108146627900348, 2.2288507523038397, 0.708441871808418, 0.2380846716264219
0.13756342283792258, 2.252994213114578, 0.8768833189215631, 0.4738333939194841
0.25705489994869163, 2.150060791856757, 0.7683376903651333, 0.277926377831143
0.16196340003420556, 2.200394550704418, 0.844396626185972, 0.3761257386501357
0.2710221766147882, 2.0378776304799713, 0.7369165381549035, 0.2802649304277786
0.5125135397069722, 1.7298203305265432, 0.49020595260551203, 0.14362319771532456
0.46086312068867225, 1.673388962948596, 0.5263704963914587, 0.17391149782502166
0.515763069380309, 1.464506211113844, 0.48403739691075787, 0.15631642854137964
0.501681774129183, 1.43617614588582, 0.49890405462137205, 0.15190419123185686
0.5696368508066815, 1.2478731128473006, 0.425844539411682, 0.1292921252483674
0.540163046576592, 1.2740427142408512, 0.44783172527612736, 0.1589579666058398
0.5598312524941566, 1.1784882702417177, 0.4271196252244116, 0.1368820597926395
0.5541873325352032, 1.1773902532147558, 0.4411753763697294, 0.13805830863607188
0.6413545407901488, 1.023099694881633, 0.3604576080948086, 0.11103288457589096
0.7591927484179921, 0.8835187361780977, 0.24283408689600713, 0.08634382435535551
0.6640442392109914, 0.9205005939734083, 0.3360553548358755, 0.10480145073710787
0.6294966079470954, 0.9894111514809111, 0.3707605909696413, 0.13782073261938174
0.7325694088136366, 0.81423137592288, 0.26810173427568507, 0.09717588514432324
0.7592497577105068, 0.7602889828683798, 0.24376202150504278, 0.08701369736310748
0.7458525739695571, 0.7417015748758027, 0.2600954441815501, 0.09383517396016863
0.8250954905649621, 0.6472394626339574, 0.1741126551338211, 0.07431248988763137
0.7750413317370731, 0.6505728369954837, 0.21633426546039514, 0.07907097169599911
0.8144917621572316, 0.6113642343996317, 0.18308159837357738, 0.07339158528150863
0.7676871330026794, 0.647156605113292, 0.21955266822502362, 0.08339133874056737
0.7691693746080611, 0.6690480741180832, 0.22005921943055115, 0.08225123727916374
0.8032609315318396, 0.5936100066269259, 0.19031339788351237, 0.07571568304945495
0.8045721452596774, 0.5630644951468603, 0.1806822490554786, 0.07545179270858801
0.846302947380423, 0.5084830155447155, 0.1454934592199132, 0.06620095695846612
0.848811356251069, 0.5007041117452927, 0.14820591881458128, 0.06502214378605566
0.8105581209737187, 0.5225652130009404, 0.17853131485587095, 0.07367056628200122
0.8314235220340915, 0.49964857905402343, 0.16260314629917627, 0.07082271548742756
0.8144917621572316, 0.5076176907800454, 0.17360362296368684, 0.07321488716595254
0.8157459665925546, 0.5048130323359201, 0.171668963939236, 0.07106631876254325
0.8216749330140813, 0.4938354889175876, 0.1619915115785563, 0.07032471524422254
0.8737814263724987, 0.42124747162583176, 0.1296153191702034, 0.062153917857925
0.8538851832848754, 0.44353939720816166, 0.1395634637344044, 0.06366433699234672
0.8615244284818425, 0.42991208516708096, 0.13035384732150923, 0.06282491702019631
0.8766889002907474, 0.40398141010331107, 0.1179851446221849, 0.05816590593117664
0.8854113220454934, 0.388454485864038, 0.11238584873406822, 0.05724873084322872
0.8655150789578702, 0.42247498203753453, 0.12919551406160465, 0.06103079923228355
0.860555270509093, 0.41039403650834694, 0.12929119227463715, 0.06327101843412876
0.8715580639644263, 0.38603322011343033, 0.11982456661236286, 0.059537839213540195
0.8638618094749444, 0.4232985151496561, 0.13374969024382255, 0.06465350119845324
0.8932786044125193, 0.3649645152452424, 0.1028855660851913, 0.05432121766342217
0.9034262584801322, 0.3403371078046958, 0.09751687987917824, 0.05387977166031663
0.8960150504532238, 0.35882036080503393, 0.10484333236899655, 0.05515408939128645
0.8712730175018528, 0.3957747134200213, 0.12065311666939578, 0.060391468801857334
0.8954449575280771, 0.35381125444334893, 0.10095812572709965, 0.0539439218167943
0.8763468445356594, 0.384762126740976, 0.11705831032485411, 0.057465476025968305
0.8669973205632518, 0.3758861756711059, 0.1212409601585979, 0.05951531433252904
0.8872926286984778, 0.3496857114498931, 0.10540588699061391, 0.055111532292934015
0.843281454877145, 0.4269896973787186, 0.14043859399737849, 0.0665316362571753
0.8806225414742603, 0.3521889461608641, 0.11066058480458198, 0.05693445451576731
0.8837580525625677, 0.34792456699673935, 0.10747379818688892, 0.055579866631086744
0.8992645801265606, 0.3203818337100066, 0.09897404073406162, 0.053161569834515914
0.8941337438002395, 0.32628493808875775, 0.10284155570304893, 0.05497257325189759
0.8994356080041047, 0.31920299103795513, 0.0980301462912578, 0.05311125306688172
0.900974858902001, 0.3169605860924443, 0.09386606311078305, 0.05212804752347134
0.8870645915284191, 0.33788923063299736, 0.10423328076168277, 0.053943200812605854
0.8985234593238698, 0.31036738480083315, 0.09329051775814723, 0.051496064588509805
0.887634684453566, 0.31837949178975716, 0.09988480430803687, 0.053420276133363226
0.9006898124394276, 0.30403137819226117, 0.09252550979337473, 0.05006792155617502
0.9131178382076278, 0.2826535822416147, 0.08049888437729219, 0.04742493179677257
0.9031982213100735, 0.3055687832764631, 0.09026344003018458, 0.05111721830365484
0.9176215723162876, 0.2742442492097702, 0.07965951634792266, 0.04674390152509926
0.9124337266974517, 0.27414344986290967, 0.08097694440472165, 0.047651300440364835
0.9045664443304259, 0.2992711030379122, 0.08974077454033502, 0.05022813476547634
0.8960720597457386, 0.313524574382037, 0.0989904479779722, 0.05201182690233099
0.8660851718830169, 0.36759889338402063, 0.12084276232464625, 0.05780126290905938
0.8969842084259735, 0.2933110081024716, 0.09043992968700895, 0.05022706827035797
0.8700188130665298, 0.3564008349941744, 0.11477376006281585, 0.05540740412282981
0.8941337438002395, 0.31294015903924166, 0.09745309433492713, 0.050741271442651004
0.9090131691465709, 0.2841459987094911, 0.0875314568053148, 0.04992910036096874
0.8903141212017559, 0.3116767667213536, 0.09860867000750202, 0.05252615994861255
0.9107804572145259, 0.27516343280474276, 0.08115035502367623, 0.04746344788931376
0.9085000855139388, 0.28328690850974453, 0.0838204403023111, 0.048522081600526235
0.9252608175132546, 0.2535103140976523, 0.07142206559624716, 0.04582470205661072
0.9249187617581666, 0.24730682930047168, 0.06964080847396867, 0.043228178150072856
0.912376717404937, 0.26473177763596684, 0.07853771571160217, 0.04558825969720225
0.8879197309161393, 0.3150492742316851, 0.09559937601961323, 0.05041933760221396
0.9262299754860042, 0.23788618841407752, 0.06872239802913344, 0.04380414993517343
0.8985234593238698, 0.2877546038881258, 0.09236924350576968, 0.05063504178114485
0.9085000855139388, 0.276084010775432, 0.087042418556716, 0.04893936457662619
0.9254318453907987, 0.23440171010933183, 0.0715755985275255, 0.044398788846512875
0.9170514793911407, 0.25134814598277405, 0.07439483530524652, 0.0450445439710684
0.9099253178268057, 0.26606691805471144, 0.08203668680712602, 0.046807580334913335
0.9142010147654067, 0.2534173880554238, 0.07862343089978277, 0.0459795476091294
0.8998916823442221, 0.2906890847173989, 0.08901103397409865, 0.04868051294327233
0.8755487144404538, 0.3445872575337594, 0.1124434545203685, 0.05480939205848918
0.9118636337723048, 0.2616018041699826, 0.07760669639667443, 0.04543371097479052
0.9113505501396728, 0.25680533028785035, 0.07888562980257877, 0.04567407566082602
0.9355794994584117, 0.21331809635648477, 0.06074944639628743, 0.04121892434862125
0.9188187674590959, 0.24216783758454255, 0.0727939639071408, 0.04411926737490639
0.9263439940710336, 0.23297106560139302, 0.06757934334855341, 0.04209307292065935
0.9274841799213271, 0.23137454041851177, 0.06645754584371401, 0.04246328619406744
0.9124907359899663, 0.25217558335341966, 0.0746242605509122, 0.04397060934710337
0.9006898124394276, 0.2888459430531117, 0.08858514166612996, 0.047409650361399526
0.9210421298671684, 0.24142065310757072, 0.07093504219334909, 0.04366397613576443
