acuracia,loss,frr,fpr
0.05917564563023773, 2.3122767483683133
0.11128213898865515, 2.2994008428401695, 0.897495864702845, 0.4884160073770535
0.11099709252608175, 2.37235234282687, 0.8978090329037155, 0.4933607550137443
0.2013568211618494, 2.2565123448179696, 0.8019484487431207, 0.3897809846718024
0.16167835357163218, 2.3011365644839774, 0.8496737990652155, 0.35229972581231195
0.14075594321874466, 2.3848742482450302, 0.8682103066275392, 0.4000638508362965
0.27792030100906445, 2.0521330832857396, 0.7195819924918442, 0.23348730478954086
0.3090473747220797, 1.9727656987511808, 0.71167781943546, 0.22327483081501562
0.4841229120346616, 1.8034311093848296, 0.505921362730404, 0.1841223248775125
0.4422780913288866, 1.7730758877914, 0.5490691596600912, 0.1780882991884931
0.4296220283906277, 1.623599892070258, 0.5688354586341632, 0.17485038105389655
0.5854284248332479, 1.3706739373901409, 0.42456316012951506, 0.13053157483646147
0.6182087680291888, 1.3436947691132042, 0.3910494695374247, 0.1217078446105888
0.6701442335100621, 1.1807072456522805, 0.3187447991183608, 0.10379148771887056
0.6880451513596716, 1.1915056851205255, 0.2972291198786896, 0.10162934050748974
0.6887862721623624, 1.014231550401962, 0.2988986557992599, 0.10161892391899319
0.6967675731144176, 0.9548903964423792, 0.29436717433356835, 0.10091504339649277
0.6556068639188187, 1.0064576619574594, 0.3470133698128896, 0.11555050521815487
0.6733367538908842, 1.0327879378098401, 0.3247457659783048, 0.11406441610330376
0.7307451114531669, 0.826865322744756, 0.26042066164843525, 0.09070975098265219
0.7068012085970014, 0.9325301879095741, 0.2857615175164527, 0.09715677404002651
0.7134142865287042, 0.8481695032123977, 0.2797085258475913, 0.09447847414720777
0.722535773331053, 0.8256696825059645, 0.26819257662002455, 0.09271298902582106
0.7628413431389316, 0.7229030616229958, 0.22602380866599014, 0.0849090751689028
0.7386694031127073, 0.8283941402061215, 0.24987016763839442, 0.08750534570811565
0.7643235847443133, 0.6702335664204887, 0.22890052010105136, 0.0839623500529907
0.804629154552192, 0.6024008887076046, 0.18699606140694677, 0.07541153204205217
0.7837637534918191, 0.6228196395483688, 0.2007793357591723, 0.08140570751873907
0.7695114303631492, 0.6485870597461112, 0.21574660641054033, 0.08826345543640508
0.8038310244569865, 0.5646601466633085, 0.18398739139275155, 0.07479881563342458
0.7532067727039508, 0.7633113675809673, 0.22673682889893645, 0.09016155300569866
0.7754974060771905, 0.6299309604390555, 0.2120035027852545, 0.08318990124500714
0.7805712331109971, 0.5934900872467322, 0.20823215713482474, 0.08193222490519862
0.7876403853828174, 0.5892739320516529, 0.20023295991194112, 0.07821558919997189
0.7895216920358018, 0.5814905357209692, 0.19552435668271198, 0.08010611411426709
0.794823556239667, 0.5622331526451763, 0.19487334613051463, 0.08067945715444078
0.8207057750413317, 0.5278045900498297, 0.17450155987368215, 0.07251263824671474
0.7998973832734736, 0.5641276714919814, 0.19750808136995712, 0.07849202204296268
0.846302947380423, 0.45877550258977084, 0.14490196829205013, 0.06483119141275626
0.7926572031241093, 0.5540561139149962, 0.19448372953912482, 0.079155496127295
0.8393478136936321, 0.4713036595435386, 0.1538204736109828, 0.06734744451873435
0.8388917393535146, 0.4586137884111736, 0.148066256823729, 0.06776425695402291
0.8102730745111453, 0.5054482496842372, 0.17366691215983232, 0.07808122228184032
0.795735704919902, 0.5428049764363374, 0.18664185907571337, 0.0771253591361931
0.8049142010147654, 0.5184186419050492, 0.18001257592003522, 0.07495396675764492
0.8469300495980845, 0.44751121487405193, 0.1470683609395097, 0.06510531785293003
0.8173422267829656, 0.4801755430929515, 0.17224900385717298, 0.07270086553583077
0.8284590388233282, 0.4542848732732659, 0.1605656459676784, 0.07183550187928776
0.8066244797902058, 0.5129061369341792, 0.18172799812738932, 0.07490515599478675
0.8201926914086997, 0.49171695377946123, 0.16291030255591957, 0.06917164045750321
0.8429393991220568, 0.41658621813398333, 0.14492291221327924, 0.06484402036574254
0.8658571347129582, 0.38432579310111276, 0.12412999189238506, 0.06003131478691628
0.8818197366170686, 0.3736718937389716, 0.11481190552726989, 0.05795775340439063
0.831708568496665, 0.44150995123851317, 0.15631605092377188, 0.06651331143408616
0.8484122912034662, 0.4060017204812587, 0.14069788164113725, 0.06465463784122498
0.8801094578416282, 0.36865250317574927, 0.11602397429505913, 0.05654396205854668
0.8890599167664329, 0.35535235119612746, 0.1095788955156537, 0.05588832972727495
0.8947038367253862, 0.3484661437296659, 0.10783606812591304, 0.05832952952735477
0.8797674020865401, 0.35241620678680924, 0.11128214784567211, 0.05614178000648718
0.8441365942648652, 0.4091078166671621, 0.1391086655330596, 0.06278114417808361
0.8929365486574311, 0.33839253341123615, 0.10227753313181133, 0.05390599795457329
0.8654010603728408, 0.37970656267453534, 0.12390847335704684, 0.05894995529157573
0.8616384470668719, 0.37909586579801957, 0.12604819055658237, 0.05987065703193938
0.8298272618436805, 0.4388837497974923, 0.15418286839397727, 0.07039398910530785
0.8574197594207856, 0.38552482269839095, 0.12911471572136304, 0.06027963200647747
0.8632917165497976, 0.36218389562185543, 0.1199025439360137, 0.05935104239684787
0.8756627330254831, 0.3440209075483165, 0.11106704712130265, 0.0589556228412623
0.863405735134827, 0.3617507048057091, 0.12186144534268002, 0.05840308793339069
0.8450487429451, 0.4088807435540591, 0.13923978048334493, 0.061730094966653624
0.9058776580582635, 0.304269651635649, 0.08922205484829533, 0.05026824164177188
0.9130608289151132, 0.2937933575538883, 0.0848528038864322, 0.049427458046814594
0.8915683256370789, 0.31578175529165464, 0.09839255741531078, 0.05296038015001068
0.8970982270110028, 0.3314772911873557, 0.09744271933959825, 0.0518618523346617
0.9026281283849268, 0.3048412718327291, 0.09032986194606826, 0.05072626501421036
0.8660851718830169, 0.35478693386440263, 0.12103267366070551, 0.05758659390226629
0.8706459152841913, 0.3560184838185133, 0.11428005990704185, 0.055233964713874345
0.8720711475970583, 0.3542184747007268, 0.11599620784288467, 0.05625380321103503
0.8600421868764608, 0.36678944147455683, 0.12582405045089623, 0.057564121186244106
0.9016019611196625, 0.29211391566537376, 0.09043696176100692, 0.051298152363206825
0.8595291032438287, 0.36332511560985087, 0.12374961822774655, 0.058887902331860344
0.8866085171883017, 0.31536347305987794, 0.10158255480234123, 0.05340764815200973
0.923949603785417, 0.2541468075939129, 0.07148874673104375, 0.044349715956829065
0.9049085000855139, 0.28370580709520027, 0.08810809319381967, 0.04992108201262026
0.8920814092697109, 0.3064932374465459, 0.09783506462722764, 0.052390143704493505
0.909697280656747, 0.2654864416290264, 0.08355061769459501, 0.047759665052537696
0.8888888888888888, 0.3121634197948689, 0.09961222587207738, 0.0512581421586385
0.8654580696653554, 0.35357845886328354, 0.11238523638830372, 0.0570185329565079
0.8998346730517074, 0.2826325809811538, 0.08950034713687698, 0.04876448615199822
0.8973832734735762, 0.2786464961364321, 0.09158882036436333, 0.05044056300174025
0.8576477965908443, 0.36931205364049496, 0.12494376189187842, 0.05845079204567678
0.8967561712559147, 0.29186660857277197, 0.0953772424889597, 0.04972902653979909
0.8783991790661878, 0.32173724620540295, 0.10774794555343808, 0.052277055763524156
0.8986944872014139, 0.2857101787150892, 0.09054011258251128, 0.04884047141226867
0.9103243828744085, 0.2703501982257647, 0.0834893053154789, 0.04722238185770192
0.9141440054728921, 0.25935850383983, 0.07867641998892913, 0.04597431300945315
0.9113505501396728, 0.2708912598983556, 0.08270663141853639, 0.047261991803613464
0.9179636280713757, 0.25787251194075894, 0.07650787539532229, 0.045941890335153036
0.9234935294452996, 0.23622099023832396, 0.073401523934566, 0.045346447325475256
0.9283393193090473, 0.22947005929068925, 0.06832096802678053, 0.04395508633607928
0.9249757710506813, 0.24149615892287585, 0.07211796294491103, 0.04438643654168243
0.9248617524656519, 0.24145311410923237, 0.07006230225867917, 0.043396249386600055
0.08807935693518043, 2.308216965937246, 0.9314856321691087, 0.3924744576605123
0.10141953138361554, 2.3656890245509063, 0.880341086181959, 0.4787262227738724
0.08847842198278319, 2.3468118214048603, 0.9245640967208597, 0.4898956064971644
0.18528020067270964, 2.362378931284753, 0.8004172308392846, 0.3283935847256197
0.2931987914029987, 2.211530991144541, 0.7109131030229636, 0.2515584177790425
0.3563080782167493, 2.04521244215548, 0.6523333620323274, 0.23464024182082366
0.2580240579214412, 2.008264034770722, 0.7533013291181043, 0.31062864244470245
0.4158827888945898, 1.9078861344133147, 0.5957853276277105, 0.209017575969835
0.4182201698876917, 1.7855691658608501, 0.5967543037592957, 0.21268444780081622
0.45898181403568783, 1.6107611093816883, 0.5530330993946156, 0.17268493048590233
0.530186420386523, 1.4776903440886244, 0.4793454988016016, 0.14820267061668546
0.5928396328601562, 1.353665143333821, 0.4154694927939748, 0.11956229792919444
0.6064648537711647, 1.2280588888821624, 0.397319733408835, 0.1159896905459662
0.692605894760846, 1.0971013251482866, 0.29643634013544373, 0.09947543568639375
0.6991619634000342, 1.0221354937583649, 0.2998856318067746, 0.10006578771323886
0.7087395245425004, 0.9924127916517093, 0.2797509214331778, 0.10500509822868187
0.6757311441765008, 0.9451860955453206, 0.3199214142436575, 0.10454265239886468
0.6793797388974403, 0.893323108065846, 0.32716521259410114, 0.1078500240224601
0.6071489652813409, 1.0112665720874603, 0.40110037746662075, 0.13374467479890031
0.7262413773445071, 0.7959005158185198, 0.264259037295663, 0.09373698906019712
0.7647796590844308, 0.7496286540464069, 0.22946620725461941, 0.0827463890779174
0.7792600193831595, 0.6778386805294037, 0.21147561690048686, 0.08301877548595384
0.7591927484179921, 0.6737615608482097, 0.23765283766789783, 0.08964835607911194
0.7842198278319366, 0.6239562219545955, 0.20482654065415026, 0.07874641642575612
0.7496721965680406, 0.7137505750725451, 0.24152210698056592, 0.08792140075687643
0.7468217319423066, 0.6854406096485387, 0.2462801403427649, 0.08869021065454545
0.7871273017501853, 0.5938615702097638, 0.2060786217466207, 0.07941954555082746
0.8341599680747962, 0.5656969694275323, 0.17073858087373453, 0.07042260988784577
0.8254375463200502, 0.5216299029569746, 0.16616001444341977, 0.0714113901013551
0.857875833760903, 0.5067991828209312, 0.14129686825246532, 0.06531447413416508
0.8223590445242575, 0.51556762441374, 0.1686008353417318, 0.07097924170188427
0.8040020523345305, 0.5376562208607911, 0.18530634273282814, 0.0742029587273454
0.8189954962658913, 0.5100249925697964, 0.17304326890234034, 0.07094285541680287
0.7853600136822302, 0.5814274575294328, 0.20331964389730917, 0.07612180048548295
0.7787469357505273, 0.6500679112552554, 0.20923606334652384, 0.08491671644700143
0.8432244455846303, 0.4571916084518316, 0.14980849532065973, 0.06560692448764824
0.8076506470554701, 0.5294822752565468, 0.17900221723763132, 0.0732064314542822
0.8094749444159398, 0.5401759242070998, 0.1817238243880222, 0.07311444469883159
0.8335328658571347, 0.47095375354982616, 0.15965972127060282, 0.06874579857995529
0.855025369135169, 0.4280926575649016, 0.13915161122332523, 0.06365406043588588
0.8557664899378599, 0.42339846254024033, 0.1378749732590389, 0.06299431915478966
0.7986431788381506, 0.5316984633831224, 0.18417223013961365, 0.07579667331123763
0.8456188358702469, 0.4259815542853962, 0.14438341343746944, 0.0649156437748025
0.8868365543583604, 0.380833634106401, 0.10880682104684322, 0.055647382479296306
0.8773160025084089, 0.3814033713144159, 0.11511619983133356, 0.056957834057918856
0.8762898352431446, 0.3987147629241545, 0.11816833571291716, 0.059403420987977545
0.8532010717746993, 0.41507178833123604, 0.1394161729431169, 0.06374145262233802
0.9005187845618836, 0.3483037659020225, 0.0994904270990992, 0.05349724559163426
0.8661991904680463, 0.40224398978129294, 0.12550997266199318, 0.059300471052501164
0.8712730175018528, 0.39947650446538074, 0.12060249094649396, 0.0575948132128726
0.8154039108374666, 0.4841305062320812, 0.16823605128260513, 0.07010433311749548
0.8681945157060601, 0.37154408330548033, 0.12251020744695067, 0.0598553089806711
0.8778860954335557, 0.3676451239891383, 0.11876636714030807, 0.058792893908799784
0.8961290690382533, 0.34071824645919724, 0.10288253409293711, 0.053379176407744394
0.8535431275297873, 0.3948630877226482, 0.13052352002356005, 0.062226357196306405
0.9017159797046919, 0.32215522730936635, 0.09706464673216084, 0.05296552092304467
0.8931645858274899, 0.33182930683703166, 0.10023441367112841, 0.05342526144553
0.9024571005073827, 0.32553785009462083, 0.09397822378039102, 0.05215642793223596
0.8992075708340459, 0.31665167951079465, 0.09307299461731888, 0.051573650633688024
0.8879197309161393, 0.3482475756524413, 0.11003512615675774, 0.05385198565105534
0.8715010546719115, 0.3689413056770196, 0.12843528209336166, 0.06068577497710515
0.9145430705204949, 0.2829417618674077, 0.08130403987698481, 0.04775406454429249
0.9089561598540562, 0.3032496984474295, 0.08675324132750153, 0.05001113026382416
0.9054215837181461, 0.313849014141432, 0.09041702212664342, 0.049380684543111265
0.9028561655549855, 0.3092542766193977, 0.0930006399338728, 0.0511401890502818
0.9001767288067956, 0.32055645847761605, 0.09658530621543844, 0.051463730946037074
0.9029701841400148, 0.3077335347976984, 0.09238947020221143, 0.05038124838151407
0.878000114018585, 0.35317479716716627, 0.11260165817378161, 0.05557360542947377
0.8976113106436349, 0.3151469987671936, 0.09745507713875458, 0.05204170804668923
0.9107234479220113, 0.288870997887915, 0.08327485706334112, 0.04862684113206936
0.8823328202497007, 0.3297012661741016, 0.10436240086063803, 0.052513525130685766
0.8730403055698078, 0.349111600929346, 0.11385399487936047, 0.055445243245720165
0.8624365771620774, 0.37307562588736404, 0.12438360641627702, 0.06092145884049498
0.900632803146913, 0.29657141536400267, 0.09125110285697968, 0.04986508042688476
0.8917393535146229, 0.3058217001367723, 0.0981730092400108, 0.05288622297001348
0.8607262983866371, 0.37183215490365856, 0.12764061543395533, 0.0600381317858537
0.8768029188757768, 0.34139567207329896, 0.1115184405432426, 0.05615984597757766
0.9010318681945158, 0.2906157159033119, 0.08989284520553013, 0.04947037546944842
0.9175645630237729, 0.2637721099504178, 0.07683571166536175, 0.04699438737126517
0.916652414343538, 0.26482895020594044, 0.08182913156863071, 0.04792438696713856
0.9126617638675104, 0.2665923729195315, 0.08112494131644445, 0.047141057219811086
0.9283393193090473, 0.23746487014591197, 0.06890745123245502, 0.044107867113041405
0.9133458753776865, 0.2677748735098945, 0.08268598747085557, 0.04971293047964924
0.9199589533093895, 0.2589436471307302, 0.07457037516481052, 0.045492971048586614
0.9176785816088022, 0.2530759667950274, 0.07519435642769039, 0.04543870035393144
0.9088421412690268, 0.2738775680676296, 0.08593967589393849, 0.04813459190798532
0.9205860555270509, 0.24789050941000168, 0.07501534040232871, 0.04554800756432394
0.906504760275925, 0.2717397205376722, 0.08564909149569438, 0.04766320917457373
0.9112935408471581, 0.27072364191877785, 0.08270422264572971, 0.04749481517672186
0.9310187560572374, 0.23774386705517517, 0.06561144833644417, 0.04289263529491442
0.9222393250099766, 0.2416207004269328, 0.07110107334153365, 0.044335135364458725
0.9203580183569922, 0.2523199453076705, 0.07293886323986695, 0.044819807547395334
0.922353343595006, 0.24713491018311198, 0.07158289111144196, 0.044483218256194466
0.9176785816088022, 0.2566806157062911, 0.07684037385648748, 0.04838792299889886
0.9259449290234308, 0.23654439376275682, 0.07122211027979047, 0.04419394487399561
0.9276552077988712, 0.23013538036444847, 0.0669887826721957, 0.04243356308711243
0.9215552134998005, 0.2448142239021553, 0.07292103120203204, 0.04441724327176571
0.9144290519354655, 0.2671834191612278, 0.08215536009886382, 0.04759733084248755
0.91984493472436, 0.24313838798306212, 0.07485890859579011, 0.04676303890815217
0.9274841799213271, 0.22867203355000632, 0.06825021729404017, 0.04299154702334826
0.9081580297588507, 0.2638972846212869, 0.08041459142737722, 0.04557713259876991
0.07639245196967105, 2.306431155296927, 0.9125807874628267, 0.3565579897114383
0.10141953138361554, 2.3135833181464194, 0.880341086181959, 0.4786876424907339
0.10307280086654125, 2.4586362450147705, 0.8813943398529506, 0.47843766091198153
0.14605780742260988, 2.4178577441118794, 0.869573257761437, 0.4476910690452939
0.17000171027877545, 2.2616220072475035, 0.8470312372931272, 0.4301604038290656
0.4025996237386694, 2.2644323621846327, 0.5944867697198228, 0.17714520827119148
0.24405678125534463, 2.0641141667087934, 0.7785760353121765, 0.2946899982074313
0.2644661079756, 2.0092869950505663, 0.7499943646180034, 0.28674024781253765
0.3262071717689983, 2.0349443465459376, 0.6856713372745123, 0.21802969553764626
0.38663702183455906, 1.773535101360446, 0.6334983824466182, 0.1863610684787824
0.4026566330311841, 1.7159313402441765, 0.6226164228753849, 0.2343416671729091
0.4761986203751211, 1.5015535602176906, 0.5403533790687454, 0.15628889855843944
0.5462630408756627, 1.3611182030427347, 0.4490479979294149, 0.13742587280442495
0.6415255686676928, 1.2080813295114312, 0.33737867529587384, 0.11699144544028135
0.6096003648594721, 1.1577945830653313, 0.3966516762883818, 0.12629392215858437
0.6198620375121144, 1.1288849584846206, 0.37368453976695576, 0.1219623037662511
0.6408984664500313, 1.0878167695149064, 0.348023273804412, 0.1147244476852571
0.6345704349809019, 1.0619530277109548, 0.36395748930304495, 0.11616977605817863
0.7144404537939684, 0.9254013681492785, 0.27355820347322957, 0.0963619116241753
0.7361039849495468, 0.8934888594545078, 0.2557330928196925, 0.09021151639272613
0.6961404708967561, 0.9155744460729032, 0.29709776486841694, 0.10078730842398058
0.712730175018528, 0.8696986821074032, 0.2721308277121649, 0.096777477481366
0.7210535317256713, 0.9183233349687736, 0.26706671506389185, 0.09315386056472251
0.7821674933014081, 0.6789243149775904, 0.20468229958574607, 0.08066091117025995
0.7782338521178952, 0.6661944438332867, 0.2060806661713921, 0.08235851212957705
0.7818824468388347, 0.6703151991745574, 0.20296846503641602, 0.07918222300218615
0.7732740436691181, 0.6620429263743656, 0.21330390880311612, 0.08231495219640433
0.7300609999429907, 0.7407157121237978, 0.2534696912604911, 0.09294796020234436
0.7837067441993045, 0.6239916818698218, 0.20036214511361958, 0.0783350675865402
0.7671170400775327, 0.6503327805380599, 0.22066080431211554, 0.08358993642814407
0.7627273245539022, 0.6697695157344662, 0.22313985345356002, 0.08744768472724797
0.7866142181175532, 0.6161927230856099, 0.2064462205646434, 0.07991521680617619
0.7846188928795393, 0.6043060185871099, 0.20615944819581838, 0.07989532950707058
0.8054842939399122, 0.547859875050567, 0.17943986443340532, 0.0735176872581898
0.7809132888660851, 0.6395562072636267, 0.2061579778715507, 0.0810448798554056
0.8509207000741121, 0.496748608903334, 0.14109429604371573, 0.06445604598105409
0.788609543355567, 0.5800045546317985, 0.19858723633056244, 0.07887000721790202
0.8106721395587481, 0.5348351345136363, 0.1806071607110822, 0.07468776285921189
0.8340459494897668, 0.5159455229948275, 0.1567358680458361, 0.06807063040246815
0.7998973832734736, 0.5572509607907027, 0.18576044211275558, 0.0752054891595998
0.8254375463200502, 0.4913008061139303, 0.16095510236974575, 0.06797740717235481
0.7894646827432872, 0.5621237339033316, 0.1947204314280643, 0.0774522482842506
0.7920301009064478, 0.5545751799557304, 0.18898515342287753, 0.0797316883561882
0.8152328829599225, 0.503064090191523, 0.17222485524419878, 0.07379676919543561
0.811584288238983, 0.49878329097963203, 0.16791216575722157, 0.07392499794619865
0.850578644319024, 0.4579648437647524, 0.13996569579997684, 0.0647229514892648
0.879254318453908, 0.40807930325054087, 0.11697751893816685, 0.058307951151794546
0.8378085627957357, 0.45522710022426927, 0.14790876967098257, 0.06458552787157909
0.7895787013283165, 0.5795020143954497, 0.1948619266270677, 0.07892656620485922
0.8380365999657944, 0.4568971337536824, 0.14920158610413775, 0.06563911726860197
0.8236132489595804, 0.4820810751979396, 0.15983169140868753, 0.06721362078338743
0.8156319480075253, 0.540621409797449, 0.16981525951047313, 0.07177115952304514
0.8697907758964711, 0.4145562544126962, 0.1268477286342838, 0.06042718524694907
0.8890599167664329, 0.3784921730372461, 0.10625450271959735, 0.055589101246785885
0.8520608859244057, 0.4220263431377853, 0.13928741643085835, 0.06344162185335891
0.8465309845504817, 0.4284766403766585, 0.13904953931215452, 0.06268024974178608
0.8731543241548373, 0.40223714259022886, 0.12030107743811301, 0.06033642013791345
0.8745795564677042, 0.3926103344085412, 0.11603460419284438, 0.05852898113500786
0.8463599566729377, 0.4288559594924786, 0.13990632132944758, 0.06332345602253961
0.8606122798016077, 0.41427372580439653, 0.13103564885513427, 0.06205905711273685
0.87087395245425, 0.40246246132871594, 0.12480623368343315, 0.061190092221799025
0.8513197651217148, 0.44577107358337675, 0.13466942624671752, 0.06343390964175481
0.8838150618550824, 0.3602697855241452, 0.10672420075642894, 0.05709457300610654
0.8505216350265093, 0.4337385900391468, 0.13532631645255702, 0.061843097354001245
0.8106721395587481, 0.49588276530605047, 0.16831981181761158, 0.07049526522967596
0.8896870189840944, 0.35953775356015366, 0.10498855026802464, 0.055182334014899144
0.8884328145487714, 0.349646710216787, 0.1014927876528077, 0.05433635843400921
0.8926515021948578, 0.3472466195491938, 0.10250061487440305, 0.05469624435958665
0.8904851490792999, 0.341843765884592, 0.10247641822158043, 0.05370908357579423
0.8724132033521464, 0.38061115033031007, 0.12069393894055015, 0.058692409456899824
0.9021720540448093, 0.32800275524841177, 0.09287146932046715, 0.05193835838295909
0.8946468274328716, 0.3333901203158583, 0.09766259730841119, 0.05303824972931003
0.8599851775839462, 0.38222875662998196, 0.12379877575185133, 0.05834923310811944
0.877658058263497, 0.34819594182387964, 0.10841651892838686, 0.054516938434883706
0.9075879368337039, 0.305227589602524, 0.0862065936545386, 0.05009862152644157
0.906675788153469, 0.30207140831528756, 0.08883537926800626, 0.05008037321521993
0.8891739353514623, 0.32663404275963975, 0.10023543917191242, 0.05282400226706789
0.8596431218288582, 0.3798135145343619, 0.12583133918729048, 0.060218949817302754
0.8473291146456873, 0.4125409056362262, 0.13617866683767635, 0.063568861148082
0.8902001026167266, 0.31764148431306466, 0.09700294034441358, 0.05223554595722118
0.8936206601676073, 0.31514865327141717, 0.09496706548544054, 0.05136736723702958
0.8427683712445129, 0.4151792132735977, 0.13887271240020882, 0.06381510973193025
0.8903711304942705, 0.3302524486083661, 0.09959528419148268, 0.05292741125273814
0.9061056952283222, 0.29001391442142926, 0.08764285220503189, 0.049681743075636026
0.9085570948064534, 0.2994004074283361, 0.08578084288709553, 0.049975763999316206
0.9042813978678524, 0.3010863610353101, 0.08880248041153437, 0.05008717124170764
0.9034262584801322, 0.2912489361091991, 0.08452608326577873, 0.048258398093801703
0.879425346331452, 0.3366027084260478, 0.1076400125766543, 0.055638521061200076
0.8572487315432415, 0.37413759982346145, 0.12643067316476864, 0.0588136355811276
0.8765178724132033, 0.3409243427207202, 0.11027560524783646, 0.054461700247644754
0.8482412633259221, 0.39986114572486914, 0.13395626203609387, 0.06079031153695385
0.903996351405279, 0.28267476676189585, 0.08567070000344792, 0.04926482699231208
0.8921954278547404, 0.30322884647712184, 0.09710087177272761, 0.0514093770800076
0.8819337552020979, 0.33159586724140794, 0.10382519847693265, 0.05354278507732456
0.8785131976512172, 0.3379730531681363, 0.10493565082181223, 0.05356266514727528
0.8661421811755317, 0.35625733673245563, 0.11514921467263463, 0.05690552400208762
0.9029131748475001, 0.28978063496618733, 0.08762712199397017, 0.049168170030422946
0.8962430876232826, 0.3061457657414953, 0.09568789425009278, 0.05086849135869824
0.8986944872014139, 0.2953586635428361, 0.09260945040676649, 0.04947708275285563
0.8990935522490165, 0.29005003013512054, 0.09110860447017848, 0.049882639227827284
0.8999486916367367, 0.29780522686571453, 0.09239027385326856, 0.05068750851282689
0.0830625391938886, 2.2992105944644194, 0.9083365554436784, 0.3484165683850607
0.11099709252608175, 2.374764056034761, 0.8978090329037155, 0.4894803893248561
0.1967390684681603, 2.3286995413596827, 0.8104507010101543, 0.33541553914626204
0.13762043213043726, 2.2634867508227505, 0.866291719580947, 0.33802335350513163
0.3537996693461034, 2.1659752160003225, 0.6516771389989802, 0.2113956299620926
0.34342397810843167, 2.123004014071632, 0.6760934055143383, 0.228660441846822
0.3337894076734508, 2.026959567828853, 0.6716597822799933, 0.26215046090283217
0.30100906447750986, 1.934731559581886, 0.7085970371792544, 0.27579426492819875
0.5554415369705262, 1.7117094146363323, 0.4486152733392887, 0.12977447192176256
0.47591357391254774, 1.6482075263551919, 0.5353427874643153, 0.17655354643397508
0.5895901031868195, 1.4635803849974662, 0.4171928777106135, 0.1225916270606155
0.5185565247135283, 1.417893990713734, 0.506469699652875, 0.15217572193263437
0.6000228037170059, 1.3170935629313405, 0.4041625266043185, 0.11949506092677563
0.591984493472436, 1.2219832074896353, 0.4159107158610534, 0.12867437725531564
0.651103129810159, 1.179323350315042, 0.34021515795979906, 0.10993776883021195
0.6284704406818311, 1.2122595963327352, 0.3781879862610781, 0.11825646605523189
0.6754460977139274, 1.087385377926777, 0.32003840235955366, 0.09720173106034588
0.6834273986659826, 0.9814141652482101, 0.31876423627912365, 0.09854008290032111
0.7044638276038995, 0.9771093121586915, 0.2953228716078302, 0.09705584408871415
0.7667179750299299, 0.7602806162267718, 0.22588179147135734, 0.08678137524330178
0.772760960036486, 0.7215447868296698, 0.22506264040157709, 0.08304869879571113
0.8142637249871729, 0.6800240790979545, 0.1928175716552988, 0.07741917428799874
0.7276666096573742, 0.763660717300965, 0.2718993395548978, 0.09462170449399515
0.8016646713414286, 0.6645428692233579, 0.20250416655313588, 0.07800662851744607
0.8344450145373696, 0.5758242241179825, 0.16345327701947113, 0.06953341646746275
0.735191836269312, 0.736236494400559, 0.2582355161427261, 0.0921872743184858
0.7600478878057123, 0.6991590164123107, 0.22755268917568827, 0.08728827611619502
0.798928225300724, 0.5984100749324647, 0.1970800438245834, 0.07842940367176848
0.820477737871273, 0.5792965955373803, 0.17757959420198485, 0.07488652585003722
0.8229291374494042, 0.5454403908807948, 0.17171304948342347, 0.07224927445323537
0.8172282081979363, 0.5590560644934908, 0.17609160530162007, 0.07602183076054882
0.840430990251411, 0.5127620786208854, 0.15289772990864414, 0.06744452082167975
0.8431104269996009, 0.5090292121999046, 0.15740250044267035, 0.06841116546792049
0.8007525226611938, 0.556483432718261, 0.18706936904242133, 0.07456376413804096
0.8509207000741121, 0.45146068505708997, 0.1456254317463636, 0.0666575941629077
0.8619805028219599, 0.4485668266123269, 0.131913282848646, 0.06271103436860319
0.8268627786329171, 0.5148904489520651, 0.16897287121998933, 0.0727505285540081
0.8705889059916766, 0.4195878560594013, 0.12131633162879892, 0.059680705635924
0.8727552591072345, 0.4242299638756418, 0.12266504548421621, 0.06075873782851911
0.8353571632176044, 0.4570042383219014, 0.1534841596134612, 0.0681797026679578
0.8378655720882504, 0.44635637149424506, 0.15066470558617437, 0.06805318903922512
0.8441936035573798, 0.4439446572337543, 0.14833240768091518, 0.06531021267758001
0.8427113619519981, 0.44965859830773336, 0.1436863392903277, 0.06311376212705072
0.8324496892993558, 0.4510254321701726, 0.15436269391321683, 0.0662944916054376
0.872128156889573, 0.3858356615982551, 0.11916212460906057, 0.05772088493649379
0.8814776808619805, 0.3731111104402396, 0.1127460041959646, 0.0579383317677478
0.8726412405222052, 0.4027669046615154, 0.12118731936592293, 0.05990465201178697
0.84772817969329, 0.41060414901076775, 0.13915006035671068, 0.06383659330472022
0.8309674476939741, 0.46209049058544394, 0.15486662812384316, 0.06684484330449939
0.8248674533949034, 0.4902867638028229, 0.16001728913620675, 0.06788006290453835
0.8415711761017046, 0.4221291757863775, 0.1423173351893814, 0.06368945030292097
0.8468730403055698, 0.427383113636513, 0.1430785157614717, 0.06281356110563002
0.8419702411493073, 0.44927394666554266, 0.1472510499227335, 0.06309493344172139
0.8634627444273416, 0.37973100709781776, 0.12340745258961253, 0.05779037485436074
0.8513197651217148, 0.413307275149617, 0.13555635308458883, 0.06417007495005081
0.8558234992303746, 0.3925007236315993, 0.1296400965215942, 0.06152585272682894
0.8699618037740152, 0.3685691113343214, 0.12054694502148151, 0.05871592963819512
0.9091841970241149, 0.30401108585416514, 0.08573948313642495, 0.05035714458096589
0.8859244056781256, 0.33417037916167247, 0.10654366729916953, 0.05368055446878373
0.9079870018813067, 0.29867127222553164, 0.09031567855695614, 0.05100990482367468
0.9146000798130095, 0.2883780465798089, 0.08392165264617098, 0.049330962670434346
0.9078729832962773, 0.2973652844973553, 0.0919613010338134, 0.05088901955532127
0.9051935465480874, 0.3018014028872922, 0.09173137320487273, 0.051215450332472434
0.9197879254318454, 0.26942806141062886, 0.07935274538692283, 0.04805197282071038
0.9098683085342911, 0.28747589796510015, 0.08623665779277882, 0.04923431507655804
0.915569237785759, 0.27340156249604286, 0.08022261262006772, 0.04786071047577023
0.8868935636508751, 0.3172003839466586, 0.09936385719731777, 0.05367341058305737
0.8789692719913346, 0.32605615309968616, 0.10971505514529882, 0.05482488506631297
0.883872071147597, 0.32103210986448355, 0.10233777871702365, 0.0529780921876473
0.8981814035687817, 0.29791662174329775, 0.09514968480083712, 0.051802747643334895
0.9188757767516105, 0.26552157042171204, 0.07815675141318021, 0.0476535854501471
0.9178496094863463, 0.26686502268186024, 0.08042475397147361, 0.04747863391001318
0.9062197138133515, 0.28881048150864996, 0.09017178794164545, 0.049594807141672755
0.9042813978678524, 0.2908462852895957, 0.09068758284843242, 0.049383847947749235
0.8829599224673622, 0.3318684737428921, 0.10660039667208539, 0.05355771971182433
0.9008608403169717, 0.30248383826719566, 0.09581572296470915, 0.05059845509741305
0.9102103642893792, 0.27210844809123974, 0.08478107170323292, 0.04890291058310034
0.9104954107519526, 0.2705384179943708, 0.08507334456230492, 0.04882855162314241
0.9102103642893792, 0.2698937113929476, 0.08690197540770728, 0.04951579278782193
0.9212701670372271, 0.2501454238322298, 0.07760265786716652, 0.046816628243970065
0.912376717404937, 0.2576359565042231, 0.079109163579253, 0.046238171189134515
0.9081580297588507, 0.26933046880762856, 0.08136074321793854, 0.04730500436788468
0.8984664500313551, 0.2929164690956573, 0.09392309411622225, 0.050000172759873396
0.9208711019896243, 0.241427192996766, 0.07179426330528627, 0.044069861459248766
0.9217832506698592, 0.24307501810698792, 0.07546331565860098, 0.045289997413348895
0.9059346673507782, 0.2684281195618128, 0.08329912970683225, 0.04685110570003656
0.9310187560572374, 0.2267821841351261, 0.06525643127871575, 0.04262877201853207
0.9283393193090473, 0.22534967306747827, 0.06831369186694927, 0.043255334217632974
0.9349523972407502, 0.21655023922876893, 0.06333224102921484, 0.0428366955664724
0.9237215666153583, 0.23914381639644108, 0.07520328932287063, 0.0461955737952191
0.9284533378940767, 0.22390042964378243, 0.0685412537161663, 0.043800585940832144
0.9300495980844877, 0.22243053824252443, 0.06712431374920892, 0.04291555837681718
0.9272561427512684, 0.23189012405152917, 0.06880844679229475, 0.04356129539165152
0.9289664215267088, 0.22437897520793335, 0.06731231571131444, 0.045364219823240876
0.9381449176215724, 0.2034513403183079, 0.05816253456410214, 0.04074742240058422
0.9339832392680006, 0.21056672833377507, 0.06340398185840863, 0.041502560173453065
0.9358645459209851, 0.20574599224255077, 0.06124185967156309, 0.04076640935018596
0.9240066130779317, 0.22661568548825986, 0.07219567136233071, 0.04511527519850588
0.8958440225756799, 0.28696374739746633, 0.08896789590493821, 0.048348657486045526
0.9241776409554757, 0.22572910082985204, 0.07058843429215664, 0.04391538210424433
0.9281112821389886, 0.22202857306801957, 0.06719687593835244, 0.042595094590981014
0.08101020466336013, 2.3129997113827363, 0.9215523101974044, 0.24944776126386486
0.16766432928567357, 2.3364956319879204, 0.8338454412157721, 0.323941859071702
0.08893449632290064, 2.3544405369712122, 0.9240628637486779, 0.4890595141101109
0.11099709252608175, 2.330214342480544, 0.8978090329037155, 0.4908612807046481
0.15483723846987058, 2.2774961454336458, 0.8604706892500973, 0.4261525983900045
0.12296904395416453, 2.379015892127324, 0.8839223183186218, 0.48268707464197363
0.3271193204492332, 2.0726231805350297, 0.6964910602221521, 0.21564865436547392
0.42739866598255516, 2.008357159849869, 0.590826175639761, 0.17638494766576618
0.35488284590388236, 1.8476728055528249, 0.6562421914503876, 0.2421842069279606
0.46912946810330086, 1.762684579022247, 0.5449472456087419, 0.16723653045819617
0.4754004902799156, 1.6202890330597568, 0.5376153030199202, 0.18091664071925392
0.5769340402485605, 1.4349476675173827, 0.43002084178622424, 0.12360449721719846
0.5104612051764438, 1.4015018951703584, 0.5037164518557903, 0.1468172069210193
0.6046975657032096, 1.2448075966773926, 0.3982279053648947, 0.12369893124922213
0.5810387093096174, 1.221689371896843, 0.41470247923546644, 0.13334195155333003
0.6553218174562454, 1.0475679442677688, 0.34502783357777694, 0.11070222509782077
0.6014480360298728, 1.1339564459298253, 0.40767423274073555, 0.13235010995105592
0.6620489139729776, 1.0071896829369824, 0.33918136675099025, 0.10776260227958012
0.6761302092241035, 1.056631464956509, 0.315737660168512, 0.10688995118112002
0.7164357790319822, 0.97057722835733, 0.27556999405436833, 0.09238492715029377
0.7153526024742033, 0.8621738213886694, 0.27274876431621925, 0.0949823807601244
0.735191836269312, 0.8159852129344098, 0.25279267674502637, 0.09138978748987964
0.7533207912889801, 0.7701668448190947, 0.23627961589068158, 0.08422914441123437
0.7450544438743515, 0.7673937876121161, 0.24630623511514355, 0.08564846482352144
0.743002109343823, 0.8240726016752592, 0.24831875906776837, 0.08911087532483629
0.7277236189498888, 0.8519350896559672, 0.2684112294483737, 0.09550137461203903
0.778974972920586, 0.6705834972846048, 0.20875355769597792, 0.07937549238562965
0.7582235904452426, 0.6830441749384303, 0.23271299994892583, 0.08424818126014207
0.7752123596146172, 0.651967857000627, 0.21207619942305175, 0.07929146973052212
0.8041160709195598, 0.6277774538057127, 0.1900930535494951, 0.07658966851231225
0.7760674990023374, 0.6309486378627679, 0.20990368003257326, 0.0782174925253015
0.7651217148395189, 0.7324674077015898, 0.22564391273172166, 0.08220898443753454
0.7837067441993045, 0.6148582040274352, 0.2036826758339849, 0.07739466952661889
0.784333846416966, 0.590064849039979, 0.20386824046910287, 0.07780369941199923
0.8114132603614389, 0.5475192034389851, 0.1763950471637893, 0.07117936737296718
0.832962772931988, 0.5145197391335954, 0.1543709670462452, 0.06749536512859615
0.8356422096801779, 0.49265964199508744, 0.15717066290761073, 0.06813619006720686
0.7910609429336982, 0.5821516005033027, 0.19274992339776525, 0.07836318311762595
0.7911749615187276, 0.6479446011105174, 0.1921889917362711, 0.07775343278376261
0.7809702981585999, 0.606239739067559, 0.2047182532065575, 0.07724809835920021
0.7888375805256257, 0.6043158504054778, 0.19665282988578858, 0.07509848794922186
0.7784618892879539, 0.6363698532452833, 0.20719582945263393, 0.07714526901231908
0.7973889744028276, 0.5542981608222299, 0.1872895633148106, 0.073863234001322
0.8092469072458811, 0.4977215369496195, 0.1760556808434224, 0.07310765967605154
0.8522889230944644, 0.44221848573824085, 0.13887379623493623, 0.06356536052655352
0.8651160139102674, 0.44296475665229784, 0.13083038101976216, 0.06165912899087109
0.8331338008095319, 0.48470157616514437, 0.1553149998016031, 0.06577933689824786
0.8269767972179465, 0.46498997295898126, 0.15425346913366644, 0.06669212130473834
0.8489823841286129, 0.4409516249537193, 0.1394763291438557, 0.06469842985647571
0.841856222564278, 0.4655848211948709, 0.14811096676684973, 0.06533110106709557
0.8559945271079186, 0.4194220491023999, 0.13686796732323103, 0.06272898735684443
0.8586169545635939, 0.4279350341804847, 0.13403508295550962, 0.061447873315945305
0.8656290975428995, 0.42847002010021296, 0.13135880866258653, 0.061753685195638154
0.8625505957471068, 0.420637408593726, 0.13224678953812713, 0.061822883797405755
0.8686505900461775, 0.41267636729812146, 0.12687612338320645, 0.06012144219501865
0.866256199760561, 0.39114129252645763, 0.12340359150701471, 0.059402773661406096
0.8270908158029758, 0.4479167240774657, 0.15712474146106425, 0.07024669641524131
0.8842711361951998, 0.37100789309273025, 0.11329801664581923, 0.05755744557186413
0.8403169716663816, 0.43969603155296905, 0.14466476390413363, 0.06483709553600255
0.8323356707143265, 0.4716685891761107, 0.15425679981825285, 0.06676656270331036
0.834730060999943, 0.44514372107219924, 0.14738264734282097, 0.06385373628225563
0.8683655435836042, 0.39294276469090506, 0.1194085916658364, 0.05690594494772661
0.8756627330254831, 0.37609927925624126, 0.11722936474534915, 0.05799331689577812
0.8848412291203466, 0.3565763145784983, 0.10745411840545759, 0.05454796740207048
0.8666552648081637, 0.3713586953270401, 0.12461725773848219, 0.05985941306275846
0.8943047716777834, 0.3455516230065428, 0.09968532881952889, 0.054105043789512426
0.89937859871159, 0.32443144478278263, 0.09649663071846375, 0.052036725988697886
0.895273929650533, 0.33647438609518854, 0.10225881662745744, 0.0539106971257762
0.9008038310244569, 0.3319704714011981, 0.09949939106750395, 0.05509109898363307
0.8832449689299355, 0.34919710607634213, 0.10768603150494477, 0.054769318806512965
0.8501795792714213, 0.39023844560370247, 0.13375893474370762, 0.062827174987306
0.9031982213100735, 0.3123878668866153, 0.09167482338710144, 0.050956338191957176
0.8875776751610512, 0.3429905423986789, 0.10213187023829792, 0.05325403107083329
0.8977253292286643, 0.321709225995365, 0.09484522481062863, 0.051004828959701536
0.8915113163445642, 0.3278740376867659, 0.10243759199357413, 0.0527499623616676
0.8965851433783707, 0.3080538894046933, 0.09554471446486287, 0.05177815841875003
0.8952169203580184, 0.33822071507680934, 0.0994556930096667, 0.05433177150374457
0.895273929650533, 0.3158426833791583, 0.09543591062748515, 0.05044838158347629
0.8615814377743573, 0.37638954054889173, 0.1233507154255363, 0.058310546207712234
0.8742945100051308, 0.3522653574696854, 0.11690184242982145, 0.05614470950350478
0.8905991676643293, 0.33301387730445403, 0.10352237702946654, 0.053290922974007185
0.8850692662904054, 0.34105345964629524, 0.10679626386743399, 0.05364264296961627
0.8800524485491135, 0.33608688698249173, 0.1065816623342292, 0.054194077866440045
0.8890599167664329, 0.3221611993071704, 0.10009163525967192, 0.05232339293043961
0.9077019554187332, 0.2978513744451967, 0.08778304302179421, 0.04915488550890659
0.9105524200444672, 0.28172088211931273, 0.08481899919590072, 0.048329760602981914
0.8856963685080668, 0.3257431760065746, 0.10313587164201773, 0.05251648266472442
0.9126047545749957, 0.2868959608189403, 0.08495950889865769, 0.04919929627048933
0.8974972920586055, 0.29597042721353173, 0.09302624012742339, 0.04915889910351961
0.8868935636508751, 0.30885416816466993, 0.09617475823056049, 0.05104558408159052
0.9146570891055242, 0.26832849920809104, 0.07945215197150066, 0.04670169799158744
0.9067898067384984, 0.28359390949352914, 0.08349223431164375, 0.047055017804342965
0.9099253178268057, 0.28560681038081287, 0.0831618465986335, 0.04838172190940007
0.8987514964939285, 0.2873705815839585, 0.0916800326778627, 0.049985083193564116
0.8740094635425575, 0.3322481424433223, 0.11089510591119053, 0.05440771633988938
0.8642608745225472, 0.35534341387756596, 0.12089390887712746, 0.05596504301457144
0.8534861182372727, 0.38507576164381124, 0.13205917782293558, 0.05994639229118645
0.880679550766775, 0.32263619266817417, 0.10620819076333302, 0.052511641492252424
0.8815346901544951, 0.3166812535034815, 0.10388726088966554, 0.052859392945877805
0.8774300210934383, 0.33110768016227443, 0.10693487068884262, 0.05289480865220487
0.9243486688330198, 0.24621135409035189, 0.07008000193028663, 0.043730377733489145
0.09839803888033749, 2.2997564211870896, 0.8994656317295266, 0.47846512456989865
0.18972692548885467, 2.3226154659555696, 0.8406966996341201, 0.3670442909125097
0.1573456473405165, 2.3738429151914198, 0.8616455094033679, 0.3902392007282007
0.1816886152442848, 2.2552257673946037, 0.8186613224149998, 0.3627038344370686
0.320563251810045, 2.1719441574367813, 0.6908321980976844, 0.20206610049643675
0.28168291431503334, 2.0330033039300486, 0.7341851630481099, 0.23802752738151745
0.39592953651445184, 1.8934795416228536, 0.6257961646733338, 0.18175032258007842
0.46035003705604016, 1.7870123904105175, 0.5643777778036055, 0.1970823137597278
0.47693974117781196, 1.6569915262610697, 0.5536848168025539, 0.16164264327821698
0.45145658742375006, 1.5821521453048422, 0.5584440568858945, 0.17144839782217886
0.5080668148908272, 1.4602186665882726, 0.5107523468276244, 0.14297916402202906
0.5667293768884328, 1.3542131215000932, 0.4475160438125478, 0.13616017177931675
0.5870816943161735, 1.2327836207711202, 0.427421711995977, 0.14580391939989978
0.5767630123710165, 1.1839778425955534, 0.4151010458373752, 0.12511398606387178
0.6964255173593296, 1.0731073165191674, 0.32135389381178286, 0.10193808796638383
0.5943788837580526, 1.0997601594555255, 0.4156451452321492, 0.11883904719704272
0.6417536058377515, 1.0732664484886418, 0.35616541924568595, 0.10859257061280024
0.6989909355224901, 0.9240417903619762, 0.2978397258931049, 0.09846582994845159
0.7157516675218061, 0.8791280410492337, 0.2807815074483075, 0.09648419488740326
0.7575964882275811, 0.8230911026843694, 0.2323407606203662, 0.08435212629199842
0.7506983638333048, 0.749909749679018, 0.24688576208655, 0.08597617330323487
0.7146684909640272, 0.7781373647764069, 0.2830406973297852, 0.09490074468937701
0.7815974003762614, 0.6766466359926386, 0.21110283495611715, 0.0816352886384706
0.8006385040761644, 0.6571615958062509, 0.201915265822701, 0.07812892292546078
0.8305113733538567, 0.6158401229100834, 0.17103723307134672, 0.07086917918689113
0.7835927256142752, 0.6459501624600286, 0.20765085320602036, 0.07879634106391536
0.760275924975771, 0.6821738243186704, 0.22667544882319313, 0.08350691589847871
0.793056268171712, 0.5972954247268536, 0.19473011036518742, 0.07652833710238317
0.8501225699789066, 0.5376390193470473, 0.14766897403713697, 0.06559503510381144
0.8049142010147654, 0.5501504801949625, 0.18164247613359616, 0.07483398756512505
0.7577675161051252, 0.694729005833036, 0.2323038261259674, 0.0855957624467906
0.8066814890827205, 0.5421365758963853, 0.18208146238092204, 0.07554885393506619
0.8480702354483781, 0.5115183187557545, 0.1532044240682389, 0.0675621207832309
0.8514907929992589, 0.4842770023652232, 0.14510704000387883, 0.06507763423114345
0.8091898979533664, 0.5414865239586454, 0.18104841696481355, 0.07232263267263013
0.8589020010261673, 0.4710858419303957, 0.13867075997805833, 0.06318111787608519
0.8074226098854114, 0.5413674022425785, 0.18756849905006515, 0.0774961491552379
0.8228151188643749, 0.48730073701940985, 0.16973685948600473, 0.07337181609502282
0.8476141611082606, 0.4479157326885405, 0.1439332175771865, 0.06603304496634554
0.8370674419930448, 0.48505712438126913, 0.1634781869286593, 0.07061728789167852
0.8460749102103643, 0.4618497115225012, 0.15246831175370512, 0.06641272001159143
0.8299982897212246, 0.4664275471065616, 0.15805101947710984, 0.0683034813049335
0.8694487201413831, 0.4258895645991221, 0.1277645693028697, 0.06104853772804446
0.8008665412462231, 0.5317417660443088, 0.17776646517242903, 0.07411993023931836
0.7865001995325238, 0.5772205792836756, 0.198354681002896, 0.07669224861343525
0.8396898694487201, 0.45928193721478244, 0.1488212922588684, 0.06577981183276144
0.8785702069437318, 0.3988963580584349, 0.11462125528177822, 0.05571463083050507
0.8698477851889858, 0.420766820890561, 0.1267883386178188, 0.05894423441416472
0.8151758736674077, 0.4884622350587743, 0.1719905190803925, 0.07192331146237209
0.825836611367653, 0.4831982282425243, 0.15944605962330688, 0.07061377668976906
0.8736674077874693, 0.38756924264461123, 0.12001315784043065, 0.058796414540720245
0.8953879482355624, 0.35171655397967155, 0.10016585549985586, 0.05445269333969374
0.8578188244683883, 0.39982544329840836, 0.1344021347558681, 0.06253873834276566
0.8957300039906505, 0.34252137450712533, 0.10312490599398667, 0.053708452220966756
0.8598711589989169, 0.3928382933692764, 0.1305523685270371, 0.06287329519694683
0.8305113733538567, 0.4473889397211045, 0.15249103831507627, 0.0691141040809601
0.8610683541417251, 0.4183148716775075, 0.13282516109673284, 0.06339013943632599
0.8435094920472037, 0.41837977729033865, 0.14261861111473506, 0.06391414312431824
0.8240123140071832, 0.48545493893812103, 0.1618179306392454, 0.06867977627714394
0.8649449860327233, 0.3888117272905031, 0.12441828158946003, 0.05968226850928552
0.902400091214868, 0.3283226943648474, 0.09579810736668982, 0.051962892730085454
0.8943047716777834, 0.3291314712927908, 0.0983958087978702, 0.052427872821051276
0.9012028960720597, 0.3213802314645004, 0.09777985236874502, 0.05260232821915424
0.8820477737871273, 0.3486388391327404, 0.10959828342075306, 0.05578148873977333
0.8731543241548373, 0.3467918239146129, 0.1153447162892107, 0.0575616822618731
0.8890029074739183, 0.32743852875087875, 0.09878759464325934, 0.052620393420668134
0.9038823328202497, 0.3071355413005245, 0.08956106215769646, 0.050756375764833356
0.9010888774870304, 0.3152733639258317, 0.09349430413070905, 0.05066632559074977
0.9037683142352203, 0.3097130449246358, 0.09435867741661022, 0.0526507756677266
0.8539992018699047, 0.3870734771625266, 0.13378839992767458, 0.062334593371517394
0.8985804686163845, 0.3232919749465486, 0.09620165233890246, 0.05129855909838957
0.8895730003990651, 0.32556077250678805, 0.0994957987330109, 0.05262204636732466
0.9062767231058663, 0.2995232639611728, 0.08800009873499995, 0.049751056792843015
0.9121486802348783, 0.2935130671519385, 0.08465724869499695, 0.04896249154531821
0.8966991619634, 0.31104269675090385, 0.09609365427851178, 0.05192486872908498
0.8941337438002395, 0.31236497769311977, 0.09529314835638489, 0.0515374763778855
0.9070178439085571, 0.3044768055126966, 0.0887076374163316, 0.05063841877400712
0.9084430762214241, 0.29214575854958885, 0.08881106699238582, 0.05000349549758368
0.915569237785759, 0.27867147425112343, 0.07923752440530948, 0.0472047040758317
0.9097542899492618, 0.28488013360433095, 0.08550724939772766, 0.048745687104324704
0.9022860726298386, 0.2966668167754712, 0.0893133294897156, 0.0506586468750176
0.8939627159226954, 0.3025774775000534, 0.09202589394337055, 0.04937500462116021
0.8964141155008266, 0.3180049642961131, 0.09919684512284623, 0.05342325604645271
0.8986944872014139, 0.3067130237242205, 0.094980430134108, 0.05208886701231557
0.9169944700986261, 0.27137553065093917, 0.08081797921623018, 0.04785758254832536
0.9177926001938316, 0.2639117737024313, 0.07909000432535492, 0.0476528155414299
0.9250327803431959, 0.24822222614669434, 0.07223608562419197, 0.04569955713215688
0.9142010147654067, 0.2760546964947276, 0.08302613382558263, 0.04875679262548948
0.9150561541531269, 0.27302849955386016, 0.0820777267865104, 0.048635323056262475
0.919502878969272, 0.26517288619336815, 0.07700027508596644, 0.04645571300896191
0.9181346559489196, 0.26643187423474873, 0.0779239336240617, 0.0463285281487768
0.9208711019896243, 0.24884846608582806, 0.07771172324786126, 0.04651471509018898
0.928054272846474, 0.23673853426158864, 0.0669077324501482, 0.04354952907625401
0.9240636223704464, 0.24715741009012931, 0.07391930857967857, 0.04647722364620988
0.9273701613362978, 0.23242721806798008, 0.06861766735934634, 0.0439204332776007
0.9135169032552306, 0.25981655288682, 0.08251433651426396, 0.04811838259066142
0.9249187617581666, 0.23979277895478746, 0.07193939873439698, 0.04716658385326845
0.923949603785417, 0.24093975991434777, 0.07412120383245085, 0.04511715385751423
0.8980673849837524, 0.28666206574183606, 0.09053511665335118, 0.050052399075613783
0.9214982042072858, 0.24301152461069814, 0.07235872988755285, 0.04414475694561728
0.9270851148737245, 0.23775999379864288, 0.0681116368301893, 0.04518499853809313
0.07696254489481785, 2.3013753073020164, 0.9162770710195045, 0.33606912644027015
0.08847842198278319, 2.3050588194031745, 0.9245640967208597, 0.4895314769981169
0.19075309275411892, 2.322993714326491, 0.8412532887381144, 0.41736134484560994
0.12798586169545637, 2.383983293455524, 0.8852266235733046, 0.4665323310405827
0.11099709252608175, 2.2988318364314795, 0.8978090329037155, 0.4883790262051969
0.1726241377344507, 2.1657632489744283, 0.8439870714198235, 0.3342156086396288
0.1973661706858218, 2.0882237220284847, 0.8162539635328117, 0.3338362277783649
0.2520380822073998, 1.953514204948986, 0.7870753865284286, 0.2728507880395421
0.34388005244854913, 1.9646240266143076, 0.6671980766901744, 0.23393791652618348
0.32221652129297074, 1.8918204606768683, 0.6793245839150275, 0.2467366880879448
0.40516504190183, 1.8265908420643182, 0.5973815622984128, 0.19718393532898243
0.4972920586055527, 1.6276872356936567, 0.4942290950784991, 0.15424721355226556
0.5077247591357391, 1.4341387473376812, 0.4869936830020231, 0.14461579751985376
0.4284248332478194, 1.5634638706277288, 0.5763941835797741, 0.21606634758840304
0.5566387321133345, 1.3233798081982837, 0.43591375121777914, 0.13879874562946695
0.5623396613648025, 1.2969272133630017, 0.4388838744035586, 0.13790410750047752
0.6845675845162762, 1.104889724167245, 0.297089952248551, 0.10050449775568586
0.7042357904338408, 1.0903745756495347, 0.2800405881061683, 0.09903430331102225
0.6561199475514509, 1.1631571677305876, 0.33723408149651474, 0.11211954594802614
0.7324553902286073, 0.9781537078680745, 0.26050871886267074, 0.09135198439355303
0.7574824696425517, 0.9452992504240986, 0.23074580092771493, 0.09089769810590732
0.7260703494669631, 1.0073865798117387, 0.2556246911612927, 0.0962183856147368
0.7154666210592326, 0.8765879535852882, 0.2707513723058234, 0.09296730540383356
0.7213955874807594, 0.8821773640511993, 0.2708232608296313, 0.09469314704926893
0.7452254717518956, 0.8739660829049736, 0.23585884410077335, 0.09260342953513563
0.7302320278205348, 0.7839058229011526, 0.2521988973980298, 0.09726722725537114
0.77025255116584, 0.745861312246224, 0.20548460260905166, 0.08451828255557228
0.765634798472151, 0.7251034092571575, 0.21236280948611827, 0.0903898260218514
0.7877544039678468, 0.7426669340763133, 0.196258735277256, 0.0807861581281934
0.7792030100906447, 0.6709997377248844, 0.2068794591668372, 0.08191745402783669
0.7722478764038538, 0.6947951388628321, 0.21381616753411067, 0.08032039062478903
0.7654067613020923, 0.6521951408552549, 0.22249302653945707, 0.08484449189591095
0.7923721566615358, 0.5921459477568437, 0.1927445821263636, 0.07500540031697574
0.7821104840088935, 0.6741673618915949, 0.20136766913243512, 0.0828872794895454
0.7910609429336982, 0.6387942961925408, 0.1940555521417636, 0.07641049376952375
0.7854170229747449, 0.6655061505858364, 0.20127241402185841, 0.07966855437602288
0.7949375748246964, 0.6035005189152666, 0.18474637765462665, 0.07616875044184504
0.7986431788381506, 0.626645314669256, 0.18309887657201215, 0.07612445629262886
0.7920871101989624, 0.6011998489571088, 0.19303828583574226, 0.0797549519859903
0.8086768143207342, 0.5487747766693887, 0.1726412500108308, 0.07280398576127158
0.7999543925659882, 0.6089014538666949, 0.18533684995953265, 0.07397084349047225
0.7987001881306653, 0.5907454523927095, 0.18134608192852533, 0.07614885167476526
0.8050282195997948, 0.5980891518017502, 0.1802400784532202, 0.0742890865357151
0.783250669859187, 0.6718114001637243, 0.1983090842766762, 0.08160867078950015
0.8069095262527792, 0.6008019307902173, 0.1722244622749843, 0.07570677456385477
0.8071945727153526, 0.5918608369172942, 0.17816024009931314, 0.07320009737225422
0.796989909355225, 0.6544107566377906, 0.18317458319392668, 0.07687890596506051
0.8040590616270452, 0.6054510716829786, 0.17985510783803327, 0.07784112979154226
0.82458240693233, 0.4628721869152546, 0.15861585471763381, 0.07023950521693247
0.820306709993729, 0.4846406669960033, 0.16208558088585384, 0.07171862896569431
0.8088478421982783, 0.515793625017278, 0.17309928882383555, 0.07380733860182168
0.8301123083062539, 0.45406018547727506, 0.15646427636145835, 0.06741532565086264
0.8196225984835528, 0.4736935153295104, 0.16563284976651807, 0.07131177088963236
0.8456188358702469, 0.411311469017901, 0.13673148719289763, 0.06393203046717714
0.8232141839119776, 0.4514627509769566, 0.16092195933787132, 0.07167820179918706
0.8175702639530243, 0.4870662035551918, 0.16538593300525078, 0.07102253562615754
0.8264637135853145, 0.46330551928220176, 0.15661665656944807, 0.06787259616388192
0.809075879368337, 0.5342887422413239, 0.17121325160086953, 0.07365596776199744
0.8076506470554701, 0.5161615973089673, 0.17422458538629504, 0.07309024373133925
0.8102730745111453, 0.5273218360466779, 0.17545056295126943, 0.07275404498115484
0.8269197879254319, 0.4680587359085452, 0.1585022652109232, 0.06748678611492523
0.8349580981700017, 0.42867808272623664, 0.1486628223837285, 0.06615575718446648
0.8481842540334075, 0.3967873975449476, 0.13427412812393547, 0.06440174666372789
0.8349580981700017, 0.44733458414105726, 0.14842561082191302, 0.06591007190972034
0.8185964312182886, 0.5122976625817317, 0.1632893762261434, 0.0710056608762799
0.8310244569864887, 0.4826739443383725, 0.15328277402603854, 0.06735498511832874
0.8285160481158429, 0.5216969103141201, 0.15528373877912544, 0.06784955887547457
0.8387207114759706, 0.41476831752099824, 0.1444473474938414, 0.0665196807613154
0.8367253862379568, 0.4396003051317702, 0.14421567356946163, 0.06837029340060014
0.8393478136936321, 0.42980884996609275, 0.14182610431593218, 0.06702247488898357
0.8357562282652072, 0.4357582493757062, 0.14648213002683355, 0.06625667483257722
0.8452767801151587, 0.3956994754162568, 0.13953678367419625, 0.06360346510708043
0.8403739809588963, 0.41001323238582615, 0.1421530224980897, 0.06466244894645563
0.8359842654352659, 0.42801002031871654, 0.1451389338631968, 0.06571714655337205
0.8747505843452483, 0.3508878007711148, 0.11217087127349283, 0.05721333665611871
0.8862664614332136, 0.3500749108646416, 0.10628698448456692, 0.055538670605249044
0.8598141497064021, 0.37297330619468205, 0.12359047706245811, 0.05962671214824767
0.8600421868764608, 0.36471387063073896, 0.12340479646765008, 0.06128776290961608
0.8460179009178496, 0.4048092417977818, 0.1356729908203425, 0.06139932742001606
0.8500655606863918, 0.39965519988419307, 0.13147990600437798, 0.06285022632150547
0.8828459038823329, 0.32846398176299374, 0.10547250333477136, 0.05310644879486341
0.8717290918419702, 0.35364757709436645, 0.11546208469088484, 0.05481794674989702
0.8419702411493073, 0.40807644612037375, 0.1390328535081301, 0.06405628225718209
0.8585029359785645, 0.36518054811194706, 0.12371080453224553, 0.05910651828513498
0.8391197765235734, 0.4223715472614665, 0.14071356031886326, 0.06370057888071383
0.8494384584687305, 0.3918154165903666, 0.13194236018426508, 0.06094389492381498
0.87891226269882, 0.3252922708958252, 0.10426233178235651, 0.05514858685487641
0.852174904509435, 0.3886456288111122, 0.12923715794467197, 0.06035283190413907
0.86465993957015, 0.36622486794153997, 0.12112829464719589, 0.05847078481527889
0.871786101134485, 0.34193854331044654, 0.11180472674592144, 0.056591539616441436
0.8839290804401118, 0.3261701723271567, 0.10534489740610345, 0.054990801117985565
0.8663702183455904, 0.35826973955401065, 0.11984963413672704, 0.05854916199039611
0.886551507895787, 0.31601793233135156, 0.10036325771146151, 0.054140391970875355
0.8775440396784676, 0.3287267039633398, 0.10612539788391968, 0.05349028536055144
0.8623225585770481, 0.36893873038485236, 0.12055668695072093, 0.057560699667080925
0.8887178610113449, 0.31201665334568207, 0.09981533353592162, 0.052236118088190044
0.8615244284818425, 0.3581415453139914, 0.12091516007905546, 0.059373923995040316
0.8524599509720084, 0.42282083320163527, 0.13029436465833893, 0.06076056984172541
0.8663702183455904, 0.34213537327296634, 0.1155219422630749, 0.0572273115483116
0.8799954392565988, 0.31687310468672314, 0.10594037494777407, 0.052355146155567495
0.8916823442221082, 0.2898738215495248, 0.09321922398068763, 0.05107464275381712
0.09030271934325294, 2.3098143601959866, 0.9012577105999762, 0.26424959522135305
0.172396100564392, 2.3375821608813663, 0.8386432802772474, 0.3258274481414168
0.10164756855367425, 2.298173713817284, 0.8801998294248768, 0.47203245004312455
0.14252323128669972, 2.3776586984434105, 0.872959580302338, 0.4435364683373353
0.26286984778518896, 2.334314337091254, 0.7509807051579732, 0.2867246223313558
0.32335670714326437, 2.0955198440099956, 0.7007004839698833, 0.24460987328402098
0.26931189783934784, 2.057615984530047, 0.7470126448695312, 0.3007820997988057
0.3960435550994812, 1.899778560112333, 0.6041836696164676, 0.20279066453408476
0.42848184254033406, 1.8233085809816323, 0.5777328263375235, 0.18286601272508782
0.4219257739011459, 1.7238103784881984, 0.5785653228834113, 0.1927099052414084
0.4759705832050624, 1.5694401239011355, 0.5496606302645293, 0.1516786308906481
0.5904452425745397, 1.4312835832156543, 0.39981525299908344, 0.11896484345388438
0.5996237386694031, 1.3322209972521033, 0.4090993009375554, 0.11978335108624791
0.5642209680177869, 1.299038112835502, 0.45015171309504554, 0.1355567376165346
0.5397639815289892, 1.3600401411035927, 0.45862929392965734, 0.14650934449813896
0.6382190297018414, 1.245183073271776, 0.3583391374331658, 0.11419473974971411
0.6939741177811983, 1.1470821510201223, 0.30147320649142517, 0.1014231094813687
0.7036086882161793, 1.090158218029328, 0.28260904131401554, 0.0995775157176904
0.6450031355110883, 1.0254197645851522, 0.36021076741994024, 0.11678172302549841
0.6246508180833475, 0.9644505649011419, 0.3807985866496392, 0.12440193493555714
0.7094236360526766, 0.8419312285598637, 0.29484223566604134, 0.09401965673252942
0.7046348554814434, 0.8176504487609157, 0.28888442989792035, 0.09767606304297577
0.7507553731258195, 0.7512376502164327, 0.2434598647313399, 0.08927023411153734
0.72128156889573, 0.7586588461907099, 0.27922520119570005, 0.10122775851271701
0.7603329342682857, 0.7139665381938456, 0.231083370547667, 0.08587977268820181
0.7322273530585486, 0.8147094924569187, 0.25454871278813224, 0.09355726326931955
0.7419189327860441, 0.7136831021826332, 0.2541099826261665, 0.08951439850894229
0.8162590502251867, 0.6174987677702861, 0.18473760628546845, 0.0757506209009089
0.7918590730289037, 0.6175725742742155, 0.20634724225262213, 0.08090730470094737
0.769910495410752, 0.6245549018885026, 0.21954670263263865, 0.08911842261243112
0.7733310529616327, 0.6437830867146348, 0.21623787060483632, 0.08153594854608748
0.8041730802120746, 0.5520777921042889, 0.18338273099585842, 0.0755612809838552
0.819052505558406, 0.5349277416449092, 0.17203374675589259, 0.07352033530428403
0.8342169773673108, 0.5186340931956854, 0.16149228222261203, 0.06890459138447685
0.7933413146342854, 0.5709133989281151, 0.19102633350157372, 0.07916060605377806
0.7926001938315945, 0.5704241894839609, 0.19776199733308034, 0.07850555595846631
0.8425403340744542, 0.5120536657151662, 0.16280886375935277, 0.07093469920423333
0.841856222564278, 0.510239085781382, 0.1589651752449887, 0.06909753536513465
0.8286300667008722, 0.5287327734800027, 0.16787007573367876, 0.06971882809652849
0.8254375463200502, 0.484372297776735, 0.16169755672290095, 0.07204647787209954
0.8374094977481329, 0.49186458261955157, 0.1575891938101897, 0.06629711972396782
0.8208768029188758, 0.49306166882283003, 0.16776119861537298, 0.07052121475711587
0.8543412576249929, 0.4453749128215995, 0.13567648907503405, 0.06508538473199678
0.7727039507439712, 0.593575115734183, 0.21451656053085924, 0.083685609177614
0.8427683712445129, 0.4503152970483472, 0.1501096178030495, 0.06712408443915786
0.8753206772703951, 0.40007389788273096, 0.11827828566752768, 0.059184596684873546
0.8558234992303746, 0.41471822865769353, 0.13811283797936857, 0.06423895057823428
0.844877715067556, 0.4282908192136898, 0.143692116243029, 0.06593359733379241
0.8433384641696596, 0.4334293157977765, 0.1455408723992365, 0.06572174646429071
0.8159169944700986, 0.4995526832293843, 0.1704167299074514, 0.07405869411934476
0.804800182429736, 0.5167190107608745, 0.1771139614223333, 0.07353089777893392
0.872299184767117, 0.4030409159563511, 0.12481727549483682, 0.059488067273095614
0.8432244455846303, 0.4241811331029641, 0.14152388682127603, 0.06655884766225872
0.8644889116926059, 0.39197866860651837, 0.12153010792311246, 0.059994110983597304
0.8598141497064021, 0.40767410097202494, 0.1302798314316633, 0.06294661114919325
0.8688216179237216, 0.3806263216881674, 0.12053775750957475, 0.058300084638250205
0.882617866712274, 0.3752307186956471, 0.11483596205162008, 0.05754065119118296
0.8827318852973035, 0.37427229131193074, 0.1123920093269454, 0.05687893768913372
0.85040761644148, 0.4068197266706911, 0.1332541317929271, 0.06332679488920281
0.8677954506584573, 0.3820177107947764, 0.12414533047862793, 0.060076242808966056
0.8962430876232826, 0.3361945272997858, 0.09610514051869395, 0.05286461930113609
0.8587309731486232, 0.4069299031385052, 0.1337538044666824, 0.06262361993538826
0.9038823328202497, 0.32021561619940025, 0.09377488033830512, 0.05106916533310163
0.8955589761131064, 0.32962004749322027, 0.09715618621897303, 0.05197697744288678
0.902229063337324, 0.3272569907681806, 0.0944704479410524, 0.053622046671520644
0.8990935522490165, 0.33568367767803564, 0.09705762649413098, 0.05236239646107097
0.897953366398723, 0.3351117859929255, 0.09829324867340729, 0.05226720724190821
0.9008608403169717, 0.32399039056124057, 0.09475806356692891, 0.05187082182992556
0.9070748532010717, 0.3123731270902514, 0.08998431979748542, 0.050741268013498514
0.9037113049427057, 0.3163952280908835, 0.09046467505481286, 0.05103775989123965
0.8985234593238698, 0.32062527308616096, 0.09548092783226618, 0.05323596185699499
0.8873496379909925, 0.32556983988199395, 0.10452877895434598, 0.05512916877292697
0.8966421526708853, 0.31432797823630537, 0.09866384125077163, 0.054399425358579105
0.9002337380993102, 0.30014592060960776, 0.09414360693887991, 0.05136142063877933
0.8769169374608061, 0.3438147587504643, 0.10567327293909556, 0.05524361315556733
0.8822188016646714, 0.331700714478304, 0.10319884961730186, 0.05342001502296518
0.8542272390399636, 0.3999790672300139, 0.13243882263150022, 0.061366826528312705
0.8754346958554244, 0.3430161916228243, 0.11076447971570318, 0.055774530543940666
0.9047374722079699, 0.2923958303021199, 0.09027665365500813, 0.04954512569607474
0.9153982099082151, 0.28463068654193613, 0.07937924600345433, 0.04688088698093838
0.8945898181403569, 0.31601191396071426, 0.09730984558861225, 0.05144600762956916
0.912205689527393, 0.29395158717481024, 0.08433995075135385, 0.04845631073532944
0.8957300039906505, 0.30919412501105537, 0.09365270199438328, 0.051268585069111736
0.8849552477053759, 0.33918145871472527, 0.10781521330943074, 0.055272239089954024
0.9167664329285674, 0.2666450387633831, 0.07720931521834856, 0.04668138998854949
0.911122512969614, 0.28006668332708534, 0.08160731023295092, 0.04696842692121648
0.9088421412690268, 0.2817094669631145, 0.08616828069863294, 0.049069708508557755
0.9103243828744085, 0.2889524194186337, 0.08537127989328079, 0.05011011684306607
0.9260019383159455, 0.2460437038984734, 0.07125488001187147, 0.04440372766921146
0.9103243828744085, 0.27870850620971405, 0.08585116506470217, 0.04865058384497473
0.9191038139216692, 0.26098767430021286, 0.07463360373923571, 0.046154501038171133
0.9165954050510233, 0.26004896634668084, 0.07632994941709814, 0.04677061764491227
0.9082720483438801, 0.2795708113678186, 0.08644066034878663, 0.048414516664296414
0.9094692434866883, 0.2699022991493902, 0.0862232779300567, 0.04938891560759973
0.9043384071603672, 0.27321659694286754, 0.08731657103296682, 0.04913508486356683
0.9208711019896243, 0.24554929109519474, 0.07596588080986022, 0.04537595232941694
0.9250897896357106, 0.24412421303550041, 0.07101793127752618, 0.044424346912056906
0.920757083404595, 0.254364609328211, 0.07437451009669603, 0.045105337713978386
0.9317598768599281, 0.22932007005260244, 0.06496049105290147, 0.0424563970472672
0.8994926172966193, 0.28877044185619083, 0.0892712448439343, 0.04825248994250461
0.9094692434866883, 0.26003475426698364, 0.08098933295130264, 0.04637064274269676
0.10774756285274499, 2.3040975947369464, 0.8792583236360142, 0.36132435343066766
0.12941109400832335, 2.3170940504807525, 0.8916760331134661, 0.3251508355941633
0.18083347585656462, 2.3013609682954326, 0.8393822142981041, 0.3231240502440208
0.09902514109799897, 2.2620253803099204, 0.9145654437240858, 0.47623092771133196
0.15865686106835414, 2.3116147768897752, 0.8451018947674218, 0.4467040816219084
0.20209794196454023, 2.3373009326160177, 0.7867104967116991, 0.3579710854089965
0.27888945898181405, 2.0758185665499123, 0.7093123419261838, 0.3219655263996411
0.33869220682971324, 1.9326680735221686, 0.6750328354401034, 0.24971967643204596
0.5328088478421983, 1.727107607120867, 0.4573190316012574, 0.15876238420337332
0.551906960834616, 1.6000136820673025, 0.4433195434576179, 0.13932875764056563
0.5993957014993444, 1.3695146663690074, 0.40141938334021793, 0.11892423181223209
0.6089162533492959, 1.2665202995402995, 0.3993847262987637, 0.1250495062993834
0.6833133800809532, 1.125568721956303, 0.314922944919056, 0.10357492964217643
0.6752750698363833, 1.087605403680485, 0.311781246456035, 0.10964188856815144
0.6707143264352089, 1.0077294283739504, 0.33431701818114595, 0.10534311599647499
0.5843452482754689, 1.110642160178607, 0.41890971663456966, 0.13077687306442834
0.6303517473348156, 1.0120282958362388, 0.37006421884543805, 0.11889484103094503
0.6427797731030158, 0.9865434606546354, 0.35908680513588087, 0.11370860281972275
0.5988826178667123, 1.0473907467267303, 0.40435707681060634, 0.1312938957460321
0.7371871615073257, 0.7780491008043806, 0.26218096803777674, 0.09465009500931075
0.7323983809360926, 0.7853386713856392, 0.27220863470924805, 0.09422814355604377
0.7735590901316914, 0.7077215181617016, 0.22207159528697443, 0.08389126198353596
0.8026908386066929, 0.6591248414324427, 0.2031318182957023, 0.08017402319260634
0.7496721965680406, 0.6995071664870509, 0.2583061777344928, 0.09317088837742615
0.7370731429222963, 0.7482367894373807, 0.278585112479634, 0.10776134880022953
0.7555441536970526, 0.6896254761882605, 0.2378641772777641, 0.08475086890992367
0.786101134484921, 0.6406939238960581, 0.20681370211905004, 0.08068950446073864
0.8106151302662334, 0.5942631530706649, 0.1801227633487694, 0.07324836117438534
0.7387264124052221, 0.7198313612066246, 0.25186613033281186, 0.09097065068353348
0.774015164471809, 0.6137027506995213, 0.2211945782891508, 0.08203391880484476
0.775782452539764, 0.6251538899524824, 0.2147772278868161, 0.08048544811406581
0.7445983695342341, 0.6366079625967123, 0.2563472299441203, 0.09559132550308126
0.7160367139843794, 0.7193610677263644, 0.2794225616107732, 0.10411331861592549
0.7618151758736674, 0.6743252047440434, 0.22357470276240662, 0.0820798572704635
0.837580525625677, 0.5087579971487153, 0.15811539740168157, 0.0671854779890819
0.7963057978450487, 0.5529607596340828, 0.1892777937830295, 0.07722991530623369
0.8431674362921157, 0.4954826361434554, 0.1527515601160897, 0.06574878636392492
0.8323356707143265, 0.4909703813370047, 0.15781500771222012, 0.06668152863597808
0.8649449860327233, 0.42932715523794696, 0.12846655584908367, 0.06058959192231885
0.8335328658571347, 0.4884778273895406, 0.1605042729915612, 0.06863335209142003
0.8122683997491591, 0.5254475797749029, 0.1750947925957, 0.07121894498131247
0.7949375748246964, 0.5615885766958638, 0.19567563691333995, 0.07469993600997045
0.8270338065104612, 0.48288876421249555, 0.1618715871804879, 0.06871810297322599
0.8640328373524885, 0.40744574904983205, 0.1241505118467497, 0.05953495073809929
0.8828459038823329, 0.3807098333045155, 0.10961511123978689, 0.05655990769857124
0.8237272675446098, 0.49588051145348566, 0.16429685231916555, 0.06900915886837199
0.841685194686734, 0.4471766696057797, 0.1495240771841701, 0.06377668831707965
0.8585029359785645, 0.4149649507907162, 0.13219256793411363, 0.06152781012324857
0.8313665127415769, 0.463995295798233, 0.15589318348760955, 0.06704707849244723
0.8597571404138875, 0.42072106146909993, 0.1328282765273487, 0.062249740739158385
0.8354711818026338, 0.4529443746621511, 0.14996503620401636, 0.06458694458212805
0.8768029188757768, 0.3816414425253903, 0.11567963406877677, 0.05693121005179418
0.8786272162362465, 0.3787015509411532, 0.11637749589478036, 0.05899269120988371
0.8926515021948578, 0.3514592256437891, 0.10091833733181095, 0.05428183422437347
0.8659711532979876, 0.38782569910118614, 0.12090608896969163, 0.05750400097547277
0.8577618151758737, 0.3981454790672217, 0.12981185582426719, 0.06149050939819233
0.8496094863462744, 0.41406844096680595, 0.1379724086351535, 0.06145342018642376
0.8691636736788096, 0.3739758052045904, 0.12016563302362558, 0.05694941054800374
0.8526309788495525, 0.4072111345749163, 0.13451316645393377, 0.06064302115500506
0.8613534006042985, 0.396690884158871, 0.12615144149656365, 0.05850484938360898
0.8805655321817456, 0.36274398463685364, 0.11122183231100972, 0.055623570460610866
0.8855253406305228, 0.3427593171643137, 0.1034428139322734, 0.05460280073653776
0.8823898295422153, 0.35452156777493166, 0.10602578189638616, 0.05471065933856655
0.9015449518271478, 0.32474110618718305, 0.09496270089944164, 0.051094343645506725
0.9085000855139388, 0.3015324022529276, 0.08734503721794942, 0.04984290679792256
0.8827318852973035, 0.3452839150801681, 0.10715562156534027, 0.054820301009436044
0.8652870417878115, 0.3787943532545108, 0.12258144451346002, 0.05740003141342642
0.8797103927940254, 0.3412450989963952, 0.10534345927118056, 0.05241170201772306
0.8895159911065503, 0.3253133854074113, 0.09609640349690236, 0.05062630656702643
0.8950458924804743, 0.3151884898902406, 0.09304084580279319, 0.04988994727731431
0.8793113277464226, 0.33414641786483773, 0.1054618613376915, 0.05232653338389672
0.9081580297588507, 0.28483144484156153, 0.0834757985473405, 0.04908874608910553
0.9024571005073827, 0.29058791918152027, 0.08815874895054732, 0.04852750495076322
0.9098683085342911, 0.27663409957126484, 0.0829053908348106, 0.04816988921121113
0.8947038367253862, 0.3153631501149267, 0.09580299197105432, 0.05046644378991754
0.883872071147597, 0.33783007579854546, 0.10483452798738238, 0.05170754890380255
0.8782851604811585, 0.3421095129910215, 0.10857562915162498, 0.05342272036577669
0.866256199760561, 0.3654816470540488, 0.11945836973996361, 0.0558446093210304
0.8570777036656975, 0.4056761773322295, 0.1276636708044955, 0.05742675856561816
0.8595291032438287, 0.38912657943002205, 0.12425075415134902, 0.05617919976028474
0.8622655492845334, 0.37634421652003747, 0.12453832667212299, 0.05836831688862868
0.8571347129582122, 0.40135067278007, 0.12716240203066104, 0.05734550831404963
0.8609543355566958, 0.40663032188746395, 0.12217112497590518, 0.05584536791163514
0.8809075879368337, 0.32940954796967475, 0.10488369259059156, 0.0536043801246028
0.9139159683028334, 0.2643114603083021, 0.07811628311992909, 0.045649639626000854
0.9128898010375691, 0.26352259525048116, 0.07638793751364403, 0.044735945760923365
0.9134598939627159, 0.26636958082045975, 0.08057957433279071, 0.04726860128974487
0.8957300039906505, 0.30055397678567675, 0.09283578595702284, 0.048595864435602355
0.9229804458126675, 0.23635347740013177, 0.06988116666688036, 0.04402816884218015
0.91363092184026, 0.25911418287457805, 0.07792435764782824, 0.046428443938393224
0.9291374494042529, 0.23167141504143965, 0.0675622464876926, 0.043562917445202645
0.9326150162476484, 0.22188686635969043, 0.06182091601012174, 0.04074567880102016
0.9047944815004846, 0.2789274566070203, 0.0879133384704221, 0.04924180477131435
0.900974858902001, 0.2839772549728729, 0.08329844477983028, 0.04630605928498124
0.9167664329285674, 0.2614026416281107, 0.07622361898555811, 0.0458961117231931
0.8988085057864432, 0.29234995810384595, 0.0908169891088479, 0.04825110463880877
0.8978963571062083, 0.29147757965176924, 0.09142329317715626, 0.047586153331040715
0.916481386465994, 0.25114276869254964, 0.07767560047473446, 0.044655028511350434
0.8869505729433897, 0.3127965284943649, 0.09987915030371074, 0.05074173230305329
0.9061627045208369, 0.27190533027192026, 0.08548836148244121, 0.04660158235563469
0.9126617638675104, 0.26887807987394674, 0.08174201372774775, 0.04886654126720567
0.08608403169716664, 2.3098107852629153, 0.9285697092848235, 0.2570430092032216
0.14930733709594665, 2.319947106381125, 0.8743509513003089, 0.3692752913008979
0.10141953138361554, 2.2840947589514893, 0.880341086181959, 0.47799790823434657
0.1318054842939399, 2.371118531185792, 0.8868764542987837, 0.4480555488379279
0.34496322900632803, 2.349954676950245, 0.6503936485855314, 0.22062312728391906
0.29479505159340974, 2.1717676952677505, 0.708269877286213, 0.2501606074223368
0.48104441023886896, 1.9454101488341642, 0.5223849667978552, 0.16647004649864044
0.4388575337780058, 1.8769428466970364, 0.5438465323481894, 0.20580967645773246
0.4031697166638162, 1.836311507568916, 0.5913762559886956, 0.1867758511172153
0.47357619291944586, 1.576506889098849, 0.5349057047045898, 0.1674023198125029
0.5769340402485605, 1.474386024616795, 0.4163543831377395, 0.13593508038795282
0.38600991961689757, 1.5540506488940753, 0.6081851821377756, 0.24732956487702787
0.5522490165897042, 1.4072972627825044, 0.4415243738865949, 0.1414784036634123
0.5735134826976798, 1.2407656352425251, 0.42613485841477944, 0.1375549093811362
0.6758451627615302, 1.1178083083735761, 0.31617857344971273, 0.10004541202253897
0.6214012884100109, 1.086753113172045, 0.37794184862344543, 0.13241666068146465
0.7056610227467077, 0.9756454376767277, 0.29100722987695865, 0.09687242019306827
0.7469927598198506, 0.8533876163806524, 0.24147795238072864, 0.08662386397275888
0.7461376204321304, 0.8192941835709203, 0.24376907955673274, 0.0863009690909779
0.7863861809474945, 0.7694980058336749, 0.21535393578966086, 0.08293831041887734
0.7464226668947038, 0.7839865715157281, 0.25319260909201335, 0.08876311879345479
0.7594207855880508, 0.7561819652813481, 0.23917280414527944, 0.08670859177074655
0.7750983410295879, 0.729707486931332, 0.22614084032496012, 0.08451234326840139
0.7660338635197537, 0.7107456682924091, 0.22829993552076622, 0.0843357615009118
0.8017786899264581, 0.6386555074312998, 0.1907640046307146, 0.07772572257815166
0.7545749957243031, 0.689313402914778, 0.2360311407117672, 0.0852078860700363
0.7635254546491078, 0.6753661973468484, 0.22821936877637694, 0.0834989205357257
0.7520665868536571, 0.6793931497494649, 0.2383146582603024, 0.08816513813516677
0.8257225927826236, 0.5802170179461911, 0.1732343317384044, 0.07194001007377707
0.8212758679664786, 0.551697204488974, 0.1700228828696515, 0.07090947137093667
0.8217889515991107, 0.5783990290478173, 0.17659029456644565, 0.07359935230615851
0.8393478136936321, 0.5358233791929709, 0.1586658891240259, 0.07047807298354587
0.7976740208654011, 0.5578624538816962, 0.19263968872687523, 0.07690976111571741
0.8084487771506755, 0.5373124292969418, 0.18125694794377986, 0.07236704060738018
0.7972179465252837, 0.5503037817563614, 0.18950890897633285, 0.07624298793762245
0.8443646314349239, 0.5049824336818494, 0.15016957174545967, 0.06745886595629283
0.8367253862379568, 0.49842817924114385, 0.15454239354860674, 0.06838827918382168
0.8379795906732798, 0.5256046755371123, 0.16005112814982916, 0.06748256103593717
0.7818254375463201, 0.6045087172598459, 0.20567108182299434, 0.08048844307033329
0.8013796248788553, 0.5593112562196905, 0.18902183214364462, 0.0755331792215257
0.8624935864545921, 0.4615290873628718, 0.13556028678590387, 0.06369274599964003
0.8626646143321361, 0.44035521509087283, 0.1310123120018533, 0.06189807602022007
0.8726412405222052, 0.4209324376076544, 0.12260057828453669, 0.059667413657277416
0.8254945556125648, 0.48414608997187, 0.15838010214880643, 0.06921869441896174
0.847899207570834, 0.47719957556404613, 0.1419148099002256, 0.06541915302595683
0.8524599509720084, 0.45388248308110074, 0.14018414055314574, 0.06281374873889774
0.860555270509093, 0.4553597778440066, 0.134834993769693, 0.06084703184603304
0.8496664956387892, 0.45056333552591266, 0.14302578339570296, 0.0646577059927036
0.8668833019782225, 0.42664724494938033, 0.12898980318885206, 0.05998533373876577
0.8720141383045437, 0.4222874598572893, 0.12794881892610033, 0.06056247494624982
0.8688786272162362, 0.44221444891961204, 0.13041215764855185, 0.06147057383843885
0.8715010546719115, 0.4138621363772278, 0.12668883120124494, 0.06099068953702625
0.869277692263839, 0.4323901319650929, 0.1275217266566962, 0.059791325979311506
0.8809075879368337, 0.38457719903277027, 0.1145702067972994, 0.05665251573849529
0.8722421754746024, 0.3799192226617781, 0.1184299236945257, 0.058767865237334724
0.8904851490792999, 0.3604879379542311, 0.10526264596236856, 0.05440920508578897
0.8682515249985747, 0.409742876679007, 0.12519730464555834, 0.059265063085451174
0.8395188415711761, 0.4407862824082876, 0.14874064691951022, 0.06434098056475122
0.8896300096915797, 0.35880808595630964, 0.10656295496731082, 0.05493911404030429
0.8913972977595348, 0.3411951555350842, 0.10456348668738802, 0.05449707341458509
0.9103813921669232, 0.31087039886053225, 0.08778096538444245, 0.04938905776987795
0.905250555840602, 0.31806727759124687, 0.09148492651813378, 0.050315563503676976
0.8843851547802292, 0.3504012579079602, 0.10879195086656468, 0.05671223782157612
0.9032552306025883, 0.3244050048449585, 0.09173261937107018, 0.05187903096287827
0.9053075651331167, 0.32341853158433287, 0.08870732888649416, 0.04955082733345761
0.9041103699903085, 0.3121720791014833, 0.09172694467448558, 0.05075381291409413
0.9086141040989681, 0.3120930941158714, 0.08913294672476305, 0.05063533211200855
0.8648879767402087, 0.39470651811822627, 0.12415586324252689, 0.06187253027250444
0.912718773160025, 0.3011625408289752, 0.0827658645124391, 0.04838870864516551
0.9076449461262186, 0.3155327077450641, 0.08904508133814311, 0.05021928699030486
0.9078159740037626, 0.30556745065664226, 0.0869550956145916, 0.04990200504961277
0.9094692434866883, 0.2988463342576844, 0.08876171856780161, 0.05014009503896334
0.8790262812838493, 0.35651612798721244, 0.10976357971354522, 0.05534845607396152
0.9116355966022461, 0.28576438063902704, 0.08439818989800832, 0.049793135589320664
0.8858103870930962, 0.3341041193244828, 0.10365676656797251, 0.05447562613930641
0.8869505729433897, 0.3436435642774736, 0.10560488742386666, 0.05511519146441164
0.9122626988199076, 0.29837305600937397, 0.08381022232609579, 0.048616099761174786
0.8803374950116869, 0.3359232071336543, 0.1080272517803407, 0.05403530998471424
0.8994926172966193, 0.30831621010395266, 0.09252311379418958, 0.0514044517792328
0.9120346616498489, 0.29502168440008236, 0.08248852001852286, 0.04825404930285375
0.9053075651331167, 0.30533748058392646, 0.09082123860751996, 0.0509662528903382
0.8819907644946127, 0.33994674721308804, 0.10668228172575041, 0.05448738901950409
0.9058206487657489, 0.30132610205559385, 0.08884277741748563, 0.050073662102379755
0.9150561541531269, 0.2896065396057722, 0.0805517887344547, 0.04709925838255763
0.9143150333504361, 0.28444450970518426, 0.08153213051892022, 0.04811716038798409
0.9155122284932444, 0.27000709050256144, 0.08155474760289902, 0.048184202426421664
0.9167664329285674, 0.2700109014332495, 0.08125175147863967, 0.04922713415845436
0.9187047488740665, 0.2630918914784219, 0.07609486691749892, 0.045870495953940604
0.9237215666153583, 0.25042733402745376, 0.07122823725026599, 0.04367675453424317
0.9216692320848299, 0.25403958070952026, 0.07313055017947995, 0.04449061704759312
0.9167094236360527, 0.2556331781431362, 0.07519435705758955, 0.04539567484264867
0.9175645630237729, 0.2627348489042691, 0.07611844495589216, 0.04531743713034423
0.9270281055812097, 0.24029710733395293, 0.06939888131230029, 0.0447113194354388
0.9261159569009748, 0.24175863115408147, 0.06965574227486, 0.04363845703896429
0.9191608232141839, 0.25027264292077334, 0.07405303312865713, 0.04573651081232504
0.9001767288067956, 0.28135096531747905, 0.0893222474983635, 0.04829034248118953
0.8898580468616385, 0.2975083920803374, 0.096649829292008, 0.051588271393595696
0.9056496208882048, 0.26980009014231443, 0.08474664976632099, 0.04780012312118242
0.9286813750641355, 0.22680955267444197, 0.06585588336947472, 0.04223217507505308
0.9032552306025883, 0.2722709661248384, 0.0830856892992587, 0.04737199423776715
0.8915683256370789, 0.2949017560161623, 0.09289959454565327, 0.050021994376277065
