acuracia,loss,frr,fpr
0.05702054794520548, 2.3126389158915166
0.09805936073059361, 2.4487825347714502, 0.936737740817903, 0.5238769877182826
0.20776255707762556, 2.552866216786376, 0.8502270185232272, 0.31418799575586454
0.39263698630136984, 2.30947525723748, 0.625315193272849, 0.18847739345151526
0.2420091324200913, 2.498312809736336, 0.8104228817745404, 0.29275336556032444
0.36655251141552514, 2.188709125855351, 0.6770942585089267, 0.2039609339771452
0.3698630136986301, 1.9037923992981445, 0.6720122427895993, 0.20777152148862033
0.35428082191780824, 1.9555002584942875, 0.6904102196432098, 0.24853532067108053
0.49121004566210047, 1.3206258510941105, 0.4862341312155473, 0.1666855051102318
0.49526255707762556, 1.444782388925799, 0.5459481637517891, 0.1578928337719674
0.5072488584474886, 1.7573422908991336, 0.5404678361350429, 0.16005829213234002
0.5442351598173516, 1.3620085649080702, 0.49639170875692323, 0.14064946196529457
0.6288812785388128, 1.0040058711305533, 0.3998507925389142, 0.11788206465529648
0.5836187214611872, 1.1479245260136721, 0.44472145605353014, 0.13149293892035285
0.5863013698630137, 1.1960038580912586, 0.4420637383907034, 0.14004191831934493
0.5279109589041096, 1.6961980029295005, 0.5164896799258207, 0.15371860363594436
0.6246575342465753, 1.1062473882052444, 0.3991274091890765, 0.1293553262143306
0.7230022831050228, 0.790901203945462, 0.2585888412248375, 0.09123084575120056
0.6223173515981735, 1.1455065266513074, 0.33149120846088004, 0.12496966432253612
0.7835616438356164, 0.651871375348334, 0.1989969725368105, 0.08365535732823
0.7235159817351599, 0.7526263189716818, 0.29328162598188423, 0.10064522067064598
0.7916095890410959, 0.5880144406952066, 0.20989517599417823, 0.0820891175904304
0.7399543378995433, 0.696282251111522, 0.2807052854347765, 0.09773297443842335
0.8184360730593607, 0.561743833001365, 0.17531293065906717, 0.07529877282919681
0.8306506849315068, 0.5439235899512355, 0.16983678502840335, 0.07220046518886723
0.776255707762557, 0.6279471474309498, 0.228814348960651, 0.08916355446645902
0.6885844748858447, 0.8924872251022309, 0.3316557417414991, 0.11217043914148396
0.718892694063927, 0.795210974542642, 0.2933737921454945, 0.10719927328201687
0.8049086757990868, 0.5361833123546694, 0.2011858781777044, 0.07899507877836993
0.8223744292237443, 0.5273530182109446, 0.1715257266512724, 0.07485413473012131
0.7478310502283105, 0.6495952897882152, 0.26519628166454945, 0.09902832191197575
0.8351027397260274, 0.4950935723492344, 0.15853406294980835, 0.07246085753831198
0.7839041095890411, 0.5950741662889173, 0.21557491779336202, 0.08883457574055242
0.8700342465753425, 0.4250823776847651, 0.12305914517730128, 0.062090421518487454
0.8001141552511416, 0.546118283163906, 0.20200453808202049, 0.08220630311997565
0.8502283105022831, 0.42931880837723135, 0.1351779754042335, 0.06783960915117539
0.7442922374429224, 0.7220587173889584, 0.27090523493149615, 0.10206043384379981
0.8120433789954338, 0.5469713213430901, 0.19515953873596978, 0.08000973224337495
0.8611872146118722, 0.4332985796476209, 0.1347386539751615, 0.06463457196954377
0.7503995433789954, 0.72351176892782, 0.2590723596238503, 0.09896962670580313
0.7771689497716895, 0.635559211307013, 0.23854544961359525, 0.09248702325983427
0.8272260273972603, 0.48267517018334044, 0.1827080846597777, 0.0769623196195047
0.8087899543378996, 0.4995762582310979, 0.19265312111796093, 0.08155493379380245
0.7810502283105023, 0.5791267964001011, 0.22809133158850523, 0.09051176102277565
0.870148401826484, 0.3942786491919467, 0.12271956711177906, 0.060780554787407494
0.853595890410959, 0.4119098195125196, 0.15262028814622378, 0.06881528474074985
0.8843607305936073, 0.36828341040734763, 0.11930920109459052, 0.06022418675088122
0.8375570776255707, 0.42433297020111677, 0.16333497267773234, 0.07556595615765666
0.8499429223744293, 0.41339272071259425, 0.14774703317095889, 0.0670046170632967
0.8497716894977169, 0.4289036900797124, 0.15309505152421166, 0.06883268542219223
0.8849315068493151, 0.36387289855239824, 0.11832910371682273, 0.059608817110362526
0.7795662100456621, 0.5931244734225709, 0.2427746936672177, 0.08996801238892262
0.8496575342465753, 0.3862797962878533, 0.1505377992691312, 0.073583398130186
0.8809931506849316, 0.37009469225371977, 0.1146261799958988, 0.05839121802791784
0.8313926940639269, 0.4327178095949263, 0.16814676948514296, 0.07136098718096866
0.7550228310502283, 0.7532394607994133, 0.24508186855604822, 0.09778172232462957
0.8046803652968036, 0.5191035897458119, 0.19593260061944487, 0.08423827414316296
0.8018264840182648, 0.5594528460082772, 0.20872164450241462, 0.08554584562495006
0.858675799086758, 0.391447893963206, 0.14053497919821478, 0.06679984151088082
0.8363013698630137, 0.44242351081816467, 0.16628362813865064, 0.07641732951675985
0.8950342465753425, 0.308670995007394, 0.10269706960344127, 0.056087381299416664
0.8528538812785388, 0.38284916272464653, 0.15100723298289437, 0.07068822843938195
0.904851598173516, 0.3030877049580444, 0.09261272341052627, 0.054751740735400414
0.8783675799086758, 0.3249334186500924, 0.11965147555420381, 0.0639494574283705
0.909703196347032, 0.27361290962511053, 0.09055012335178042, 0.05281716450265005
0.797945205479452, 0.5338259361363873, 0.2064030962883503, 0.08503146577946977
0.8022260273972602, 0.5213680641466781, 0.20977905174789083, 0.09058707377411228
0.910216894977169, 0.27266054696856745, 0.08008825894795125, 0.05084503869649195
0.9155251141552512, 0.2698168307221064, 0.07861074242051856, 0.050709261465632066
0.876027397260274, 0.3618823532668626, 0.1268987782752982, 0.0660132505221898
0.8857876712328767, 0.30922194020691746, 0.10358054672220518, 0.058422587339245234
0.8834474885844749, 0.3318098752247987, 0.10918786020434267, 0.05872102469613999
0.8555365296803653, 0.39963214182858026, 0.15059879232674567, 0.06970865227366052
0.909703196347032, 0.2768686927160842, 0.08709592619765859, 0.04922980646068293
0.8945205479452055, 0.29109856332300765, 0.09402867990734476, 0.054993006137303624
0.8670662100456621, 0.3416323073971012, 0.1404302047746827, 0.06477825460057372
0.9115867579908675, 0.259746374691624, 0.09336532407966106, 0.053038567318467816
0.9325342465753425, 0.2274447474634335, 0.06297037094455402, 0.045487062793669625
0.9318493150684931, 0.2298233469610721, 0.07128612452681005, 0.047445584063833056
0.8887557077625571, 0.2926624813407295, 0.11129626543539466, 0.05762447060093691
0.9081050228310502, 0.2542457871352345, 0.0889808488729536, 0.05164832827279623
0.9024543378995433, 0.268249510705955, 0.09781786069097427, 0.05748033285306073
0.8910388127853881, 0.31391865756229925, 0.10913048054515397, 0.05641025775966425
0.9015981735159817, 0.2901877760768189, 0.10844198233680186, 0.05718735710508338
0.871175799086758, 0.32310932002744086, 0.13130896481621168, 0.06562980332995234
0.9131278538812785, 0.26572681985672303, 0.09021502114659213, 0.04940702765316113
0.910958904109589, 0.26053725201810146, 0.08849141046357982, 0.05034293965274316
0.9138127853881278, 0.2433249725946507, 0.08723822769472134, 0.050944323843850024
0.8968036529680365, 0.27496517322085795, 0.08897183803867215, 0.05281624682620793
0.9342465753424658, 0.20973056558521994, 0.06529421882831035, 0.04513925203389777
0.7953196347031963, 0.5671536475716419, 0.21787686034485787, 0.09280520793438524
0.9192351598173516, 0.24675630684868916, 0.07344378667174349, 0.04963613094752377
0.9322488584474886, 0.21101128628978333, 0.0626872168808286, 0.044950562200940264
0.8611872146118722, 0.35419974727239906, 0.14056502805775298, 0.06765394983414376
0.9006849315068494, 0.3258701063812706, 0.09919775312576283, 0.05600502231734559
0.9227168949771689, 0.30369453189371487, 0.08436633896086237, 0.05149281066595987
0.9002283105022831, 0.3084496125064181, 0.10049578194941972, 0.05460790936886493
0.8953767123287671, 0.32839458931190146, 0.10743522798790835, 0.05621269896306203
0.8670091324200914, 0.36391356592103796, 0.1485526092933376, 0.065816468113171
0.882420091324201, 0.32958206986510363, 0.13165699142884696, 0.0607920570502147
0.9320776255707762, 0.24196531234659122, 0.07063805848022299, 0.046037503360305404
0.0930365296803653, 2.308485136878545, 0.8866434517015118, 0.46032855303086073
0.17734018264840182, 2.53439419375707, 0.8002727525430479, 0.38290281629429584
0.18093607305936074, 2.423651190452516, 0.7955412514620863, 0.2972596268439948
0.28133561643835614, 2.4813740603608765, 0.7623344500892698, 0.3146755068073665
0.33835616438356164, 1.899307525659737, 0.7008818988523075, 0.21948278663198945
0.444634703196347, 2.043828491292486, 0.6198518181010748, 0.17408964698524737
0.37922374429223743, 2.047570318060706, 0.6639470208170389, 0.22078714997550652
0.45781963470319637, 1.8352937187969187, 0.5862151613929578, 0.16215649112105404
0.6086187214611872, 1.3842049045632827, 0.4515879839208935, 0.1331140579645857
0.6139840182648402, 1.1431153609140958, 0.3832920290003472, 0.12847539619041026
0.6791095890410959, 1.0096023663200149, 0.3583077675955027, 0.11245402518505339
0.7377853881278539, 0.8169190300060819, 0.2643389993093802, 0.09332885615727608
0.655365296803653, 0.8607005937688359, 0.36738200160301593, 0.1293061063472259
0.7301940639269406, 0.758531417615752, 0.301281568635349, 0.10172963182585239
0.8257990867579909, 0.5910800828343283, 0.1767822338532312, 0.07568117589710485
0.7591894977168949, 0.6940597582151837, 0.24987617675406795, 0.09602106604263266
0.7757420091324201, 0.6136508701341524, 0.22783599566325083, 0.08677681924577987
0.8060502283105023, 0.5873803311264669, 0.20399849524937097, 0.0779565327885259
0.8669520547945205, 0.46226851372803096, 0.1308344975975215, 0.06425605893327221
0.7506278538812785, 0.7913554852221855, 0.27702339584269314, 0.09894849783249944
0.7513698630136987, 0.78661651136238, 0.2808913930747298, 0.09415082327804696
0.8022260273972602, 0.5672574127937301, 0.21527504502662004, 0.08276632105696446
0.8425228310502283, 0.4708319924600618, 0.16343777823796946, 0.06688641150886966
0.7788812785388128, 0.5931359017842723, 0.23850881932469317, 0.08839648408429246
0.775513698630137, 0.624399703535287, 0.24535803763977881, 0.08650357880473512
0.7839041095890411, 0.6184068099262174, 0.2423427090891632, 0.08628412705437498
0.8497146118721461, 0.4560624991766455, 0.15557242454146059, 0.0656020147820116
0.7907534246575343, 0.5507870927395365, 0.2237169355874152, 0.08403892343975856
0.8035958904109589, 0.55926514196435, 0.19921520783105273, 0.0805107002512394
0.8580479452054794, 0.4411867866237312, 0.13169857833369625, 0.06685779107530837
0.8734018264840183, 0.3893463363636221, 0.13642662807841083, 0.06338425725874887
0.8117579908675799, 0.4734163497903275, 0.20748790531344216, 0.08301694432927821
0.8509132420091324, 0.3891243440404983, 0.15356901229514539, 0.06869383930692854
0.7827054794520548, 0.70164333376573, 0.2306681815389751, 0.08990988621365488
0.8350456621004566, 0.43737219951741346, 0.17239360321130787, 0.07134796075657221
0.7971461187214612, 0.5592030009863568, 0.2196387759265597, 0.08720788381676181
0.8744292237442922, 0.36962095366634873, 0.1353661684881649, 0.061596503030979806
0.8368150684931507, 0.43011495545125733, 0.18304324413744877, 0.07290326113167676
0.7823059360730593, 0.6148594236154085, 0.2406692679352867, 0.08846324602775121
0.8711187214611872, 0.35768666326841253, 0.13290039202788187, 0.06294176543867065
0.8482305936073059, 0.386488909094175, 0.16154662471215023, 0.0711630060057557
0.9111301369863014, 0.2983325398319638, 0.09030201434608723, 0.0538340804797673
0.8827625570776255, 0.3376428920223078, 0.12422188195985488, 0.05923304095051679
0.8932648401826484, 0.31117035388893644, 0.11032829216091379, 0.058545943815789044
0.8757420091324201, 0.3528502695992287, 0.1324678106800093, 0.06868020030830917
0.8280251141552512, 0.49841557556012306, 0.18332165225293529, 0.07567668793985115
0.9098744292237443, 0.28977805770251946, 0.08905028197952124, 0.05061553716532532
0.883675799086758, 0.3523744657032947, 0.12541364459303725, 0.05964557632342404
0.8748858447488584, 0.33058489192443047, 0.13293650272892202, 0.06001697944780354
0.9068493150684932, 0.2805887452288973, 0.09393113734682287, 0.05326036481047319
0.834931506849315, 0.4401074731183954, 0.17856851485865533, 0.07551273707825425
0.8264840182648402, 0.4630212058267741, 0.18962850652264232, 0.07473708844406839
0.8530251141552512, 0.3652404688231325, 0.1549182880529333, 0.06809752311508546
0.915810502283105, 0.5418567872950679, 0.08348929697446776, 0.051739272154624955
0.8454908675799087, 0.5367796101182121, 0.16089077952511463, 0.06924796523093325
0.8104452054794521, 0.5645431898873976, 0.19056876431378472, 0.07604266148467148
0.7179794520547945, 0.713982450584966, 0.29121403944765484, 0.11153202146105912
0.822203196347032, 0.4851519596977712, 0.18514367736094933, 0.0801590952836384
0.8882990867579909, 0.4021858376297743, 0.1286728216035009, 0.0629128460152907
0.9033675799086758, 0.3652543653148762, 0.10608228888778846, 0.05622356034963613
0.8337328767123288, 0.4469241762288727, 0.17518619133318095, 0.07483230458487815
0.8698059360730593, 0.3956776294634533, 0.13943129671433271, 0.06344989352246563
0.865582191780822, 1.1422985301578426, 0.13884057728205504, 0.0652322088734251
0.7071347031963471, 0.9775064237539116, 0.3172929629999705, 0.11750614557440389
0.5962899543378996, 1.121620095830802, 0.4489448060236751, 0.14598651094202975
0.7370433789954338, 0.7903208646302422, 0.28450771839044076, 0.09309379151141522
0.7646689497716895, 0.7993750499723028, 0.2655625404605382, 0.09470695346232814
0.6980022831050229, 0.9039355725240277, 0.3259023124152663, 0.11441214339638861
0.6934360730593607, 0.8491374867349506, 0.3303806416555255, 0.1077591671777693
0.7444634703196347, 0.725883343576275, 0.2789407228079506, 0.09640517915086382
0.8029680365296804, 0.5534063851060537, 0.2043449815512978, 0.08241852205865641
0.8289383561643836, 0.511159682494788, 0.16246818987162673, 0.0768189276267126
0.7830479452054795, 0.5411127201220357, 0.2410683597349634, 0.09166804797255447
0.8415525114155251, 0.4373081562444185, 0.16460907225775362, 0.07207032940963186
0.8184931506849316, 0.49466971191713166, 0.19551236818512763, 0.07744926716262204
0.8258561643835617, 0.4547597762459855, 0.1830420492856921, 0.0771721440103408
0.7896118721461187, 0.6009070420283165, 0.23247628524650538, 0.08961595401611407
0.8486301369863014, 0.3971002250592321, 0.15786789352928152, 0.06938375989007774
0.8112442922374429, 0.4867197168009546, 0.20237087150271735, 0.08355708522627149
0.8817922374429223, 0.37548772447960005, 0.11493348383581131, 0.06122267837942707
0.8957762557077625, 0.3452658195799157, 0.09967491608264119, 0.056794915777931415
0.8343607305936073, 0.42395349656142395, 0.169434392135527, 0.07474304974440853
0.8609018264840183, 0.36532569092191536, 0.14819770437606816, 0.0673007252616648
0.8368721461187215, 0.4173559670293487, 0.17758409178771523, 0.07405644466787013
0.857134703196347, 0.3858166427389609, 0.12897678086230616, 0.066735628104131
0.8972031963470319, 0.30804551268021946, 0.09950781114774518, 0.05424144293127803
0.8821917808219178, 0.35510009504923384, 0.12384828952433936, 0.06176534999033094
0.8973173515981735, 0.3179879494349618, 0.10073942434515981, 0.0558181789112458
0.9136986301369863, 0.28542120516391634, 0.08773632760610812, 0.052438833172041746
0.8697488584474886, 0.33402973269667907, 0.1388754287964048, 0.0663511812191526
0.851027397260274, 0.37781113307908226, 0.15730404764498437, 0.07298993216029542
0.8712328767123287, 0.33520749423299356, 0.13693781327086763, 0.0631288890402607
0.8382990867579909, 0.4188146889241808, 0.16652472388577003, 0.07287330596004843
0.8661529680365296, 0.33377339501409914, 0.13871739635089023, 0.06575816632452977
0.9109018264840183, 0.28591432242899323, 0.09505371298609022, 0.05563540339741183
0.8770547945205479, 0.3450017495129335, 0.13261196322584817, 0.06323142272623886
0.8944634703196347, 0.30767368151082086, 0.11267180902759813, 0.05638082859079017
0.8818493150684932, 0.31167600770660603, 0.12462400526221834, 0.0628860868143514
0.926541095890411, 0.2427565055259968, 0.07329939176023116, 0.04618663594197554
0.8398972602739726, 0.41829962363407747, 0.1641976150876122, 0.07345110927729336
0.8817922374429223, 0.3184089811254462, 0.11881190648552943, 0.06003822583176723
0.1098744292237443, 2.302870335535372, 0.8893691504335414, 0.43569966323318965
0.11284246575342466, 2.7580336253188515, 0.9118190097628086, 0.5098239702403291
0.13670091324200914, 2.3163635936025617, 0.8561599258004337, 0.4791811196718892
0.24212328767123287, 2.178793210291291, 0.7398249169255914, 0.2645839199931988
0.27722602739726027, 2.4695454103370373, 0.7153344215450004, 0.33560651278419135
0.6272260273972603, 1.508284963931055, 0.3770112736302147, 0.11318890536526696
0.4834474885844749, 1.5536794234352127, 0.547717523752427, 0.15552140629816513
0.555079908675799, 1.2809124983124196, 0.41556871636304993, 0.14553254000718338
0.6180365296803653, 1.1349556665025549, 0.38316190488884944, 0.12300027516774044
0.6948059360730594, 0.9603920721385169, 0.32757890557746444, 0.11482908775041195
0.6539383561643836, 0.9597904912200352, 0.3861341322972276, 0.12144751056913859
0.7656963470319634, 0.8171443778605543, 0.261767226136474, 0.08997860050950685
0.7368721461187214, 0.8271430796993573, 0.27607555225319497, 0.0987837944557539
0.7378995433789954, 0.7451392436140647, 0.2568440315991283, 0.09337334746330382
0.717351598173516, 0.7761680833320771, 0.3177999853855849, 0.1018580500833329
0.7850456621004567, 0.669969532745263, 0.22802497466254906, 0.09081029652291728
0.7722602739726028, 0.7012933464321099, 0.2438941957994462, 0.08969908373013244
0.7892123287671233, 0.6296955927304889, 0.21669253335997787, 0.08206855612542686
0.8208333333333333, 0.5810072421617211, 0.19305932937259315, 0.07576915152613405
0.8368150684931507, 0.5947385936165356, 0.1649126327728624, 0.0699895502672129
0.81837899543379, 0.5870429498902586, 0.1964180917096677, 0.07802208129176803
0.7832762557077626, 0.6139346839513493, 0.23651323196213817, 0.0884761445404842
0.7976598173515982, 0.5979141795853063, 0.22148946332810548, 0.08078864515972732
0.8559931506849315, 0.5049758631532978, 0.14351244291813464, 0.0666697182763128
0.8238584474885845, 0.5431114930938079, 0.17363567100991303, 0.07098197685916909
0.8343036529680365, 0.4729630471501695, 0.1812713149352302, 0.07269688723815833
0.8922374429223744, 0.40865005870869586, 0.10349206341297763, 0.057366036531067685
0.8792808219178082, 0.40922087427921333, 0.11361231400108938, 0.05827272529852549
0.8476027397260274, 0.46181670350828485, 0.15075954627763985, 0.06896188434607871
0.8553082191780822, 0.45524672280665335, 0.15766605955846522, 0.07034540082985502
0.8353881278538813, 0.449099038187433, 0.16799949683609888, 0.07122755578657108
0.8666666666666667, 0.4242185661083908, 0.13959431161456862, 0.06639843561654332
0.8707762557077625, 0.42498490777512277, 0.1345796562471828, 0.06425894934486104
0.8485159817351599, 0.45408187670086736, 0.17204222603286606, 0.0708955830987297
0.8941780821917809, 0.3614876855205565, 0.10027849127629908, 0.05462293446273148
0.8801940639269407, 0.39269999545807105, 0.1206095486410383, 0.06301709637172755
0.8811643835616438, 0.3872900230236076, 0.13214390103642884, 0.06532801476439777
0.849486301369863, 0.4578767534288842, 0.16524441618616287, 0.068407864450347
0.8743721461187215, 0.3631884538514867, 0.10798209670628492, 0.05839671593097261
0.8947488584474886, 0.3444825277650478, 0.10407781414024261, 0.056361798958850046
0.8585045662100457, 0.39458533569382803, 0.15830325869916323, 0.06927650507460413
0.8404109589041096, 0.4291712336357684, 0.1682557239367757, 0.06889862223656243
0.9017694063926941, 0.3253799183566278, 0.09549897600854962, 0.054674343647463625
0.8910388127853881, 0.3297463084406939, 0.10919835275081148, 0.05544668713942172
0.8952054794520548, 0.30538071523317584, 0.09577599818914001, 0.05639983285657339
0.8932648401826484, 0.31061615620731253, 0.10247697211860231, 0.057495887052575245
0.9043949771689498, 0.30958012061225615, 0.09190808221439534, 0.053629636925860466
0.8723744292237443, 0.34821392984456234, 0.1290897632193107, 0.06454004668148958
0.855593607305936, 0.377498116507288, 0.15182272157041204, 0.07028147679834397
0.8244292237442923, 0.5115962027936857, 0.18795688834236843, 0.08129245350360154
0.8597602739726027, 0.3678892156485005, 0.14849051664235793, 0.06570528877622914
0.8610730593607306, 0.3748768965346094, 0.14185493768694216, 0.062464541227785816
0.8092465753424658, 0.5033521209412614, 0.1976583026837124, 0.07958235619456222
0.8851027397260274, 0.3348354597459647, 0.12606452422070114, 0.06215523750761007
0.9138127853881278, 0.3083388545753369, 0.07874730598229235, 0.05054580604606761
0.9256278538812786, 0.2632054166915772, 0.0693258827794294, 0.046877515167839834
0.910216894977169, 0.29965054835610144, 0.09237145025345617, 0.05278558946515175
0.8882420091324201, 0.3218714470281925, 0.09670857387999585, 0.055592167529813816
0.9235730593607306, 0.25835598455221054, 0.07433890136049301, 0.04992598216354259
0.8820776255707763, 0.35987506486233367, 0.12872585695591104, 0.06466300729120335
0.8644977168949771, 0.3723377292231277, 0.12830320273810678, 0.06449807985249191
0.9186073059360731, 0.26260658639890344, 0.07737111741980489, 0.04974229099411086
0.8966324200913242, 0.31904180603953436, 0.09422598404527381, 0.054465557715712924
0.8914954337899543, 0.30021229033079583, 0.10655878626943238, 0.057567473030826495
0.9085616438356164, 0.29032933020318863, 0.09156347697919821, 0.050918303665426795
0.9107305936073059, 0.28577925367120705, 0.08969895326870107, 0.05068034615848372
0.8921803652968037, 0.3276915250912659, 0.10832687589907747, 0.0591974500545132
0.9082191780821918, 0.2827018827872779, 0.09504830820823065, 0.053613460652658755
0.9030251141552511, 0.29811913829617964, 0.09776318859797131, 0.05414920703158592
0.9305365296803653, 0.22755587695682897, 0.0676913223552946, 0.04429995377888611
0.8732876712328768, 0.3250979110588298, 0.13066209468481127, 0.06323913250055185
0.9153538812785388, 0.2519718390020537, 0.08656483725533315, 0.04875072026526753
0.9340753424657534, 0.22796036258133098, 0.06386170477828983, 0.044502251622689275
0.9297374429223745, 0.23110525579328692, 0.06579988963081448, 0.04638747650843742
0.9264840182648402, 0.2424110384857121, 0.06699729110473791, 0.046209044351909145
0.9198059360730594, 0.2478251884223364, 0.08170398866594555, 0.04863950964168515
0.9157534246575343, 0.25593967598694306, 0.08511017208046238, 0.04946166775364978
0.9189497716894978, 0.2497295834545097, 0.0803540333625416, 0.04956593969955454
0.9257990867579908, 0.23144866354995008, 0.0732078492602763, 0.04574812696793565
0.9119292237442922, 0.25197657563436043, 0.09086851728827351, 0.05316039709012819
0.9212899543378995, 0.22512081182521548, 0.06697492548853509, 0.04657424893393565
0.9393835616438356, 0.19870595666415114, 0.05880766858096516, 0.040595395041600424
0.9353881278538813, 0.20020356942479844, 0.06071111565338984, 0.04300971903239726
0.9238584474885845, 0.22717028159012811, 0.07752214157331407, 0.045662723954443096
0.941837899543379, 0.190515644734669, 0.05669177524012865, 0.04293715313092134
0.9314497716894977, 0.2059371675516206, 0.06309076733470181, 0.04610293986117383
0.9354452054794521, 0.20199728700836744, 0.0630169732951917, 0.04936603291206604
0.9228881278538813, 0.22575576501530326, 0.07836272508513314, 0.04858480595970376
0.9303082191780822, 0.21217765065633531, 0.06803000898718248, 0.045869828128800416
0.9080479452054795, 0.24482088809505412, 0.09256345688641511, 0.052408208400755975
0.925513698630137, 0.21436902447630554, 0.07482273584568666, 0.04756844703016015
0.914269406392694, 0.23872094929118987, 0.07493161020702727, 0.04696451177587067
0.9357876712328768, 0.20519393570148375, 0.06474503110434097, 0.045451112904828006
0.9433219178082192, 0.18764533769846414, 0.051900828257208584, 0.040341116819134666
0.9315639269406393, 0.21194445973165227, 0.06010615991798968, 0.044035164031705626
0.9394406392694064, 0.2022832233300281, 0.055595318140811055, 0.042945940825307956
0.933162100456621, 0.19702305560738867, 0.06622020818822226, 0.04375026157761038
0.9115867579908675, 0.2382004231055449, 0.07458174091949975, 0.049705054854244916
0.9247146118721461, 0.2174509413020448, 0.0675911591614958, 0.04578593384702981
0.948458904109589, 0.16902967990489448, 0.04777017335257159, 0.03945345176681961
0.9357876712328768, 0.2004737293542913, 0.05734137561023461, 0.04199725729145696
0.08259132420091324, 2.306695723492805, 0.9006850296798369, 0.26796887722907003
0.1408675799086758, 2.480855728862765, 0.8722491839572123, 0.4804431458049294
0.2609018264840183, 2.2333293978209907, 0.7748029199817503, 0.26114715953455525
0.2622716894977169, 2.225257914450411, 0.7581422280806798, 0.3399359948694219
0.4295662100456621, 1.9109229606461444, 0.5812647014288325, 0.18813620490554275
0.3681506849315068, 1.8137616656405944, 0.6626841477442027, 0.26575048114384625
0.5365296803652968, 1.571880033439595, 0.5267581594706364, 0.14887873239824098
0.48841324200913244, 1.5321693216960826, 0.5781539181098421, 0.20351722104250336
0.6006278538812785, 1.3421568702821318, 0.4534939690131764, 0.13692632555504636
0.6482876712328767, 1.1912788444564393, 0.4061486262047556, 0.11556366601268073
0.5893835616438357, 1.240055122910935, 0.4649932837653723, 0.13593550635432392
0.638013698630137, 1.0909115491458852, 0.4253914242837091, 0.1247623756980229
0.6547945205479452, 1.0749155311817602, 0.4055364065080191, 0.12745770185372962
0.6551369863013699, 0.9417309929762402, 0.3948503120632414, 0.12320228799263372
0.681107305936073, 0.9955320928073286, 0.3690347063576755, 0.12133341789240268
0.7389840182648402, 0.7566298907863765, 0.29870293871901626, 0.10085975448692165
0.7462899543378996, 0.7023749485294033, 0.28083910769302833, 0.1003431493334989
0.6884703196347032, 0.8323347342235662, 0.35242625833003116, 0.12461224145135522
0.6974315068493151, 0.7767586348675081, 0.33642020453111643, 0.11558449252004127
0.7146118721461188, 0.783193982919608, 0.3145644032387359, 0.11070547985349447
0.7158675799086758, 0.8221578569794669, 0.32278215028222584, 0.11205830883085724
0.6948059360730594, 0.950772262606417, 0.3384716957862591, 0.11480057034147713
0.7594748858447489, 0.6324726012614598, 0.2817995044843164, 0.09913721129223012
0.7405251141552511, 0.7017181588431181, 0.28732932883832313, 0.10606015593368148
0.7208333333333333, 0.8372161317138813, 0.3246013438272751, 0.10568356091937811
0.7776826484018264, 0.6138803047180648, 0.24996948565094873, 0.09112779184191769
0.807648401826484, 0.6070263275949999, 0.2060888042724013, 0.08247246336400897
0.7999429223744292, 0.562119439646993, 0.20813784923485834, 0.0820770395369092
0.7761986301369863, 0.657543847793272, 0.24831935806791383, 0.09193124426273255
0.7832191780821918, 0.5752820046608481, 0.23489846526171224, 0.09165837851643253
0.7868150684931506, 0.6274277328129565, 0.23149478838204446, 0.08875499648384622
0.8204908675799086, 0.5349058167608646, 0.19577025612156432, 0.0790029498071032
0.8162671232876713, 0.5380914163768898, 0.18897609878502494, 0.07877692104614861
0.8683219178082192, 0.3837786707820075, 0.1348482250680972, 0.0636864109107382
0.845662100456621, 0.43537470054555977, 0.17154681398399443, 0.07188707269888492
0.818093607305936, 0.4793649714052588, 0.19890121478426803, 0.08054470258844765
0.8337899543378996, 0.46329329560236254, 0.1721567957557476, 0.07009600216772525
0.804337899543379, 0.5250637989599267, 0.22006022541435827, 0.08400866419670684
0.8347031963470319, 0.4267410269612287, 0.18413456659695027, 0.07490640623818487
0.8042237442922374, 0.5918662411335922, 0.20625643554260065, 0.08581365517083867
0.8280821917808219, 0.5354768469750786, 0.1770200373269148, 0.07674239258527774
0.8340182648401826, 0.4749344172406394, 0.1482792677291519, 0.07251999599648035
0.8443493150684932, 0.40694931430543335, 0.1589463174612692, 0.06752109830941447
0.8638698630136986, 0.38191207797498045, 0.14728096586152506, 0.06866399161634075
0.8041095890410959, 0.59614721824343, 0.20844747236197922, 0.08886327178945909
0.8323630136986301, 0.4397538826281134, 0.17668069312257415, 0.07402084989468474
0.8202054794520548, 0.4851970741018301, 0.20192333642487786, 0.07875087796392777
0.8668949771689498, 0.3747316531753795, 0.14478357848968737, 0.06550760788788958
0.848744292237443, 0.39382917473818807, 0.17303900364118058, 0.07532889322560772
0.8639269406392694, 0.3539897732547624, 0.1421755635709197, 0.06480473735893756
0.8541095890410959, 0.37069263866833185, 0.1510572033127781, 0.07273219272725572
0.8013698630136986, 0.5973700786764569, 0.21678292447333078, 0.08949520867196595
0.8197488584474886, 0.49933979443862697, 0.1825114426085169, 0.08015200567537951
0.7990296803652968, 0.556257253607198, 0.20856125316761592, 0.0878800924979274
0.8444634703196348, 0.4062867829933354, 0.15699192033109033, 0.07164764053466434
0.9148401826484018, 0.269731868975639, 0.0811969499157984, 0.0517366228977078
0.9253995433789954, 0.2531486139894563, 0.0675865723319147, 0.04634811264555114
0.8842465753424658, 0.30927221740331007, 0.12204546370676389, 0.05961741365799149
0.8488584474885845, 0.38046146238199596, 0.16114738012734084, 0.06842801493538482
0.8393264840182648, 0.40737244475064915, 0.16849988491128975, 0.0715526910702156
0.839041095890411, 0.40801692490734914, 0.1704211264472404, 0.07661982364739234
0.8875, 0.3144166870090125, 0.12900616767765208, 0.0601283193335569
0.8055365296803653, 0.5388112251569207, 0.21513589233323394, 0.08473209167374565
0.8739155251141553, 0.34477895558773186, 0.14484279326091698, 0.0647139622528915
0.8244292237442923, 0.5560771228305251, 0.18358355175036997, 0.08298732717657158
0.8094178082191781, 0.534985391521742, 0.21155428483651523, 0.08445076167081061
0.8752283105022831, 0.3153982473780057, 0.13509515802887329, 0.06258045933427683
0.8474885844748858, 0.3796764035643137, 0.1592807018755676, 0.07146603430230608
0.8055365296803653, 0.5601314684534082, 0.21140596805066356, 0.08714407856876542
0.8430365296803652, 0.4136031804808733, 0.16117585940715165, 0.07137791623590209
0.8375570776255707, 0.4260455748907759, 0.16668922749803725, 0.07662386691716717
0.8529680365296803, 0.3700869367009176, 0.15313250942076903, 0.06919331622888068
0.9318493150684931, 0.23063630047423705, 0.06948867504123561, 0.047707516878771505
0.8672945205479452, 0.33701225977134386, 0.1415887128548312, 0.06747103450115924
0.8907534246575343, 0.285361964317932, 0.11753664050707842, 0.05803074596395481
0.8207762557077626, 0.5273954794145007, 0.19719245589248938, 0.08274543232615855
0.9030821917808219, 0.2625078370296899, 0.09885390260105804, 0.053893055901857334
0.925513698630137, 0.2323054468919766, 0.07856652846966522, 0.04758069447313693
0.8431506849315068, 0.4376261773825535, 0.16831382179448842, 0.07478584175261106
0.8491438356164384, 0.45487039913235316, 0.15718020480076605, 0.07224570886902472
0.8529109589041096, 0.38114163369710324, 0.1579379928600495, 0.06906434679935937
0.9094178082191781, 0.2594780424560601, 0.0924868200371005, 0.05158622531969297
0.9138127853881278, 0.2507177866382427, 0.08296106165878105, 0.04915949121771324
0.8589611872146119, 0.3822370750224336, 0.1455836412839035, 0.06678665515524262
0.833904109589041, 0.5116860103774405, 0.17784547507392368, 0.07530487989628484
0.847203196347032, 0.38844354605135034, 0.16517982092090347, 0.06986296518271959
0.8860159817351598, 0.28812376724156874, 0.12314032647773143, 0.05877350025472211
0.877283105022831, 0.30063154995735797, 0.1250089148787001, 0.06113657874552083
0.9051940639269407, 0.26530343787689326, 0.09547833909346642, 0.051962103792741014
0.872716894977169, 0.31698560280228566, 0.12744500214835233, 0.06573614445547565
0.9343036529680365, 0.21245544844306474, 0.06573081804701336, 0.04568872952565987
0.8540525114155251, 0.4093654307243616, 0.1494153629362733, 0.07881879265867417
0.9010844748858448, 0.25742382669915354, 0.10021722394429775, 0.05463094443794695
0.9137557077625571, 0.2371860000538564, 0.08944296355666453, 0.050772089081176544
0.9305365296803653, 0.21713697719561137, 0.06998426169668306, 0.04778357408396535
0.9154680365296803, 0.22550812061379966, 0.08729335847094742, 0.050192755619971566
0.9289954337899543, 0.22951393776570117, 0.07522885447216568, 0.04884327040292586
0.9286529680365296, 0.2144138645124665, 0.07277299867015204, 0.04678042661030133
0.9089611872146118, 0.23174494697476342, 0.09331668478070629, 0.05324356981808652
0.8839041095890411, 0.285442958352383, 0.11819167103499564, 0.05954980189278824
0.919634703196347, 0.21593336412121253, 0.06806460074234152, 0.048258120358507385
0.1146689497716895, 2.2976061668570185, 0.8902151855981816, 0.2860511895744301
0.17482876712328768, 2.2950551143179747, 0.8513705086444161, 0.3732918039842479
0.17968036529680365, 2.4998342282661836, 0.8228122480272074, 0.32762190622781806
0.2464041095890411, 2.034073467964315, 0.7480923814199424, 0.3164415211232395
0.40222602739726027, 1.9886954135716506, 0.6372069479494936, 0.19364488851200382
0.47785388127853884, 1.7697742551769295, 0.5968138152343808, 0.18902720222317893
0.44914383561643834, 1.7529133301900197, 0.5972329373419513, 0.20877487841947817
0.5796803652968037, 1.2133950493821541, 0.4782876686030566, 0.14673762046300415
0.5712328767123288, 1.1854225009190744, 0.4823817088984498, 0.1414550861886627
0.6064497716894978, 1.190226078007081, 0.44044558886960106, 0.12999616935596384
0.3485159817351598, 1.5596986859902362, 0.6915544593134386, 0.2941501437414228
0.49292237442922376, 1.3648944479470742, 0.5642893798848182, 0.18372918660545984
0.6027397260273972, 1.1281664905316924, 0.4583137184984038, 0.14078097976099951
0.7681506849315068, 0.7707793520358455, 0.2622069863782003, 0.08900182125663106
0.7609018264840183, 0.7462125836313409, 0.25746599579707113, 0.09177128117229753
0.6846461187214612, 0.8769093546607599, 0.3371634099640618, 0.10508531608010781
0.6644406392694064, 0.8932978531588124, 0.39829152453356814, 0.11884291880402982
0.7374429223744292, 0.786402514954863, 0.28397001318174714, 0.09826111588827746
0.8166666666666667, 0.5995557782095623, 0.19933304680280134, 0.07570246519137364
0.7282534246575343, 0.7283848055809541, 0.3116322426594171, 0.10296923356094685
0.7280251141552512, 0.7000867585573435, 0.30098893805182375, 0.1002540306894479
0.7588470319634704, 0.6936785590059876, 0.27416866662408823, 0.09724786480116258
0.7167237442922374, 0.7925218147084279, 0.3328454493477111, 0.10634501922062461
0.7565068493150685, 0.6406557216398582, 0.28614797471921105, 0.0907842028364427
0.8072488584474886, 0.5820427631221491, 0.22791283591392159, 0.08499883633494655
0.7687214611872146, 0.6771351667629905, 0.27551366334925037, 0.09710603533393407
0.6867579908675799, 0.8995791885380944, 0.36908721904408864, 0.11739900660172285
0.761986301369863, 0.6010524603339272, 0.2644419646604237, 0.09429824634101508
0.7692922374429224, 0.6304752175322762, 0.2641015047217246, 0.08914599534470238
0.7287100456621004, 0.7934363810650124, 0.3144071937152035, 0.10934262119043849
0.7851027397260274, 0.5394628024327949, 0.238481704651335, 0.08612980917134276
0.7703196347031963, 0.5931480556106106, 0.2532694697389701, 0.09282138729268011
0.7579337899543379, 0.6811139849726229, 0.2676886381903334, 0.09497887137542285
0.7628995433789955, 0.6870269812456413, 0.27137584794773006, 0.09441466328387187
0.7834474885844749, 0.6439596956489861, 0.24395776534010827, 0.09036041232692486
0.7853881278538812, 0.5407338031185696, 0.234062137319628, 0.08824899740692517
0.836472602739726, 0.4688749788609412, 0.17434601719262982, 0.07371263593361102
0.8412671232876713, 0.4545825158994986, 0.18436865062237043, 0.07413843187073668
0.8623858447488585, 0.4399267275872046, 0.15303290507906134, 0.07047768155752332
0.7753424657534247, 0.6011669865864133, 0.2581266665521576, 0.09402499762973941
0.7781963470319635, 0.5994017687448636, 0.25417489878478516, 0.0902262781823641
0.8480593607305936, 0.44145887769305797, 0.16392287510693848, 0.07201280521410162
0.8875, 0.3585379896163871, 0.1196142514207284, 0.0592620236434158
0.8905821917808219, 0.34982439851077096, 0.11083766738116706, 0.05797549219186281
0.8897260273972603, 0.3423371331593751, 0.11432316517372129, 0.05915121634457544
0.8127853881278538, 0.4874483436981089, 0.20740637086592645, 0.08289733482145552
0.8654680365296804, 0.3831862378939237, 0.14566274184265673, 0.06459931818682285
0.7723173515981735, 0.6918062763189013, 0.25883472042877487, 0.09308777457853422
0.881392694063927, 0.40102961366483464, 0.12291721003370322, 0.06385060781030216
0.883162100456621, 0.4010090852538352, 0.12879684763741117, 0.061127204604991485
0.7927511415525114, 0.579496201674388, 0.22249240545763513, 0.09624673294463623
0.7851027397260274, 0.6117408061288956, 0.23930584021630036, 0.09170531023148142
0.8142123287671232, 0.4688520615911653, 0.20506943691980287, 0.08292088756705387
0.8194063926940639, 0.4554939707323787, 0.19976472754569818, 0.08101266469922022
0.8137557077625571, 0.4704043819588122, 0.20862982092391036, 0.08060952811795437
0.797945205479452, 0.5107931946440558, 0.22755834725831225, 0.08495790728420854
0.7772260273972603, 0.6662204398927768, 0.24750256997941394, 0.09350416206903917
0.7889269406392694, 0.6794249037348787, 0.240146702901524, 0.08818956572185657
0.8281963470319634, 0.4392324962425439, 0.1921353975714682, 0.07719819885355574
0.8769977168949772, 0.36733839084111475, 0.13291648239261478, 0.06005275390529608
0.8164954337899544, 0.5145344301958715, 0.1989769024752123, 0.08488620223555253
0.8664954337899543, 0.34846636272473025, 0.14441216413440408, 0.06799988455973047
0.8937785388127854, 0.3349973015402009, 0.11912937194766915, 0.058778245223750254
0.8736872146118722, 0.35486968620166637, 0.14231142470999378, 0.06288535303900805
0.8968036529680365, 0.3059978865195889, 0.09431110774217627, 0.056522179228924975
0.9038812785388128, 0.3017949795823735, 0.0880661181650507, 0.05292494518153759
0.8825342465753425, 0.34485993387839264, 0.12219834477639101, 0.05972921097875312
0.8759703196347032, 0.36608046131711147, 0.13786700832380827, 0.06488106245234017
0.9077054794520548, 0.27960514543432113, 0.08975025894292984, 0.05322573412607411
0.9096461187214612, 0.28571058912822, 0.09425594653549287, 0.05357934937766449
0.8404109589041096, 0.4040523316466928, 0.17784036612839477, 0.07446465178883661
0.9105022831050228, 0.2778435341979221, 0.09386481663784993, 0.054250735893999064
0.8417808219178082, 0.3972368357076294, 0.17367334204446158, 0.07452666408064414
0.921175799086758, 0.2632414609419722, 0.07989027636798181, 0.05156266258150745
0.8547374429223744, 0.37147908812511304, 0.16009994734166294, 0.07148328080733907
0.8953196347031963, 0.30239710183693896, 0.11519008749206577, 0.058213266676887435
0.8078767123287671, 0.5079571144711528, 0.21500341646269264, 0.08574001705220455
0.8631278538812786, 0.3906354993553731, 0.15407225681104625, 0.07252475540442099
0.8713470319634703, 0.36171076724782725, 0.15171119247532902, 0.06630902206597411
0.8431506849315068, 0.3962193872848181, 0.17778697632688456, 0.07178724503191569
0.8495433789954338, 0.3743066447362423, 0.15999884320309826, 0.07177414788154267
0.8408675799086758, 0.4023691127489199, 0.17235059540691863, 0.07289777334484843
0.9261415525114155, 0.23495755860437476, 0.07674978441616594, 0.048976570567869346
0.9221461187214612, 0.2405445841197326, 0.08437917508653976, 0.051469350134076705
0.8889269406392694, 0.295656198288282, 0.11811402480156151, 0.05911620675057927
0.8253424657534246, 0.4602813142884446, 0.19216505558664906, 0.07863076085450266
0.9128995433789955, 0.27097243752940725, 0.0982875650229718, 0.05301098953355534
0.9074771689497717, 0.26529034691703024, 0.09996558682746301, 0.05393709718891844
0.9051369863013699, 0.28717963071136665, 0.11086764832814527, 0.057683594027223395
0.8717465753424658, 0.329523535743744, 0.14527436672884303, 0.06582499438608067
0.8259703196347032, 0.47415776024653866, 0.1956640907945953, 0.07868688415191871
0.8362442922374429, 0.41297450121030466, 0.1779510693653534, 0.07499092412759753
0.8831050228310502, 0.31347537904296685, 0.13289026976349755, 0.06313624848251619
0.8893264840182649, 0.30186424958290314, 0.12028717468119256, 0.05666608010482807
0.847716894977169, 0.390048360442044, 0.16354059394069548, 0.07274966603374365
0.8473173515981736, 0.40463367289188323, 0.1598824760146605, 0.07676188600484381
0.9122716894977169, 0.2622639583323365, 0.0854853021684114, 0.052352048200438824
0.8579337899543379, 0.35552501524212177, 0.15501479575142382, 0.06644247625549311
0.8748858447488584, 0.3179242900620891, 0.13605222730829644, 0.06194695787670815
0.9165525114155251, 0.23958958037100644, 0.08997541896033193, 0.0488020153182392
0.8825342465753425, 0.3108081515210994, 0.12841791602148, 0.061493969616484435
0.10313926940639269, 2.3046019269315074, 0.8944962397010902, 0.49648716774900414
0.21615296803652967, 2.4836334334456756, 0.8267212368895704, 0.32083302596845875
0.21569634703196347, 2.2910012527517805, 0.8382804762061435, 0.31239330837142415
0.36484018264840185, 2.19058728500112, 0.6949357777841175, 0.21874637162671356
0.3699200913242009, 1.9487514044783294, 0.6919929347076512, 0.21666223923956177
0.3598173515981735, 2.2507061928597842, 0.6868806761191713, 0.2251707224712822
0.36934931506849317, 2.4165336927822176, 0.6714061861494709, 0.21142650845592353
0.5187214611872146, 2.064030256919716, 0.5301118604537141, 0.17851955868811548
0.515810502283105, 1.5314018495976245, 0.5323109998531382, 0.18744915764261394
0.5600456621004566, 1.470431428667175, 0.4978360584001353, 0.1394330321738389
0.5920091324200913, 1.2325665285615208, 0.4564138630416545, 0.1487400203332873
0.5291666666666667, 1.4374992375602291, 0.5197485191577775, 0.16020575167408674
0.6884703196347032, 0.9042785709949219, 0.31794438203430103, 0.10829668139362918
0.647716894977169, 0.8823265170054425, 0.40857397264469114, 0.1318202529055179
0.646404109589041, 1.0371087922098021, 0.3995527696746582, 0.1262934803530683
0.6994292237442923, 0.782174943209377, 0.33471727386032557, 0.11616865497708748
0.7375, 0.728594788757778, 0.3032413790940202, 0.1008722131632069
0.6981164383561644, 0.8424105514834962, 0.3382153843178733, 0.10925187793757578
0.7429223744292237, 0.6971617742713496, 0.27725325479843765, 0.09477597916100747
0.7570205479452055, 0.6580922228586116, 0.2842661187041449, 0.10005778368054158
0.721689497716895, 0.7324120981625141, 0.30618381193236227, 0.1051200942224319
0.7997716894977169, 0.5527399962510675, 0.21743664244012742, 0.0843425220060035
0.8195776255707763, 0.521397041694764, 0.19325322496652317, 0.07979844647482427
0.7525114155251141, 0.682292706517033, 0.2819550428791009, 0.09669986344911381
0.7924086757990868, 0.5452901723663606, 0.22151923910775626, 0.08761457052050753
0.8235730593607306, 0.5101630645469878, 0.20150146141508374, 0.0790772335564729
0.7711187214611872, 0.5991685821532036, 0.2559697497230477, 0.09356423446957861
0.7588470319634704, 0.6532826469576578, 0.2659455565963528, 0.09657931108258498
0.7718036529680365, 0.6343120518628217, 0.243024064820219, 0.08521680680139246
0.7452054794520548, 0.7534193486326106, 0.2795591553004117, 0.10100369002677059
0.7851598173515981, 0.5588127462431516, 0.23855145818359402, 0.09296189353006143
0.8197488584474886, 0.4995672158349133, 0.2080165556670842, 0.08005790324422206
0.7714611872146119, 0.6038199806366665, 0.25584318216033525, 0.09348234733971421
0.818892694063927, 0.4732770026443243, 0.20218378987762464, 0.08152367598708356
0.8190639269406392, 0.5031437926682523, 0.19354049128161221, 0.08072779777164009
0.7886415525114155, 0.5439387963050828, 0.2333491378102683, 0.08644001190056788
0.8111301369863013, 0.4988436966366547, 0.20711301016879788, 0.07912599488404976
0.814783105022831, 0.5358457373681486, 0.1974546620923621, 0.07630410129366567
0.8067922374429224, 0.512718378076517, 0.2150000771131778, 0.08396659250099653
0.8970319634703197, 0.33690582437137223, 0.10219044314589948, 0.056282163720030455
0.8002283105022832, 0.5606095401161053, 0.217575413007852, 0.08535176067107564
0.813013698630137, 0.4898124794020173, 0.2058474777979463, 0.0820553531256637
0.8167237442922375, 0.529635656084339, 0.18854895782758047, 0.08023126316701448
0.8215182648401826, 0.4810347261321922, 0.18474826110858086, 0.07746118117194105
0.8896118721461187, 0.3173924733135508, 0.11622105013100685, 0.05956677829677431
0.895662100456621, 0.32400251234242095, 0.10158846067533384, 0.05714850861776709
0.8600456621004566, 0.3777926467267635, 0.15830928548001139, 0.07008169243584877
0.8329908675799087, 0.43315636445334943, 0.1869952768384442, 0.07969579934902091
0.8468607305936073, 0.4376687950435383, 0.1767645811126206, 0.07244789321776385
0.827796803652968, 0.45528875421066534, 0.19336217613610215, 0.07945709629235856
0.8304223744292237, 0.44257121561683177, 0.18437167603823099, 0.07600422772659958
0.8802511415525114, 0.3279778521717154, 0.1239054511304786, 0.059033181467040834
0.8196917808219178, 0.5182995131258166, 0.19335230062924874, 0.07862932145972339
0.8683219178082192, 0.3415081126982326, 0.1369712714073372, 0.06574156824000082
0.9228310502283105, 0.2579899898397584, 0.07738948005734256, 0.049927885735610945
0.901255707762557, 0.3225485778661893, 0.0964856222906439, 0.05672682121636877
0.8686643835616439, 0.3420400020487545, 0.13412074214000483, 0.06506662841111194
0.9066780821917808, 0.29169514078110537, 0.1021690079763342, 0.05718747047398136
0.9062785388127854, 0.28215222599743134, 0.1022408891055759, 0.055556767279679946
0.8750570776255707, 0.3307740888264034, 0.1317589503637188, 0.06074694884163549
0.834189497716895, 0.4602256594562053, 0.171712873401643, 0.07515768329535918
0.8534246575342466, 0.3727412193866349, 0.1575883722239251, 0.06951179379720927
0.8157534246575342, 0.5242514137526294, 0.20125854379562788, 0.079349947825582
0.903824200913242, 0.30479112199284925, 0.09825118206357873, 0.05738567109187904
0.866324200913242, 0.3440310908549321, 0.1444703882044515, 0.06786691471436625
0.8492009132420091, 0.3935496571535706, 0.1626865451720273, 0.07307011113618143
0.9129566210045662, 0.2694203150920973, 0.09095246238274783, 0.05086488192015931
0.8519406392694064, 0.41162835448064294, 0.15129812423605304, 0.07112456901856065
0.875513698630137, 0.329861229702972, 0.13691933548320823, 0.06329721056299746
0.8457762557077626, 0.42830988024874406, 0.162613406513499, 0.0721722007180619
0.9073059360730593, 0.2984604779632893, 0.08953816955092732, 0.05451835510824867
0.8795662100456622, 0.3184019461444783, 0.12989751853703044, 0.05922129142325885
0.8868721461187214, 0.3049123921668751, 0.12328499338736058, 0.06085412793076401
0.8731735159817352, 0.3299266620309986, 0.14071164271474268, 0.06277813779404508
0.8164383561643835, 0.5221768743730806, 0.20355602037959997, 0.08047765341341478
0.9194634703196347, 0.2452421822888563, 0.08638021887108734, 0.05040880946088096
0.900513698630137, 0.269203498322606, 0.09854903142205261, 0.05447254945180764
0.9331050228310502, 0.2156740930728369, 0.07139685271855589, 0.04761907521089355
0.904337899543379, 0.27010727369523, 0.10060186835309498, 0.05490164811665554
0.9382420091324201, 0.19566809463265009, 0.06256068505753878, 0.043667898303866026
0.9175228310502284, 0.23727374739859583, 0.0768496487784493, 0.049166441801349034
0.9078767123287671, 0.276273606027653, 0.10163554514012972, 0.054273205355182395
0.9029680365296804, 0.2622052586016971, 0.10342969354202956, 0.056467998357391525
0.925, 0.22639692239935935, 0.07994080187145196, 0.04924332635169873
0.8472602739726027, 0.39169843034385965, 0.15854593824102087, 0.0720203351655232
0.911244292237443, 0.2637534955546691, 0.09157206085591177, 0.05205169901879643
0.922203196347032, 0.23141388488837028, 0.08694397984399758, 0.04990016806572501
0.9217465753424657, 0.23510841878615962, 0.08066235002330335, 0.04969972478684207
0.9239155251141552, 0.2173510435710258, 0.07782845227894919, 0.04744346852429962
0.859189497716895, 0.3608242445346486, 0.14242060435826198, 0.07119099785301866
0.8792237442922375, 0.30954217269213524, 0.12637576992844252, 0.0608569424392623
0.8941780821917809, 0.2843116265783182, 0.10947482639872669, 0.05466000570216763
0.8986872146118722, 0.2567477380699392, 0.10366462601192769, 0.05680788187366312
0.9287671232876712, 0.2051424331694483, 0.07257671436047726, 0.04597723789498609
0.8934931506849315, 0.27758563607827896, 0.1062596883420946, 0.05873579098625525
0.9190639269406393, 0.22338369119043658, 0.08313584268467095, 0.051749080569518664
0.8919520547945206, 0.27033849938117, 0.11204749072000343, 0.05831098892661278
0.9410388127853881, 0.19369415880483096, 0.06289264636407908, 0.044867909330180505
0.8802511415525114, 0.3068651248549484, 0.12576121106366836, 0.06161431275850296
0.8449200913242009, 0.4321019189924005, 0.16591293556442696, 0.07208513681968567
0.8360159817351598, 0.5063908691963545, 0.17051835935473353, 0.07832771220804202
0.10017123287671233, 2.3018981656663495, 0.8785531540247029, 0.4147862766041531
0.18647260273972602, 2.2587930255080466, 0.8644785339001463, 0.34476836330620914
0.1464041095890411, 2.3031967561028592, 0.8896445202353976, 0.47016431182427887
0.33287671232876714, 2.179639741564042, 0.7341715846783101, 0.21694959086651636
0.2853310502283105, 2.241492032278627, 0.7588877392590146, 0.306915440118677
0.305365296803653, 2.039273842431809, 0.7334440018272239, 0.22100894102336685
0.46455479452054793, 1.5142358920018117, 0.5326213977117952, 0.17639365677117305
0.49965753424657533, 1.6091531466684181, 0.5550761302004521, 0.15698986243747173
0.5484018264840183, 1.727523729898095, 0.5132131166506344, 0.14718960938067738
0.5752283105022831, 1.3799361576245393, 0.47626331881745765, 0.1377129166510803
0.5682077625570776, 1.4992893380897554, 0.4826293998011234, 0.1414631452445371
0.5929223744292238, 1.2626888259706304, 0.43822988325171197, 0.1308886136457149
0.7380707762557077, 0.9174599534498111, 0.27237988144563247, 0.09351828348856933
0.6806506849315068, 0.9847757132368834, 0.33022059406297843, 0.11501353477582545
0.6513698630136986, 1.1380015584806056, 0.3835691567778865, 0.11840172157922575
0.6521689497716895, 0.9541094906680226, 0.3629804705949966, 0.11099056013320506
0.6344748858447489, 1.1148628284780338, 0.38563930640457145, 0.12336637990478348
0.6344748858447489, 1.2077570513595555, 0.36654680530344225, 0.1420941718688994
0.7117009132420091, 0.8423050709407921, 0.2924652238553909, 0.09617064055115136
0.6492009132420091, 1.122237463713266, 0.38418996390760185, 0.12042979558064136
0.722716894977169, 0.9188610997443836, 0.2864031516567394, 0.09819449727054516
0.7800228310502283, 0.6304902792754227, 0.21231961726491602, 0.08406051088695438
0.8090182648401827, 0.5726792433341651, 0.18312247466019285, 0.07417442742999078
0.7856164383561643, 0.5723749874447809, 0.21969681134142427, 0.0853274894269485
0.7788812785388128, 0.6648714794568955, 0.23754656951611952, 0.08844886193134258
0.7743150684931507, 0.7184630395897736, 0.2534392126630224, 0.09022072430239923
0.7909246575342466, 0.6275171915622062, 0.2158911655390643, 0.08402397745207722
0.8145547945205479, 0.5090538447382517, 0.18394922905557132, 0.07531588646174044
0.7616438356164383, 0.7876883201841179, 0.23995586301413205, 0.09385906309193161
0.8115867579908675, 0.5025804948356198, 0.19334842148238013, 0.07678386611717256
0.7912671232876712, 0.5642337698627637, 0.21828540546466876, 0.08497044540425655
0.847716894977169, 0.4362962114583216, 0.15000102881869404, 0.06772479966479547
0.8125, 0.48948339389803364, 0.19159559158779652, 0.07799026987997199
0.7698059360730594, 0.716484467099239, 0.24231417127032448, 0.09386764575636652
0.7892123287671233, 0.5533148012413179, 0.19289428895391678, 0.08353138420285516
0.8015981735159817, 0.5271435132426806, 0.20930373208529204, 0.08150286746888132
0.783675799086758, 0.5555891298161624, 0.21761113640065147, 0.08832511351624181
0.7949200913242009, 0.594956597252499, 0.20992327378883566, 0.0840906249011093
0.840810502283105, 0.4108899534594797, 0.16347310431954065, 0.06966945287923111
0.8454908675799087, 0.4125799849933597, 0.15718602820676414, 0.07116897246085338
0.847203196347032, 0.45244498480596157, 0.15163965623387068, 0.06879107703481459
0.8080479452054794, 0.5160835233735868, 0.19933148264735176, 0.08095963180315927
0.8452625570776255, 0.4030413777652673, 0.15344885358485572, 0.07153111854061325
0.8332191780821918, 0.4264540605493008, 0.1639836835346632, 0.07443808806823522
0.8217465753424658, 0.45532298985316916, 0.1758970564528724, 0.07968787872768181
0.831906392694064, 0.4410878498202563, 0.17269677380493395, 0.07628424248207122
0.8041095890410959, 0.5865880920015489, 0.20575771487340727, 0.08403457009419281
0.8345890410958904, 0.4663264265987218, 0.17089710063456598, 0.07289274797425627
0.8136415525114156, 0.46660284078831477, 0.192285662767755, 0.07998511052886025
0.803082191780822, 0.5030891351212764, 0.20843050396200608, 0.08307523350859483
0.8816780821917808, 0.3573338242272419, 0.12059836826779106, 0.061615633543108624
0.7993150684931507, 0.5385071918110791, 0.210615742956779, 0.08479810751879122
0.8208904109589041, 0.5286649957591134, 0.19319451124684797, 0.07835410014992245
0.8450342465753424, 0.39925231649537707, 0.15999708499305748, 0.06704690970916467
0.8454908675799087, 0.39074381395844054, 0.1560916626516651, 0.07375453224842034
0.7934360730593607, 0.5819105636991999, 0.22048516653866831, 0.09097784921089984
0.752283105022831, 0.7953098870236222, 0.2625114186954901, 0.09946019068460879
0.8997146118721461, 0.3260635576438697, 0.09828504923967862, 0.054793655553134195
0.8723173515981735, 0.34856818807523987, 0.1288953728283128, 0.0630670834837174
0.825, 0.48179738645374853, 0.18290130790259823, 0.07841144392419962
0.9021118721461188, 0.2875528990588742, 0.10059312705745489, 0.06053278339156917
0.8664383561643836, 0.33770522596560404, 0.1318376349633473, 0.06678144655093914
0.8429223744292238, 0.4020342935043197, 0.1604103652219803, 0.07164361593967955
0.8428082191780822, 0.4257489985859736, 0.15908604521470257, 0.07376765857745708
0.8491438356164384, 0.3758288452159624, 0.15553776853732054, 0.06955783786171128
0.903824200913242, 0.2889798756738324, 0.08827832899128842, 0.05317585963482026
0.8904680365296803, 0.30586412005569946, 0.11428546470002247, 0.05835325202999135
0.9059360730593607, 0.2765611170908813, 0.08628706665100185, 0.05271361418955792
0.8929223744292237, 0.657725068864723, 0.10902155969772032, 0.060189017063701576
0.7551940639269407, 0.8499139286645744, 0.25430163635074166, 0.10169290045611079
0.7875, 0.7685254158526574, 0.22347713570751299, 0.09244521623776965
0.7386415525114155, 0.9088397181205894, 0.2836806105984883, 0.10308620806675282
0.7447488584474886, 0.7524809656851312, 0.2725708472044899, 0.10017028308241048
0.8344178082191781, 0.45207381673841884, 0.17038239521451895, 0.07151016799094707
0.8271689497716895, 0.4542432658347731, 0.17775307446747074, 0.07387063500628757
0.8342465753424657, 0.4341381581472132, 0.16830420255395698, 0.07644173929603848
0.8691780821917808, 0.39084990067018377, 0.13530838549083535, 0.06333487105451631
0.7931506849315069, 0.6160977459380554, 0.2104328957321354, 0.08990785591347328
0.8463470319634703, 0.3938612715743289, 0.1579400009004093, 0.06904921633687718
0.8381849315068494, 0.4122227727585567, 0.1637256190575399, 0.07483020398145941
0.8378995433789954, 0.48577323359254954, 0.1679023314675798, 0.07203213088315417
0.849486301369863, 0.37508103414266897, 0.1542221818612145, 0.0704345496331208
0.8200342465753425, 0.5179582895394111, 0.18721816757621493, 0.08030386246551796
0.9055365296803652, 0.30721887227549954, 0.09755254657780982, 0.05456526051034198
0.8385844748858448, 0.4560266467090909, 0.16976898081604294, 0.0743526670670069
0.8424657534246576, 0.4743080048319261, 0.16231472796894061, 0.07589305709838048
0.8213470319634704, 0.595871129983581, 0.188026312539325, 0.08152566203987133
0.8626712328767123, 0.346506360295621, 0.14430988301819808, 0.06574259542738277
0.8231735159817352, 0.5025183492219413, 0.1881177247076126, 0.07997706425683797
0.8401255707762557, 0.3963064598621381, 0.17242367406237588, 0.07448911099045528
0.8586187214611872, 0.35414503468316016, 0.14965380750639437, 0.06781875315483248
0.840810502283105, 0.4219119561740639, 0.16351196139860658, 0.07443363225597467
0.895662100456621, 0.30372205926378143, 0.1085580387225298, 0.05747825265708287
0.8862442922374429, 0.3057536761015021, 0.11444147118949505, 0.058336057755508895
0.8324771689497716, 0.4416620872475775, 0.1709513968677987, 0.07113104543559565
0.8601027397260274, 0.5028098318326079, 0.14780564774871593, 0.06655854017161619
0.8190639269406392, 0.5199822388144983, 0.19247305317628174, 0.07798297283355711
0.8172374429223744, 0.5273823369864122, 0.18881758890996825, 0.0764496913873098
0.8769406392694064, 0.3716606524384891, 0.12166580265379208, 0.05991472914638372
0.8214041095890411, 0.5433548280800752, 0.18215358759552266, 0.08348453234376187
0.8367009132420091, 0.4392113163085978, 0.1727412720835298, 0.07455348163097794
0.07408675799086759, 2.3043738835478482, 0.9263828015110106, 0.31582501203410607
0.1481164383561644, 2.403431663284563, 0.8645119469306819, 0.3749207779328401
0.19571917808219177, 2.5390824269384282, 0.8059720593981136, 0.2991997536910668
0.2813926940639269, 2.054832204965424, 0.7102132992213144, 0.37345258019020705
0.32431506849315067, 1.8986311345169806, 0.727337473098766, 0.24955551342038693
0.24851598173515982, 2.3511442662578195, 0.7613822947877924, 0.2889690434976387
0.5091894977168949, 1.569312066660522, 0.5658966051898224, 0.16392967565835903
0.6371004566210046, 1.2399643682088006, 0.40818209458008986, 0.11768087779596904
0.6921232876712329, 0.9887196129026342, 0.3497177370003572, 0.11188829409674454
0.6916095890410959, 0.9858588454840901, 0.34977347251259266, 0.11010419744872642
0.5007990867579909, 1.420499475041939, 0.5483729501934982, 0.19222534160490853
0.7042237442922374, 0.8300098665527463, 0.3185862663737785, 0.10189129739986705
0.7200342465753424, 0.8493514428595634, 0.3275346343800311, 0.10378278563889591
0.7015981735159817, 0.8417306101242544, 0.2857781617632265, 0.10646176432787646
0.710730593607306, 0.8117361035043285, 0.32552716163962403, 0.10399559937008748
0.75, 0.7049754927733267, 0.2902788315890985, 0.09591359205189631
0.7146118721461188, 0.7733077836456309, 0.30151564939128955, 0.11165228670752782
0.7228310502283105, 0.8241126090891369, 0.2997098761002232, 0.10909893146189814
0.7162671232876713, 0.8135599976942527, 0.31602899596528966, 0.10437226796193087
0.7541095890410959, 0.7623478449509504, 0.27324773160964627, 0.09700830178379316
0.7546803652968036, 0.6856812732653548, 0.23707697758800383, 0.09663327273637867
0.7848744292237443, 0.5724363027305287, 0.23585984528930762, 0.08709716384337808
0.8035958904109589, 0.5120020468406205, 0.17684772283796252, 0.08008394162951556
0.8075342465753425, 0.5256460320585106, 0.20844485665601492, 0.08044415550100503
0.8696917808219178, 0.43069711819128453, 0.12919428910079792, 0.06211768702892138
0.7976027397260274, 0.5685265307485728, 0.18920120154399422, 0.08175304926825472
0.8055936073059361, 0.5356224962587912, 0.20961693193384306, 0.08886083708264604
0.8601598173515982, 0.41983853852021247, 0.14565950598554273, 0.06695541279408491
0.8677511415525114, 0.40478103997754084, 0.1388341863306405, 0.0669885103835565
0.7942351598173516, 0.5629270884786803, 0.22044040267131484, 0.08459453325370948
0.7989155251141552, 0.5619823977640632, 0.2231478252002845, 0.0865655605183121
0.7997146118721461, 0.5159282144688563, 0.2200971845435441, 0.08302592410859198
0.7774543378995433, 0.5726883000333856, 0.24391659120742473, 0.0894573460317074
0.8420662100456621, 0.45089014928089455, 0.17243461498724258, 0.07373757706991518
0.7672374429223744, 0.6268039928173539, 0.2593184074428363, 0.09308945473972421
0.8098173515981735, 0.4969548952464359, 0.2120142816564397, 0.08016245778072886
0.8281963470319634, 0.48513315974144144, 0.16896577148113334, 0.07665178968890421
0.8186643835616438, 0.4661752219134845, 0.19025237650123392, 0.07746853519644285
0.8540525114155251, 0.402958893645584, 0.15159492527106266, 0.06719879283121415
0.7990867579908676, 0.538814957076241, 0.22458366699319918, 0.08487234157349112
0.8578767123287672, 0.3758485959258864, 0.15093508679398057, 0.06910147519971697
0.8843036529680365, 0.35428380770327045, 0.12466653705600525, 0.0603643375847686
0.8247716894977168, 0.4574621500687134, 0.19172439512528888, 0.08177851498828331
0.8363013698630137, 0.4270618121921023, 0.17440126331376493, 0.0722634048838615
0.8635273972602739, 0.3750830458286636, 0.1478673544467846, 0.06815093826602038
0.9058789954337899, 0.2992067885603469, 0.08951382810677405, 0.053441525978136936
0.8828767123287671, 0.33336612601714266, 0.12513496663845214, 0.06019563327387554
0.874486301369863, 0.36039261214493606, 0.12593527561519008, 0.06450059661804577
0.8891552511415525, 0.336116743683613, 0.11401025074901824, 0.0609382795566207
0.8775114155251141, 0.347935963410568, 0.12519382359164508, 0.060766751510447324
0.8797945205479452, 0.35030493009612884, 0.11811020967278901, 0.061254831858023474
0.8495433789954338, 0.53181582877506, 0.1452693406976623, 0.07094075018687679
0.9025684931506849, 0.400132434079785, 0.09340887729085406, 0.052296290391430834
0.8658675799086758, 0.43388431045609754, 0.13947713604059186, 0.06771760191914569
0.8871575342465754, 0.3627166723234996, 0.10535154579653827, 0.05646722377906237
0.8232305936073059, 0.45829437198436324, 0.20004538500180322, 0.07861905465420116
0.7782534246575342, 0.6201931947000489, 0.24793757129972221, 0.09523346374990956
0.8868721461187214, 0.33641506688473705, 0.09954993662833746, 0.05706996766522124
0.886986301369863, 0.3501169755620314, 0.11886971229162369, 0.06000899100430975
0.8075913242009133, 0.5018931008449643, 0.2032319635464136, 0.0858288209739394
0.8505707762557078, 0.38711504873505487, 0.16154737724683682, 0.07288428873974082
0.9092465753424658, 0.30027198468719835, 0.09523954521436956, 0.053031891650281146
0.8903538812785388, 0.3339805234226395, 0.12018564710905913, 0.06195854354691944
0.8603310502283105, 0.4086323165234326, 0.1560754810489625, 0.0746180195155242
0.9002853881278539, 0.2879605071752579, 0.08903301232839214, 0.054560643507882596
0.8986301369863013, 0.4506410027239642, 0.09323963160731202, 0.05545833497150404
0.8149543378995434, 0.49814464409466724, 0.2089144297687566, 0.08677535970015247
0.8130707762557078, 0.4911614547170524, 0.20424376800999372, 0.08354042281884172
0.7311073059360731, 0.7014407709031073, 0.2871909690627074, 0.10732090120420093
0.8103310502283105, 0.49854117603161235, 0.2079508603252571, 0.07985531212558511
0.7997716894977169, 0.5553306285966482, 0.22529123637254636, 0.08569456594392323
0.8325342465753425, 0.5156354169108794, 0.17625855471664342, 0.0749750165616142
0.8172374429223744, 0.45792515177918136, 0.19840070054549058, 0.0803999879470961
0.8004566210045662, 0.500736392525088, 0.2149101243608039, 0.08953725814638826
0.926541095890411, 0.2761249653515023, 0.07203127897483058, 0.04660537382321721
0.8289383561643836, 0.4257659051768086, 0.19376609074578022, 0.07770794044191004
0.8206050228310502, 0.49221792221154387, 0.19322506573923337, 0.0796812907761141
0.8343036529680365, 0.41683860253716754, 0.17155550460298524, 0.07246042001578179
0.8746575342465753, 0.35738022197201397, 0.11526197424119557, 0.05984067053923514
0.8934360730593607, 0.3162332428837611, 0.11001534950530915, 0.05636423176762672
0.9029680365296804, 0.2930785287198447, 0.10242113927544926, 0.054491694580883224
0.9120433789954338, 0.2742390579246325, 0.09506510357136205, 0.05262080612952911
0.8257420091324201, 0.4348789680488041, 0.20181641408284295, 0.07984969453168807
0.8811643835616438, 0.3368518686176187, 0.12773545159226196, 0.06036314058829612
0.9017694063926941, 0.3021870438018404, 0.113961789666747, 0.05724024740729334
0.9306506849315068, 0.24067229851982003, 0.07356857022773342, 0.05314753489231406
0.8660388127853881, 0.3382509950586684, 0.1457639762201997, 0.06528415268865916
0.85587899543379, 0.3612138448063469, 0.15515536487584813, 0.0708363730449222
0.8921803652968037, 0.32605894571663246, 0.11499185711355217, 0.06399580642171508
0.9083333333333333, 0.283137907799046, 0.08089402934261729, 0.049602636005701826
0.8954908675799087, 0.3079004626151725, 0.11015628343932658, 0.058638488870915335
0.9195205479452054, 0.241854877241171, 0.0853656853190857, 0.04903720088665309
0.9089041095890411, 0.2557538365182009, 0.10048578419472678, 0.053888226897718605
0.9329908675799087, 0.21443369907303608, 0.060996844835157174, 0.043669627557167766
0.8932077625570777, 0.2906195296861382, 0.11480689071078959, 0.059077451941991585
0.8789954337899544, 0.30501470259906, 0.1310688086920509, 0.06418239577145206
0.8977739726027397, 0.2776097340482285, 0.10746347254568263, 0.05540862917720078
0.8942351598173516, 0.27815931109729736, 0.1126690946160232, 0.05758967913433981
0.8764840182648402, 0.30787279048947735, 0.12556222522493882, 0.06468741068261621
0.9090182648401827, 0.2512073165396352, 0.09343880730311083, 0.05114300900898721
0.9328196347031964, 0.21932728127104636, 0.07169631699390959, 0.046116195876002616
0.11187214611872145, 2.299554670442185, 0.9002974336533712, 0.2254159251656063
0.12482876712328766, 2.416207741493504, 0.8098789645987706, 0.42921391972559225
0.19474885844748857, 2.5079612754931735, 0.8295699233676423, 0.32271823641286185
0.3036529680365297, 2.059571745896448, 0.682802149934343, 0.24584483277975258
0.3291095890410959, 1.8650458332984687, 0.6850417840851952, 0.2534169839152792
0.5886986301369863, 1.449848734164721, 0.4229471875947414, 0.13521515902409878
0.501541095890411, 1.5766136909618158, 0.5401255005679184, 0.15891793495925816
0.4654109589041096, 1.4310330595161986, 0.5574797484557804, 0.18518481450266314
0.4321917808219178, 1.516331467312042, 0.6053292547543141, 0.20268656709579677
0.6135844748858448, 1.2836421839880106, 0.39684683857266856, 0.13077488079833044
0.46649543378995434, 1.4293008905321947, 0.5621949546770584, 0.1962782370371445
0.733675799086758, 0.8174279007748126, 0.27107228429784413, 0.09723949452177261
0.641324200913242, 0.9395990418223451, 0.3854672574600858, 0.1323288979378127
0.6421232876712328, 0.9208679104581067, 0.39529309363660553, 0.1286736973238095
0.6765981735159817, 0.8201009761678165, 0.34498095191991296, 0.11658430040570876
0.734189497716895, 0.7651905355829379, 0.2951161431070315, 0.10241231272532582
0.7023972602739726, 0.7784942413427225, 0.30637864838654144, 0.10900486159293196
0.7822488584474886, 0.6385228862327345, 0.20460198247297334, 0.08545007548735191
0.7805936073059361, 0.6323775398523173, 0.23967485966022595, 0.08644937034040227
0.7985159817351598, 0.5904801479428071, 0.200873486788796, 0.08223247959886326
0.7364155251141552, 0.7104061913077008, 0.26296127987180695, 0.10295203691957956
0.8332762557077625, 0.5255593020178178, 0.18265114516425307, 0.07990249958675474
0.7851027397260274, 0.6261060648860841, 0.22250824545005343, 0.09252422798468878
0.8361301369863013, 0.5077344667840776, 0.1730887323292405, 0.07140491611353333
0.7880707762557078, 0.5702271566423535, 0.19732940519369865, 0.08339686162960382
0.8171232876712329, 0.5272574417009741, 0.1639675087222758, 0.07405508822901029
0.694634703196347, 0.7846733220846001, 0.3041761945082093, 0.12488397673169205
0.7495433789954338, 0.6533815701562299, 0.2517113297801731, 0.09980443272972296
0.7833333333333333, 0.5945357256929378, 0.20639273783729822, 0.08772381957380611
0.8795091324200913, 0.4199404164337549, 0.11213436847996633, 0.05719206312182758
0.8598744292237442, 0.4503699998964144, 0.1409009095773277, 0.0656921407711617
0.8077054794520548, 0.5321483406471071, 0.17259750747042485, 0.08244398270885837
0.8226027397260274, 0.49924761691671843, 0.1866247183121579, 0.0813716913624986
0.8317351598173516, 0.46626801615413205, 0.18156015220842042, 0.07463024228781513
0.8877853881278539, 0.37170020915127594, 0.11592606328627135, 0.05790918547361074
0.8751712328767123, 0.4051342896082689, 0.13083702863514643, 0.06179615082283183
0.8079908675799087, 0.5226776697107838, 0.1635395735726891, 0.07634426893404699
0.8118721461187215, 0.5137559886082151, 0.15898381217008517, 0.07356934989221592
0.8259132420091324, 0.47352435403540954, 0.16389816397766846, 0.07753363127536465
0.8699771689497717, 0.40262863745686456, 0.1308342578835478, 0.0626831251656361
0.8414383561643836, 0.42354069695535296, 0.16859681172818353, 0.070730075237401
0.8698059360730593, 0.3781785230525542, 0.13458474992257277, 0.06510593982499498
0.8788812785388128, 0.36914681006545996, 0.12258895597661806, 0.06227314744640684
0.8877283105022831, 0.32975248707734534, 0.1131104648289486, 0.05817327537169883
0.9214611872146119, 0.27813491448478295, 0.07584327532920594, 0.048502986285869285
0.8735159817351598, 0.378851852859999, 0.1339976255956592, 0.0663964173062806
0.858162100456621, 0.4122825761853779, 0.14912790869493933, 0.07081347121552946
0.8866438356164383, 0.345456648730119, 0.11584210771886073, 0.06001681389965958
0.8498858447488584, 0.4276387457060003, 0.1482849994052656, 0.07256646641857463
0.8355022831050228, 0.45918926215803424, 0.16216846857335618, 0.07855761888891868
0.8893264840182649, 0.8799700188565336, 0.10558161112077141, 0.05920867876439155
0.7902397260273972, 0.7726140781284467, 0.21578805604384088, 0.09021465845976655
0.7570205479452055, 0.7778073961210764, 0.2539901051723892, 0.09685190260052076
0.8313926940639269, 0.5857677463655782, 0.18370358049808108, 0.08174040088762732
0.7704337899543379, 0.6578097141506235, 0.2713341281411371, 0.09405916115795981
0.7860730593607306, 0.6348576753979154, 0.25296260202844983, 0.08992005990724249
0.816324200913242, 0.5319330520816806, 0.20494553496919857, 0.08343563655568836
0.8197488584474886, 0.5204804055097452, 0.1849824539210098, 0.08252912253364546
0.8841324200913242, 0.3849985972538029, 0.1334351352894363, 0.06291913898317861
0.8324771689497716, 0.5026315288358532, 0.15618517132439722, 0.0741316076802023
0.8990867579908676, 0.3658320520702031, 0.0970019902434353, 0.05418118848387252
0.9042237442922374, 0.3423794421869887, 0.10124614170255787, 0.05571765902332575
0.8904680365296803, 0.3696964822580852, 0.10885305803000357, 0.06175206535679952
0.871175799086758, 0.4175951966344215, 0.12264438225240942, 0.060516977403214066
0.8886986301369864, 0.3674677363429144, 0.10613529895357862, 0.05748392101146235
0.8794520547945206, 0.3763036735903312, 0.11810029400507277, 0.06215886260131876
0.8882990867579909, 0.3491310938063769, 0.1161180170465599, 0.060912627834306565
0.8632420091324201, 0.3704247341775177, 0.13295030346216546, 0.06556971477414297
0.915810502283105, 0.2749752264078688, 0.08104793056769066, 0.04989587791951904
0.8983447488584475, 0.3206164461577691, 0.10865515392284376, 0.05592535989328401
0.8875, 0.32495103360471483, 0.12100178072549263, 0.05768993154019638
0.9269406392694064, 0.2619884299642435, 0.06564340149126792, 0.046968619922107775
0.8871004566210046, 0.3139515588911674, 0.11420959818062394, 0.0598526497097919
0.8662671232876712, 0.3665754724692032, 0.13536392812214645, 0.06427985318008626
0.8373858447488585, 0.44083215042067103, 0.16715305922051077, 0.07489810322696049
0.8664383561643836, 0.3585910432481701, 0.13929324959070166, 0.06376786763014632
0.9065639269406393, 0.29826098364245224, 0.09293868144835074, 0.05626654721969744
0.8990867579908676, 0.29548542643577624, 0.10496576520321098, 0.0576817508024876
0.9170091324200913, 0.2523302673925135, 0.07723392181538302, 0.0526876592882673
0.908675799086758, 0.276693926678462, 0.09417452759691557, 0.05493308261397645
0.9073630136986301, 0.27081295933737765, 0.09861620320960157, 0.05357689505092302
0.8634703196347032, 0.3514292232439045, 0.15197141408509027, 0.0682544284146071
0.9329337899543378, 0.23361371399245498, 0.07163458489100752, 0.04760572848727289
0.9249429223744292, 0.24667161405263266, 0.07661698205868987, 0.04672751752387503
0.8842465753424658, 0.32828237981153824, 0.1148978207684533, 0.05952668440717299
0.8986301369863013, 0.3040010737724199, 0.09898556996290543, 0.05447465976398588
0.9212328767123288, 0.2521461132742926, 0.08126535649855474, 0.05092655310014616
0.884703196347032, 0.34406764080062924, 0.11266651837772482, 0.056262495247013246
0.9010844748858448, 0.285747420694998, 0.10028448657247349, 0.05256892324457552
0.8636986301369863, 0.37049524217332336, 0.1376816237852474, 0.0659823312489523
0.9424657534246575, 0.20549090596577196, 0.05568615135538399, 0.04331487504289551
0.9017123287671233, 0.2722710393188063, 0.08486225805062447, 0.054599379752008355
0.9436643835616438, 0.19578454870539005, 0.05501391794342995, 0.043609919600101715
0.8742009132420091, 0.3434871077178091, 0.13095378620726442, 0.06672327744387008
0.9216324200913242, 0.2568698378129535, 0.07660274463473321, 0.051419978935271546
0.9368721461187215, 0.21880107657849943, 0.06298040901385056, 0.045838494861596815
0.9335045662100456, 0.20875854271589933, 0.07120475679383681, 0.04665645126515956
0.9403538812785388, 0.2050114503058853, 0.06069972517158708, 0.04525609913219109
0.8790525114155251, 0.317996847254822, 0.12544321024364313, 0.06222089450714138
0.88087899543379, 0.3281911351556791, 0.12267285646590931, 0.06483705413295135
0.9027397260273973, 0.2796192542513323, 0.09933852354780974, 0.054956090007599226
0.12111872146118721, 2.309602437144545, 0.9032004114138631, 0.2938847757926189
0.09920091324200914, 2.2907814724532436, 0.880678785515113, 0.5051400746916282
0.10736301369863013, 2.4357385461137855, 0.8748265488394635, 0.4862586040212319
0.2764269406392694, 2.0042018756134325, 0.7175291708907977, 0.35691168741480506
0.3, 2.0604167919657, 0.7100226694932921, 0.29452378359188824
0.4543949771689498, 1.5787981533143483, 0.5518355324897839, 0.16909501282689682
0.40365296803652967, 1.8957182353336925, 0.6204987087838295, 0.20375864254099846
0.5379566210045662, 1.3320645897566303, 0.49297230130423875, 0.15349656433165274
0.5403538812785388, 1.4757373361818527, 0.4993738233237581, 0.16043570369335455
0.6436643835616438, 1.296766442111502, 0.4196914950374353, 0.12344774911068505
0.39286529680365295, 1.521081476367066, 0.6323742839201176, 0.23018814227687565
0.47437214611872147, 1.2371903361701597, 0.536332190660254, 0.26141997699626
0.7249429223744293, 0.8867945743652409, 0.29181263980295247, 0.09545841137309129
0.6853310502283105, 0.9282681719401051, 0.35867190857470654, 0.11498894862346956
0.7025114155251142, 0.8614879161576617, 0.30806442729925915, 0.10929719949577509
0.7329908675799087, 0.7842432297659894, 0.3092917529338648, 0.10264457518215114
0.7722602739726028, 0.7009670331461789, 0.24986647982720409, 0.09085851135989817
0.7025684931506849, 0.8706188129903148, 0.3311924002080234, 0.11443736422169554
0.7687785388127854, 0.7181996317635626, 0.2626084649253793, 0.0898891232130375
0.6601027397260274, 0.9597926009436016, 0.38335079435961267, 0.12879202442596013
0.8010844748858448, 0.5953222077406867, 0.22693421735698013, 0.08304532111970739
0.7998858447488585, 0.5736119913434308, 0.21845566800877855, 0.08366027002054072
0.8063356164383562, 0.5640998363457662, 0.17241286567840053, 0.08000596584584864
0.7514269406392694, 0.6945722362647189, 0.2155429879289213, 0.0910349501723717
0.7727739726027397, 0.6001859311966468, 0.22189375223272578, 0.08599488110726021
0.8046803652968036, 0.5577971067564901, 0.21418948075987373, 0.08656963041957193
0.760958904109589, 0.668304156830596, 0.27072360272725354, 0.09626925468482195
0.7932648401826484, 0.573858716831824, 0.23241967165481792, 0.08471670429807673
0.8179794520547945, 0.5174892190872792, 0.19963988341315442, 0.0793903712908723
0.8170091324200913, 0.5084666560426595, 0.2001070756132294, 0.07757530049559745
0.8369292237442922, 0.47906136452204434, 0.17521553982762225, 0.07594152223834044
0.8005707762557077, 0.5580478380386639, 0.2210098387126182, 0.08566156354574103
0.8761415525114156, 0.4019295110577211, 0.13255244603465588, 0.06242006294716344
0.7995433789954338, 0.6013350061638112, 0.2077366787343928, 0.08667565976866232
0.8628995433789954, 0.4034873459625832, 0.12291446032951696, 0.0612726861593642
0.8503995433789955, 0.443700881826518, 0.14721800462163734, 0.07015168625895132
0.865582191780822, 0.39680592350643945, 0.13041773521941152, 0.06582350071022787
0.867351598173516, 0.4005776579203414, 0.12449383966031682, 0.06534079078113021
0.8113013698630137, 0.5381146151989554, 0.1950095082400546, 0.08368425837693858
0.8540525114155251, 0.42319166217749876, 0.1468969324856962, 0.06964034768552942
0.8160388127853881, 0.5140182470330824, 0.19459966274713478, 0.08028278502952835
0.8276826484018265, 0.5035103863712238, 0.17983532707086958, 0.07522763503161532
0.8401255707762557, 0.4523116314600963, 0.16242830099611713, 0.06754083913663063
0.879337899543379, 0.3763432372521825, 0.12446272886806473, 0.059837031481443655
0.8875570776255708, 0.3343787814771834, 0.11313950198477053, 0.05829134346568136
0.8384703196347032, 0.4378321353600735, 0.17437618127567675, 0.07609523017429747
0.8288812785388128, 0.48647591716621325, 0.1773358948344463, 0.07604623147932017
0.8304223744292237, 0.47379490402046076, 0.17098635007803525, 0.07662279162729395
0.8362442922374429, 0.4146415411157586, 0.17814911858476035, 0.07494156937563626
0.9049086757990867, 0.2995260348679077, 0.09451284409397612, 0.05451711309050244
0.8823630136986301, 0.3356876873453233, 0.13031115599568144, 0.06412127535166279
0.8801940639269407, 0.33249490317411734, 0.10675594949506584, 0.05918918105956126
0.8771689497716895, 0.37310069055064515, 0.13759968481259396, 0.06366009127484387
0.8325342465753425, 0.4424612138307981, 0.1845634592283286, 0.07768783952993691
0.8807077625570776, 0.34693886808982827, 0.13239844209798593, 0.06547921298487322
0.8315068493150685, 0.45314678410671827, 0.18398056560186324, 0.07938481126245184
0.8881278538812786, 0.31568945527182574, 0.1176341835364755, 0.05883769746799815
0.860445205479452, 0.3822644150744673, 0.14490320192957015, 0.0647872967312861
0.8894977168949771, 0.30151535502477994, 0.10224729315635289, 0.05737444262672651
0.910958904109589, 0.2808273051906031, 0.09328396487315775, 0.053366407998936556
0.8449771689497717, 0.4031054858394915, 0.16596445546392333, 0.07104363325374781
0.8371004566210045, 0.4201876376077011, 0.16649042560507507, 0.07192411968401653
0.8504566210045662, 0.4238077512293598, 0.15023125855235933, 0.06747176032113728
0.8570776255707763, 0.3718723046342331, 0.15318151063888755, 0.0706038474683236
0.9065639269406393, 0.27748411195567796, 0.09704012715800245, 0.05386892676629846
0.9055365296803652, 0.2772648482535887, 0.08630686627636995, 0.054434201410613905
0.9053082191780822, 0.2901591090938756, 0.09944473064307247, 0.05748751844088301
0.8599885844748858, 0.34890677975306794, 0.1174888500516867, 0.06592544110186704
0.9178652968036529, 0.24464282929859368, 0.0775933855835984, 0.0506198312228297
0.9276826484018265, 0.2323693632314378, 0.0694209630026402, 0.04674634319309832
0.9121575342465753, 0.2665553413000336, 0.08381511510380969, 0.0505906760716868
0.9199771689497717, 0.2385646361668079, 0.0830401040513582, 0.05106337506308888
0.9146689497716894, 0.2577576736396145, 0.08882197274139679, 0.052901325973362175
0.8946347031963471, 0.31569412115199297, 0.10793237009857709, 0.05942155613880698
0.9190068493150685, 0.25617263909790716, 0.08378346045165054, 0.050732884724428946
0.9168949771689497, 0.261546214507297, 0.085675876848356, 0.052164673041584
0.9079908675799087, 0.2558505745343409, 0.08391848187752812, 0.050918272075039815
0.9312214611872146, 0.2233678681625591, 0.07190469915867777, 0.04668403414089715
0.9146689497716894, 0.23402775524121117, 0.08687548293472336, 0.05182315134635411
0.9353310502283105, 0.20872149612875782, 0.06401173115346465, 0.04554571321470439
0.9146689497716894, 0.2639321925370001, 0.08441777060548801, 0.0517863404975988
0.8793949771689498, 0.3122297305357013, 0.12856429289083895, 0.06131395654676673
0.9203196347031963, 0.25273727041335425, 0.07515526952040819, 0.04814553331586551
0.9208904109589041, 0.2511754233927741, 0.07582242182387466, 0.04863190800793055
0.9197488584474885, 0.23407857472349827, 0.08299241039478117, 0.04836319805110321
0.9324771689497717, 0.2143355912201049, 0.06781372315443855, 0.04648827905229103
0.929851598173516, 0.2182343805849618, 0.07373487194933331, 0.04776223233304422
0.9398401826484019, 0.21067203645125285, 0.06095368722544711, 0.04439511148391921
0.875513698630137, 0.31863182479083624, 0.10643858290977669, 0.06056506766313296
0.9230593607305936, 0.23565403953282146, 0.08202361642278197, 0.0497017784970933
0.9175228310502284, 0.2446184417605498, 0.09201778299794454, 0.052953690651724894
0.9310502283105023, 0.20500695625112744, 0.05977617466002645, 0.044366200446401285
0.8849315068493151, 0.29831987419688777, 0.11986857286763407, 0.06002948159366185
0.9320205479452055, 0.20743531402954785, 0.0699714622164419, 0.046341569279004145
0.9191780821917809, 0.237430729344238, 0.08596178412846447, 0.05032804690094732
0.8885844748858448, 0.2881860695118765, 0.11343330416379613, 0.057562676301335484
0.9131278538812785, 0.2493930098628996, 0.08807024209137658, 0.05175574407410509
0.9129566210045662, 0.23244273339079227, 0.0908831527582595, 0.051433804013717756
0.933675799086758, 0.21351339886388448, 0.07446326686659072, 0.0473062000228054
0.9290525114155251, 0.2110721380223197, 0.06749416016538518, 0.04513176674712763
0.9340182648401827, 0.20718813229641994, 0.05930310709127132, 0.04465689320700032
