acuracia,loss,frr,fpr
0.05702054794520548, 2.3125686716248395
0.2089041095890411, 2.3110446013498818, 0.8488687978827757, 0.310335694524788
0.1577054794520548, 2.1754809494998884, 0.8697455904206293, 0.41981860821027894
0.3184360730593607, 2.0874402362163, 0.749396020777965, 0.21640064941948636
0.32146118721461187, 2.0065282323450466, 0.7476096007838293, 0.23643065921849074
0.428824200913242, 1.6189394436161937, 0.6598127536185455, 0.20163639249900125
0.4922945205479452, 1.513490444859333, 0.5923989268222105, 0.1688510574502741
0.5189497716894977, 1.529586999486008, 0.5487015663293273, 0.1593740491134048
0.5348173515981736, 1.3777708261163981, 0.5578263560465189, 0.1531481190387552
0.5474315068493151, 1.402842816970187, 0.546123145676399, 0.15620689238136864
0.6233447488584475, 1.1432782905950007, 0.4557370415928108, 0.1356628403946081
0.671175799086758, 1.0048154424585383, 0.40939924019683427, 0.13091994988982597
0.6985159817351598, 0.8988827327116582, 0.3547376931181421, 0.12235190031925766
0.6988013698630137, 0.9433376536769493, 0.3766090095264633, 0.12240014962814984
0.7525114155251141, 0.7931369011722517, 0.3023498633252448, 0.1077192709237706
0.7106735159817351, 0.9706678055916738, 0.36040916759108405, 0.11756891786448001
0.7059360730593607, 0.8653915222564136, 0.3492538592512838, 0.11679653021721004
0.7490867579908675, 0.7699941894994902, 0.3082323635595295, 0.10658783128472765
0.7305365296803653, 0.7927549299116354, 0.3299657127276162, 0.10955425186039651
0.7179223744292238, 0.9045980533440191, 0.33092836560155203, 0.11353690355613766
0.7571917808219178, 0.7211659295291171, 0.2874036486306403, 0.10387221172207076
0.7582191780821917, 0.6684312595085349, 0.29051978074170315, 0.10884615909132328
0.7619292237442923, 0.6459795493985278, 0.28799421364355043, 0.10885180105504948
0.7919520547945206, 0.5703669827292206, 0.25242341977208443, 0.10325084387947024
0.7583333333333333, 0.656216606406219, 0.2820254380601711, 0.11070382843157527
0.7573630136986301, 0.6215978781138909, 0.29506695187296766, 0.11272295872469909
0.7970890410958904, 0.5990896109271592, 0.24930654806967098, 0.10494857026581862
0.8320776255707762, 0.49802808162079165, 0.22108564928906838, 0.09286647186943416
0.8085045662100456, 0.517659183073975, 0.2475596307386924, 0.09861653521871401
0.7317351598173516, 0.7573729916108685, 0.33376660755906973, 0.11519772637176853
0.7587328767123288, 0.7244120066528918, 0.28706882860049904, 0.10539565075589433
0.7359018264840183, 0.6919691169848929, 0.3209569708920331, 0.11771572067149298
0.7837899543378996, 0.5504433315515249, 0.26474684880078936, 0.10083179747850822
0.7748287671232876, 0.5810108350061813, 0.27646285737647613, 0.10505834920422671
0.7755707762557078, 0.6104006069378248, 0.2738553067879785, 0.10456534142205064
0.7969178082191781, 0.5107081842008266, 0.24969568715620546, 0.09700088071506245
0.7498287671232877, 0.7085583470792751, 0.3029007631907777, 0.1139000165339204
0.7413812785388127, 0.7905582404559915, 0.3079516637635141, 0.11788518534288803
0.8136986301369863, 0.47268342305765276, 0.23603161269293746, 0.09515656804720378
0.7738584474885845, 0.6525167455307483, 0.27534271392009063, 0.11160196398916165
0.7961187214611872, 0.5557085917550605, 0.2496824584558503, 0.09741410616723402
0.7860730593607306, 0.601443647761233, 0.2725067645625818, 0.10097960359943403
0.7932077625570776, 0.5093472461964651, 0.2613398064175081, 0.09606240256817661
0.8488584474885845, 0.4159461275597654, 0.19680083062541967, 0.0812349210325446
0.8209474885844749, 0.44094669883619714, 0.2313376307665254, 0.09812877326121468
0.8706050228310502, 0.3772463889774823, 0.18164084298296715, 0.08484074615500742
0.8206050228310502, 0.4603415891534325, 0.23195241041502904, 0.09905508126632863
0.8181506849315069, 0.4613722327622053, 0.23482538656077065, 0.09769050924767539
0.7840182648401827, 0.5485490339785191, 0.266834161861769, 0.10750547247572914
0.8558219178082191, 0.39498932145878773, 0.18987092284574597, 0.09885595280048161
0.7857305936073059, 0.5389731964319051, 0.26867539781701416, 0.11936398434645716
0.7820776255707762, 0.551518557601494, 0.2832549551241032, 0.1194121169422921
0.8143264840182648, 0.45695371346091895, 0.23622257000911412, 0.10658211512066079
0.8023972602739726, 0.5369585773659439, 0.24406273669957682, 0.11059360321034044
0.8773972602739726, 0.34633031164432443, 0.16268315747027073, 0.08957825332853338
0.8246575342465754, 0.4527288197653978, 0.2275780285024231, 0.10503306109663747
0.8497146118721461, 0.39534036657660376, 0.20569552350279774, 0.10147886058881943
0.7990867579908676, 0.5120261519468798, 0.24989907388369825, 0.10386486780546784
0.7960045662100457, 0.524080096171568, 0.2519788282270659, 0.10573383307082945
0.8071917808219178, 0.5100889096225438, 0.2476843314063581, 0.10145310173325793
0.8690639269406393, 0.3687628225323025, 0.1790281688143888, 0.08227577426424386
0.8328767123287671, 0.4280319299239742, 0.21340740893012802, 0.09472643445874969
0.8629566210045662, 0.37518873096244576, 0.19092591139055703, 0.0867289325007439
0.8866438356164383, 0.356155467470883, 0.15909739288843433, 0.0801214547095288
0.8905251141552512, 0.33988594540111294, 0.16046123744924845, 0.07958286795144603
0.8446917808219178, 0.39719028683998764, 0.20881032316507184, 0.09231697294879472
0.7977739726027397, 0.5472047918944455, 0.25827483891914277, 0.1036352472186334
0.8625570776255708, 0.36620869696824254, 0.1866916253981688, 0.08640533483639373
0.8372716894977169, 0.41746339122651005, 0.2185675704308663, 0.09320462054521396
0.8470319634703196, 0.3917644562141526, 0.2056363275848784, 0.08947879195197306
0.8331050228310503, 0.40688055083548735, 0.2249201350928479, 0.10166622550874096
0.8682648401826484, 0.3506134621233451, 0.18058815886882343, 0.09274260455961134
0.8717465753424658, 0.34582486064864554, 0.16833320410323382, 0.09849644592897353
0.8832191780821917, 0.3156032097303449, 0.1578172969141337, 0.0884251047927807
0.8265410958904109, 0.4241681606248506, 0.22612648853981315, 0.10469007615569566
0.8804794520547945, 0.33798402219679474, 0.1666780024229328, 0.08211310518354915
0.8880707762557077, 0.32281053862597753, 0.157965930796309, 0.08687916425923131
0.8325342465753425, 0.4407322341367968, 0.21485127515559557, 0.09365753099550408
0.8155821917808219, 0.5304785919143332, 0.23422641629538418, 0.09821237586981066
0.8808219178082192, 0.33434171530026646, 0.16961445895503818, 0.08813753550382503
0.8897831050228311, 0.30096710786742376, 0.16231874521663875, 0.08370363918410938
0.8904109589041096, 0.30852837921004794, 0.16129437510975123, 0.0881434246000805
0.8743150684931507, 0.33621405826971645, 0.1800107695919307, 0.0924052631710952
0.8818493150684932, 0.3171371756755338, 0.1703123798422709, 0.08945270392115391
0.8658675799086758, 0.36092511373555564, 0.18512588040622396, 0.08756824312669689
0.8398401826484019, 0.3911869465639369, 0.20577084376283492, 0.09477881816291145
0.863013698630137, 0.3517923438700228, 0.18973442574515562, 0.08979000131593672
0.8438356164383561, 0.3756668158906317, 0.203019679627009, 0.0963788295306763
0.8682648401826484, 0.3315050479855846, 0.18381348086081414, 0.09001541362204629
0.85662100456621, 0.3507464049656495, 0.19059052848862662, 0.09333189698838812
0.9055936073059361, 0.2694958388053236, 0.14069145802428423, 0.078504402945038
0.8583904109589041, 0.3434805268779149, 0.19036829012306442, 0.09225309513323027
0.9016552511415525, 0.2839371477823377, 0.14213719641074726, 0.08253336078908123
0.8874429223744292, 0.29768381168270314, 0.16094606683498713, 0.08956506589854665
0.9049086757990867, 0.2696625518351699, 0.14301525740811447, 0.07621335167138162
0.8519977168949772, 0.3584051326817162, 0.19784539854698685, 0.09071783525430151
0.8985159817351598, 0.2872950661212836, 0.1512724205307331, 0.07936430950303638
0.8579908675799087, 0.3469452031713222, 0.19159620014513554, 0.08893639084910948
0.8579908675799087, 0.34643085998975875, 0.19398718605630122, 0.08704724525323936
0.8660958904109589, 0.33600912369242564, 0.18687828782587743, 0.08560844976360321
0.9082191780821918, 0.2636816261037392, 0.14287556173932786, 0.07463268040101088
0.08224885844748858, 2.3010673016811767, 0.9239128781930322, 0.25269542443267984
0.16643835616438357, 2.2849074880753686, 0.8696714640551302, 0.46047951513653035
0.09994292237442923, 2.48692664316931, 0.9351031736476565, 0.51087753930577
0.28007990867579907, 1.9376500324555779, 0.7404938084088171, 0.22519022052991466
0.441324200913242, 1.7930782656734425, 0.6064464594955019, 0.19880389589274347
0.48904109589041095, 1.5117784619650834, 0.5354439346050637, 0.16194014485443087
0.559189497716895, 1.3021304957371826, 0.4354248122622082, 0.13642625291328206
0.506392694063927, 1.3373346278275637, 0.5159900098712051, 0.1600354697729106
0.5636415525114156, 1.1662849028912838, 0.43671010450828907, 0.13941111452433583
0.5705479452054795, 1.1952549397915453, 0.3924814814070172, 0.12790273666925864
0.551541095890411, 1.175124178488652, 0.465136574952977, 0.1391179431753977
0.5034246575342466, 1.4644627339549998, 0.5270888427713679, 0.16109036698941678
0.6045091324200913, 1.0703592787669318, 0.40212751125130486, 0.13365666888291458
0.5820776255707762, 1.128882651878692, 0.4495387298646019, 0.14144538349762592
0.6316210045662101, 0.9597082900487395, 0.3595813760347102, 0.12088022699713241
0.6160958904109589, 0.9957447583372826, 0.3782360309069842, 0.1235982544220425
0.5791095890410959, 1.0725605558328741, 0.43337340425439386, 0.1312984995493345
0.5913812785388128, 1.1497651270499265, 0.41783103393659415, 0.13515191178685845
0.5822488584474886, 1.2980039718195495, 0.43908992502466826, 0.1487475171754548
0.5848173515981735, 1.2120357147946288, 0.4344565520573177, 0.13783377568590324
0.6879566210045662, 0.8556228281588153, 0.29129255894278994, 0.10449567053310302
0.7236301369863014, 0.796734234302783, 0.23385243775202724, 0.09468610067355882
0.6407534246575343, 0.9732467825923851, 0.3463028585638657, 0.1218929817345122
0.6881849315068493, 0.8077695164974789, 0.29142262462021606, 0.10437504847908805
0.6299086757990867, 1.0510654118808613, 0.36485273690897985, 0.12219468604266785
0.6573059360730593, 0.8473603958432243, 0.32959075622447087, 0.11587131949211002
0.7166095890410958, 0.777310540127135, 0.2762930091222341, 0.10387997327067978
0.7465753424657534, 0.695198943435837, 0.21591427990371304, 0.09426216885569863
0.7039383561643836, 0.766789188499956, 0.27377706702561594, 0.11070293883709409
0.694920091324201, 0.783375740529232, 0.2772743440054785, 0.10732302684327913
0.6462899543378996, 0.9885486188128674, 0.34236164736455765, 0.12394771257367916
0.6646689497716894, 0.8680226389691483, 0.31876342191148804, 0.12011572526871898
0.699486301369863, 0.7477578478673677, 0.2680212735495534, 0.10494248495017276
0.7623858447488584, 0.658702760033636, 0.1953428062269417, 0.08439885078050743
0.7588470319634704, 0.6885960491528434, 0.2088629122980249, 0.08878650879468028
0.7595319634703196, 0.6722286607270381, 0.20079135321271138, 0.08741392820633692
0.782134703196347, 0.6304395299507458, 0.17716397075254972, 0.08106949392052076
0.7741438356164384, 0.6446558786392778, 0.18945349863566172, 0.08610694000034755
0.7361872146118722, 0.6906658407919847, 0.22840611386971316, 0.09468762967736376
0.7589041095890411, 0.6598568426484437, 0.20197693107035092, 0.08802247752353778
0.7538812785388128, 0.6628203412337087, 0.20264326290664708, 0.08546955244525899
0.6621575342465753, 0.9153121316642558, 0.3179821064144784, 0.11704967259934623
0.7658675799086758, 0.6554356080139276, 0.2008165814931346, 0.08475633685624669
0.7868721461187215, 0.6122159813536537, 0.16836767315049075, 0.0760180815346686
0.7272260273972603, 0.7098803663408636, 0.23687892849293163, 0.0900061401110568
0.7103310502283106, 0.7265308808481542, 0.2550091898098584, 0.09325218085920474
0.7452054794520548, 0.6532123034483596, 0.2183789885785642, 0.08796547398603356
0.7531963470319635, 0.654132444959408, 0.21014295943630634, 0.08160332008017374
0.7603310502283105, 0.6592830018608622, 0.20373158998989185, 0.08584532740247258
0.7324771689497717, 0.697576669283551, 0.24392176032510682, 0.09613524000451111
0.7759703196347032, 0.6104329954025417, 0.18382385794300238, 0.08254238313906648
0.7757990867579909, 0.6014443216725306, 0.18002093341833905, 0.07246241027588986
0.7361301369863014, 0.6797848602850933, 0.2297679810363265, 0.08717823890151123
0.7273401826484018, 0.6855475698661084, 0.2364826350685862, 0.08707603731445875
0.6993721461187214, 0.74175149094159, 0.2672235528973068, 0.0978620183333415
0.7864726027397261, 0.5897023974723106, 0.18197532639487476, 0.08223076965169167
0.7393264840182648, 0.6758609065317089, 0.23693513621545415, 0.09725232057502613
0.7893835616438356, 0.5834186655947201, 0.17199317100045802, 0.07374584639117508
0.7990296803652968, 0.566928021879729, 0.1572720479101223, 0.07070789906881118
0.7760273972602739, 0.6250226279428077, 0.18777393686837582, 0.07807425440939691
0.7765981735159817, 0.6304690060981043, 0.18652915865564204, 0.08134637799603248
0.781392694063927, 0.5995102308016524, 0.17652046471872182, 0.07996003558600508
0.719634703196347, 0.7155238142543303, 0.2396771880626751, 0.1003573580510629
0.7569634703196347, 0.6299253046110794, 0.20106118684816096, 0.0801453126562533
0.7906963470319635, 0.5559619209805081, 0.15542071505234373, 0.07511321016833765
0.7458333333333333, 0.6358980462710021, 0.2144108053497342, 0.0884250044444988
0.7722602739726028, 0.5997961000191164, 0.1847967015876256, 0.07428885256977137
0.7557648401826484, 0.6089251784155589, 0.20218182829088605, 0.08181595633102036
0.7941780821917809, 0.5501762831743267, 0.16391513584440326, 0.07529291773788657
0.7879566210045662, 0.5634874685167587, 0.16925369974359541, 0.08218427463929265
0.785216894977169, 0.5637037726377107, 0.17063229025515705, 0.08053440780544326
0.7732876712328767, 0.5892872178131299, 0.18757323053304945, 0.08481641150763371
0.7653538812785388, 0.6094195574226992, 0.20306622788192397, 0.08373384017225158
0.7709474885844749, 0.5677156925267623, 0.1845951787463931, 0.08250363690910652
0.7768264840182648, 0.5787111701711253, 0.18168934671839365, 0.07727837194102433
0.7881849315068493, 0.5686306423160502, 0.16638230446277497, 0.07277297800522062
0.7666666666666667, 0.582160734399668, 0.1854888624029831, 0.08220989373350517
0.7734018264840182, 0.6072632945404978, 0.20449587441066874, 0.08950059374107423
0.7642123287671233, 0.6535639355668809, 0.22546312434829388, 0.09270932303517729
0.70662100456621, 0.7284046736926417, 0.2584693302097223, 0.1012406547194354
0.7235159817351599, 0.7482662035877065, 0.2593449387898016, 0.10027791204483029
0.7424657534246575, 0.6793413042628129, 0.22687962628219996, 0.09040719161262134
0.7720319634703197, 0.6134568173941221, 0.19240803185310867, 0.08517886514224594
0.781107305936073, 0.57940162701497, 0.1760316882873423, 0.07624659572728065
0.7630707762557077, 0.5941379747116184, 0.19108731545968255, 0.07764327583764659
0.782648401826484, 0.5635077839861931, 0.1692208492827767, 0.07327312155059482
0.7684360730593607, 0.5982235981563342, 0.19387133049446872, 0.0796605471252929
0.7880707762557078, 0.5760181260145159, 0.178597278402945, 0.07483240361412878
0.7392694063926941, 0.6890456366215987, 0.23747916107337766, 0.08883994810471449
0.7610159817351598, 0.5998153855180371, 0.19968206203417463, 0.08373453690009028
0.7912100456621004, 0.5426444141113275, 0.16664048683480245, 0.07241330541134033
0.7853310502283105, 0.5665712325273523, 0.17255439366569042, 0.07322352742121056
0.7941780821917809, 0.5709084315735256, 0.15966430729140638, 0.06890558952504841
0.785958904109589, 0.5755467415606325, 0.17031746252442073, 0.07489039968553445
0.774486301369863, 0.5970333230799971, 0.18146383919167935, 0.08257641376311727
0.8123287671232877, 0.5314711347057934, 0.14181084231854282, 0.06616726450499727
0.8106164383561644, 0.5227952005865362, 0.14125622580320196, 0.06439229301082249
0.8660958904109589, 0.5433752661135647, 0.12841836449331281, 0.06236486391348188
0.8480593607305936, 0.4930369415145454, 0.11430506529053835, 0.057308546959592796
0.8218036529680365, 0.5169555035921953, 0.14702744123723555, 0.06532140577919543
0.7719178082191781, 0.6131411002114557, 0.2049659697937673, 0.08221826847409747
0.09657534246575343, 2.3077251627288224, 0.9217040728025276, 0.3896176787043181
0.09868721461187215, 2.4941047572660593, 0.9312605121357325, 0.5112775725284928
0.19155251141552512, 2.420403040597532, 0.8630641057647113, 0.32919160306004724
0.3577054794520548, 2.2676348624377303, 0.660593143502716, 0.21574148255098988
0.33087899543378996, 2.094663046317526, 0.7355116140595385, 0.2444193165574299
0.35091324200913243, 2.0769181607396643, 0.6849871076197771, 0.2531123405523071
0.5154680365296803, 1.4815011565697596, 0.5532089443738731, 0.1723564463903131
0.5218607305936073, 1.5458145826758323, 0.5549555151221751, 0.16058467604325455
0.6063926940639269, 1.1951512410544332, 0.45292957651550664, 0.143508561561646
0.5675799086757991, 1.3444681973606605, 0.48864101107412666, 0.15233171342408988
0.631107305936073, 1.0649034694556694, 0.43323923182728846, 0.13288063431697114
0.6659246575342466, 1.025436395759285, 0.38721420037095766, 0.12075196985650956
0.622431506849315, 1.0389693766422492, 0.4406496639413767, 0.14807244975644307
0.6361301369863014, 0.992200088409841, 0.41855409301412416, 0.1380519105526484
0.6938356164383561, 0.9302882050206117, 0.3579456503517363, 0.12335402234068106
0.6186643835616439, 1.0892010534836114, 0.44395908051452515, 0.1395378460613693
0.6824771689497717, 0.876312037814012, 0.35428545211967655, 0.11657934887993888
0.7605593607305936, 0.7191708251187837, 0.28198903605369446, 0.10359874173124517
0.7055936073059361, 0.8104250430971652, 0.3553239215346801, 0.11840173358531413
0.7215182648401827, 0.743299350936082, 0.3468626954385728, 0.1097728982850662
0.8026255707762557, 0.5580305042743482, 0.2308285893392991, 0.08737078179167047
0.7585616438356164, 0.6263190360140279, 0.28876182132844314, 0.10374847117329315
0.7595319634703196, 0.6831829767289752, 0.28261813169705297, 0.10293847145380088
0.7978881278538813, 0.6078386977795407, 0.24032058283100277, 0.09272152409320769
0.7773401826484019, 0.6659945373356186, 0.27270001142769035, 0.10289238354572948
0.781107305936073, 0.6320796172306794, 0.2578742069521732, 0.10035845479197877
0.8039383561643836, 0.5792035290022605, 0.22848495088401993, 0.09564919160050522
0.7877853881278539, 0.5734937593214653, 0.25469691426758384, 0.10175353279136842
0.763013698630137, 0.6863196286638296, 0.2894187441260426, 0.10682958739898676
0.7935502283105023, 0.5665679720944313, 0.2491576572293283, 0.10673873266569325
0.7749429223744292, 0.6250045991688646, 0.2742948142413095, 0.11395623899406802
0.8074200913242009, 0.49366740204210596, 0.22969745992835566, 0.09991058159601965
0.7694634703196347, 0.6249665914536247, 0.2864983831170172, 0.11559245665411905
0.8381278538812785, 0.4726889204793409, 0.2028679195132854, 0.098845229733284
0.8007420091324201, 0.5463196261837893, 0.250480087090923, 0.10718332660436668
0.8224315068493151, 0.49151894943049684, 0.21214637025535332, 0.09220067162426204
0.838755707762557, 0.4449685528749781, 0.19405102334068197, 0.08720032345021714
0.8261415525114155, 0.49358164370102753, 0.20689324575510099, 0.09322314088595038
0.8338470319634703, 0.43203055292375425, 0.1960292361435575, 0.09195328724195302
0.8291095890410959, 0.4564091985622545, 0.2024478652909956, 0.09014089844489959
0.8337328767123288, 0.44152173603536166, 0.20344514534447986, 0.08896626433219541
0.8744292237442922, 0.3872846257941628, 0.15160931104595823, 0.0773814713213206
0.8603881278538813, 0.3959947640602555, 0.16146049607146432, 0.08190793908585743
0.8403538812785388, 0.43720516884489274, 0.19033158355726962, 0.08859448841707918
0.8442922374429224, 0.4145049992076547, 0.18753262150634156, 0.08611440528969078
0.8210616438356164, 0.5091597721746837, 0.22226588671288347, 0.09293803770892736
0.8121575342465753, 0.5051717262076622, 0.2410181718592806, 0.09672350047740749
0.8099885844748859, 0.5415850133205744, 0.2322431678960877, 0.09488355319210791
0.8178082191780822, 0.45555640551233345, 0.22213613846917837, 0.09304610219026131
0.8194063926940639, 0.49221625474567654, 0.22679110408882713, 0.0965039108773767
0.8560502283105023, 0.4162471672524231, 0.17810931849521353, 0.08209582942271945
0.8465182648401827, 0.4218989710039962, 0.1924302398677285, 0.08237290893065474
0.824486301369863, 0.4874499664949067, 0.2219232766220291, 0.09582257036185707
0.8773972602739726, 0.3628867138414489, 0.16064914341849737, 0.07979124894574025
0.8751141552511416, 0.3675126168488642, 0.16054473671813052, 0.08025248015556347
0.8434360730593607, 0.42488300669298307, 0.19635020318598925, 0.09088200949447069
0.8843036529680365, 0.3496537498767222, 0.1547136607490804, 0.0801760028294137
0.8692922374429224, 0.3853293570537229, 0.17614727079707282, 0.0847182427644801
0.8369292237442922, 0.45969922798684393, 0.21062250787686665, 0.09306496367809376
0.840296803652968, 0.42068138313272363, 0.19804822950354012, 0.09111581005752147
0.8293949771689497, 0.4447749644743375, 0.2117216621381435, 0.09581990801864046
0.8706050228310502, 0.3548291321000119, 0.16630741999259935, 0.08572228924715042
0.8434931506849315, 0.40616431160971067, 0.19498955645605517, 0.0894961274581993
0.8454337899543379, 0.4041735678318993, 0.18767902461937586, 0.09035168033918621
0.846175799086758, 0.4090113449734504, 0.18998562748083178, 0.09159582910358806
0.852054794520548, 0.3923507079374644, 0.187450746221759, 0.0891991736690833
0.8687785388127854, 0.34832160987841876, 0.1717592100137834, 0.08684468999653819
0.8650684931506849, 0.3613742200975416, 0.18237080872155098, 0.08773612364695481
0.8699771689497717, 0.3311165611523802, 0.1675858476850162, 0.08683288533515501
0.8806506849315069, 0.32739958613429926, 0.15825381493155066, 0.08556486295316378
0.8684360730593608, 0.36754404785779465, 0.17160775496573558, 0.09103659262079397
0.8564497716894978, 0.3721925607978554, 0.1884405203538906, 0.09005428993660586
0.8446917808219178, 0.38668251172685336, 0.19338864914886134, 0.09461086817297168
0.8565639269406393, 0.36226682200010396, 0.1804721567255957, 0.08934708228871933
0.8768264840182648, 0.32024805593780514, 0.15930806755993504, 0.0832505843587022
0.874486301369863, 0.3226023740006272, 0.16213165448089892, 0.08229562633570577
0.8568493150684932, 0.3675819753656745, 0.19022479711040485, 0.08499400991219887
0.8348744292237443, 0.42280724102979833, 0.2053449072574135, 0.0898701273225855
0.8659817351598174, 0.35458039463073776, 0.17867867383813138, 0.08288962214455328
0.8593607305936073, 0.3525407330213714, 0.1827856866011465, 0.08435512381699223
0.8671803652968036, 0.34748754425419215, 0.1780336398921353, 0.08411742271996518
0.834189497716895, 0.42076528098769295, 0.20609828819427034, 0.09247619404718858
0.8863013698630137, 0.3094790850442184, 0.15056855111985043, 0.07684427621447873
0.8370433789954338, 0.4072801889110277, 0.20362294773766412, 0.089796648820402
0.8781392694063926, 0.31474739146582226, 0.15997781522744592, 0.07672621137169505
0.8426369863013699, 0.38492978563475677, 0.19406935681394402, 0.08732155364675032
0.8695205479452055, 0.3278853558935292, 0.1645355602537539, 0.07774592687523652
0.8759132420091325, 0.3173734971465711, 0.16333231618797245, 0.08036733601613824
0.9027397260273973, 0.2728172008303523, 0.1323754335990099, 0.07325511229619944
0.8606164383561644, 0.340833013330066, 0.1765687217163406, 0.08246408641235932
0.8945776255707762, 0.2868713335325114, 0.14119005981803243, 0.07446971699810946
0.8797374429223744, 0.3216306336564222, 0.1575178108855379, 0.07683766826159308
0.8815639269406392, 0.3005080755776688, 0.15498045234039234, 0.07637357101432653
0.8567351598173516, 0.349314846807567, 0.17854005876855614, 0.08221945187062835
0.8972602739726028, 0.27744725086870387, 0.1383696658247504, 0.07002816688351338
0.8894977168949771, 0.29717344927991524, 0.14917748295254496, 0.07483412855412962
0.9074200913242009, 0.27300880778403563, 0.12977186532077511, 0.07051401203773082
0.9079337899543379, 0.2731765133436783, 0.13164103476142183, 0.07051960434991564
0.8574200913242009, 0.3571984328813899, 0.18395076806531688, 0.08335436208671204
0.8715753424657534, 0.32488025317137836, 0.16894771823501176, 0.07573124248700795
0.8486872146118721, 0.383141717750023, 0.19706713009564683, 0.08321445654334196
0.09868721461187215, 2.302177907131715, 0.906225465633833, 0.4146923652982371
0.12334474885844748, 2.2667411103228514, 0.8642729471115516, 0.4755543399161865
0.24549086757990868, 2.194045428295048, 0.7860518435341831, 0.30058839578632346
0.1839041095890411, 2.3552780626355965, 0.8637716998941783, 0.3419582627498615
0.34195205479452057, 1.9896829738574042, 0.7325631822451176, 0.23917026929096102
0.3091324200913242, 1.8374117992955272, 0.7547755903320978, 0.24725505390144442
0.3590753424657534, 1.7147839486308019, 0.6935357086033206, 0.2481211468278682
0.46558219178082194, 1.5683086168756895, 0.596115176199026, 0.19242415177015407
0.5445776255707763, 1.4527484284554129, 0.5091700447631906, 0.15296114174163652
0.5718036529680365, 1.3153309535533246, 0.4855963434386168, 0.14832878654260262
0.5856164383561644, 1.1375722376748088, 0.44566031723428795, 0.14425460909057575
0.5836187214611872, 1.1157314971005217, 0.46624380792163495, 0.1413075276629253
0.5850456621004566, 1.1892487587755587, 0.4693102038519216, 0.15110185138250562
0.6667808219178082, 0.9346047603207174, 0.35813826825782485, 0.12718249025663053
0.6720319634703197, 0.9105969461794959, 0.33348404375497187, 0.12169276547428504
0.6614155251141552, 0.9253048793698703, 0.36406982391167125, 0.12412427045296162
0.6373858447488584, 1.0628520260947567, 0.3790796572433959, 0.13435198381571578
0.7223744292237443, 0.7933953254081446, 0.27444010139073044, 0.11232081182122605
0.6949771689497717, 0.8320553285324879, 0.30770050545014277, 0.13128404333005045
0.6599885844748858, 0.962281013387882, 0.34530388720129773, 0.1392256597110898
0.6918949771689498, 0.7971381676047887, 0.3167428563975169, 0.1278854364357746
0.6490867579908676, 1.0214032780054234, 0.3811070401021667, 0.14281578085240518
0.6989155251141552, 0.9594743489874327, 0.31725350455127516, 0.12876120148614822
0.6740296803652968, 1.0821546119464902, 0.3635504751562162, 0.13535709947455818
0.7312785388127854, 0.8916313169146749, 0.28462674823512935, 0.11946542626966135
0.7156392694063927, 0.7742138932884962, 0.2993799337260785, 0.1264050345939748
0.7024543378995434, 0.8825395684888955, 0.29492668878460865, 0.12705399483948437
0.7222602739726027, 0.8025954485827933, 0.274930282340866, 0.12233173306721998
0.7131849315068494, 0.7352878153613829, 0.3004662654745158, 0.1284351171445757
0.7174086757990867, 0.7372735897153987, 0.2892088532028399, 0.11999809941972835
0.7097602739726028, 0.774721086444458, 0.2874821065783801, 0.1232160858332321
0.7606164383561644, 0.6570706999164352, 0.22353262303342677, 0.10595529363343825
0.7222602739726027, 0.8031206010535488, 0.2795036677371727, 0.12066289604188427
0.7396689497716895, 0.7238493024235271, 0.25284312578198237, 0.11702072451803693
0.7759132420091325, 0.6227846090147197, 0.19741686028519798, 0.09831043665286901
0.7415525114155251, 0.6902289433944272, 0.2579230305553355, 0.11126119078692286
0.7143835616438357, 0.7951154181947483, 0.29911204820447607, 0.11823143401127657
0.8259132420091324, 0.56600016545251, 0.15603157689696512, 0.07630141596928315
0.759417808219178, 0.6438766672349678, 0.2274561957523663, 0.10355061101549383
0.7476598173515981, 0.643628383898449, 0.2373330423249649, 0.11976607534046674
0.7752283105022831, 0.6194978010249322, 0.20994808872810009, 0.10087470072487388
0.7373858447488585, 0.6692236057288962, 0.24803134078913547, 0.10713329959636843
0.7841324200913242, 0.5832682512579329, 0.20068718808855324, 0.09209468931726689
0.7647260273972603, 0.6061174033648267, 0.22417365899523875, 0.09845817010802385
0.8090753424657534, 0.5309973407449745, 0.17529305476323223, 0.08388051299282699
0.8023972602739726, 0.5417655233791523, 0.18640239483274865, 0.0873822944944307
0.7872716894977169, 0.5430221065126893, 0.20042023532810901, 0.09527220880959054
0.7599885844748858, 0.668791511979025, 0.23902535537325534, 0.10331803647787419
0.7522260273972603, 0.6702774264617293, 0.2511605498346379, 0.1067709952694611
0.8198630136986301, 0.5294401977495434, 0.17542471746807614, 0.08996384265116364
0.8313356164383562, 0.4955749959336554, 0.15408122931147925, 0.08332207760513619
0.8037100456621005, 0.5358133412912562, 0.19252587431486876, 0.0918780810091242
0.814783105022831, 0.5182363585571906, 0.18227005982249295, 0.09331477554880103
0.7780821917808219, 0.55219393294697, 0.19387872581636065, 0.10755794927341654
0.7958904109589041, 0.5244528658675678, 0.20036187884181567, 0.09209324947707158
0.7692922374429224, 0.5897864114549869, 0.23219812796737468, 0.09537910339195477
0.795662100456621, 0.5563237505074515, 0.19653892496705028, 0.08882346672055644
0.8117009132420091, 0.5047467604959892, 0.17082104823923494, 0.08011977963806678
0.8102739726027397, 0.5175045974299299, 0.18389551318705422, 0.08291583523991188
0.782134703196347, 0.5560345403014023, 0.20787507060111543, 0.0875691448251875
0.7627853881278539, 0.5982557522454517, 0.2329947780420522, 0.09635369624439293
0.796689497716895, 0.5088519478014155, 0.19282720196531422, 0.08492378270378584
0.7674086757990868, 0.5792719932525249, 0.23177868993385908, 0.10311052177964511
0.7503424657534247, 0.6594996559562445, 0.2514491556886059, 0.11588722533958878
0.7916666666666666, 0.5383546913455065, 0.21260110187259038, 0.09695091979646708
0.8323059360730594, 0.4655466712311859, 0.15703407832061822, 0.08760343487472806
0.7833904109589042, 0.5535171264161474, 0.2092262501934992, 0.09953544382941308
0.829337899543379, 0.49634702507925305, 0.1633511544606807, 0.07840522041907938
0.7662100456621005, 0.6313128691585993, 0.2331825477830341, 0.09730542956545028
0.7692922374429224, 0.6112799396513936, 0.22620109626224527, 0.09440962852506271
0.8025114155251142, 0.49431085472278546, 0.18857375379737387, 0.08371998495552364
0.8059360730593608, 0.5282321316444722, 0.19049642199259836, 0.0795852779623357
0.8508561643835616, 0.4573864168272442, 0.1439783423729805, 0.07079895903120015
0.7945776255707763, 0.5473294962420902, 0.20755683211790465, 0.09862847242761429
0.8373858447488585, 0.47608349121666727, 0.1543669138849945, 0.08579436212154361
0.8602739726027397, 0.45218203481090036, 0.12967805355635761, 0.07549976270805157
0.8158675799086758, 0.4841222725434293, 0.1729269831388031, 0.08537727461962653
0.7873287671232877, 0.5509647375907344, 0.20583198037261696, 0.0931226076593077
0.7842465753424658, 0.5520094006551155, 0.20597709811424614, 0.0941891883705111
0.8148972602739726, 0.4817320029886085, 0.175836927109653, 0.0855689137257145
0.8220319634703196, 0.4743825028753574, 0.16988534005882755, 0.08112543542960156
0.7925799086757991, 0.5281148609898879, 0.19841534459597043, 0.0953346833179006
0.819920091324201, 0.4654880684494054, 0.1613060151089845, 0.08768815196468654
0.819634703196347, 0.4732576252504837, 0.1744241956818311, 0.08718679583994891
0.7731735159817351, 0.646555903947109, 0.2271153027875792, 0.10494938836031041
0.8246575342465754, 0.467594568663749, 0.168400928059064, 0.07971158178680934
0.7952625570776256, 0.5418078700165374, 0.19855613479284567, 0.08263629813248376
0.8119292237442922, 0.5019114993462245, 0.18083654390824372, 0.08027643709940857
0.8283675799086758, 0.4669604506897866, 0.1623514590662512, 0.07825951562944117
0.8273401826484018, 0.47532176566385326, 0.16502108396171664, 0.0781616125158936
0.8172374429223744, 0.476395857118519, 0.1750658137677091, 0.07974074470408749
0.8214611872146119, 0.4792718877255981, 0.17822544441498764, 0.07975143459895474
0.8301369863013699, 0.4441643974157228, 0.15717176690725532, 0.08341872785465601
0.8436643835616439, 0.44264556941336397, 0.14906545827880072, 0.08352766234750549
0.8558219178082191, 0.4335922580859893, 0.1347723894513286, 0.06796151235066784
0.8372146118721461, 0.4675013186237764, 0.15647611604277728, 0.07075420280634023
0.8392123287671233, 0.4455078561986516, 0.1489467410252235, 0.0683377416828041
0.7875, 0.579576821883313, 0.20731516766511443, 0.08643899593507813
0.7937214611872146, 0.5688338906188807, 0.19666937205121526, 0.08316562753800709
0.8534817351598174, 0.41999096239596617, 0.13522773963282478, 0.06516892165914798
0.8334474885844749, 0.44720895175257297, 0.15268074779209986, 0.07007544879198103
0.08213470319634703, 2.306234192519604, 0.9010056042196575, 0.2496257227709129
0.2873287671232877, 2.2594739699345454, 0.7652609630542547, 0.2775662412188847
0.20348173515981735, 2.361602357664298, 0.8064302376506219, 0.3063368277944647
0.10028538812785388, 2.4320998038828465, 0.8910162701305502, 0.4996845689886229
0.2146689497716895, 2.306891960432756, 0.779172697762002, 0.3313098048234271
0.22871004566210046, 2.1305258025972895, 0.7480754222229534, 0.2835775384497456
0.20131278538812786, 1.9758230408747748, 0.781311624256913, 0.35152945703761196
0.32699771689497714, 1.70715946678192, 0.651336220386342, 0.24208604750977603
0.5417237442922375, 1.5210731633158705, 0.45718480407283385, 0.14669623630337345
0.5324771689497717, 1.360781263987923, 0.3965236329340323, 0.13856553661903953
0.5042808219178082, 1.3847047135213912, 0.4752309801364996, 0.1626943194447426
0.44269406392694066, 1.5226757345445865, 0.5537604524549462, 0.22154218732255657
0.6489155251141553, 1.1208366842478354, 0.3256791837559879, 0.1122062343691405
0.5760844748858448, 1.156796408006365, 0.38335652353753247, 0.12426540893182335
0.556906392694064, 1.1852685445270703, 0.3940110610404972, 0.13443001992069858
0.6065068493150685, 1.1202423595582673, 0.33497713968364773, 0.1150459071672376
0.6309931506849316, 1.0412966505995884, 0.31652545987190484, 0.1144634947463982
0.6932648401826484, 1.0179316097638085, 0.2711098842301414, 0.0995714965829036
0.6944063926940639, 1.0073271911658324, 0.2725879687968463, 0.1011527506604843
0.7252853881278539, 0.9316596529631238, 0.25131123396403554, 0.0976181733060258
0.6707762557077626, 0.9204575488950693, 0.2633850672285733, 0.10366284502756087
0.7121004566210045, 0.850563900139836, 0.22682773150813343, 0.09685774395085575
0.6881849315068493, 0.8852903261345029, 0.25617715546983333, 0.10353034674548267
0.6240296803652968, 1.0294814130572487, 0.33659899858147646, 0.12869650212234615
0.6632990867579909, 0.9149668821434784, 0.28579958867376853, 0.1065046763835343
0.7131849315068494, 0.8191086216293101, 0.21078089106514233, 0.09276015078293892
0.718892694063927, 0.8013869198939476, 0.20348186127185752, 0.08805825025918831
0.6656963470319635, 0.8892944646761417, 0.26787317486585105, 0.09840482496457048
0.6383561643835617, 0.9546392246214195, 0.30651484436903403, 0.10456709770019898
0.6868721461187215, 0.8482401139359774, 0.23778021272877198, 0.09428019039548635
0.7256849315068493, 0.785570993998505, 0.19384637941116822, 0.08626670488688493
0.7313926940639269, 0.7586947499333961, 0.18834770304508766, 0.0834869879637855
0.7145547945205479, 0.8055676584116683, 0.22099312732343213, 0.09294918299054472
0.6550799086757991, 0.8874330509922526, 0.28054219436344063, 0.11264328298392398
0.7610730593607306, 0.7465596777751496, 0.18918734841246237, 0.09548249690767716
0.7517123287671232, 0.7342243654749522, 0.18096085789850297, 0.09046806552946139
0.7222602739726027, 0.7608580065399635, 0.20335075459597857, 0.0890053452848073
0.710216894977169, 0.7918076848042619, 0.21251871360574934, 0.09020321663550705
0.6889269406392694, 0.797025628064978, 0.23145674297776178, 0.09589027396471822
0.7055936073059361, 0.7802441382835849, 0.2227300432065227, 0.0947849807002021
0.741837899543379, 0.7128929517934608, 0.17675035155613664, 0.08068004697245428
0.7167237442922374, 0.7715920253423395, 0.20166702022946942, 0.09090420131797051
0.7426369863013699, 0.7179851897934788, 0.17200123832833591, 0.0837407509527057
0.7479452054794521, 0.7055834440575973, 0.168057902058485, 0.07875521203980272
0.7159246575342466, 0.7702770306104852, 0.20975531616849935, 0.0835578230840899
0.7929794520547945, 0.7168372145661486, 0.1610388575596951, 0.07303871697494418
0.7361872146118722, 0.8194610243377948, 0.22376079199594895, 0.09450251456139086
0.7554794520547945, 0.762464300304209, 0.2063948694672539, 0.08625575922062213
0.8031392694063927, 0.6935762883865333, 0.1575103564129599, 0.0757038556740917
0.806906392694064, 0.672967709121314, 0.14879392774113331, 0.07044043202790695
0.7502283105022831, 0.7931626120581532, 0.22308572495169787, 0.08799309052664529
0.7581050228310502, 0.7850086925391447, 0.21893205945539523, 0.08722738254299962
0.8131278538812785, 0.6697885877550888, 0.14000418454699715, 0.07100364030318876
0.8123858447488584, 0.6692738116875858, 0.14788765671617837, 0.07183517523539926
0.8107305936073059, 0.6647127779329546, 0.14526010516871307, 0.07321116183465734
0.7580479452054795, 0.6600080570956373, 0.16416096556022766, 0.08290964178518348
0.7521689497716895, 0.6664129123411038, 0.16350863988558295, 0.08091015431886181
0.7614155251141552, 0.6506439673969143, 0.1582896835440338, 0.07582926861091971
0.7990296803652968, 0.656534192405665, 0.1544146278420415, 0.07286888762421637
0.7848173515981736, 0.6773010063856721, 0.16005851550982061, 0.08117284129554442
0.758675799086758, 0.6728028727822458, 0.1621592903744385, 0.08624600921730202
0.7530251141552512, 0.6694490591408038, 0.16657416469424352, 0.07695891425854849
0.7590753424657535, 0.672462892425948, 0.1629518541238305, 0.07657815146547682
0.7626712328767123, 0.6385819606880564, 0.1521011253259483, 0.07557932789281605
0.7771689497716895, 0.6889526344462088, 0.16370715920314616, 0.07813741838324213
0.7656963470319634, 0.7085465360626351, 0.18287716787750632, 0.08133049802015378
0.713013698630137, 0.7645414623969847, 0.22475258824617747, 0.09308875340569614
0.7612442922374429, 0.6720319659856792, 0.16738564524615873, 0.07497319639980464
0.7409817351598174, 0.7094194567702202, 0.18991941892649689, 0.08122441092634732
0.7781392694063927, 0.6280630381546923, 0.13839773861874313, 0.07062261193500037
0.7785958904109589, 0.6327062266832644, 0.13919562552291037, 0.07223792480614706
0.765296803652968, 0.6436084264433949, 0.1525566408347313, 0.06662249785073143
0.7700913242009132, 0.6295548502645036, 0.145708721330544, 0.06782856692028179
0.816324200913242, 0.6124341383121206, 0.126801837339955, 0.06365445330412824
0.7801940639269407, 0.6248475630795344, 0.14508506929331133, 0.07095071753124894
0.7628424657534246, 0.6727241376455521, 0.1694799944509751, 0.08436368986861215
0.7871004566210046, 0.6257704552763814, 0.14316174347290578, 0.07569058117896031
0.7780821917808219, 0.6469463329194278, 0.15560060559398323, 0.0736846939025682
0.7960616438356164, 0.6011060288077086, 0.12768861332242043, 0.06682715748188157
0.795148401826484, 0.6061257193762798, 0.13180361136804983, 0.06862710102520726
0.7971461187214612, 0.5931128226326015, 0.13064373698312542, 0.06579840471862294
0.7526826484018265, 0.6674489504807829, 0.17035272332942905, 0.07907296922649767
0.7558219178082192, 0.6567658863682782, 0.16568840632291493, 0.08055564900311038
0.7717465753424657, 0.6180274048374862, 0.1464249423166588, 0.07624893693789812
0.772431506849315, 0.6572985816960271, 0.16578108639393668, 0.0831363928557045
0.7556506849315069, 0.6545081662458534, 0.1693625992474784, 0.07259362107286088
0.7761415525114155, 0.6104761467870221, 0.14354517489783256, 0.0647428419647679
0.7456050228310502, 0.662174988053234, 0.17869882454159022, 0.07311415107850082
0.8081050228310502, 0.622328412518581, 0.14517822716139955, 0.06853252144003863
0.7916095890410959, 0.6354684311206895, 0.15840484497931562, 0.07530093659922552
0.7663812785388128, 0.6348290520070325, 0.16152958669407277, 0.07671391452375925
0.8128424657534247, 0.5977687392915404, 0.13500628780870735, 0.06694774345840902
0.8202625570776255, 0.584013320112216, 0.12336333994983512, 0.06339916172763477
0.8089611872146119, 0.6253827226515891, 0.14818990363772339, 0.07135334688997602
0.7300799086757991, 0.6919636886034797, 0.1919394222932023, 0.07764641705059717
0.7888698630136987, 0.5880161772037038, 0.135124834434385, 0.06645321402332838
0.7867579908675799, 0.5793181937584828, 0.1319202381599902, 0.06741282215662142
0.8152968036529681, 0.6118809662416654, 0.13816602547834386, 0.06740015906667016
0.7863013698630137, 0.5915977140499937, 0.13424174548116757, 0.06721784206868424
0.7747146118721461, 0.6038897100964766, 0.14171666242040026, 0.07409413504241495
0.8041095890410959, 0.597118666415267, 0.1365559278212253, 0.07203788587607032
0.09052511415525114, 2.3067949177386384, 0.9066530019727255, 0.4410128257279044
0.20039954337899543, 2.2966307616160804, 0.8569551038215476, 0.3903745926688811
0.17123287671232876, 2.4047091387748534, 0.8636918075074042, 0.33102542426451287
0.24223744292237442, 2.221014250691689, 0.802896515768616, 0.34508817501048106
0.23670091324200912, 2.1065117246578313, 0.823279122880011, 0.30224326071064295
0.40827625570776255, 1.7252047113378235, 0.6641754913685431, 0.2012179597387
0.457134703196347, 1.7024202245625613, 0.6005622487783575, 0.1901862316549135
0.5110159817351598, 1.4953493623970044, 0.560457760662332, 0.17440660794301566
0.6261415525114156, 1.2308831041076922, 0.39987688018357676, 0.1340387413119791
0.5748858447488584, 1.128362139345362, 0.4731008117444613, 0.1610904297846581
0.638527397260274, 1.1372269826116124, 0.44594899169100977, 0.1436012375763847
0.6438926940639269, 0.9608265516946483, 0.4061365906199804, 0.139610187157594
0.608162100456621, 1.098313812439663, 0.44445851110924134, 0.15700945984022602
0.6957191780821917, 0.8414792060986829, 0.3442358744073895, 0.1301515108684036
0.6631849315068493, 0.8959249389749363, 0.3832631376632702, 0.1388871000082254
0.6705479452054794, 0.9076755607827277, 0.36858089844160813, 0.13314454109923393
0.653310502283105, 0.9370091117477789, 0.4111802790980319, 0.14338846268477642
0.6155251141552511, 1.1851752582463215, 0.44819081238524383, 0.1589428788325578
0.7030821917808219, 0.846568092319096, 0.3599656443435113, 0.12539235760038442
0.663527397260274, 1.034770705793643, 0.39488100137177445, 0.1374532879464066
0.7797374429223745, 0.6557067414431207, 0.23992957889866037, 0.11095091786001414
0.7416095890410959, 0.699111330840194, 0.2976099224491262, 0.12595601372910026
0.6982876712328767, 0.7639379436011137, 0.3409680955986824, 0.13922024989025725
0.75587899543379, 0.6499027925674343, 0.27977220093538885, 0.11814714313041888
0.725513698630137, 0.7512082973548431, 0.3149923598984509, 0.12236661342240193
0.7192351598173516, 0.7151332019419023, 0.3249539149633726, 0.1346876943001505
0.7413812785388127, 0.6913284664979144, 0.30170523631611124, 0.11670232942361829
0.749486301369863, 0.6954687254562291, 0.29215667230867576, 0.11331583913612123
0.7368150684931507, 0.7044997078478982, 0.31020225665169826, 0.11283699007408586
0.7432077625570777, 0.695244196995809, 0.2883507732028343, 0.12381417770636506
0.7640410958904109, 0.6947143900834019, 0.25625379887855027, 0.1077570240290889
0.8098744292237443, 0.6263558646627655, 0.22663673405060525, 0.09291634830117003
0.7906392694063927, 0.6884298331180344, 0.2614011886452639, 0.10472601460226033
0.781107305936073, 0.6352717653246722, 0.2616464862340184, 0.10931173073565834
0.7853881278538812, 0.6084145272429551, 0.23801347088803973, 0.10332399843525845
0.7775684931506849, 0.6615570819697176, 0.25766183674547954, 0.1090252968364587
0.7681506849315068, 0.6941316919249751, 0.27475028517725275, 0.11405517176539627
0.7708904109589041, 0.6192945961144588, 0.26201981508742234, 0.11273328535048044
0.7410388127853881, 0.762749813524811, 0.30064712039928015, 0.12103684983373933
0.7875, 0.5991665713602619, 0.25422171105502717, 0.10895544413097345
0.7728881278538813, 0.6010866884013935, 0.26568093503073237, 0.11357898997509103
0.7860730593607306, 0.5630775934834372, 0.24683663438400763, 0.10347777200479964
0.7568493150684932, 0.6258447271528648, 0.2782667124152816, 0.11669502848636143
0.7585616438356164, 0.6559941697855295, 0.27752347234818237, 0.11257019423390116
0.808675799086758, 0.5206530762141812, 0.20551862813514352, 0.09749426720887998
0.7942922374429223, 0.55521400372265, 0.2329973811492264, 0.0965225039229934
0.772716894977169, 0.6048016707253964, 0.25902078155255637, 0.1023459158626307
0.7515981735159817, 0.6699356769137516, 0.290808955923403, 0.11082151232902795
0.8121004566210046, 0.5032963550465378, 0.21450195778490258, 0.09127945377902606
0.8023401826484018, 0.5062645433686234, 0.2254933361465297, 0.09684265288608301
0.8, 0.5236497433841154, 0.23070192908299003, 0.11619086294447963
0.8081050228310502, 0.5272906325251596, 0.21652127040909544, 0.11066073984715931
0.7655251141552512, 0.6451357163403604, 0.2784417151355079, 0.10860363896097937
0.7586187214611873, 0.6331779621982069, 0.2872930859383472, 0.11285618522275481
0.7616438356164383, 0.627219053698555, 0.28496126497261726, 0.11563004937643262
0.790068493150685, 0.5286109800559966, 0.2416265751906494, 0.10530989637509389
0.8235730593607306, 0.45867928350874676, 0.19113307527228482, 0.10061987757203777
0.8138127853881278, 0.4684073022148853, 0.20727180307694984, 0.10334608607954732
0.7683219178082191, 0.5856886470176172, 0.2676398809115151, 0.12034235476099792
0.8022260273972602, 0.5049729020423741, 0.2281337846950652, 0.11739153837615364
0.8062785388127854, 0.4879773388181788, 0.21833810190177252, 0.1146737828895591
0.7975456621004566, 0.497823081158791, 0.22910761606933636, 0.11224691603162333
0.7783675799086758, 0.5647365764341308, 0.25553646237259486, 0.11956479025982673
0.8011986301369863, 0.5263003255231928, 0.22771005295163924, 0.1085780223075629
0.7911529680365297, 0.5876065618151862, 0.2430565907198794, 0.1123846039604936
0.8275684931506849, 0.47312923796102063, 0.19454335003682946, 0.09918601896486944
0.7782534246575342, 0.5910660412632104, 0.25037618433239844, 0.11788927948502056
0.7704908675799087, 0.6039069298979973, 0.2667077290294897, 0.12038773486037786
0.7740296803652968, 0.6061595470214796, 0.25606153752413613, 0.11910872137698339
0.7949771689497717, 0.5573307837355462, 0.24104071463547394, 0.11101442270807359
0.7871004566210046, 0.5237067436115177, 0.2469514618195634, 0.11004464355651829
0.7797374429223745, 0.6155939961605065, 0.25256097191386806, 0.10690186138932088
0.7993721461187214, 0.49164700059308086, 0.2257124831283889, 0.10146232689438195
0.8110730593607306, 0.45718703829075613, 0.21236281099973492, 0.10233783860418048
0.7817922374429224, 0.5384950460123232, 0.2512753313292659, 0.11010218928388277
0.7909817351598174, 0.5137878278033522, 0.24180747350894838, 0.09974861822411012
0.8268264840182649, 0.46474683400432765, 0.198851664810418, 0.08846242044323406
0.8098744292237443, 0.47948572043374205, 0.21614449771171962, 0.09334198836923838
0.8047374429223745, 0.5065850180618198, 0.22538867272558502, 0.09909855338271521
0.8526826484018265, 0.4010767796994786, 0.16092582970534342, 0.08250921455225738
0.8356735159817351, 0.4312805224461596, 0.1858957321618147, 0.09419309531340052
0.8348744292237443, 0.4459432728002627, 0.19185037177757164, 0.09863246222528907
0.8187785388127854, 0.4905204763114642, 0.21121352738509386, 0.10064876253230663
0.8466324200913242, 0.4154144088427753, 0.17233035822756881, 0.10053569943123108
0.7849885844748858, 0.5496736648065595, 0.2441074188594963, 0.13192942764866436
0.8102739726027397, 0.46450868637710196, 0.21620139649708267, 0.11382096913609602
0.7819634703196348, 0.5735645071040234, 0.25453078759121794, 0.1268869746973926
0.7922945205479452, 0.5147512744510204, 0.23471866110281625, 0.11081546860750434
0.8372716894977169, 0.4279487304676771, 0.17906196812789077, 0.10315753825363365
0.8154680365296804, 0.4446819121702349, 0.20699292563272276, 0.11175658286508947
0.8545662100456621, 0.39089191465425627, 0.15322859537732142, 0.08384738852711565
0.8292808219178082, 0.4338306353816806, 0.1893906113913005, 0.09748059108557408
0.8353881278538813, 0.42330582947679946, 0.1849316435942553, 0.08442535645934403
0.8409817351598173, 0.4189444566488668, 0.17755942943982742, 0.08878326039552985
0.8185502283105023, 0.44856449111800356, 0.2066685859547712, 0.09812585079395436
0.816837899543379, 0.4523258303429882, 0.20960191380021, 0.09811047638554292
0.829851598173516, 0.4663655663868596, 0.19816474660332326, 0.09066422745802757
0.8731735159817352, 0.3899635446458418, 0.1412308228446096, 0.07121807841857974
0.8776826484018265, 0.3823884747423622, 0.13924750308002493, 0.06946003931381901
0.8385273972602739, 0.4050998587087674, 0.17917826218114222, 0.0811806737587118
0.8192351598173516, 0.44625307092167266, 0.20628316203000266, 0.09693888775686318
0.07151826484018264, 2.30785113490924, 0.9188852548243862, 0.2497859021227827
0.10399543378995434, 2.3943017120793986, 0.8973105779036399, 0.4738531896944492
0.23464611872146118, 2.340693320377315, 0.7868607291336971, 0.2903461130974856
0.17705479452054795, 2.2676084991173666, 0.8411259825501669, 0.4147066242013894
0.3158675799086758, 2.2546032270470815, 0.7345458583047544, 0.25966540828167195
0.3022260273972603, 1.99539120961979, 0.7418033702218437, 0.2813601494855207
0.5047374429223744, 1.7753134815287626, 0.5499416978635467, 0.16645418183418642
0.5235730593607306, 1.729137362311858, 0.5323597352170301, 0.1618090476431886
0.6128424657534246, 1.265479491725507, 0.42929629974073463, 0.13914831241209127
0.5094748858447489, 1.2608236870496672, 0.5160956587355274, 0.17177839141536552
0.6153538812785389, 1.0741255556010023, 0.42016469534983314, 0.1407232324000096
0.5573630136986302, 1.2691972351659397, 0.49342636061396933, 0.15764209641693416
0.5992579908675799, 1.0479949382789844, 0.45763193636554944, 0.15794069225807988
0.5968607305936073, 1.1855727524143982, 0.4576312950970927, 0.15098429026529242
0.60662100456621, 1.1380900900707913, 0.4513049553745109, 0.14463511351852204
0.6379566210045662, 1.128662244607263, 0.4091738195029878, 0.14296869647637617
0.61912100456621, 1.213910381221084, 0.4417671209647829, 0.1514873161204138
0.6714611872146119, 0.835133863710349, 0.3770208995031932, 0.13550604244219683
0.6691780821917809, 0.9011826460165219, 0.369773717650262, 0.13819047496274936
0.7129566210045662, 0.7467547240902371, 0.32925565488345226, 0.1216944580059299
0.6380707762557077, 1.0298278409800319, 0.4116820371301832, 0.14502166504929137
0.7087899543378996, 0.7683353577895147, 0.3106906480523263, 0.1350231405230266
0.7273972602739726, 0.7387604945846284, 0.3209145222787593, 0.11730755412405694
0.7407534246575342, 0.7280872803259674, 0.29625687783295757, 0.11141748036106919
0.7346461187214612, 0.7643473880037638, 0.29964582396548584, 0.11580778760307758
0.7282534246575343, 0.776893203022719, 0.31144547226806696, 0.12327570788955666
0.8037671232876712, 0.5584291683354488, 0.21045473394594796, 0.1014829144968701
0.7896118721461187, 0.5771638042647191, 0.2306466191576722, 0.10317856166262125
0.7806506849315068, 0.6063003021214035, 0.23343997368395464, 0.10965544479278279
0.7527397260273972, 0.6365815671561942, 0.27426248136958087, 0.11472980699940423
0.8018835616438356, 0.5743926575747094, 0.2302688001761163, 0.09902679160103504
0.7066780821917809, 0.7507235616676232, 0.33210000768085024, 0.12801694212884296
0.7289383561643835, 0.6927653293386151, 0.30204099709576115, 0.12910083961479138
0.7430365296803653, 0.6524992611213739, 0.28605697962110366, 0.126284349773261
0.7432648401826484, 0.6426577178714477, 0.29458676027480807, 0.12024344807152311
0.7852739726027397, 0.5471103028401413, 0.24047774345084402, 0.11106236197634525
0.8059360730593608, 0.5403846477041239, 0.21893657624661297, 0.09403083098777815
0.8159817351598173, 0.5070612719773663, 0.20364615200177674, 0.08920629808582316
0.8126712328767123, 0.5065751876455853, 0.2022352996072413, 0.08974968901792411
0.8383561643835616, 0.45430227663642714, 0.179805585167525, 0.0824548047495242
0.8438356164383561, 0.44066683314775423, 0.1666878760537018, 0.08849163834139055
0.7741438356164384, 0.5554238072648459, 0.2428293489912137, 0.10639265511000318
0.7810502283105023, 0.5422723998069298, 0.2352063864872344, 0.10417481470955375
0.7699771689497716, 0.5727834577157318, 0.25131184619865704, 0.10971325573849883
0.829337899543379, 0.46061605904222813, 0.1883140681793598, 0.09255839088637914
0.8013698630136986, 0.5093985728374065, 0.22343591733904958, 0.10055035282684142
0.8500570776255708, 0.42405921870093455, 0.16391415873816972, 0.08726219840877779
0.7758561643835616, 0.5695274922972736, 0.240845349761108, 0.1098451632893042
0.784189497716895, 0.5344216396515716, 0.2330623318316222, 0.09865127882571885
0.8281392694063927, 0.46093148537074796, 0.18791703516612027, 0.08725209367896782
0.8430936073059361, 0.4763968553501759, 0.1762521801472953, 0.08554125206265359
0.8067922374429224, 0.5272753127703914, 0.21189947316542365, 0.08785913875949784
0.8127283105022831, 0.5282216352074071, 0.2109186317214126, 0.09244120666616658
0.8288812785388128, 0.48052541344703525, 0.19375983205455963, 0.08538431315195322
0.8492579908675799, 0.42132810153290895, 0.1656324798846105, 0.08450456251445843
0.8322488584474886, 0.45727720945990363, 0.1901732085572135, 0.08963490434115602
0.8343607305936073, 0.44610696546675216, 0.18338737713579242, 0.0895427474553199
0.7801940639269407, 0.5321998756942771, 0.23984386510521488, 0.10062860541599647
0.7917808219178082, 0.5312813024499964, 0.23031621778059339, 0.10191472417209627
0.8369292237442922, 0.4179187391199459, 0.1810323371175087, 0.08664735629494384
0.8664954337899543, 0.3984019970400993, 0.15268982123449099, 0.08396285930454236
0.8816210045662101, 0.38148775781218797, 0.13031772935178806, 0.08174709848102137
0.8418949771689498, 0.43726538705202, 0.17687230609716026, 0.09209506160909266
0.8421232876712329, 0.46904891639828267, 0.1826988935748725, 0.09024652286711281
0.847716894977169, 0.4600226835670038, 0.17706098404294512, 0.08890583438711433
0.8797374429223744, 0.4246547536795096, 0.1350415532069062, 0.0796066945468597
0.8896689497716895, 0.4041980147234465, 0.13905756286087825, 0.07586530917164555
0.8011415525114155, 0.5562005216097964, 0.22872526533087106, 0.1000443774623728
0.821917808219178, 0.49772527649140524, 0.2061535216960673, 0.09636928395702758
0.8879566210045662, 0.35972576917059407, 0.12958334969659016, 0.07507132620625778
0.8678082191780822, 0.3678283569299748, 0.14655344715061214, 0.08023487880047404
0.8410958904109589, 0.4157039537575326, 0.1767622804750687, 0.08670807528643452
0.8420091324200913, 0.4175962208643683, 0.1772782339414219, 0.09256639053935535
0.802796803652968, 0.4978452841131484, 0.21927172686894772, 0.10352384654520642
0.8415525114155251, 0.41461884293864426, 0.1788651467017242, 0.08763530822904136
0.8698630136986302, 0.36419658273575634, 0.14719101589024725, 0.07831522244270225
0.7993150684931507, 0.48849311471913015, 0.21972459162662755, 0.09314058945725691
0.8430936073059361, 0.42745290788020285, 0.18207881417725247, 0.09173808560790939
0.814783105022831, 0.46481478285068006, 0.2091959091504908, 0.09160374237453907
0.8523401826484018, 0.40166187297129885, 0.1702528035112193, 0.08782799926796482
0.838755707762557, 0.43391622949918657, 0.18162887353639662, 0.09065524238126177
0.7973744292237442, 0.5203166549976006, 0.224712111358749, 0.09655420632922686
0.8767694063926941, 0.3518567645243143, 0.14174552552336364, 0.07132539311026517
0.8177511415525114, 0.4408195567059295, 0.201114188357772, 0.09038171741913548
0.8503995433789955, 0.37880455180853195, 0.1647909515860927, 0.08107427180195956
0.8485730593607306, 0.38087040729759936, 0.16692789540104222, 0.08480409625639745
0.8211187214611873, 0.4500038077287763, 0.1944953280474079, 0.09063429277585562
0.8711187214611872, 0.3467933310980816, 0.14921195913479707, 0.07057122167698755
0.8385844748858448, 0.4165748600960679, 0.1878502444055988, 0.0897085577332698
0.8378995433789954, 0.4209971031952959, 0.18991122495068197, 0.08949877451757399
0.8136415525114156, 0.44605831137530655, 0.2053281454374074, 0.09421558066252292
0.8891552511415525, 0.35516553898160225, 0.13878423789934521, 0.07433004298177151
0.867865296803653, 0.35256175435445725, 0.15168610255454928, 0.07393526778052144
0.8720890410958904, 0.3582167762760333, 0.1535186459778856, 0.07631915871213335
0.8748287671232877, 0.36751764614510546, 0.14898094196186054, 0.0748190394560252
0.8791666666666667, 0.3639739911842621, 0.14335793276814449, 0.0717363047671059
0.8634132420091324, 0.36409453647814216, 0.15680124100390047, 0.07118850524039803
0.815068493150685, 0.4465046546102165, 0.20910235332389476, 0.0878089950064849
0.8539383561643835, 0.3644021038589439, 0.1688310625504455, 0.07792253729922949
0.867579908675799, 0.3425941390898354, 0.15401299037814814, 0.06976625082871778
0.8914954337899543, 0.3198929062688011, 0.13233195471211673, 0.06446823671735583
0.13493150684931507, 2.304430388153786, 0.8669904520125339, 0.27120342700947825
0.23955479452054795, 2.3683534506451664, 0.7806819232903311, 0.31590382954865026
0.17636986301369864, 2.6661848978782685, 0.82870608650397, 0.3064926633396764
0.24377853881278538, 2.19149405233117, 0.7789388947144203, 0.3111222387908403
0.4191780821917808, 1.9154791280878265, 0.5874710621554313, 0.17913822012270603
0.5256278538812785, 1.6623823679869518, 0.4956922414178552, 0.16066573982342736
0.4679794520547945, 1.538750622330225, 0.5518637252906679, 0.18183939091355497
0.4812214611872146, 1.6313732092897728, 0.5466165067703622, 0.17327997694534705
0.3990296803652968, 1.5221885637906816, 0.6062423615931074, 0.20830733233423956
0.5739726027397261, 1.1547870154750703, 0.44297933122695254, 0.14290199451556354
0.6111872146118722, 1.1632644498512537, 0.4286694091502394, 0.1361623533234976
0.5099885844748858, 1.4356767760930587, 0.5253735316112362, 0.18232903151253058
0.641837899543379, 0.9864442429254273, 0.3990594183661303, 0.13743283248068466
0.6117579908675799, 1.1591050593078331, 0.437702455327069, 0.15345343177796816
0.6942922374429223, 0.8587764789441965, 0.32402635727718243, 0.1270564443730634
0.7220319634703196, 0.7993512415567985, 0.31208117000710917, 0.1274157470647961
0.6940068493150685, 0.8209310518252338, 0.3129959222609416, 0.13347912998881983
0.7039954337899543, 0.7627088087858707, 0.32619822431022366, 0.12637597424599395
0.6929223744292238, 0.7707148663602287, 0.34402803543773275, 0.13212988359881414
0.7667808219178082, 0.6735043023528594, 0.25518213997030353, 0.11033222627152928
0.7209474885844749, 0.7304958072725425, 0.2975570858631413, 0.13594186958464655
0.7263127853881278, 0.7336445855876897, 0.3026792401844915, 0.13257689800713246
0.711472602739726, 0.7150565756964077, 0.3280813982882282, 0.13088175991197754
0.7556506849315069, 0.6571835757739154, 0.2874836552138325, 0.11298787384464308
0.8117009132420091, 0.5579767986450339, 0.21780192641619237, 0.1002636545420879
0.7126712328767123, 0.7140465180786607, 0.32571278696726985, 0.12631704339325886
0.7539954337899544, 0.616830269743467, 0.28454290422306483, 0.11688167173618183
0.7358447488584475, 0.6953499389636613, 0.3049427308308529, 0.11970334527371077
0.7653538812785388, 0.6073055874307962, 0.27271081492285676, 0.11175473984504983
0.7932077625570776, 0.5558795828937737, 0.22467152526712708, 0.1044966821876481
0.7616438356164383, 0.5897079039368887, 0.2758167809831958, 0.11668172487541094
0.8107876712328768, 0.5110698288758885, 0.22161624888359976, 0.10111325264184969
0.8123287671232877, 0.5118547819309139, 0.21044966201530801, 0.1005426923953598
0.7897260273972603, 0.5245757617936304, 0.24221258746253993, 0.10626448011559368
0.8206050228310502, 0.5033259555955454, 0.20600464418037795, 0.0991685954364951
0.7541666666666667, 0.6028832727442849, 0.27993480238967505, 0.11653451007176058
0.7601598173515982, 0.6152205205297446, 0.27456117047095147, 0.11383448966230857
0.7869292237442922, 0.5831300421505788, 0.23338642954393818, 0.10646713824083498
0.7582762557077626, 0.5947389228845383, 0.2777146877012899, 0.11224015190901702
0.7490867579908675, 0.7309715543316223, 0.2880597966240789, 0.11511419385910981
0.8213470319634704, 0.48192811596631085, 0.20528879008891537, 0.09218385274628182
0.7627853881278539, 0.6261018546801825, 0.27119248117749434, 0.11235510423823065
0.8550799086757991, 0.42091358390745137, 0.16809386776602017, 0.08309386066388233
0.7916666666666666, 0.5302718781218451, 0.24152724799919617, 0.10344668191968406
0.8062785388127854, 0.46974628703536075, 0.22399363952909263, 0.10931309573648652
0.8489726027397261, 0.4128212494295016, 0.17985219877037395, 0.09525055954184385
0.8074200913242009, 0.4838775661203714, 0.22758462040881594, 0.10684084334752651
0.7928082191780822, 0.5323283423917922, 0.24262166937818505, 0.10978573754175881
0.785958904109589, 0.533208492407635, 0.24679167036082578, 0.10836157989853691
0.8097602739726028, 0.4622474401924245, 0.22541604655937258, 0.10439442428313389
0.8353310502283106, 0.43488153702372906, 0.19973320210420062, 0.09930619796179121
0.8090753424657534, 0.4881307349078242, 0.22424486822357464, 0.10399628160399227
0.7783675799086758, 0.5387172791929703, 0.2589520353335467, 0.11394059094852774
0.7930365296803653, 0.5019363159615801, 0.240128567347058, 0.10924090925341991
0.7827625570776255, 0.527059426655834, 0.251273562989278, 0.1033962878233747
0.800513698630137, 0.4830979179121914, 0.2320638038092432, 0.09858518568443148
0.8547945205479452, 0.3886119885929749, 0.1654683556028174, 0.080853518813629
0.8010844748858448, 0.47704112033010637, 0.23075168175305255, 0.09825911592685538
0.7827625570776255, 0.5412725798658797, 0.25306580325263867, 0.10723094936309292
0.7549657534246575, 0.6704674052500925, 0.2807214957162028, 0.11858445519485614
0.8316780821917809, 0.42632330592241374, 0.2000936565383463, 0.09053933320244481
0.777796803652968, 0.5362049401498189, 0.2594542629185964, 0.10685843084291881
0.8481164383561643, 0.4030402680122527, 0.173036179186408, 0.08517420980573656
0.8561073059360731, 0.3807415793524211, 0.17279498427319914, 0.08408762130996211
0.7998287671232877, 0.4851595241241427, 0.2328917221918063, 0.10174108450771353
0.8615867579908676, 0.3806962646750514, 0.165693274293163, 0.08742031230542814
0.8375570776255707, 0.41233081129694965, 0.19508215841483398, 0.09384621567206027
0.7684360730593607, 0.6166091977337981, 0.2682826196677983, 0.11493448017370954
0.8650684931506849, 0.3617823391513973, 0.16118806752261886, 0.0869630699058283
0.8405251141552511, 0.40276548445782684, 0.1877881894842074, 0.0983650412804698
0.8450342465753424, 0.40773165201506256, 0.18648594721816367, 0.09706302247841109
0.8393835616438357, 0.4081589801942276, 0.19461563663023443, 0.08799330264560687
0.8573630136986301, 0.372873202120429, 0.17551454295520336, 0.08508451764393174
0.8713470319634703, 0.3479499514746185, 0.15164655305050206, 0.0817451196932858
0.8549086757990868, 0.39910080121722763, 0.17147047464363602, 0.08550955137670883
0.8203767123287671, 0.4414576019814528, 0.21304826348828054, 0.09281653306789844
0.8634703196347032, 0.3764310798708137, 0.16804787542886604, 0.08386039254373351
0.8611301369863014, 0.3824135306877136, 0.17125108229289515, 0.08593953420222182
0.7885844748858447, 0.5089381070277356, 0.24920545332705527, 0.11008963769050674
0.8422374429223745, 0.38584251336302416, 0.18752836914621807, 0.09050194279610535
0.8240296803652968, 0.42438426107950905, 0.20722247801184712, 0.09595857092707473
0.7948630136986301, 0.48781135866541403, 0.24233216373068395, 0.10598129527005312
0.8584474885844748, 0.3816654355184212, 0.17464936197030614, 0.08253056399591056
0.8125, 0.44909692552879266, 0.22169575048127096, 0.0967965230514233
0.8392694063926941, 0.3907652692780947, 0.19262554141772145, 0.08871067718067596
0.814783105022831, 0.4883041190169776, 0.21627137581445915, 0.09158629937995824
0.8563926940639269, 0.3868121959391089, 0.17382586256346017, 0.08358629564452234
0.8648401826484018, 0.3652707180940016, 0.16484844064064796, 0.08494526532931605
0.8557077625570776, 0.39037707186754783, 0.17591900367586852, 0.08712918530372209
0.8496575342465753, 0.37254410445412534, 0.17702228981889395, 0.08867067119789172
0.8438356164383561, 0.38973068716735876, 0.18358637009249765, 0.08918057324056834
0.8672374429223745, 0.33714156427933467, 0.16076803145926466, 0.08338575096424997
0.8518264840182649, 0.375369529872162, 0.18143676397497938, 0.08919302826352031
0.8371575342465754, 0.39277615002171506, 0.19488230010209548, 0.09135258005087263
0.8748287671232877, 0.3346328605767426, 0.15408402903440022, 0.07885433659086137
0.8556506849315069, 0.36809312639433234, 0.17410962086588522, 0.08425269345559312
0.8007420091324201, 0.4775232823366789, 0.2335424463184391, 0.0986909166792916
0.8414383561643836, 0.3840702961024585, 0.1907321392938499, 0.08747791994732196
0.8527968036529681, 0.3587416843853457, 0.18097601455569748, 0.08599233237414147
0.8827054794520548, 0.3155367291942451, 0.14421857484646913, 0.07640873785418463
0.8841324200913242, 0.3195466539417617, 0.14144283980648767, 0.07812905084082222
0.0863013698630137, 2.3037923182407893, 0.9087415617498041, 0.47399111186302184
0.1401255707762557, 2.338294164715463, 0.8851491145319323, 0.4655895614936755
0.14018264840182648, 2.5795826083519833, 0.885109206500671, 0.46506254613169756
0.24897260273972602, 2.431371976339057, 0.7972323783563501, 0.2916611001553849
0.311986301369863, 1.9969040574805432, 0.7100581383195953, 0.22594784802286128
0.41073059360730596, 1.7686914684989734, 0.6346788369493936, 0.2677561000854969
0.3809931506849315, 1.6441233504940092, 0.6588144441578564, 0.2287826996498076
0.5226598173515982, 1.5105422288072432, 0.5555717205210907, 0.17129651096445048
0.5367579908675799, 1.2985503560953287, 0.548934376631134, 0.17446635734277535
0.6320776255707763, 1.1100448538808816, 0.41470175803969583, 0.13990206358861731
0.6802511415525114, 0.930408730449021, 0.3514616092683393, 0.12413476522206217
0.7054223744292237, 0.8424545672956061, 0.3383712267866319, 0.12148879032003945
0.7764269406392694, 0.7194091089085531, 0.26985355420748547, 0.10623732677032288
0.5412671232876712, 1.2987887765627475, 0.5020434064938831, 0.1816932603719335
0.7093036529680365, 0.8185495878147264, 0.3456215986767863, 0.11602949691082655
0.7352739726027397, 0.8208264747866647, 0.3141840867579191, 0.1107000453549945
0.66912100456621, 0.9158992207183078, 0.379965940122433, 0.12880607170776756
0.7682077625570777, 0.6660637618388388, 0.26860749585645605, 0.09834671716750666
0.7565639269406392, 0.6742454424901947, 0.27995438372231485, 0.10105688007381647
0.7381849315068493, 0.762454109333923, 0.30493984055450013, 0.10776593619892835
0.7081050228310503, 0.7733804979589789, 0.346993785449289, 0.11838428112318214
0.7736872146118722, 0.5847260712955794, 0.2694644443025589, 0.1107363978874757
0.7340753424657535, 0.686098143420215, 0.3253800574169206, 0.12117076744977448
0.7730593607305936, 0.6817284667164969, 0.27143888643355985, 0.10764831011436007
0.7708904109589041, 0.6552305215943653, 0.2904117590769216, 0.11028390200084534
0.8268835616438356, 0.510101134414431, 0.22002253423074766, 0.0964941857765915
0.7776255707762557, 0.6106138323695943, 0.27382528529033884, 0.10548051393641358
0.7558219178082192, 0.6821928522667902, 0.3053694176966675, 0.10998960870857447
0.8327625570776256, 0.510996620442289, 0.21069469917562406, 0.0896417877406346
0.7757990867579909, 0.6904519283051201, 0.2838378894949597, 0.10669756294777871
0.789269406392694, 0.6511688019018149, 0.26571584706354157, 0.10832679781041442
0.7817922374429224, 0.6412227787251025, 0.27221136589886397, 0.09765030102803354
0.7880707762557078, 0.5818614650819972, 0.26081406736044455, 0.09909734849698985
0.7860159817351599, 0.613462899539113, 0.26837345145767627, 0.10268737314091995
0.7944063926940639, 0.6288381929036995, 0.25563133166451435, 0.10051718962987818
0.7871004566210046, 0.5958115387987444, 0.258386237406117, 0.11061334128294893
0.7848173515981736, 0.5876066010530662, 0.2635626498274717, 0.1103912343701252
0.8082762557077625, 0.48026412882914593, 0.23499393358574264, 0.10462490433273049
0.776255707762557, 0.5705646927573261, 0.2725052298067439, 0.11665770974328113
0.7531963470319635, 0.7051490724918783, 0.3052587962442642, 0.12093928735986693
0.7498287671232877, 0.7422514889338089, 0.3061751711322395, 0.12215794813925575
0.7894406392694064, 0.5742740848003266, 0.2579588451329111, 0.1091612967474855
0.8029680365296804, 0.5100999147929554, 0.24622952638572493, 0.11012119740954182
0.7954908675799087, 0.5781884480706415, 0.2459834103451086, 0.1105241319989661
0.8105022831050228, 0.461159809974569, 0.235640573023445, 0.10431076594960136
0.8037671232876712, 0.4776777352892243, 0.23913997290324487, 0.10934545841923851
0.797203196347032, 0.49803181014539255, 0.2445234568096208, 0.11225902935963665
0.7972602739726027, 0.49882591850310865, 0.2426140826566456, 0.11056772475876624
0.8177511415525114, 0.4489701238933631, 0.2271761155558169, 0.10166304102959722
0.8073630136986302, 0.5081865105604247, 0.2320700791312171, 0.11138070065106226
0.8317351598173516, 0.4192843458908822, 0.21601246419822112, 0.10613994250194793
0.8137557077625571, 0.44791162876303253, 0.23124409948614588, 0.09977250311383885
0.8208333333333333, 0.4275436941692725, 0.22652478702284737, 0.09662740286745354
0.8696347031963471, 0.3695904838041064, 0.16618081042845806, 0.07997046729372265
0.8340753424657534, 0.406661381115332, 0.20903606137490766, 0.09082193188205079
0.8385844748858448, 0.41744205137396695, 0.20438250317219747, 0.08806701325019313
0.8216324200913242, 0.42612812852096627, 0.2255825678215678, 0.09288735329856841
0.8736872146118722, 0.36530261364938216, 0.1667172450001382, 0.0835006988570951
0.857134703196347, 0.3651641842363271, 0.1840031365826979, 0.08817988841927617
0.822945205479452, 0.422821279931005, 0.21579760916224144, 0.09679348740621496
0.8097602739726028, 0.471630915916246, 0.23019282076168351, 0.10070836830543396
0.8446917808219178, 0.3893144673275838, 0.19563752376983082, 0.09309120098375595
0.8676940639269406, 0.35536858140892785, 0.17611744879224234, 0.08119540034197893
0.8361872146118722, 0.3902687555347294, 0.20661811568702476, 0.09281886419563357
0.8795662100456622, 0.34132961055250416, 0.1631287903076696, 0.07799849876754367
0.8444634703196348, 0.37796542448266485, 0.19784009243417722, 0.08524110057795901
0.8575913242009132, 0.36774030093435334, 0.18262241758101777, 0.08279161301871701
0.8878995433789955, 0.32771487736230887, 0.1505895298226397, 0.07605563278055069
0.8566780821917809, 0.3685884390508327, 0.18974758896471577, 0.09073038552000488
0.8273972602739726, 0.41243090573737, 0.22320062287474834, 0.09965118243362463
0.8075913242009133, 0.48188500903005804, 0.24407506759612282, 0.10718676854993098
0.8888127853881278, 0.3102284440528555, 0.15627752165398884, 0.08371549409303423
0.8392694063926941, 0.3850643685703068, 0.20588062373392765, 0.09942365130722862
0.8419520547945205, 0.3972736672356009, 0.19821920384692418, 0.0998053435674954
0.886986301369863, 0.31878611492133463, 0.15880223197232538, 0.0702209155398103
0.8555365296803653, 0.38391192157572174, 0.1980310308802543, 0.08124803768565926
0.8159246575342466, 0.4478952643568336, 0.236940520657061, 0.10444646149565609
0.8086187214611872, 0.4904763675245957, 0.24730996615071818, 0.10477972525759974
0.839783105022831, 0.3745416483885885, 0.2073808705217288, 0.09654852342717128
0.8297945205479452, 0.4089968454615936, 0.21235938268633572, 0.09528362478380113
0.8925228310502283, 0.2998852345543456, 0.14575199996134663, 0.08111712752802909
0.8441210045662101, 0.37841706349983617, 0.2057858066937554, 0.09551515239244587
0.8739155251141553, 0.32832955765504224, 0.17048004746049908, 0.08691332047688372
0.8982876712328767, 0.2931133087156722, 0.14160498298946808, 0.0790809965099554
0.885958904109589, 0.3083568706742449, 0.15982670899296203, 0.08285893214927523
0.895662100456621, 0.29440269495490606, 0.15098386564032704, 0.07995483657527876
0.8875, 0.3013355867446119, 0.15326399665313997, 0.08208152358471582
0.8707191780821918, 0.32867554017607714, 0.17956538391750243, 0.08584645463677737
0.8510844748858447, 0.3544514939775446, 0.19945440119331276, 0.09288269601717739
0.8095890410958904, 0.4852961812292686, 0.24354229516939224, 0.10831901438307005
0.8614155251141552, 0.3325390858705911, 0.18541303428847755, 0.09101684490759318
0.8110159817351598, 0.4822800097156215, 0.23995504717467916, 0.09983260495841867
0.83675799086758, 0.3887560485477862, 0.21736527618757634, 0.08925250754806834
0.8592465753424657, 0.3417293947359756, 0.18595342186209937, 0.08233322622617933
0.882420091324201, 0.29994040352805484, 0.16271357568613531, 0.07424859253571851
0.8455479452054795, 0.36367256783483937, 0.20259941907668186, 0.0952148136032598
0.8426369863013699, 0.37424261050287133, 0.21031768635089107, 0.09547054593970908
0.8208904109589041, 0.4402630206076249, 0.2330416362406773, 0.09899992268203187
0.8759703196347032, 0.3180897632331943, 0.1714966022771549, 0.07934288029757243
0.8862442922374429, 0.2987815153403402, 0.14547270278163446, 0.07593043650637045
0.8988584474885845, 0.2854210446988215, 0.14674984747384814, 0.07555805312720246
0.091324200913242, 2.303725225865202, 0.889820686687995, 0.23500763740948657
0.1410958904109589, 2.3041490011978296, 0.8682359668840397, 0.2944961845756483
0.10764840182648402, 2.446880129312848, 0.8997650537338667, 0.46629688023698357
0.10713470319634703, 2.3105803465564803, 0.8939409979055876, 0.44692459246213895
0.17671232876712328, 2.177305843470016, 0.8511290724735499, 0.3394403734331705
0.2471461187214612, 2.058445018204143, 0.8093100400436142, 0.29336129203116235
0.3952054794520548, 1.8555921177232886, 0.670723068308684, 0.2053394022098863
0.345662100456621, 1.7433652825401111, 0.6789917037871648, 0.2184443962523562
0.49069634703196346, 1.5735145185034363, 0.5026005486246992, 0.1549666197432161
0.5272260273972603, 1.4009153813403243, 0.48954798376885966, 0.15426269880658133
0.4058219178082192, 1.482162533343269, 0.6149099886726614, 0.2005936391379623
0.5934931506849315, 1.2161005636360525, 0.40994067632768755, 0.1291492641124176
0.5719748858447489, 1.2242794848363818, 0.42986378721642865, 0.13778571640130455
0.6394406392694064, 1.114223203395392, 0.3449075969485096, 0.12511864165794337
0.4771689497716895, 1.4132715168643575, 0.5239094240437681, 0.20382049075985595
0.664554794520548, 0.9402328795870369, 0.3226466057774969, 0.1421015810481178
0.6739155251141552, 0.9071092203159276, 0.32502940856015916, 0.13608051999057003
0.6347602739726027, 0.9557504809615209, 0.3646895237803867, 0.1345362707723818
0.6174086757990868, 0.98518133980989, 0.37247897012964853, 0.15274618882190324
0.6623287671232877, 0.8664540060124449, 0.3419771223511734, 0.1287030980122462
0.6879566210045662, 0.8339502881056448, 0.29531749150621267, 0.11997259091012326
0.6973173515981735, 0.8045068908206281, 0.2926317750869607, 0.12056110286901746
0.6545091324200913, 0.8756580775410042, 0.33373430290469563, 0.11987540506995592
0.6987442922374429, 0.7996888141264386, 0.2775664744551128, 0.10252188425212352
0.7110730593607306, 0.7773337619150343, 0.26120346935434546, 0.09906476469881095
0.7417237442922374, 0.7240506827724836, 0.23335815070424165, 0.09514410838379732
0.7098744292237443, 0.7586296371793196, 0.2653858346426599, 0.11240145888212685
0.7722031963470319, 0.6632537132224096, 0.19895925909153175, 0.09099875278001994
0.7602739726027398, 0.6928245872725336, 0.21596638172198052, 0.089479764645637
0.7927511415525114, 0.6272431253653468, 0.17120247240544972, 0.07692968786330717
0.7745433789954338, 0.6757262559196874, 0.18885627741966599, 0.0812432013643326
0.7426940639269406, 0.6978344449032331, 0.2364774929897985, 0.10537193976883306
0.7664383561643836, 0.6494557090375901, 0.2058786572748801, 0.09765331032362023
0.7521689497716895, 0.6653590947279961, 0.22680329007302774, 0.09788217795782206
0.7444634703196347, 0.6464160101482305, 0.22866648735970926, 0.09921966489779954
0.7698630136986301, 0.6174521787993016, 0.20597323355891287, 0.09121180598812044
0.7613013698630137, 0.6526084209145703, 0.21732614949742537, 0.09642229297659215
0.7726027397260274, 0.6300231139077541, 0.21024475238385482, 0.09290058855623454
0.7469748858447488, 0.6779568246069033, 0.24009490381293958, 0.10390098838175846
0.7775114155251142, 0.6199704828666049, 0.20341102896001306, 0.09207435326805097
0.7844748858447489, 0.6142971410592918, 0.19446106767643725, 0.08962690748172036
0.7360159817351598, 0.7025990167553677, 0.2538998665779993, 0.1013561085844313
0.7878424657534246, 0.5900058594201962, 0.20446631123690673, 0.07879902767562118
0.7515981735159817, 0.6549069822341497, 0.24705991157703142, 0.09039676648127858
0.7280821917808219, 0.7249761098048882, 0.271813543697047, 0.09786230273999788
0.7997716894977169, 0.5585944171446542, 0.1764673648668444, 0.07742123272688838
0.7873287671232877, 0.6099140678700137, 0.20070954235906624, 0.08290466981069525
0.772945205479452, 0.6184277928569001, 0.2236642095801113, 0.08405584381988891
0.7878424657534246, 0.5686731760980291, 0.1875436523315939, 0.0809561803769656
0.7848173515981736, 0.5692921926638798, 0.19216876454982873, 0.07962168660337396
0.765296803652968, 0.5956468109650405, 0.21450703924039993, 0.08630419731257734
0.7973173515981735, 0.5430864027705686, 0.18046731936610785, 0.07298224687943206
0.7346461187214612, 0.6706244642395578, 0.2492574355791284, 0.09573954841728671
0.7996004566210045, 0.5283637855259543, 0.17305127848837942, 0.0727674719902677
0.7924657534246575, 0.5280135168228566, 0.1816123240498104, 0.07770564421616741
0.8074771689497717, 0.5184517094362163, 0.16746481456918658, 0.08079549304019293
0.8433219178082192, 0.5440358863453445, 0.17638480564329012, 0.08562625799525919
0.7986301369863014, 0.5430386640598294, 0.17979122427806693, 0.08608322729079804
0.8134703196347032, 0.5107809775119404, 0.16282264542315114, 0.08761286961615512
0.8152397260273972, 0.5002792009936861, 0.16042468938383514, 0.08203578806254869
0.8107876712328768, 0.4985306147693063, 0.16406860149634894, 0.08409167894139463
0.8009132420091324, 0.515497725792377, 0.1749649175603703, 0.08394259160948055
0.8018835616438356, 0.5284934017304413, 0.17700707318318123, 0.08483553274262352
0.8022260273972602, 0.5033305724789042, 0.17430992392874953, 0.08632308349134676
0.7660388127853881, 0.5630788117911958, 0.21173562149019529, 0.09259889428989468
0.7516552511415525, 0.6302350107614463, 0.23226121050197374, 0.101389694385838
0.7198630136986301, 0.713814226239301, 0.26437802804463445, 0.10845696367170385
0.7726598173515982, 0.5932695008074148, 0.2255137999944057, 0.09695663745048347
0.7820205479452055, 0.5747337444316208, 0.21151759553842225, 0.09271945741918791
0.829337899543379, 0.4852026403515427, 0.15703832710764154, 0.07804724391085595
0.8317351598173516, 0.48708756119808844, 0.15177984906563735, 0.08245620591310525
0.7961187214611872, 0.5322963270482043, 0.18378571589896497, 0.07642964325382884
0.7922374429223744, 0.5189852948595768, 0.18296215497924875, 0.07606352586196144
0.8125570776255707, 0.49092930750348207, 0.16395024036843597, 0.07172635351944377
0.8065639269406393, 0.5033291369462557, 0.17232216940855175, 0.0759189982780508
0.8058789954337899, 0.509546410011115, 0.16865816297388292, 0.07394170877673564
0.8163812785388128, 0.5064839847874932, 0.16068852521330845, 0.07289505115548098
0.8318493150684931, 0.47214951467138105, 0.14654041143005284, 0.06911454509266152
0.8240296803652968, 0.477630224806378, 0.14873279383973836, 0.0713371928080113
0.8382990867579909, 0.47856624369418216, 0.14209362678864396, 0.06879613140334664
0.8303082191780822, 0.47787235339162065, 0.1459530155978675, 0.07015414556501803
0.7722031963470319, 0.5758544793845868, 0.2062312868610511, 0.08586433858359863
0.7684360730593607, 0.592568800877597, 0.21522153210997655, 0.08935852223752061
0.7643264840182649, 0.5975120920799739, 0.2231961512652521, 0.08546614894219624
0.8129566210045662, 0.5030846690569386, 0.16864072375174063, 0.0810300689378214
0.8345890410958904, 0.4558122522982487, 0.14237648658056107, 0.06638799204802463
0.8233447488584474, 0.48204500261709526, 0.15328106665759722, 0.06943276333345731
0.8090182648401827, 0.4980651741997773, 0.1680129776652809, 0.07384952017714928
0.8063356164383562, 0.49795963978998115, 0.16813861381276463, 0.07195323479842283
0.8230022831050229, 0.45523544991407233, 0.14969291496348455, 0.06695369051434207
0.8179223744292238, 0.47152522718255313, 0.15628618909369021, 0.07078994361021552
0.8110730593607306, 0.49242952224531705, 0.16746492862870763, 0.07876539508759359
0.8450342465753424, 0.5108552652548247, 0.16619066184246162, 0.08449260407818572
0.8056506849315068, 0.5076335487560859, 0.17163744269127296, 0.08451586399498771
0.8429223744292238, 0.4383245272060602, 0.14485518265006342, 0.08074151249876181
0.8437214611872146, 0.4381179389103753, 0.14807493721192402, 0.08211221894249965
0.8425228310502283, 0.449280648279207, 0.14949686552827746, 0.08311037648819976
0.8131849315068493, 0.47615981300875204, 0.1633023591220747, 0.07091381021727869
0.8243721461187214, 0.4916189754489567, 0.15874126125096152, 0.07087784530074016
0.8348744292237443, 0.45628822247924844, 0.15133124044914434, 0.06567770050680065
0.8361872146118722, 0.45121944896537597, 0.15268117505137804, 0.06590817712966064
