acuracia,loss,frr,fpr
0.05917564563023773, 2.3122767483683133
0.1403568781711419, 2.3199462831091715, 0.8521225294248389, 0.2580436351887034
0.25699789065617695, 2.2980437575258663, 0.760530748805337, 0.26438555712560086
0.19576991049541076, 2.5032818098275107, 0.8332404255003927, 0.3122792342956257
0.23145772760960037, 2.227320551491675, 0.786490277117254, 0.304244016778759
0.18961290690382532, 2.1388770806178434, 0.813872664712517, 0.3144023429234826
0.294567014423351, 2.1026595378097395, 0.7193588812551701, 0.25137596295107356
0.3842426315489425, 2.013700527500844, 0.6366480976626756, 0.2020473619644424
0.2680006841115102, 1.8930114329551035, 0.7391879654548634, 0.36979121938389603
0.28561655549854625, 2.0202645915580866, 0.7208996058739765, 0.2503900290735542
0.2941109400832336, 1.8600665228096778, 0.7103387446062587, 0.2451663891728866
0.5044752294624024, 1.5071862902430484, 0.5155989386528301, 0.17108005051709838
0.4764266575451799, 1.5771215732914101, 0.5206836448909563, 0.16349709701096185
0.5028219599794767, 1.6601488091581245, 0.4746375791804528, 0.1644576771529624
0.5878798244113791, 1.346290452199487, 0.4107793845144608, 0.12499561772185004
0.6831993614959239, 1.2590035964273942, 0.3077889878149966, 0.10541526619400536
0.6394732341371644, 1.320098583392349, 0.3533886285003073, 0.1202733787452036
0.5149079299925888, 1.4915545131248957, 0.4901963683820555, 0.17898923918253318
0.6207741861923494, 1.3923444780663652, 0.357858359446901, 0.12447580858308677
0.6317769796476825, 1.355963261424773, 0.3597694658932594, 0.11797263227125011
0.67499002337381, 1.3126621740536164, 0.30776267607947455, 0.10703116308916336
0.6531554643406875, 1.299704862660187, 0.3410030215196192, 0.11590732548622114
0.6180377401516447, 1.1164511746440913, 0.3710653218942496, 0.12143898797327234
0.7330824924462688, 0.804395236393117, 0.24970414608389016, 0.08973571768649721
0.6861068354141725, 0.929008216552355, 0.2881092638700714, 0.10504136034340208
0.6382190297018414, 1.064330501463414, 0.340887716628858, 0.11573131912852191
0.6934610341485662, 1.0055760379768532, 0.28606166380109804, 0.09632343388680609
0.6858787982441138, 0.8389498178398118, 0.3016177719902753, 0.11436714550220448
0.7191722250726869, 0.8265481973406197, 0.2674318153281816, 0.09328221625709801
0.7318852973034604, 0.8977942956193876, 0.25612784318837273, 0.08946946770476473
0.7305170742831082, 0.9047057803996962, 0.25278337625758174, 0.08922676854676583
0.7172339091271878, 0.776044254510899, 0.2729892885079426, 0.09866790324982544
0.8336468844421641, 0.5745501125130081, 0.15992843413119123, 0.06824542861523276
0.7533207912889801, 0.695088911839061, 0.22996119185608424, 0.08909427893650795
0.7826235676415255, 0.6180728708335628, 0.20607176454672832, 0.08193183330719103
0.7724759135739125, 0.6396858204712533, 0.2098839705698496, 0.08261548330173132
0.79607776067499, 0.564701808398037, 0.18860448774553526, 0.07842440356023936
0.7768656290975429, 0.6539915039652546, 0.2137807604731157, 0.08638761180411039
0.7389544495752808, 0.6820930583449449, 0.2508995989462905, 0.09502634546389085
0.8093609258309105, 0.53204575198916, 0.17645962470939838, 0.07385235649294111
0.8096459722934838, 0.5499824075621679, 0.18137195192108158, 0.07481746904204213
0.7890656176956844, 0.5833443106143105, 0.19976864398891636, 0.07635659737876556
0.7367310871672083, 0.7639001158619227, 0.25096515448325796, 0.08859709854864566
0.7716777834787071, 0.6944570459613827, 0.21440089585550165, 0.08183233940995499
0.7824525397639815, 0.7023046868456791, 0.20269307193694433, 0.08189222726791169
0.7717347927712217, 0.5927583824138717, 0.215093640488141, 0.08544449294888164
0.7953936491648138, 0.5669321611040313, 0.19341571746117736, 0.0783002785513107
0.8048571917222507, 0.5725813575416993, 0.17897168539143307, 0.07291699563180906
0.7907188871786102, 0.6516284242966423, 0.19029824262100076, 0.07857197366637568
0.7973889744028276, 0.656513703178035, 0.18703302001727967, 0.07577250099652064
0.7810273074511145, 0.567021047218147, 0.2052723614687329, 0.08286591903775699
0.8248674533949034, 0.48230877810867545, 0.1558612123465003, 0.06875316491821057
0.8062824240351177, 0.5374719450746113, 0.1836964986346186, 0.07311799292007473
0.771848811356251, 0.6561851199958784, 0.21578153591071964, 0.0818220151052698
0.7847329114645687, 0.6890722685066586, 0.1983893823686788, 0.08300132338653513
0.8439085570948065, 0.47308233897530466, 0.14969341969739336, 0.06647633357094222
0.8478421982783194, 0.47865582594203765, 0.14577653963086865, 0.0666977649931793
0.8108431674362921, 0.5099024363845411, 0.17501700096631512, 0.07134287538516512
0.8121543811641297, 0.5411325450581483, 0.17784886054342014, 0.07345849141786298
0.8348440795849723, 0.4709706975718593, 0.15883982691200882, 0.06923192356328083
0.7912889801037569, 0.5416060658324816, 0.1896943554166504, 0.07868960958006573
0.8668833019782225, 0.4071777061051734, 0.12594307524004575, 0.06022800178103876
0.8172852174904509, 0.48395498976816353, 0.16784876405485286, 0.07172077955423285
0.7662619006898125, 0.6217215323746074, 0.21590723502598844, 0.08752274922623632
0.8037170058719572, 0.5396439492373089, 0.18000705589434954, 0.07323375723467124
0.8302833361837979, 0.4409514282343771, 0.15320657217585007, 0.06850114125615984
0.8208768029188758, 0.48046501761333454, 0.16248748685188055, 0.06970026554066916
0.8095889630009692, 0.5033012341331966, 0.17316498302855213, 0.06960010582605727
0.8010945784162818, 0.5418174438421564, 0.181375364011218, 0.07293562036864243
0.7907758964711248, 0.6365421422238068, 0.19358779756847957, 0.07632603480001286
0.8244113790547859, 0.48106986205143204, 0.15525544494846888, 0.06886135398486172
0.8615244284818425, 0.39960027064500625, 0.12575394583394325, 0.059013893595639966
0.8544552762100223, 0.4025457439267252, 0.13355678682613922, 0.06286789490902484
0.8520608859244057, 0.41426527225246906, 0.13914486534603426, 0.06253084503973803
0.8696767573114418, 0.40193492464977804, 0.12795056892348725, 0.06175415772414104
0.8675104041958839, 0.36833039914963506, 0.12147017953228337, 0.05772225357191267
0.8500085513938772, 0.40698975742595656, 0.1341638617396887, 0.06078240994407356
0.8596431218288582, 0.3875061775828944, 0.12939312406822456, 0.05942120176072975
0.8754917051479391, 0.34238590562240295, 0.11368836075402194, 0.05780421692334218
0.8436235106322331, 0.428636227712552, 0.14125044943686876, 0.06438539446940932
0.8469870588905992, 0.4048489651939376, 0.13712906729261157, 0.061426290693570716
0.8273758622655493, 0.46303965673850733, 0.15389570480228465, 0.06444678347782827
0.8773730118009235, 0.3479136976364158, 0.11256537665199419, 0.05530124181537314
0.8894589818140357, 0.3139254721916052, 0.1002047595776099, 0.05395902092145743
0.9092412063166296, 0.3034702626371525, 0.08934571900201449, 0.0513877379321144
0.8880337495011686, 0.32781289079010284, 0.10282637941040002, 0.05304861671331552
0.8465879938429964, 0.4033360284831046, 0.1352876307548716, 0.06172705065690512
0.8852973034604641, 0.31197710948785845, 0.1013289197354411, 0.05381989482726295
0.9073598996636452, 0.2949608093533831, 0.08867428416954118, 0.05028218793859901
0.8640898466450031, 0.35985846103179486, 0.11979086947813478, 0.0608009544486281
0.8566786386180948, 0.37097190985501294, 0.125054423011498, 0.06109734504085782
0.8620945214069894, 0.37085212925259947, 0.1201713760934072, 0.06023566290637535
0.897953366398723, 0.29639836212062526, 0.09546086117328287, 0.051245283746403504
0.873895444957528, 0.34468565542103485, 0.11349676433301542, 0.055618977718960384
0.8841571176101705, 0.31001843316678823, 0.1036985978638826, 0.052454528575974255
0.8939057066301808, 0.2971449131460689, 0.09614486441906331, 0.05170378536627898
0.889744028276609, 0.32094255817530964, 0.10455023824125025, 0.05277876051412165
0.8990365429565019, 0.31443269612678776, 0.09570151315306408, 0.05092045700263192
0.8745795564677042, 0.3531677485049812, 0.11545080906443438, 0.05566122942868259
0.8496664956387892, 0.4015049431037268, 0.13016439369552063, 0.0602023796285143
0.8949888831879597, 0.3185948228435882, 0.10185199205284232, 0.05286988744499073
0.0530186420386523, 2.310686257877614, 0.9557867673402362, 0.3569307026116357
0.09862607605039621, 2.3208285585027975, 0.9034211931000824, 0.49324183233467833
0.13397183740949775, 2.4832067203714736, 0.8777776390984456, 0.38776333253687495
0.11561484521977082, 2.38786670152576, 0.893307252978543, 0.45098592441536445
0.11846530984550482, 2.539307390669652, 0.8907840803840541, 0.46563303757365987
0.179522262128727, 2.2601303842971454, 0.8210568949904132, 0.36652710502912533
0.20489139729775954, 2.262139668210013, 0.8031159264144238, 0.38816243294391356
0.46964255173593294, 2.003383640266798, 0.5260016127098409, 0.17990870914999108
0.4128612963913118, 1.9742413762119884, 0.6054638006322585, 0.18959206478547447
0.28681375064135456, 2.027094913642862, 0.7253521507799228, 0.2666924546709113
0.42369306196910095, 1.7089116276822636, 0.5884839468319867, 0.22714953426491205
0.4782509549056496, 1.6247735267884036, 0.5427121263534651, 0.1677395347840956
0.4914201014765407, 1.6294872847999844, 0.4901646957592334, 0.16315991497329535
0.5654751724531099, 1.49196732347748, 0.4417535066744285, 0.13557416138795983
0.6369078159740038, 1.3917692498678316, 0.3621942075054376, 0.12115564377931808
0.5449518271478251, 1.4796830981402365, 0.45751168198251607, 0.16988713955031962
0.5791574026566331, 1.3977804609103062, 0.40849985048792736, 0.12727601775487082
0.6115386808049712, 1.2538597707637027, 0.394621869722792, 0.13516692922887624
0.6051536400433271, 1.2328637946892116, 0.3869470235790073, 0.12620108108102726
0.6937460806111396, 1.0201753151744433, 0.2933577774491576, 0.10159464945689076
0.6310358588449917, 1.246173662974896, 0.3511988080605738, 0.11545373740594407
0.6920928111282139, 1.1151287093718019, 0.2999938740048634, 0.10151959970746936
0.7078273758622655, 0.9726815141639662, 0.28473650267625006, 0.09738262722358798
0.7631833988940198, 0.9500678088570153, 0.2266261222373819, 0.08517357506623925
0.7458525739695571, 0.870694309198223, 0.24500701717791085, 0.09296826125309994
0.7516675218060543, 0.796561150638672, 0.23586079543895766, 0.08816103577075231
0.7468217319423066, 0.8989521124818632, 0.2431504353001263, 0.08934536882259202
0.7605609714383444, 0.7645809961774688, 0.22934607302891816, 0.08378010923558903
0.7652927427170629, 0.7520400360586609, 0.22123576591061841, 0.08390089961202102
0.7234479220112878, 0.8754858738079571, 0.2679388750448857, 0.09879462021607469
0.7346787526366798, 0.7884701132968359, 0.25458109078182806, 0.09429290797798619
0.7675161051251354, 0.696434621631871, 0.22269834160947513, 0.08521561395454888
0.7601619063907417, 0.771650151018722, 0.22867136680422784, 0.08457271345212497
0.765634798472151, 0.7971655935874988, 0.22167206573953382, 0.0864092356538184
0.7969329000627102, 0.5684645784058118, 0.1915763496183697, 0.07736844689420179
0.7776067499002337, 0.60751312817747, 0.21073520027751783, 0.08320295326481965
0.7459095832620717, 0.7224393594072613, 0.24535002815989376, 0.09758405919964792
0.7884385154780229, 0.5671423796173463, 0.19518370920535072, 0.07998527212409477
0.7876973946753321, 0.5751847715111887, 0.19872973346880574, 0.07911655927777912
0.7272105353172568, 0.7886172716282194, 0.25825584183847505, 0.09915649321076538
0.792885240294168, 0.5620717895450886, 0.19115965661523704, 0.07921996544058751
0.784846930049598, 0.5872257108340372, 0.20199602091376384, 0.0801761397950132
0.7751553503221025, 0.63627978315361, 0.21010183540888108, 0.08377642091003755
0.7778917963628071, 0.6624386598643492, 0.20906729332637528, 0.08344940039715172
0.7698534861182372, 0.7208122781856203, 0.21580848836402783, 0.08625799676317014
0.8038880337495011, 0.683789427821596, 0.1868360791751607, 0.07904253080543713
0.7913459893962715, 0.7251943082404468, 0.19427193524671438, 0.07716291270374731
0.8024057921441194, 0.745593735010478, 0.18335293249757403, 0.07881483089470812
0.8038880337495011, 0.5403173036625949, 0.1769285438778947, 0.07638696190769731
0.7641525568667693, 0.663386731692855, 0.21933909912622368, 0.08366794597130185
0.8127244740892765, 0.5070717899611367, 0.17022020950111535, 0.07439489689006101
0.8044011173821333, 0.5131170837296619, 0.18017512768564148, 0.0748821720339102
0.8192235334359501, 0.48530629430071126, 0.16386975551290614, 0.0720547737919785
0.8193945613134941, 0.5457937691064142, 0.16287378221670568, 0.07181752357032792
0.7971609372327689, 0.721888837339728, 0.18278657464373693, 0.08259989012210069
0.7904908500085513, 0.59398093296624, 0.193845551457082, 0.08117606466262506
0.8273188529730346, 0.4529385887603713, 0.15534758541225907, 0.06648963413165145
0.834901088877487, 0.4457672988736028, 0.15521868466395009, 0.06676080367833163
0.8180263382931418, 0.48928342445609735, 0.16509005704312837, 0.06849758095298232
0.8122113904566445, 0.5679709914728791, 0.171705856901983, 0.07522157204617927
0.8166581152727894, 0.4944237880317044, 0.1674061558721049, 0.06957692675759303
0.8187674590958326, 0.4722534459657476, 0.17270356361994657, 0.07134789847567473
0.8148908272048344, 0.5250777592289321, 0.1693523214771717, 0.06960346776267062
0.8066814890827205, 0.5770098823726625, 0.17650347362486316, 0.07110667571699207
0.8181973661706858, 0.6226555935061558, 0.16715620901948264, 0.07226000653353434
0.8063394333276324, 0.5989003218197335, 0.17807697682253035, 0.07315337898151811
0.8080497121030727, 0.5972043512014539, 0.17715192252087825, 0.07416209231080435
0.8362693118978394, 0.47990719428333795, 0.1467198045215443, 0.0673297688153206
0.8224160538167722, 0.556385667496145, 0.15864501245813792, 0.06919847535150345
0.8255515649050795, 0.5819318134006264, 0.15819392966646947, 0.06797317911473273
0.8428253805370275, 0.41476090326659426, 0.1397692929063439, 0.06475261717711905
0.8201356821161849, 0.48825337981066297, 0.16479438826572068, 0.07060309361499224
0.8314805313266063, 0.4819090470310508, 0.15111103554252345, 0.06551287351702395
0.8681375064135454, 0.3701286178052356, 0.12411158030435086, 0.05944022981424355
0.8601562054614902, 0.38685934367634994, 0.1302032164920274, 0.06163599958015877
0.8419702411493073, 0.4132054580014108, 0.14028587417364163, 0.06361007366914916
0.8643748931075765, 0.36625925923307107, 0.1238193085250548, 0.057359246292672667
0.829029131748475, 0.47482183788389626, 0.15481943644691692, 0.06689425576012437
0.849324439883701, 0.41296350378414454, 0.1361569716605638, 0.061037981866219344
0.8675674134883986, 0.3660709044194588, 0.11993620053502628, 0.05618632456300788
0.8414571575166753, 0.43098865697839567, 0.13959842552888524, 0.062214653788216535
0.870702924576706, 0.34977529036498195, 0.11753855039277193, 0.05571780517930319
0.8494384584687305, 0.38967668514257375, 0.13355796410681034, 0.05882114994373197
0.8307394105239154, 0.5058404141321193, 0.1500200953776798, 0.06756300684009178
0.8908842141269027, 0.3094781034161202, 0.09606248396282396, 0.051406126693277425
0.8551393877201984, 0.37758510805424256, 0.12909108601476071, 0.060055816006407504
0.8941907530927541, 0.308328247450472, 0.09780705760466066, 0.05136214564869237
0.8898010375691238, 0.30841984579987475, 0.1003816506008381, 0.051266086823946955
0.8623795678695627, 0.36000858647003753, 0.12241581310798537, 0.05740322269834548
0.8474431332307166, 0.4220638312105545, 0.13757252173374226, 0.062050428465094815
0.8530870531896699, 0.401983804178581, 0.13081677928707963, 0.059141436934162836
0.873895444957528, 0.34787267784361964, 0.1135072232937381, 0.05547345172558924
0.8640898466450031, 0.36201597055763984, 0.12296466826784311, 0.05570240981454924
0.8427683712445129, 0.4198846185204813, 0.1443404509416975, 0.062026482962500955
0.852003876631891, 0.4176651711012319, 0.12902880142202, 0.05859569599780985
0.8437375292172624, 0.43987864901635043, 0.13871515493261566, 0.06193614519679647
0.8970982270110028, 0.2917204275002431, 0.09147482705632366, 0.048208713374955046
0.8700758223590446, 0.35383720917269734, 0.11839218649550994, 0.05423216772539915
0.8883758052562568, 0.3173308330955885, 0.10034538134719945, 0.05099340464881849
0.8660851718830169, 0.3539017350279606, 0.117578252979698, 0.05514176806427406
0.870531896699162, 0.34073894189511106, 0.11184766853259472, 0.058008942674152915
0.14411949147711076, 2.2973043542380998, 0.8569870669521606, 0.2824949734857702
0.11099709252608175, 2.323230910244122, 0.8978090329037155, 0.4918349468363705
0.10141953138361554, 2.413981231790361, 0.880341086181959, 0.4797410346609526
0.1568325637078844, 2.3280469695992076, 0.846674916873333, 0.3649491479855371
0.271592269539935, 2.474490705951237, 0.7364820900828422, 0.3569555628132464
0.15033350436121087, 2.434266575565564, 0.8416056715522502, 0.45893852883405367
0.3353856678638618, 2.103299041979873, 0.6650463615183011, 0.22808886238389575
0.3597856450601448, 1.9643628856358442, 0.6477084722078442, 0.20053321787132194
0.36058377515535034, 1.7857017231375942, 0.6325543201910938, 0.21896911406572583
0.3702753548828459, 1.7099300719613693, 0.6431822392168571, 0.21383089973235367
0.32552306025882216, 1.6749351174412346, 0.6780669833583012, 0.3338127929410198
0.508636907815974, 1.497365738151011, 0.48998235052725514, 0.16177876236389566
0.5293312809988028, 1.3266329302654103, 0.4753193196352964, 0.14627134430100303
0.5702069437318283, 1.3453277338148149, 0.4192131906133058, 0.13964987513627125
0.6157573684510576, 1.1152478109676298, 0.3728256853234844, 0.12298846288604119
0.6376489367766947, 1.094290669120372, 0.3418194389874097, 0.12658694469138487
0.5898181403568782, 1.0642362884192984, 0.4106269148766325, 0.12502171105304646
0.6127358759477795, 0.9983056085731616, 0.37681934235570064, 0.12952468172786397
0.6088592440567813, 1.1004978465353312, 0.40169361634094225, 0.13734301434143617
0.6703722706801208, 0.8943149719636198, 0.3185242387649255, 0.11521092266819405
0.705090929821561, 0.8492821171380366, 0.28786133650827606, 0.11255664481671479
0.735704919901944, 0.787510426602988, 0.2498787383175028, 0.09676677676053363
0.6627900347756684, 0.8472143411196734, 0.32970069030870086, 0.11708229932061304
0.7204834388005245, 0.817262893981098, 0.27230167980032144, 0.10031882782159159
0.6465423864089846, 0.9548850832817615, 0.33941859195599294, 0.11349301724804504
0.657887235619406, 0.9140478665154937, 0.32222397570793454, 0.10576290540334268
0.7067441993044866, 0.8373149084794963, 0.28021511245160907, 0.09795555696936457
0.660908728122684, 0.9419569027093572, 0.3223944351978352, 0.11276764211966189
0.7746422666894703, 0.6582789953238737, 0.2110711222790779, 0.08294670462070698
0.6924918761758166, 0.8398663465857046, 0.2929267524625622, 0.10137410369062305
0.697964768257226, 0.7818231731565077, 0.285331259541857, 0.10412650649656023
0.7801721680633943, 0.6794237350255716, 0.20350875020428355, 0.0868800914484435
0.7813693632062026, 0.6573018093779938, 0.21606381033753114, 0.08871867688519812
0.7644376033293426, 0.6836017577672505, 0.21791204403282738, 0.08473598860362683
0.7758964711247933, 0.6318078936601241, 0.2097144382311151, 0.08286398313341219
0.7760674990023374, 0.6140469175100257, 0.21649498415750265, 0.08419916844591778
0.8688216179237216, 0.4817124131162667, 0.12308609669883935, 0.059890050351710994
0.828858103870931, 0.5055657070441029, 0.1573623658663725, 0.06934346003295148
0.7752123596146172, 0.6084340356087946, 0.20373947222189298, 0.0877932738298565
0.8172282081979363, 0.5089059022321504, 0.17196063776932188, 0.07449184879081544
0.8772019839233796, 0.44454561389314406, 0.11986673543305576, 0.06085645619391796
0.8744655378826749, 0.4377906238556683, 0.12068611464398296, 0.059829607642560824
0.8574197594207856, 0.4651772609671801, 0.13735697112711281, 0.06452028278197376
0.8224730631092868, 0.49995422862514566, 0.1615353000080753, 0.06982436898248177
0.8720711475970583, 0.437502339374792, 0.12401742439930383, 0.06233643799663076
0.8770879653383502, 0.4301490176445302, 0.12019537455878657, 0.05798385188840664
0.8870075822359045, 0.3851324118309364, 0.1075796569373666, 0.05658680255469698
0.8551393877201984, 0.4475738064926156, 0.13504890838742584, 0.06535532417109499
0.8188244683883473, 0.4884249090592588, 0.16446295765812124, 0.07353082576746249
0.8428253805370275, 0.44464969952379396, 0.14695539134437655, 0.0668041938833606
0.889401972521521, 0.3775027888393991, 0.10631053142403125, 0.0560067420374514
0.8302833361837979, 0.46482104018750975, 0.15302834540442675, 0.06965385293420702
0.893677669460122, 0.3643074794115075, 0.10730080198067198, 0.05676134958175912
0.8754917051479391, 0.3787079344613194, 0.11402248624159345, 0.05693443545772909
0.837922581380765, 0.4389558397744417, 0.14487148492345545, 0.06678898840645835
0.8354711818026338, 0.46110850305991585, 0.14802052590611728, 0.06728085088499862
0.849324439883701, 0.44839887144002827, 0.1442494024635953, 0.06712701427315562
0.8819337552020979, 0.3691433879548905, 0.10854041772587159, 0.055342159823550584
0.861809474944416, 0.4355475912696742, 0.13236571904814506, 0.06600465766424167
0.8742945100051308, 0.3977114515710962, 0.11872935927670167, 0.05839564951394168
0.8628926515021949, 0.3828776943477768, 0.1233898333447447, 0.0610406056710894
0.8693917108488683, 0.39510600495758086, 0.12227650139309722, 0.06165734747039019
0.8873496379909925, 0.36349423370566797, 0.10511314290318527, 0.054848531345601935
0.8816487087395245, 0.37256718346696494, 0.1098857548999913, 0.056197870273649614
0.8998916823442221, 0.32713128408578723, 0.09402750191103497, 0.05134013427276145
0.9035972863576763, 0.31632142237216476, 0.0982748454513794, 0.05370901304905239
0.9130038196225985, 0.29685796520398083, 0.08292691322194581, 0.04823352146225313
0.8772019839233796, 0.3508697992388736, 0.11031869462320287, 0.056642291644217406
0.8880907587936834, 0.33190756911931885, 0.09902272736815133, 0.05437633386900697
0.8942477623852688, 0.3311742268929243, 0.10079802666372105, 0.05327630909808347
0.9025141097998974, 0.3212660963420197, 0.09300858545837049, 0.04982573980975644
0.8368964141155009, 0.4532855937564983, 0.15441367938611486, 0.06910767835141235
0.9125477452824811, 0.2943406631822063, 0.08767802032369978, 0.05090576342254929
0.8794823556239667, 0.35188288409096713, 0.11053259792093818, 0.0558000357299706
0.8665412462231343, 0.36189183796130575, 0.12156951114123542, 0.05979678082503218
0.8595861125363434, 0.3791823511114107, 0.12293056828745579, 0.058508742571110134
0.903654295650191, 0.29338579082771254, 0.08770233717186221, 0.04996187586733349
0.8612963913117838, 0.380520817771203, 0.1241013540730182, 0.05967273960158129
0.8899150561541531, 0.33507783284165765, 0.10030537441666183, 0.05483889601325538
0.9143720426429508, 0.27343908603085304, 0.07892454369535597, 0.049070923904422185
0.886722535773331, 0.3396294009359125, 0.10615222495494772, 0.05572435614428826
0.8517758394618323, 0.4095087689280003, 0.13261946707418104, 0.06169150315070936
0.8286870759933869, 0.4712774701405097, 0.1595257837766911, 0.07063789591647379
0.9062197138133515, 0.28423432015505534, 0.08394655431990557, 0.04924437093184381
0.92520380822074, 0.2429083013421344, 0.07252086978789588, 0.047482919037846634
0.9147711076905536, 0.26655059917822366, 0.08029244348724225, 0.04693039834689811
0.9218972692548886, 0.2567245959066067, 0.07502883376053704, 0.04531200673548889
0.9144290519354655, 0.268802845479832, 0.07857761772476024, 0.04677509686417903
0.9037683142352203, 0.3011194924215064, 0.09014347132801198, 0.050972340813167163
0.9270851148737245, 0.24602590712630026, 0.06607777944054681, 0.04246634616318747
0.8921384185622256, 0.2950702867916223, 0.09388668094312264, 0.050781546221772035
0.8924234650247991, 0.30262774322984987, 0.0917292370021387, 0.04950496567132921
0.8709309617467648, 0.34881815569573205, 0.10987852456530056, 0.05451986398743982
0.9004617752693689, 0.28737822020452347, 0.09112910663066275, 0.05024401412182312
0.886551507895787, 0.3207171921607398, 0.10254769578326688, 0.05240413989882216
0.9153412006157003, 0.27138605185929915, 0.07982332345833977, 0.04605650659452281
0.9292514679892823, 0.23017843898175455, 0.06730496082046207, 0.04400516727899033
0.8972692548885468, 0.28890013152185884, 0.09063377038061585, 0.04952129832452332
0.8940197252152101, 0.3071583400570583, 0.09646048984395388, 0.05254897904917438
0.9053075651331167, 0.2745805387306544, 0.08661929823065714, 0.04769929682837218
0.8862094521406989, 0.3104307847541681, 0.09880283437316718, 0.05094389742237194
0.11270737130152214, 2.302012807674157, 0.877700405941065, 0.26088883384258943
0.11230830625391938, 2.275890653349914, 0.8682449935307137, 0.45933894577906864
0.08916253349295936, 2.356333505923158, 0.924051722934251, 0.48942104589885005
0.2239895102901773, 2.227826933728664, 0.8021786254044501, 0.29277596461682737
0.23259791345989397, 2.218296228531088, 0.7819197916274839, 0.26341514114633274
0.36103984949546775, 2.104709603639538, 0.6731311335911269, 0.25535352244981574
0.28504646257339944, 2.0076439819397915, 0.7072528569244545, 0.3021841314599014
0.2710221766147882, 2.031437077402532, 0.7153685586317429, 0.319085108091919
0.39678467590217203, 1.7787147143922695, 0.6080812508948881, 0.17756709269183996
0.4599509720084374, 1.7358238743502916, 0.543294412769536, 0.16764718836746245
0.4675332079128898, 1.7393894127443357, 0.5116852323031756, 0.1805603879340003
0.5106892423465025, 1.5038691081663513, 0.4694082725408551, 0.1717074803127307
0.446838834730061, 1.5516110436551132, 0.5476379371153467, 0.18698845691136803
0.548885468331338, 1.409129500958692, 0.4532497519831717, 0.13058898885698997
0.5375406191209167, 1.4138555902452319, 0.45529723885939055, 0.15223624748742964
0.613191950287897, 1.1483028128961494, 0.381702480527287, 0.1223244744906643
0.6247078273758623, 1.247253255673009, 0.353400491299187, 0.11478649462870967
0.6418676244227809, 1.0184219143896076, 0.3349794278198867, 0.1190592140387597
0.645060144803603, 1.025338754207397, 0.35437897320521294, 0.1132886730748991
0.6346844535659313, 1.0042973993207307, 0.3421794075894389, 0.12221056308750386
0.668376945442107, 0.9161819439402811, 0.31247970726531477, 0.1076662022534291
0.7273245539022861, 0.8290014844507763, 0.26557323230239405, 0.10197708926662585
0.7871273017501853, 0.7645510330190545, 0.21714392992229578, 0.08075837789470836
0.7242460521064934, 0.8137481023852846, 0.2701497085772853, 0.08868189148385071
0.6766432928567356, 0.9177369803693988, 0.3141724202444302, 0.10865316086577054
0.7316572601334017, 0.7790704856149746, 0.2515090386805767, 0.090651803519832
0.7196282994128043, 0.8152514190489673, 0.26313469245129445, 0.09713305894192863
0.733025483153754, 0.8535905326043635, 0.254336598106829, 0.09433413830102064
0.6243087623282595, 1.0573145886348483, 0.37121688760632165, 0.146393098441572
0.7403226725956331, 0.8807784096116931, 0.24146316804857604, 0.09120524054178172
0.7424320164186763, 0.7173720766164711, 0.24260426360195336, 0.08992531554925781
0.7447693974117782, 0.7656565103183997, 0.24222886801042398, 0.09125966752731081
0.7475058434524827, 0.8410219954241586, 0.23924658567978974, 0.09218642774663936
0.7398665982555156, 0.7262525863321735, 0.24925747618183472, 0.09610790937784743
0.7652357334245482, 0.6899820646907919, 0.22340869551711875, 0.08448267309864706
0.8656290975428995, 0.49295578160882336, 0.1283214143798087, 0.06139746777262897
0.8010375691237672, 0.591760394060215, 0.19307083806404457, 0.08185636819740369
0.873382361324896, 0.4652696148983569, 0.12591811238684467, 0.06160100615713561
0.8226440909868309, 0.5413170910215956, 0.169250853711638, 0.07348631212565973
0.8253805370275354, 0.5389321736593625, 0.16797537491734896, 0.07310017919214673
0.7936263610968588, 0.5689180158250695, 0.18839712990881335, 0.08192952244219587
0.8569636850806681, 0.47364850604112285, 0.13615467337055814, 0.06544921014512024
0.8305683826463713, 0.5281961497820824, 0.16440049411131905, 0.07140697544623337
0.8544552762100223, 0.4757300032002145, 0.14187810180979998, 0.0645021971051737
0.8276609087281227, 0.48377110119129196, 0.15838407845179936, 0.0682386968609573
0.84772817969329, 0.4490575941708424, 0.1368031907804398, 0.06414192310439203
0.8555954620603158, 0.43506009146407576, 0.12990644233430076, 0.06334892538708212
0.8479562168633488, 0.4643809913253719, 0.14092595115905227, 0.06471321112706713
0.8494384584687305, 0.4668789978636222, 0.14557857671800783, 0.06646883155964978
0.8502365885639359, 0.47430621837000053, 0.14902999353959548, 0.06984876014882742
0.7715637648936776, 0.6286077286586674, 0.21679986832317685, 0.08589544746084023
0.8534861182372727, 0.45944212881909763, 0.14369443558900807, 0.06421430617417574
0.8623795678695627, 0.43316885733609656, 0.13276327965587104, 0.06274525071579368
0.8251524998574767, 0.4810500662010833, 0.1603494921398547, 0.07054310584053351
0.7918590730289037, 0.553381736424963, 0.1908221628258798, 0.07766818684910369
0.8091328886608518, 0.5327977766322278, 0.17723257842490103, 0.07115772478645513
0.8514907929992589, 0.43125670353301854, 0.14073067933978692, 0.06667497648678586
0.8789692719913346, 0.3817742293074385, 0.11711693390941007, 0.058513608482327256
0.8397468787412348, 0.4495035381355208, 0.1458413482649021, 0.06458541634887262
0.8720711475970583, 0.4151260734256071, 0.12105382650210492, 0.06136329545438406
0.8674533949033693, 0.39835838476976093, 0.12379343839337448, 0.05962499097801468
0.8862094521406989, 0.3635281112961878, 0.10508112243935251, 0.0552632500274194
0.8589020010261673, 0.42910304293854107, 0.13878579889373513, 0.06325821826521864
0.8484693004959808, 0.44158594427204706, 0.14572664953424375, 0.06925363741387275
0.8725842312296904, 0.40082125416107073, 0.12377965530503364, 0.061952458374390326
0.8927655207798871, 0.34600159497516403, 0.10284474593655135, 0.05399315166102356
0.8921384185622256, 0.34527985914826687, 0.10082283126934194, 0.053952222912725334
0.8739524542500428, 0.38046073294941035, 0.12402639593821375, 0.060916648135844256
0.869619748018927, 0.3967374177795672, 0.12331027010934306, 0.05942859155455399
0.8875206658685366, 0.3554522504045447, 0.10533680868319392, 0.05499440590037288
0.8709309617467648, 0.39078951609067625, 0.12274643561047639, 0.05924457607930024
0.9069038253235278, 0.3082626280372834, 0.09026020214047897, 0.050108089811850304
0.8905421583718146, 0.3323676738008642, 0.10033171885532889, 0.0526048400301573
0.872299184767117, 0.37912289596968446, 0.11951230861130473, 0.05946264017237714
0.9048514907929993, 0.30809389137806353, 0.09406403640955212, 0.051844194230875225
0.8835870246850237, 0.350124889913634, 0.10602245909894065, 0.053957663780416894
0.8768029188757768, 0.37203092235659363, 0.11520632387113298, 0.05608144045333825
0.8685935807536629, 0.37857346457949315, 0.11759174808435635, 0.05682571451567199
0.8710449803317941, 0.39382409896200776, 0.12557324860134428, 0.06102691664796634
0.8869505729433897, 0.3452160712514774, 0.10483197640373078, 0.05466646733190208
0.9006898124394276, 0.3211557500195655, 0.09572283520346744, 0.052395262823082815
0.8726982498147198, 0.3720625556460422, 0.11607692955344252, 0.05781144651616339
0.8749216122227923, 0.3834720305514108, 0.12349260154242735, 0.06132459007493046
0.9008608403169717, 0.31823504465609126, 0.09513011956171952, 0.05210643939007463
0.895273929650533, 0.3154869729046375, 0.0950434096131257, 0.054071880004758335
0.909355224901659, 0.2961495969867925, 0.08605484018585051, 0.04899049544139366
0.9128327917450545, 0.27128057948837003, 0.0834991502585761, 0.04846201228674001
0.8924804743173137, 0.31688518909269364, 0.09566116231082641, 0.05170800332182702
0.9151131634456416, 0.2747113200012066, 0.0783647303524356, 0.04664165864091054
0.9022860726298386, 0.30997433792447965, 0.09059569151618932, 0.05182410039789624
0.9064477509834103, 0.29921548807077447, 0.08859111821890119, 0.05072086575328993
0.9181346559489196, 0.27130279422973835, 0.077231134914609, 0.04673140850450947
0.8791973091613933, 0.3495567050251856, 0.11061812092016844, 0.05733771890107603
0.9237785759078729, 0.2493382625305013, 0.07275983680754804, 0.047241401905034223
0.9224103528875207, 0.2600892981950588, 0.07478881493403342, 0.04674006576806233
0.9111795222621287, 0.27793017453924507, 0.08134603004668917, 0.04766515470777291
0.9291944586967675, 0.23759262947410925, 0.06622932820360965, 0.04384474273541812
0.9187047488740665, 0.2616695501416534, 0.07582905076777605, 0.04611176398548197
0.9222393250099766, 0.2503147401914169, 0.07140610983843806, 0.046092493847518935
0.9249757710506813, 0.237856694483347, 0.06907421862811523, 0.045026653941229844
0.8771449746308648, 0.3426267285228788, 0.10672519745794204, 0.057240540996151223
0.11578587309731486, 2.308422143004937, 0.8913410273285879, 0.3207562365364464
0.2231343709024571, 2.306026543853805, 0.7983322334253999, 0.25390670074014143
0.11743914258024057, 2.4681049032280895, 0.8975319197509013, 0.46830684472198797
0.1905820648765749, 2.475662138699792, 0.8301189218310968, 0.3512696653609673
0.11065503677099367, 2.605453821090586, 0.8739243821774443, 0.44342401857776326
0.13425688387207116, 2.296404474175484, 0.8741549563444996, 0.4180590267971601
0.21110541018185963, 2.3380754316120202, 0.7826601477204911, 0.3428713576470206
0.2520950914999145, 2.4009379505886876, 0.7589998117223695, 0.2846097396640126
0.18790262812838493, 2.1821109338440365, 0.8005257852967658, 0.4271274141721511
0.3450772475913574, 2.072479802919531, 0.6564933643126963, 0.18565801904935636
0.4766546947152386, 1.9875981310510655, 0.5334525701520785, 0.16517944973688936
0.3972407502422895, 1.8638337883786311, 0.6215781080628348, 0.1923028559440173
0.4403397753833875, 1.70787348290084, 0.5724737775828059, 0.1782463675389575
0.5364004332706231, 1.6541852903137741, 0.4880214751125459, 0.15532287224554822
0.5361153868080497, 1.5075882988565699, 0.4818066146844071, 0.14049437167906864
0.521806054386865, 1.4283667387980554, 0.4920412949903411, 0.14914403496930495
0.5881648708739524, 1.319578353280125, 0.41134104137480604, 0.11869106721756852
0.6408984664500313, 1.180663150730899, 0.3600223067063903, 0.10927570570062034
0.7073142922296334, 1.0897795668789405, 0.2996480415937761, 0.09441227953445688
0.6761302092241035, 1.0931310580323301, 0.33208321697497356, 0.10530174416285146
0.6558919103813922, 1.0595302152179862, 0.3538810643977757, 0.10758992863244264
0.6515592041502765, 1.0361692627309882, 0.35896194197317227, 0.11086392401696334
0.6947152385838892, 0.9379408258273004, 0.320424403358157, 0.10093561165412489
0.6351975371985633, 0.9583923241403788, 0.37166742327170205, 0.11781453562487408
0.6330311840830055, 1.0539648821853518, 0.37459007701170693, 0.11891010814733656
0.60908728122684, 1.0830173872891857, 0.40076438026333816, 0.1204985749966764
0.6602246166125079, 0.9031406523067084, 0.3598832984991111, 0.11940752738121345
0.6872470212644661, 0.8935029520114549, 0.31604686386252423, 0.09579067862142886
0.7225927826235676, 0.8465140362258867, 0.27346544754469937, 0.09237695950230654
0.752978735533892, 0.7512670126188915, 0.25735665254573326, 0.09142850523405281
0.702240465195827, 0.7892419298753235, 0.32553884965699453, 0.11755195673088423
0.7538338749216122, 0.7030586802690171, 0.25464177023057616, 0.08787976012050844
0.7552020979419646, 0.7188643157222729, 0.25646200002084524, 0.08486895520214541
0.733937631833989, 0.7721459398998749, 0.2783947567906893, 0.09173104983301279
0.7443703323641754, 0.711940199020989, 0.26122762274035416, 0.09083965930547266
0.6899264580126561, 0.8045509330471903, 0.31913859659484073, 0.1097412192447715
0.6886152442848185, 0.8638701166721454, 0.31162892837782663, 0.11107754435198451
0.7662619006898125, 0.6966018591332355, 0.2471836457977775, 0.08934303308157088
0.7285217490450944, 0.7674249734257098, 0.27505734963726164, 0.08980719998237956
0.7362750128270908, 0.7006642792719896, 0.26036254157936833, 0.08793356023559776
0.7920301009064478, 0.6272130160865984, 0.21917718970394748, 0.07983796789513532
0.8178553104155978, 0.5854689343941508, 0.18544270478753513, 0.07616671882741383
0.8390627672310587, 0.5224788462737243, 0.1656393122345115, 0.06781800043126301
0.79875719742318, 0.590098663147268, 0.19736156235942887, 0.07682644331134329
0.8120403625791004, 0.5766054354616289, 0.1851689478284041, 0.07665724663774832
0.8413431389316458, 0.5179140491823339, 0.1603693553823546, 0.06899265977899563
0.7719628299412804, 0.6570503784360299, 0.22963536713489294, 0.08661709353904236
0.807821674933014, 0.5825860169405712, 0.19611028903120936, 0.07742950724281236
0.8339319309047375, 0.5089668980245579, 0.16241580249626125, 0.07036040569230013
0.8419702411493073, 0.4964585505556754, 0.15846452226944535, 0.06907837891457563
0.8465309845504817, 0.4754753149393611, 0.15240925718722415, 0.06806514041648792
0.8374094977481329, 0.48792637779713643, 0.15776145271106753, 0.07062230736404679
0.8578188244683883, 0.45425454096966433, 0.1509672260659856, 0.06625959627869216
0.8173992360754803, 0.5120523123936269, 0.1749641413422859, 0.07189363236845389
0.8602702240465195, 0.4502807714233439, 0.14244949135953278, 0.06367862902472123
0.8672823670258252, 0.4363981307575634, 0.13967167448651294, 0.06507935798307375
0.8486403283735249, 0.47832593994771183, 0.15009312251212623, 0.06574531112372703
0.8254945556125648, 0.5003445660189249, 0.16610375702473865, 0.0719101349359654
0.794823556239667, 0.5513727243670501, 0.19171627370131206, 0.07790429383155631
0.8795963742089961, 0.3970206155887479, 0.12111530832511341, 0.059039508130593624
0.8566216293255801, 0.4429088476442647, 0.14204771901119184, 0.0650545549276614
0.870702924576706, 0.4090072873583566, 0.13076709233748146, 0.06110119645507476
0.8360982840202953, 0.4618075305093859, 0.15331581128268992, 0.06905638391461809
0.868023487828516, 0.3950067848357004, 0.12580653262573885, 0.06152799623924787
0.8411721110541018, 0.4620968867246103, 0.1500112500635199, 0.06638456463554859
0.8638618094749444, 0.41019858346789323, 0.13162874962524138, 0.061566415175063186
0.8318225870816943, 0.4599956106318323, 0.1508841685957395, 0.06745795267112072
0.87087395245425, 0.4007260059829503, 0.13092116725044428, 0.06272761299617492
0.8383216464283678, 0.44978642041244, 0.15243782036842962, 0.06537979527747213
0.8793683370389374, 0.3749381806528518, 0.11835739682447224, 0.05669599167989759
0.883530015392509, 0.3697479210167622, 0.11726063171758731, 0.057532008157266216
0.8849552477053759, 0.3668704310183172, 0.11691276977783223, 0.05708313450747881
0.8722421754746024, 0.3920364111902985, 0.13271092082911198, 0.06239939071708864
0.9066187788609543, 0.3202727501070937, 0.09720505234183136, 0.05240110939661762
0.8949888831879597, 0.3462769306957775, 0.11058075187565503, 0.05578894679391997
0.8968131805484294, 0.33770423803289623, 0.109346470555426, 0.055901820604644444
0.8509207000741121, 0.42352864416073777, 0.14363465706404296, 0.06420299312266109
0.8415141668091899, 0.4490830224507361, 0.14762684948963606, 0.06509283677062914
0.8635197537198563, 0.3970780299078044, 0.13349310861847621, 0.06238779085928082
0.8915113163445642, 0.3502430533784823, 0.1092409743495575, 0.05628497597365115
0.863576763012371, 0.4120927537600239, 0.13069450112079678, 0.06305612730864146
0.9000057009292515, 0.32316429434337485, 0.09932285291886586, 0.053344533395503865
0.9092412063166296, 0.30087296552055565, 0.08889878492228838, 0.049500958893922906
0.8830169317598768, 0.3450186048985643, 0.11383094053492482, 0.056133643268021435
0.903483267772647, 0.31756437807596993, 0.09618819694037274, 0.051298585554578266
0.8964711247933413, 0.32969144136415296, 0.10268789975694008, 0.053656853201387064
0.8877487030385953, 0.3455850178032734, 0.10605930375731637, 0.054144571893695995
0.9034262584801322, 0.3111881865803541, 0.09994000797272634, 0.056350310416729894
0.8935636508750926, 0.3191301634113069, 0.10266296241048466, 0.05440510296444247
0.9140869961803774, 0.28837529767059245, 0.09046976385486909, 0.05086334898285604
0.916823442221082, 0.2747095234426135, 0.08233449108278207, 0.048734732296210684
0.9123197081124224, 0.2811574981161288, 0.09026084690959585, 0.05004563893046851
0.9043954164528818, 0.2998766979354225, 0.09266304004894595, 0.050215766402559925
0.9171084886836555, 0.2716650410370247, 0.08004512331968894, 0.04708465860434746
0.9156262470782738, 0.2751807517031617, 0.08288055639757286, 0.04805301655789689
0.9091271877316003, 0.28605988627346335, 0.09266095312981029, 0.05156519497728653
0.8924234650247991, 0.32368040556276784, 0.10347358430063369, 0.05470082174380119
0.9157402656633031, 0.2728375199782985, 0.08618598989036796, 0.050183628074290484
0.9141440054728921, 0.27998651200882346, 0.0829420296712634, 0.04852170633679141
0.9114075594321874, 0.27240136020092887, 0.08556741021794557, 0.050619181319758
0.8960720597457386, 0.30403446336788686, 0.09736502465226117, 0.05190598242243032
0.10141953138361554, 2.3010330757606288, 0.8803646777528874, 0.4734026115231512
0.10193261501624765, 2.3830695041643226, 0.9222453338186734, 0.49632339408675574
0.1851661820876803, 2.310506151119528, 0.7788387174396725, 0.28699980822917226
0.24508294852060886, 2.302350033444789, 0.7908720121505628, 0.2465142494675366
0.16886152442848185, 2.346945163957763, 0.8404311096374453, 0.45358853231007223
0.17826805769340404, 2.344875676052497, 0.8386328462795066, 0.31778815873395916
0.383444501453737, 1.9899881139026387, 0.6159530502183974, 0.1758700436082264
0.2967903768314235, 2.074136123167368, 0.697053262648282, 0.24134868492518777
0.41234821275867967, 1.8358322310988657, 0.6037818721048048, 0.17151753742407227
0.40026224274556754, 1.8443005095024105, 0.6010223978204388, 0.18261279516160886
0.5249415654751725, 1.5968980795810708, 0.4895931217584028, 0.14282020896523703
0.3946753320791289, 1.6024550369660202, 0.6105105569420427, 0.20261682654108135
0.570434980901887, 1.373722982655691, 0.41603918705086423, 0.12587553270634702
0.5968302833361838, 1.2812492835583542, 0.38460831666886947, 0.1331700227906634
0.6125078387777207, 1.2499765452252583, 0.3778154384203278, 0.13123006370488738
0.6355395929536515, 1.2251583704765578, 0.35446629859667267, 0.11969528565297448
0.544438743515193, 1.422793891939468, 0.4401972657099726, 0.14460952864636709
0.6499629439598654, 1.0307928427581743, 0.3454613191361338, 0.11695821366430542
0.6531554643406875, 1.0783727445268172, 0.3341229184621602, 0.11107582826155098
0.6305797845048743, 1.076904185527929, 0.3572604604230716, 0.11651295465048983
0.8094179351234251, 0.772617040268814, 0.1929452267077726, 0.07769054557609051
0.7496721965680406, 0.7885019357611027, 0.23983619868561618, 0.08745279673561508
0.7560572373296848, 0.769861734896171, 0.2356408617763886, 0.08591316042295363
0.7326264181061513, 0.8206871283901999, 0.26759314515284727, 0.09497393116363297
0.7584516276153013, 0.7240405232096526, 0.22641929131483407, 0.08613651992235759
0.7207684852630979, 0.7902595747865282, 0.2722247647314982, 0.10119886438512524
0.7794880565532182, 0.6436131655860672, 0.20573036878928483, 0.08416018677095692
0.756912376717405, 0.6917204085206952, 0.22719862660230616, 0.08543366329972316
0.7558292001596261, 0.731562554513541, 0.23827534056791067, 0.08784708402779516
0.7624992873838435, 0.6660394478902747, 0.22450311794702874, 0.08505799622164217
0.7604469528533151, 0.6904015477691932, 0.22500546095988588, 0.08449013486153598
0.78986374779089, 0.6348306757108215, 0.21311258831342472, 0.0836978523179902
0.787355338920244, 0.6067293173596403, 0.20397546091643817, 0.08038700315634664
0.7134142865287042, 0.8079166684677896, 0.26708880387626094, 0.09968535557656125
0.7041217718488113, 0.8507910351568716, 0.28003645347223605, 0.1028672110143163
0.8486403283735249, 0.5225898698765125, 0.1499525447586935, 0.06744807884489698
0.8425403340744542, 0.5465637075257999, 0.15180678137782233, 0.06621186023831464
0.7894646827432872, 0.586179043063921, 0.196423875287661, 0.07696349636722029
0.8156889573000399, 0.5352229100672374, 0.18129851271142264, 0.07852113954025022
0.8400889344963229, 0.4963317295055048, 0.1556664491747155, 0.06904212230417253
0.8688786272162362, 0.4584884115466489, 0.12741667058361503, 0.0611438310700413
0.8082207399806168, 0.519065279856585, 0.1801118580903329, 0.07567559812459734
0.7817114189612907, 0.5854679113200326, 0.20539416999734342, 0.08374831093653311
0.8538851832848754, 0.47746362016006366, 0.13847306749268548, 0.06314851909903789
0.8079927028105581, 0.5263715796265799, 0.1795399587951449, 0.07312850210194426
0.7941394447294909, 0.5477178195290552, 0.19195803138170067, 0.08172592676103241
0.8468730403055698, 0.48242841826903254, 0.148447710826621, 0.06695075469455049
0.8498945328088479, 0.4782790027620499, 0.1436429783857471, 0.06608013011670957
0.7882674876004789, 0.6071980374459968, 0.1913704386444017, 0.07926805185871474
0.8343309959523403, 0.4742788269771378, 0.15702126444118267, 0.0680635780959639
0.8832449689299355, 0.40062732904617776, 0.11038645224894626, 0.05605532186521788
0.8099310187560572, 0.5082849591513728, 0.1730864171848307, 0.07447264149737862
0.8871216008209338, 0.3807300329958062, 0.11432756578158669, 0.05825772347579612
0.8367823955304715, 0.46150733310840814, 0.14813115010323716, 0.06919330166081672
0.8543982669175075, 0.4238464584740606, 0.1343609586892856, 0.06376792466907447
0.8563365828630066, 0.41751887319039505, 0.13579019561386282, 0.0638819434333474
0.863405735134827, 0.43321025023576487, 0.1342575811654625, 0.06361757340753131
0.8356422096801779, 0.4767172072335167, 0.15155855285769806, 0.0675093782575955
0.8582748988085058, 0.41807941598195775, 0.13023487572403583, 0.06211760991836351
0.8115272789464683, 0.5057565547143951, 0.17284969933984723, 0.0769008231574847
0.8326207171768998, 0.4678137847569556, 0.1521140884470706, 0.06914709681899167
0.8681375064135454, 0.4157659284278891, 0.12568420483095974, 0.06137777103176915
0.872128156889573, 0.4020567751312989, 0.11912687903243331, 0.058645539112479037
0.8530870531896699, 0.4504866459963391, 0.14867147471804507, 0.06702173861593985
0.8430534177070863, 0.4308906631552409, 0.1416954113978686, 0.06363043879727359
0.8313095034490622, 0.45666101907650397, 0.15274611533925206, 0.06624056283206564
0.8993215894190754, 0.342486755293936, 0.09920118674419377, 0.053271951537517966
0.8964141155008266, 0.34360213007727064, 0.10232547047813383, 0.05496097797053204
0.8638618094749444, 0.3784131250440795, 0.12195588713289517, 0.06100087853970871
0.8578188244683883, 0.4072435889813463, 0.1378102544010043, 0.06541367454898225
0.8668833019782225, 0.3989150245206641, 0.12271345541890993, 0.059484559486249235
0.8753776865629097, 0.35022494153217953, 0.11082958756288605, 0.05660181951477198
0.8912832791745054, 0.3454770496280318, 0.10135836968369655, 0.05402887501934419
0.8558234992303746, 0.41235016129759655, 0.12958076188354267, 0.06186141903508766
0.909697280656747, 0.30949015732626883, 0.08764091353482925, 0.04987685000617092
0.9105524200444672, 0.30818372554303364, 0.0873629084323822, 0.05144199946917959
0.9018870075822359, 0.33177089788591, 0.09416723997116927, 0.0516394517506367
0.8976683199361496, 0.3307242374815301, 0.09735554543337058, 0.052876043299036474
0.8766318909982327, 0.3652434955448429, 0.1154667782880514, 0.058436364787119215
0.9039393421127644, 0.313303235291495, 0.08991352037294814, 0.050872137083824355
0.8565076107405507, 0.38788680514748025, 0.12691073908104805, 0.0609248702265403
0.8232711932044924, 0.5084818624911517, 0.15639754096671832, 0.07232505220946787
0.8293141782110484, 0.4715108369585151, 0.1497062049912282, 0.06566570878130926
0.8410580924690725, 0.45143113656110906, 0.14020028105590987, 0.06270198494852891
0.9001767288067956, 0.29920211368023314, 0.08812634601810787, 0.050656406673213424
0.8663702183455904, 0.3677232966732915, 0.11937912259042217, 0.058788533492480095
0.8939057066301808, 0.3348198408518212, 0.10069765973852533, 0.053088186399753934
0.8698477851889858, 0.3606328145184512, 0.11574038239148617, 0.05532088566180638
0.8623795678695627, 0.375571206782141, 0.12335161354998876, 0.05803478046426967
0.8538851832848754, 0.3952404982300765, 0.13437592344987737, 0.061479295917218985
0.8647169488626646, 0.3695222349661031, 0.11879639163785237, 0.05667758414303682
0.8561085456929479, 0.3918988241062106, 0.12896521888342816, 0.05822281716401052
0.9010888774870304, 0.2976675798823108, 0.08821145408711935, 0.049276160873683354
0.9046804629154552, 0.2943799270920279, 0.08646233670547289, 0.048961395814503705
0.903483267772647, 0.3082323208408982, 0.08895591362079752, 0.049889646701361465
0.8774870303859529, 0.34092684449076427, 0.10752822538824292, 0.05328931232358814
0.9008608403169717, 0.29099100618402857, 0.08701486404842175, 0.04837764748065371
0.9210421298671684, 0.2556540087900374, 0.07457383508754037, 0.045951674139374295
0.9165383957585086, 0.26787412204010164, 0.08084582109238779, 0.047776465406841495
0.8915113163445642, 0.302303247571337, 0.09336074929948886, 0.052665561567897805
0.9026281283849268, 0.28449973811174334, 0.08564776649456789, 0.048679709571954624
0.09560458354711818, 2.3075262038250086, 0.8863203184854404, 0.41829947484712937
0.10786158143777436, 2.31381216485364, 0.915758488904558, 0.4706778385198885
0.10478307964198165, 2.5267590355841847, 0.8777226886712184, 0.478267021415372
0.12171483951884157, 2.385233783057951, 0.8646993634425927, 0.46938643186920925
0.19229234365201528, 2.2476530994916883, 0.8357495650653509, 0.3716193493483773
0.20010261672652643, 2.263678745188821, 0.8049058642138677, 0.30488195062155005
0.28054272846473977, 2.2769310278499977, 0.7433671215032782, 0.24044982236320972
0.24143435379966935, 2.1426567582466753, 0.789236492299774, 0.3465605995367797
0.3638333048286871, 1.8260761526589055, 0.65717943290197, 0.251355920901677
0.472835072116755, 1.7423537397677213, 0.5281742358027313, 0.16389153965951592
0.43788837580525625, 1.6081710030076224, 0.5749571395145553, 0.18352985495199511
0.5895901031868195, 1.4606954666307679, 0.44949738028268166, 0.13604368802396757
0.4323014651388176, 1.467631595217205, 0.5875059283470593, 0.18574836464344713
0.45328088478421985, 1.3986381816708384, 0.5827136428701123, 0.19275877379900444
0.5450088364403398, 1.3676593384927045, 0.45792057325414015, 0.14452465949664878
0.5651331166980218, 1.2552653026678036, 0.4449495248752995, 0.14701811578650614
0.5986545806966536, 1.130596444416373, 0.40261754418883267, 0.13147478870553372
0.6435208939057067, 1.0012508327097123, 0.3607552766418788, 0.11385111002840752
0.6906105695228322, 0.9261846327174621, 0.3124032538319459, 0.10750200839086885
0.7377572544324725, 0.8867476783753576, 0.2558729350138728, 0.0903559109273457
0.7445983695342341, 0.8043932457623926, 0.25227076855076397, 0.08817980006558698
0.6922068297132432, 0.9482838520981433, 0.3090059485386425, 0.10618739929328289
0.6917507553731258, 0.8507612237982763, 0.301119932541628, 0.10523615297496003
0.6663246109115786, 0.846957585148755, 0.33075627576312, 0.12071166744588485
0.7712217091385896, 0.7528485789812018, 0.22795321278072758, 0.08515573366076115
0.7363320221196055, 0.7886051586907971, 0.26487110799839453, 0.0978175167912702
0.7655207798871216, 0.7056429205296365, 0.23993351470427846, 0.08883334076898362
0.7896927199133459, 0.6353592717135322, 0.22026771949498059, 0.08623323972327585
0.7782338521178952, 0.6353657827399075, 0.21063894785903123, 0.07983591198674536
0.7737871273017501, 0.655977406779884, 0.21093680300379436, 0.08094373450070204
0.8251524998574767, 0.5597618490194826, 0.17631213751496194, 0.07682016920130444
0.818710449803318, 0.5943596830846305, 0.17915645390100868, 0.0728494754650266
0.7800011401858503, 0.6327774152139515, 0.22506011173662185, 0.09139888450458607
0.8381506185508237, 0.5358038586464811, 0.16731506640294536, 0.07078478736033629
0.8306253919388861, 0.5356859890073645, 0.16709334654942698, 0.0708738777216589
0.8727552591072345, 0.45392186475101004, 0.1253225396237945, 0.060209576237509416
0.8474431332307166, 0.49618308607430045, 0.15228330666680523, 0.0676020140580168
0.8109001767288068, 0.5327117110790882, 0.17579732200985107, 0.07451414798915533
0.8800524485491135, 0.4343587583723404, 0.11683715826433332, 0.05881298777936896
0.855025369135169, 0.48411829348711005, 0.14434454398614435, 0.06510955390731488
0.8223590445242575, 0.5499869714263349, 0.17566988324113475, 0.07277916540935946
0.8398038880337495, 0.4785700202205826, 0.15250974728256814, 0.06651377409700508
0.7997833646884442, 0.5680530089952625, 0.1934263671952795, 0.07806874649002783
0.8675674134883986, 0.43767225307760055, 0.12744127617881076, 0.06153744016661017
0.8059973775725443, 0.5360929752873861, 0.18557582237256104, 0.07860735144179819
0.861809474944416, 0.4370296466850319, 0.13084322243066038, 0.061592227861652436
0.834901088877487, 0.5069613634433954, 0.16235764251402732, 0.0693441548598936
0.850578644319024, 0.47610771330161494, 0.14891125470021407, 0.06592037796623802
0.844877715067556, 0.48270873462265607, 0.15090708307387807, 0.06938045456671096
0.8790832905763639, 0.39065567927665096, 0.12258598400955076, 0.06173665681897487
0.8858103870930962, 0.38161794884656736, 0.10969042625527615, 0.056962066627629065
0.8931645858274899, 0.3592722593107913, 0.10189795769602052, 0.05402126370915611
0.8883187959637421, 0.36882125190481757, 0.10906054621891323, 0.05611344776845747
0.8783421697736731, 0.39615243427080066, 0.11951460923186932, 0.0597587562156201
0.8828459038823329, 0.3871116776967485, 0.10999831539602141, 0.055310153439954275
0.876403853828174, 0.40390984225603205, 0.12024725826514444, 0.05780214473619608
0.8856393592155521, 0.376093794812981, 0.11188285248421817, 0.05749565074692026
0.8984664500313551, 0.34199319111631293, 0.10226471907709217, 0.054609874618530466
0.8816487087395245, 0.37498558718566405, 0.11533664692376668, 0.057953134506463166
0.9061627045208369, 0.32367814806527884, 0.0934013650312337, 0.051579384989018734
0.8693347015563537, 0.39082338688749163, 0.12565978768545735, 0.06016254110909221
0.894760846017901, 0.33313273675337446, 0.10360457111725355, 0.0553341979105771
0.8555384527678012, 0.41290999266752515, 0.1380254108929013, 0.063979738633283
0.900974858902001, 0.3236869648524926, 0.09470664477732091, 0.0526709956322476
0.8909412234194174, 0.3510336856212329, 0.10121341811138947, 0.05439491565531454
0.8801664671341428, 0.3652381671919692, 0.11183660288968478, 0.05630724722626975
0.8627786329171655, 0.41242156480550507, 0.13780200500472478, 0.06464248730567483
0.8987514964939285, 0.3263804293038922, 0.10474396885757332, 0.05398483066290455
0.8746365657602189, 0.3675445252434281, 0.11494099605065308, 0.05608773574238345
0.8842141269026851, 0.3388948142212094, 0.11018820615290473, 0.05519822288715784
0.9088991505615416, 0.3022433461262727, 0.08806765639662723, 0.049957399164967844
0.8852402941679494, 0.3627124629419606, 0.10949530821511695, 0.05756266020936297
0.909697280656747, 0.2909675093642949, 0.08589232608896552, 0.049401305065514406
0.8970982270110028, 0.319069869677834, 0.09815601090103707, 0.05317701022023789
0.9147140983980389, 0.2895189205740845, 0.08235585552422457, 0.04941383976728322
0.9118636337723048, 0.30120685502647343, 0.08397551846587704, 0.04945971036239124
0.9017729889972066, 0.31197971341546715, 0.0925609707457993, 0.05189370120827011
0.8750356308078217, 0.3695408554954396, 0.11761636092045824, 0.05679465375743293
0.906675788153469, 0.2949508633258039, 0.08730031035452201, 0.048294694203715564
0.8592440567812554, 0.40110352072119543, 0.12821341138749706, 0.06071587307732743
0.8654010603728408, 0.3738838604275791, 0.12571408552954527, 0.05921218523467307
0.896870189840944, 0.3207411090707326, 0.10312729435147178, 0.05396354531113752
0.9016589704121771, 0.3069459125768726, 0.09838117601614052, 0.05229174205878551
0.8853543127529787, 0.34047663932304995, 0.10834248863206572, 0.056764323892818574
0.9074169089561599, 0.29981945066149496, 0.086396374114411, 0.049058650797718754
0.9011458867795451, 0.30563088121690163, 0.091439481447802, 0.04970548352294121
0.9132318567926572, 0.27391850980229154, 0.08802490305562084, 0.048840282376947625
0.9242916595405051, 0.24895293372385435, 0.074029033737113, 0.044631673000067235
0.9154552192007297, 0.2741319933386486, 0.08192943194563909, 0.04826511553539621
0.916652414343538, 0.2733720477073017, 0.0824820735679163, 0.04816933456532515
0.9237785759078729, 0.2479393602916393, 0.07448565180661455, 0.04548770676975104
0.9073028903711305, 0.2778950157319384, 0.08633122096728353, 0.04899280034360443
0.9257739011458868, 0.2374246581593476, 0.07209823741097478, 0.04386439164383789
0.9234365201527849, 0.25227791221994306, 0.07251794206070335, 0.04650382575555542
0.9179066187788609, 0.2582432798180338, 0.0791573127397865, 0.04681958526278283
0.9291944586967675, 0.2378475537459576, 0.06913688300314524, 0.043193919276332024
0.9090131691465709, 0.2765906321016139, 0.08281345351872917, 0.0489515888887658
0.8952169203580184, 0.30353684096269407, 0.09088066974886193, 0.04938022675289868
0.9181916652414344, 0.2518759561385651, 0.07950974357477515, 0.044901755492958904
0.9302776352545465, 0.23044811739870527, 0.06638211689522538, 0.04270527983746341
0.9204150276495069, 0.2557005974348692, 0.07642554275511194, 0.04541976480748963
0.08864944986032723, 2.300572195385291, 0.9244518941474972, 0.459873005887133
0.09953822473063109, 2.298708694404292, 0.9191641500338066, 0.4783457209172691
0.09321019326150162, 2.317634281869639, 0.9197676205561196, 0.48526358996315705
0.11721110541018186, 2.507227292817115, 0.8674778888087279, 0.4667581152252967
0.11099709252608175, 2.4307161972668307, 0.8978090329037155, 0.4877545447659969
0.19679607776067498, 2.457105892922817, 0.7731795440599388, 0.3048405490129136
0.1080326093153184, 2.6717218693778397, 0.8760831773185995, 0.4733668656167982
0.13055127985861695, 2.50426356075536, 0.8745568988494691, 0.42939488497212097
0.1298101590559261, 2.426223527704879, 0.8783992056443723, 0.46098677644506564
0.33589875149649395, 2.0975674579858605, 0.6766225661962382, 0.2087767348559547
0.35226041844820705, 2.045513202921707, 0.6579396394487802, 0.21991955138240052
0.22980445812667466, 2.0610132042749068, 0.7666934136225219, 0.3431008775303828
0.4106379339832393, 1.7589696552257201, 0.5905596923758056, 0.1735540902898542
0.4741462858445927, 1.6381432702614613, 0.5342159686204689, 0.15221684544476838
0.46821731942306594, 1.5923808256219305, 0.5461125250413132, 0.1611117917478687
0.36765292742717065, 1.7247198709865421, 0.6196562755857814, 0.23673671997175966
0.3930220625962032, 1.711367492253688, 0.597757333984146, 0.2209438644628556
0.55475742546035, 1.3010086610099452, 0.4424776176447033, 0.13361635739291688
0.5438686505900462, 1.371491384997409, 0.4676625757852805, 0.13152743339559264
0.5548144347528647, 1.3297846363691204, 0.45183355430954636, 0.1284821023915855
0.5458069665355453, 1.2724184455183007, 0.4607174315281655, 0.13780254956294377
0.5723732968473861, 1.2365618995450562, 0.42348724543467, 0.12661079966363994
0.6451741633886323, 1.0752068572933533, 0.35535882885353515, 0.11546312868590963
0.6285274499743458, 1.1079445267004309, 0.3742910818341673, 0.11017013080032073
0.6490507952796306, 1.0958607475317963, 0.3437954487836663, 0.1154953943559221
0.6465993957014994, 0.9345005304196832, 0.3569127960284518, 0.11637589892887064
0.7120460635083519, 0.8326814949927039, 0.2967640011733402, 0.10020927056401555
0.6777834787070293, 0.8809731091086439, 0.3255490650873288, 0.10864197541815819
0.7347927712217092, 0.7824471042017419, 0.2455626804236762, 0.09038078057334524
0.7603329342682857, 0.7283497156723879, 0.2404589093293491, 0.08872743032238162
0.6894133743800239, 0.8575079118458421, 0.30589312217814973, 0.09914377070138299
0.6941451456587424, 0.8598073513803658, 0.29277749209626136, 0.10003917367926883
0.6638732113334473, 1.004212356529878, 0.33680980760956175, 0.12026137622855268
0.6761302092241035, 0.8827461559490194, 0.3222604650336264, 0.11008980509227179
0.7692263839005757, 0.7063266632898042, 0.22824837127869504, 0.09046089093328036
0.7891796362807137, 0.6913828392639513, 0.20519039988996415, 0.0806917484660784
0.8083347585656462, 0.6570812230433303, 0.1900116848109575, 0.0765008576262825
0.809075879368337, 0.6184050943966868, 0.19234229189229293, 0.0770864699794106
0.8077646656404994, 0.6031655679278971, 0.19107081935457082, 0.07814593715421504
0.7330824924462688, 0.6981799536062414, 0.2669344633425665, 0.10212151550396216
0.8180833475856565, 0.5938486919702408, 0.17952090431425535, 0.07275563717028992
0.7550880793569352, 0.6672925130677787, 0.2294301931070093, 0.08544562561194294
0.8339319309047375, 0.5380296303082979, 0.16527955613848316, 0.06938986312081863
0.8272618436805199, 0.5599289198477877, 0.1732079517083981, 0.07372010855038841
0.8392908044011174, 0.5248354700741263, 0.159387443085331, 0.06880974141215686
0.8067955076677499, 0.5846859592036263, 0.19368824246158475, 0.07874825197015724
0.8272618436805199, 0.5513946031791868, 0.17070368897258809, 0.07128030152980362
0.8173992360754803, 0.5631694155910065, 0.1877327642422053, 0.0753390707606286
0.8287440852859016, 0.5460983744643144, 0.1669449497456401, 0.0717156268668635
0.8663702183455904, 0.4536439651755785, 0.12914422452103122, 0.06185947164338461
0.7947665469471524, 0.5938690670031752, 0.19995397690120797, 0.07543513654236034
0.8058263496950003, 0.5532745238714883, 0.18993062885638504, 0.07525889602178441
0.8478421982783194, 0.46847639141731356, 0.14768933909957976, 0.06515662433704492
0.7896357106208312, 0.5670835250506256, 0.1955560821602341, 0.07457557096997781
0.8107291488512628, 0.5484650134328607, 0.18626467452927753, 0.07796109181510867
0.8282880109457842, 0.4902541244409271, 0.1612953835102287, 0.06800732655191162
0.8002394390285616, 0.546923845884609, 0.19083515364269124, 0.07498908513528871
0.8659141440054728, 0.4405334052990224, 0.13355604750255812, 0.06270789473744083
0.8553104155977425, 0.4598439253453893, 0.14507530668165772, 0.06664276483906285
0.8473861239382019, 0.438584764164337, 0.1398045858906497, 0.06275159581601221
0.8200786728236703, 0.5152072391672416, 0.16673971032879603, 0.06925125497211593
0.8296562339661365, 0.47797815804416205, 0.16006071168541688, 0.06870244919427303
0.8799384299640841, 0.37908417609088657, 0.11686975137715166, 0.05867084482650928
0.8496664956387892, 0.45138487322280324, 0.14046323466721788, 0.06332238227044179
0.8969271991334588, 0.3523376515061581, 0.10267379957625378, 0.055165047105082514
0.8826748760047888, 0.38093395911301653, 0.11752867207295294, 0.05854947569987817
0.8565076107405507, 0.40928604599047497, 0.13234067957775653, 0.060346512612102214
0.861809474944416, 0.409074781295065, 0.1306620755884101, 0.06101115972788845
0.8994356080041047, 0.33386232911334723, 0.09652673820038919, 0.051873678090926315
0.8411151017615871, 0.4419827191268768, 0.14843090710683238, 0.06444616726136486
0.854683313380081, 0.4434292625535408, 0.14095286166488244, 0.06388078953433209
0.8749216122227923, 0.3902022962105595, 0.1196620280921665, 0.05739349881892718
0.841685194686734, 0.4398291648118414, 0.1456000236512864, 0.06311555905945974
0.8785131976512172, 0.3779988238510936, 0.11475863691629762, 0.05587702329124963
0.8704178781141326, 0.38588530392671716, 0.12460872056383465, 0.059555136582783046
0.890656176956844, 0.34934879980532996, 0.10547895779872482, 0.05433490082826582
0.8969271991334588, 0.34136009263438183, 0.10007181665499401, 0.053162169331070916
0.9025141097998974, 0.32051431510913403, 0.09338342999954953, 0.05107053490861395
0.8996066358816487, 0.31872088398003945, 0.09895283016329995, 0.05386036396244184
0.8871786101134485, 0.3356842483092752, 0.10367782092506789, 0.054538437325290436
0.9042243885753378, 0.3100822701791163, 0.09365449527680766, 0.052764764457496935
0.8894589818140357, 0.34902376397353835, 0.10616752848704479, 0.05566579925711879
0.8879197309161393, 0.3511625306704817, 0.10762142616491843, 0.05458728687264685
0.8671683484407958, 0.3772606085463794, 0.11794603609890988, 0.05841490633270768
0.8928795393649165, 0.32504509285237937, 0.10196441245827105, 0.05442077481869278
0.9070748532010717, 0.30628819949453073, 0.09236378484253635, 0.05158064096598273
0.9000057009292515, 0.32806483818886617, 0.09764668142299024, 0.05271564116246503
0.8716720825494556, 0.37163392821890595, 0.12147456931931246, 0.058107476509706164
0.8775440396784676, 0.362382465014331, 0.11167885310093233, 0.05487930605007816
0.9003477566843395, 0.3070969705636462, 0.09648753233726014, 0.0522765610327539
0.8930505672424606, 0.3292634277019358, 0.1028789665135598, 0.053914020791614926
0.8726982498147198, 0.3539559476659258, 0.11538881085292191, 0.05671076405853322
0.8848982384128613, 0.334552524467104, 0.10606487437132792, 0.05430843776466265
0.8857533778005815, 0.34275893987318307, 0.10615783923489579, 0.053135509667124145
0.912205689527393, 0.2805321195540756, 0.08523237687181212, 0.05217736651072266
0.9127757824525398, 0.2823896380586173, 0.08396905393632469, 0.04920716192805794
0.8961860783307679, 0.3174636745975865, 0.0993422422382846, 0.052999778416350625
0.920757083404595, 0.26205268058598863, 0.07731283228195404, 0.04660201338149859
0.9104954107519526, 0.2793273478088446, 0.09087991395113142, 0.05141345723218367
0.8991505615415313, 0.31863184788821264, 0.10090229894282504, 0.05458436212944427
0.8998916823442221, 0.3107083614736753, 0.09840000876340364, 0.05273298405710136
0.09617467647226498, 2.304600636069203, 0.9054827404174608, 0.33986015890760934
0.17872413203352147, 2.2974004376254693, 0.8116337523996059, 0.33731032581265114
0.1664671341428653, 2.32698456965547, 0.8493493821960787, 0.3830817588047094
0.10871672082549455, 2.3907890227601993, 0.8766622394791797, 0.4738959177169776
0.14417650076962546, 2.344728748227911, 0.859610281011941, 0.42072215305229704
0.1715409611766718, 2.3130046892897393, 0.8421009200894108, 0.3120262633722749
0.27706516162134426, 2.124314672182648, 0.7309401953477849, 0.2314914577310542
0.31315204378313666, 2.0353508474454256, 0.6980759860647575, 0.2269609261398543
0.1315774471238812, 2.29033350404404, 0.8743694475829481, 0.4264458981468157
0.25015677555441534, 2.1831041365601944, 0.7584504427553844, 0.3069011503759407
0.2962772931987914, 1.9944271949336436, 0.7257280448281285, 0.2655377105621444
0.43081922353343594, 1.8510406708732297, 0.5874347910467956, 0.18394950711572566
0.495638789122627, 1.6412489044102898, 0.5349371023467295, 0.16746174631117394
0.49695000285046464, 1.4774476579871976, 0.5034769734981509, 0.15838254161890794
0.5383387492161222, 1.38663153935577, 0.47008887504917607, 0.14096186471976266
0.5469471523858389, 1.380842162949976, 0.4319459167420797, 0.14074519820260456
0.5568097599908786, 1.315528490849221, 0.4429874017597814, 0.13032633477009672
0.5766489937859871, 1.3568741078150055, 0.4018291111478437, 0.13595339897377332
0.5743686220854, 1.187035648036381, 0.4364661257452657, 0.14286340843306988
0.6296676358246395, 1.0849931950216711, 0.3669451101092146, 0.12531123788236578
0.6138760617980731, 1.098735420278524, 0.38701861285377404, 0.12602722617379597
0.6532124736332022, 1.02225848374758, 0.35376335815665505, 0.12314692968895652
0.7446553788267488, 0.881522996889815, 0.23696710886536707, 0.09293253793952395
0.7386123938201927, 0.7987884110319023, 0.2523817343180717, 0.09039110463171042
0.7383273473576193, 0.8700115535532684, 0.2525688045019899, 0.09094994273977561
0.7236189498888319, 0.8166016392747691, 0.26703335248319265, 0.09605389267446922
0.7872413203352147, 0.7246477457941968, 0.20227286684132317, 0.0796607343137372
0.7968758907701955, 0.6703220724258426, 0.19444668090902412, 0.08089826637548506
0.7753263781996466, 0.6990571277564692, 0.2178799925114066, 0.09038721365582511
0.7329684738612394, 0.7751412403190376, 0.24676154358187521, 0.09105084217856563
0.7720768485263098, 0.6436152105178196, 0.2161424481307281, 0.08198542479435458
0.775953480417308, 0.6317730412923644, 0.2168782206515944, 0.08058577934202789
0.7760104897098227, 0.6205630773353168, 0.20955674500516286, 0.08320167202037004
0.8322216521292971, 0.5591960096808556, 0.1611265660471575, 0.06982991823062805
0.7545179864317884, 0.6858394119240127, 0.23251706454139903, 0.09069337913320644
0.7826805769340403, 0.6566367781216715, 0.210845749306882, 0.08416402821415707
0.6907815974003763, 0.8089424056634897, 0.286539849662182, 0.10874089214479916
0.737130152214811, 0.7046808290037425, 0.24685774341340713, 0.08812490886911065
0.8155749387150105, 0.5283438089090181, 0.17115456012517793, 0.07273280492169944
0.8315375406191209, 0.5034466708196531, 0.15535034798171832, 0.06832708091072882
0.8465879938429964, 0.5002591762654358, 0.15064629681870045, 0.06683562134016602
0.7935693518043441, 0.5704003550099186, 0.19096150386919142, 0.07678659080653519
0.8214468958440225, 0.4965610131961163, 0.16119456199848184, 0.07405618436157999
0.7845618835870247, 0.6481714256116939, 0.20896406772991896, 0.08434055775021568
0.8385496835984265, 0.4729987762008387, 0.1518245333503909, 0.06553131085809465
0.788780571233111, 0.5775569849831187, 0.19967954564492207, 0.07964385721236346
0.8484693004959808, 0.4938028146360745, 0.15306777149715087, 0.06798152553677475
0.8132375577219086, 0.4916204519553521, 0.1713016276912338, 0.07501801406134327
0.8140356878171142, 0.5066838135839642, 0.17084287987572883, 0.0725098397428174
0.8752636679778804, 0.408542257013064, 0.11658141745777645, 0.05820320122738729
0.8024628014366342, 0.5397045391884765, 0.18832009272961903, 0.07724290564454118
0.8703608688216179, 0.4245194553552471, 0.12808747245320604, 0.060376073575287
0.8760047887805712, 0.40387389486061026, 0.11744694781556272, 0.05818993194044931
0.8173422267829656, 0.4946749193639414, 0.17144530892798696, 0.07366337702548016
0.7996693461034149, 0.542662184777348, 0.18657555400127332, 0.08134622437326701
0.85040761644148, 0.43497272474020904, 0.1401757096169477, 0.06598709960352393
0.8526309788495525, 0.45526371801414434, 0.1396626191030667, 0.06496232681033956
0.8407160367139844, 0.4333098760637875, 0.14947008017142857, 0.06561440719850654
0.8888888888888888, 0.3755025437551285, 0.10823543649126735, 0.05567003502072013
0.8902001026167266, 0.36773032569842, 0.10710097192597434, 0.05671231336760086
0.8729262869847785, 0.40020580824946184, 0.12182054602194625, 0.05900282581910625
0.8192235334359501, 0.48536234371265413, 0.1630412576509129, 0.07047685420139961
0.8266347414628584, 0.48067142831134047, 0.1584361393570146, 0.06829402132781404
0.8067384983752351, 0.541850767232788, 0.18619395444129228, 0.07369399476568454
0.8644319024000913, 0.3803097947502531, 0.12786791814410203, 0.062282695157651176
0.8600421868764608, 0.38927958967096143, 0.12530472808256923, 0.05999913346097079
0.8919103813921669, 0.3610697436462029, 0.1067418845244235, 0.055552926774444185
0.8652870417878115, 0.4324107885350371, 0.12967995344007185, 0.06172651022322856
0.8448207057750413, 0.4192088582970634, 0.13563647767132134, 0.06459956785811458
0.8844421640727439, 0.356170240019483, 0.10869443212657974, 0.05655767049360696
0.8777720768485263, 0.3542676399499144, 0.11642727552102716, 0.059020477647815456
0.8505216350265093, 0.41200494597802473, 0.13530174913827006, 0.06590544788960562
0.8864374893107576, 0.3512147751725012, 0.1084936604847815, 0.05537930190996703
0.8873496379909925, 0.36588248474170104, 0.10989104222544378, 0.05588382853652826
0.8460749102103643, 0.4184546120343535, 0.13890668977126092, 0.06452073228083313
0.8234992303745511, 0.46805547181473006, 0.15725827556863714, 0.07001857363200667
0.8318225870816943, 0.4784451603489036, 0.1553989759907328, 0.06501415004022569
0.8503506071489653, 0.400203452180269, 0.1305163767312887, 0.06147356593782557
0.8895159911065503, 0.34079490267845874, 0.10181496635563053, 0.05511012350213964
0.8833019782224503, 0.33414901200948777, 0.10196668402582691, 0.05354606358111524
0.9138589590103187, 0.2851460069500727, 0.08462982453088042, 0.048322116376678596
0.8806225414742603, 0.3532006357193395, 0.1131051025222967, 0.058858599329271455
0.9175075537312581, 0.28188677185441396, 0.08110562898441448, 0.048353950487864346
0.9110084943845846, 0.2956782816498372, 0.08487500720599135, 0.04934323160047972
0.9031982213100735, 0.2919308990721394, 0.0872674507015991, 0.04963523589638783
0.9144860612279802, 0.2769033755055246, 0.08095613351502795, 0.04887301156033792
0.9197309161393307, 0.27159189537333894, 0.07806326677085483, 0.04826976048809335
0.8991505615415313, 0.2986697948709367, 0.08955653772913626, 0.051226931791349906
0.9098112992417764, 0.27570585996304864, 0.08387354468605118, 0.049195782162529636
0.9100393364118351, 0.2751569803156412, 0.08331894630680617, 0.048064133409892254
0.8772019839233796, 0.3453017174156245, 0.11502332161567363, 0.056442601406920555
0.8526879881420671, 0.3960637805980995, 0.1328724854725959, 0.062248661996421116
0.8457898637477909, 0.4267554214026391, 0.13142061484355416, 0.062234217380042985
0.9120346616498489, 0.26226295314598486, 0.08377320745128765, 0.049737931166268845
0.9075879368337039, 0.2783642017061137, 0.09160484843442958, 0.05037891617214513
0.9159683028333618, 0.2643685454397204, 0.07951085197182586, 0.04826724020828669
0.9027421469699561, 0.2944415739068028, 0.08971648851046991, 0.050760925484458805
0.9260589476084602, 0.2477568658380571, 0.0712819878777568, 0.044700204343611716
0.9149421355680976, 0.2638206857036291, 0.08074114258369913, 0.047884672151014926
0.9172225072686848, 0.2626671549381037, 0.08556356345278575, 0.05014073089741803
0.9217832506698592, 0.250758257041618, 0.07729057797300948, 0.04674257433896412
0.09577561142466222, 2.2985384206965946, 0.9176290485441103, 0.41546455414722994
0.10193261501624765, 2.3545812545293794, 0.9222453338186734, 0.49338567417738494
0.12177184881135625, 2.3575233706223178, 0.8893687458775688, 0.444676685046409
0.09953822473063109, 2.4089568697817003, 0.9191641500338066, 0.48140787992257505
0.30984550481728523, 2.301116476036669, 0.695638992514463, 0.22733337547774124
0.13990080383102446, 2.29868399058119, 0.8676658145901608, 0.4327161598323708
0.21646428367823956, 2.1739343544360503, 0.7891754382767084, 0.34680173539757014
0.35573798529160255, 2.0391691833399808, 0.6620831221508737, 0.21130364986829836
0.25426144461547234, 1.9050767251209837, 0.7490205004641665, 0.29429124669526247
0.34638846131919504, 1.8127441997641163, 0.6657312032739998, 0.22117562361089838
0.4113790547859301, 1.69402179665824, 0.5780694698907795, 0.17499718584710858
0.49660794709537653, 1.5585142282733935, 0.49028199913829623, 0.15462927081721087
0.5007696254489482, 1.3969799149003106, 0.5053484424189919, 0.14860303056544605
0.6035003705604014, 1.2455126712687319, 0.38660928393551913, 0.13026313198528489
0.5879938429964084, 1.1733639082511877, 0.42053082287004423, 0.14510244881747672
0.5930676700302149, 1.3060502568418586, 0.39360621933020057, 0.13544079171036214
0.6153583034034548, 1.0950902091809325, 0.3820758712813117, 0.14010279055180136
0.7089675617125591, 1.0000931059015796, 0.27266347077075614, 0.10011833186261127
0.7222507268684796, 0.8894070473154857, 0.2723324059101254, 0.09255191190818657
0.6830853429108945, 0.8806829171111983, 0.3118290523828316, 0.10734639613378061
0.7822815118864375, 0.7788276017887903, 0.21617118919718517, 0.08357688436204805
0.7405507097656918, 0.8170223476607423, 0.2543977183160911, 0.08858907356257965
0.7016133629781655, 0.871623982935906, 0.2944927751780197, 0.1037932711828275
0.7530927541189214, 0.7597864969018107, 0.23369191819711374, 0.09205099616488685
0.7313722136708284, 0.7399452633129548, 0.26032338708423103, 0.09780446685056493
0.7815974003762614, 0.6822007802147226, 0.20328010855151576, 0.07866474817741755
0.8123254090416738, 0.5905207718475795, 0.17664855011170622, 0.07275840193247204
0.7897497292058605, 0.6018940510580715, 0.1984098492824872, 0.08026173948078037
0.7784618892879539, 0.6203475922159649, 0.20755544261552608, 0.08518551428797806
0.8601562054614902, 0.5054495152572148, 0.13518125163901748, 0.06333150926649109
0.8274898808505786, 0.5612013788565592, 0.16679416930331672, 0.07300096303077033
0.7744142295194116, 0.6232503861319022, 0.21345682320802223, 0.08273809752562263
0.811926343994071, 0.543574607509033, 0.17276847512495602, 0.07178590120662356
0.7884385154780229, 0.6169752098045355, 0.20549767858107518, 0.0799076547334525
0.8041730802120746, 0.5596389308087385, 0.17755808553104, 0.07287890007242857
0.8401459437888376, 0.515992560481564, 0.1563630236863868, 0.0674542659352185
0.857533778005815, 0.4634533197359444, 0.14492883268796625, 0.06733345125109727
0.795735704919902, 0.5455956492205825, 0.19239748870369147, 0.07764495845342115
0.7813693632062026, 0.5857964802504545, 0.20486207366033504, 0.08097089598206543
0.781141326036144, 0.5864425305283268, 0.20400645226295747, 0.0813593665558502
0.8442506128498946, 0.4700669757537083, 0.144969980553648, 0.0660933193071585
0.8854113220454934, 0.40290543437726833, 0.112095985017929, 0.05749529659364642
0.8581608802234765, 0.44096613479465446, 0.1388627129656115, 0.06550677213299204
0.8477851889858047, 0.47636372918701847, 0.14854852650989064, 0.06649186972865757
0.8349580981700017, 0.45845740613367836, 0.15620286972374006, 0.06926786893525474
0.8614674191893279, 0.4410648811904552, 0.13668813828796422, 0.06448424745941683
0.8175702639530243, 0.5218295555331459, 0.17985392225324726, 0.07572581073480532
0.8760047887805712, 0.39347705874747846, 0.1227731828359391, 0.06043055844386096
0.881021606521863, 0.3788230904457502, 0.1110275782132433, 0.0566425088793878
0.8357562282652072, 0.4614529556501715, 0.14886798635240298, 0.06786155760159232
0.8749216122227923, 0.3902925401654996, 0.11848430106372052, 0.05846286320353451
0.88512627558292, 0.36950830430635323, 0.11155904419151787, 0.05654229385864073
0.8443646314349239, 0.4457261702143823, 0.14032153670990577, 0.06726303226570914
0.8761758166581153, 0.39544505005856667, 0.12057228141043032, 0.059893646079982606
0.841685194686734, 0.44596546566120054, 0.14910046471824992, 0.06772943592147242
0.8503506071489653, 0.4291046335905634, 0.1391662700646566, 0.06336219786041211
0.8924234650247991, 0.34858466495235374, 0.1028887259215034, 0.05391972976110955
0.8389487486460293, 0.45179764171273534, 0.1504174471641696, 0.06574450845688845
0.9064477509834103, 0.31781642539535926, 0.09192868180094386, 0.051599867426286396
0.8456188358702469, 0.4229072312221399, 0.14116702509402565, 0.06376532907989758
0.8565076107405507, 0.4074290862958455, 0.12980879548448568, 0.05995350207053801
0.8668833019782225, 0.3764210834625595, 0.12001957752177272, 0.057800590911690326
0.8969271991334588, 0.3264176529686919, 0.09910172667111976, 0.05308879448769927
0.8756057237329685, 0.36148945333259963, 0.11016308088114395, 0.05556941070646032
0.8907701955418733, 0.34229711828293313, 0.10449706383873333, 0.05418959204035668
0.9028561655549855, 0.3061754294274204, 0.09090217190516277, 0.0511913310096878
0.900974858902001, 0.31920315279957673, 0.09918151994831577, 0.054989734742413025
0.9121486802348783, 0.29522263242008145, 0.08486522642706254, 0.04982527958926987
0.896870189840944, 0.3224539655899808, 0.09818022138566591, 0.0549247999229121
0.8643178838150618, 0.3795667122946429, 0.12598978237493538, 0.05858748689456649
0.8734393706174106, 0.3586471190796723, 0.11618210200305185, 0.05637076422283308
0.8412861296391312, 0.4381071875490409, 0.14539166454241237, 0.06391828152051539
0.8768599281682914, 0.3552924696527074, 0.10541849223029966, 0.05569236761386744
0.9071318624935865, 0.2925456370725977, 0.09540755823162352, 0.052583889135017776
0.918077646656405, 0.27243283745121827, 0.08063599191771648, 0.04982585171122583
0.9178496094863463, 0.2656505772988293, 0.07945818188233339, 0.04733554124912457
0.8990365429565019, 0.310985963990884, 0.09420812727466572, 0.05105344095809993
0.8933926229975486, 0.311274469763257, 0.09747447961665882, 0.05251424346368713
0.918248674533949, 0.27076085824762036, 0.07983680749373606, 0.048221067491579256
0.9062197138133515, 0.2891924104810962, 0.09145684767870184, 0.05174737728341754
0.8976113106436349, 0.299887132359456, 0.08989420194006734, 0.049769304193824276
0.908101020466336, 0.27725528885939943, 0.08552698604240629, 0.04948788695485154
0.9238925944929024, 0.25025860997849675, 0.07503643623470213, 0.045908575644392775
0.8971552363035175, 0.29809727108063383, 0.09262282701813523, 0.05262501784265334
0.8699618037740152, 0.35854508640312843, 0.11625991738362824, 0.05661589429532366
0.8982384128612964, 0.3027296894848647, 0.09131858779225517, 0.049388146624703734
0.9106664386294966, 0.2819607870253696, 0.08404910049554587, 0.0487230959941586
0.8877487030385953, 0.3319675996562856, 0.10870057471640948, 0.056725749773915944
0.8800524485491135, 0.34487496774906634, 0.11360647630481548, 0.055660189473891085
0.8822188016646714, 0.3352429956903969, 0.10500043595162455, 0.05372042027787088
0.8720711475970583, 0.357006347970599, 0.1110983582414025, 0.05545290006096511
0.9171084886836555, 0.2601130281815331, 0.07618504157839497, 0.046393356478957086
0.9185337209965224, 0.25748165192325273, 0.0769935805165802, 0.04707342540678227
0.9053075651331167, 0.2834831553978921, 0.09224130491052426, 0.052705429301971224
0.9178496094863463, 0.2535806679166376, 0.08024193515805184, 0.04893930577712278
0.9209851205746536, 0.2528231972690728, 0.07404721626642502, 0.04532446211042342
0.9194458696767573, 0.2470044528015794, 0.07701082630298492, 0.04659863532837599
0.8829029131748475, 0.3377817413598514, 0.10594191836366347, 0.054229835879315826
0.920928111282139, 0.24699747592735763, 0.07819083882216409, 0.046305237990272315
0.9181916652414344, 0.2532909849160621, 0.08201808869603992, 0.04616933277181843
0.9130608289151132, 0.2621123119863247, 0.08653525686860794, 0.04935438249129225
