acuracia,loss,frr,fpr
0.09380825565912117, 2.3040032824250893
0.12723035952063916, 2.31613239010228, 0.8568986697030618, 0.309986505467132
0.09933422103861518, 2.7017803941522236, 0.9184179034232867, 0.4876620441800177
0.10126498002663116, 2.7168020797474246, 0.85339999363446, 0.45150999952197773
0.09973368841544607, 2.6136723986557735, 0.8948682254877621, 0.4550980515836019
0.10126498002663116, 2.479261499119503, 0.85339999363446, 0.44935157731739067
0.09973368841544607, 2.474907003928437, 0.9219208684249114, 0.47740165050189015
0.0988681757656458, 2.3893766952497506, 0.9143502308970638, 0.4741189356972722
0.0988681757656458, 2.5672426698488815, 0.9143502308970638, 0.47332029654537827
0.10399467376830893, 2.7062522377853546, 0.9096392297307854, 0.424180595340935
0.09973368841544607, 2.964937665669642, 0.8948682254877621, 0.4546148564530359
0.10179760319573901, 2.593788033969869, 0.8532251396863744, 0.44480329066260793
0.10099866844207724, 2.405553410858035, 0.8919903708967125, 0.410905614151585
0.15545938748335553, 2.565276537801867, 0.8525332991182569, 0.30100691315676503
0.1203728362183755, 2.420901238561153, 0.9079693985462539, 0.3340184903638979
0.1573901464713715, 2.3433980606605465, 0.791761671544243, 0.28416085766526283
0.17509986684420772, 2.2809799739825585, 0.8266660273580103, 0.22708587329846047
0.10126498002663116, 2.8581634499023503, 0.85339999363446, 0.44950069755910393
0.09973368841544607, 3.0303727986452267, 0.9219208684249114, 0.4760668959470839
0.09953395472703062, 2.945860472555643, 0.9182922496878021, 0.4706214338576823
0.13988015978695073, 2.798456412776015, 0.881567568269312, 0.2588280363796438
0.13275632490013314, 2.394732585021564, 0.8934304259910921, 0.3102409292708959
0.118508655126498, 2.650533625630342, 0.9059833727424812, 0.3684575460048654
0.09946737683089214, 2.4004121425862954, 0.918318642339543, 0.481761877917698
0.1607856191744341, 2.2534671909164654, 0.8660206059293668, 0.27507584537399754
0.13235685752330226, 2.4625491163225846, 0.8935869743661854, 0.3104431951553182
0.10492676431424768, 2.525023555934191, 0.8900327855719111, 0.40784430669181865
0.12802929427430093, 2.4912208745149416, 0.8503169233291119, 0.2952366028111559
0.17223701731025298, 2.29409208619166, 0.8537249022600559, 0.2689317103594602
0.09933422103861518, 2.502539308831473, 0.9184179034232867, 0.4703353992084629
0.13362183754993343, 2.2425272008074266, 0.8835936363995226, 0.2974236513129725
0.10179760319573901, 2.3520640816772667, 0.9118598298949722, 0.4377791452537317
0.12430093209054593, 2.544342940244154, 0.8939151994344418, 0.348147225587734
0.18828229027962717, 2.438480668692551, 0.8233475804679672, 0.2375599242966048
0.17563249001331557, 2.397578521035165, 0.8500346615846394, 0.2469948437056188
0.13229027962716378, 2.3485689130111953, 0.89925537555433, 0.3233514339419626
0.10093209054593875, 2.3080783109571263, 0.8731541760289488, 0.45685934870694717
0.15459387483355527, 2.2716470240197393, 0.8619618437072986, 0.3030925356755381
0.1196404793608522, 2.6292616868900076, 0.8995108275280742, 0.3772665918795861
0.13901464713715048, 2.9418132473046232, 0.8799390426786942, 0.32109323884746893
0.16245006657789615, 2.2720220600161825, 0.8291202112650913, 0.26242443898756707
0.14980026631158455, 2.2893260450083788, 0.8768471355951236, 0.2830558919841444
0.17323568575233023, 2.284259357290484, 0.8297374096908993, 0.23006628104520666
0.12756324900133156, 2.78404358059525, 0.846706071400749, 0.32107339268382845
0.13195739014647137, 2.4768127401564, 0.829807550957634, 0.3226052997099364
0.14447403462050598, 2.36716056087125, 0.8394827365351522, 0.29434219927480065
0.1270972037283622, 2.405863537666166, 0.8977918762041311, 0.31811552821472683
0.10545938748335552, 2.409556563724373, 0.9109002782065222, 0.4609015225981528
0.15479360852197072, 2.306903256922365, 0.8526628438827119, 0.2507028460510885
0.16225033288948068, 2.5470581164928316, 0.8454369225758761, 0.2523440281347256
0.11577896138482024, 2.384857816924744, 0.8914462167504658, 0.3265892842314503
0.09913448735019974, 2.5517747593386355, 0.9142389984062932, 0.47018741297790884
0.09933422103861518, 2.961382028599395, 0.9184179034232867, 0.47282124826323363
0.10239680426098535, 3.0730756664918997, 0.8524905716417837, 0.44088324246908445
0.14786950732356857, 2.4045890696991616, 0.8460871719277374, 0.2674055906578116
0.1025965379494008, 2.5783362470438256, 0.9155803261216972, 0.4472228866877855
0.09946737683089214, 3.1081265318211164, 0.918318642339543, 0.4749155417780302
0.1515312916111851, 2.3225048437734417, 0.8220258365723555, 0.30194119509438044
0.14460719041278294, 2.5592620868101896, 0.8703809263046136, 0.2526692923743822
0.17463382157123836, 2.4097699707579836, 0.8672061588178687, 0.24443942941981373
0.21158455392809586, 2.288231363710011, 0.8278596400447589, 0.19630753654911584
0.13462050599201064, 2.6376347339978707, 0.8734645351781484, 0.30566301903949533
0.09986684420772303, 2.8095167997872306, 0.9181626644955929, 0.46648125445768607
0.13908122503328896, 2.499611924646221, 0.8235323894994764, 0.33735784612554826
0.19127829560585885, 2.146118522452292, 0.7976868894845035, 0.22256009552909983
0.10525965379494008, 2.918046636591739, 0.9117481002342861, 0.4618090605917156
0.15479360852197072, 2.2468695371549394, 0.8144378199921323, 0.26688063707340653
0.15805592543275632, 2.6034873598901314, 0.833223073421989, 0.2565871025939152
0.17237017310252997, 2.448218968927305, 0.8000177899403611, 0.2548580824676212
0.10126498002663116, 2.4288281703439756, 0.85339999363446, 0.44920156597927596
0.1077896138482024, 2.6247877580744925, 0.84713952715057, 0.4482037691622528
0.11524633821571238, 2.5927995744542023, 0.9026472615449793, 0.37695497877970124
0.10832223701731025, 2.9681781260373588, 0.9050423911698414, 0.345869424671027
0.10159786950732357, 2.7126312085696447, 0.8531604379221001, 0.44716755412511083
0.15226364846870838, 2.292565082805293, 0.8692046982703561, 0.2724212374909619
0.1452063914780293, 2.565127511983229, 0.8826869582943105, 0.3493421755555206
0.14174434087882823, 2.4135196493802153, 0.8920768785319245, 0.2854526250031066
0.1418109187749667, 2.7091184159172834, 0.8879055400475003, 0.27324033803888487
0.1492676431424767, 2.496424619732462, 0.8183314787528398, 0.305625998062624
0.11138482023968042, 2.414539150427407, 0.899578252334884, 0.4531395741952559
0.0988681757656458, 2.463388328545897, 0.9143502308970638, 0.47371409071163945
0.17842876165113183, 2.3126917436421315, 0.8450467341696587, 0.23565893376284208
0.1695739014647137, 2.786384266106965, 0.8260590833225575, 0.2524082099420966
0.15073235685752331, 2.359894561180262, 0.8763794623652226, 0.2805219325532598
0.1637150466045273, 2.384348575967288, 0.8107902585202963, 0.25286911951137075
0.17103861517976032, 2.1943943176542553, 0.8384204717737359, 0.24871947997389757
0.15712383488681758, 2.2596817315735924, 0.831910761388599, 0.2978294210275631
0.19061251664447404, 2.3572695776165404, 0.85080502885573, 0.23009694826957677
0.18914780292942743, 2.2918987664576376, 0.8147777379529175, 0.22887471832734355
0.18362183754993341, 2.348094242787393, 0.8130900491967573, 0.26515233400703414
0.17976031957390146, 2.3031227384283444, 0.8399531773827168, 0.2520478961818663
0.10905459387483356, 2.4578614303854587, 0.9068120956764685, 0.40151405914940286
0.1892143808255659, 2.3447595240828516, 0.7908066266855853, 0.22972779297479812
0.13249001331557922, 2.4256936359580124, 0.8569684816293112, 0.3375704917077339
0.13082556591211716, 2.234926410203926, 0.8322292825213178, 0.3624140236900205
0.12969374167776299, 2.726678109601557, 0.8967492023492639, 0.3664118138433323
0.16617842876165112, 2.2181633184260914, 0.7817001553363483, 0.28641646378095376
0.1581225033288948, 2.313109513641039, 0.8647798393897581, 0.2662624217699541
0.12057256990679095, 2.385151481739532, 0.8694408813950322, 0.3237031221630067
0.15972037283621837, 2.6465001621314594, 0.8109243283574189, 0.3051266066609125
0.14414114513981358, 2.523012564860076, 0.8840576113551605, 0.273544593465998
0.1114513981358189, 2.3023177820737764, 0.905596633926613, 0.26375691726887085
0.09900133155792278, 2.4890822819641203, 0.9142271376486224, 0.47290483218567253
0.10126498002663116, 2.4133783923166887, 0.85339999363446, 0.44993706402530487
0.10126498002663116, 2.3129581523243186, 0.85339999363446, 0.4518389158833234
0.10126498002663116, 2.553636861736384, 0.85339999363446, 0.44957862467644333
0.10079893475366178, 2.3332297827210153, 0.9341581682836367, 0.467488835081586
0.10099866844207724, 2.3040222156857366, 0.8744303641297226, 0.4056712039293265
0.0988681757656458, 2.5012963296967086, 0.9143502308970638, 0.4805842689951825
0.10099866844207724, 2.343382753687756, 0.8538126772773592, 0.43856291146680365
0.11404793608521971, 2.320895087734837, 0.8653422812423719, 0.32949609841860095
0.09747003994673768, 2.3029461601761465, 0.8960413300534342, 0.4784535014691999
0.10126498002663116, 2.8367163327776796, 0.85339999363446, 0.4537782761416459
0.10126498002663116, 2.3042530030131183, 0.85339999363446, 0.45288058077850335
0.11158455392809587, 2.345750459913566, 0.8771304865521112, 0.3551969984493884
0.10086551264980026, 2.3419269253585373, 0.9127425375140606, 0.45879256120496925
0.10093209054593875, 2.6090103284576127, 0.8731541760289488, 0.44967204055183574
0.10339547270306258, 2.3174352959056352, 0.8793325929806579, 0.4403417920748342
0.10126498002663116, 2.336583707843735, 0.85339999363446, 0.4511882732550456
0.0996005326231691, 2.345591791007871, 0.9181620667554778, 0.47642263702695486
0.09933422103861518, 2.650214338413726, 0.9184179034232867, 0.4723127635606113
0.09973368841544607, 2.7302231526089096, 0.8948682254877621, 0.45762606889979585
0.10233022636484687, 2.434063718480848, 0.8803044252072881, 0.4551378514453448
0.09747003994673768, 2.4558454991180634, 0.8960413300534342, 0.48000860706091225
0.10093209054593875, 2.3190854944655803, 0.8731541760289488, 0.4469591866662914
0.10093209054593875, 2.506888128946053, 0.8731541760289488, 0.44865493403709344
0.10126498002663116, 2.3735261349878045, 0.85339999363446, 0.4509723771658537
0.09933422103861518, 2.7981124140133713, 0.9184179034232867, 0.47450520894047266
0.09973368841544607, 2.393258647737744, 0.9219208684249114, 0.47546793029424544
0.11125166444740346, 2.432131049501277, 0.8759081322599803, 0.3324467105235154
0.0988681757656458, 2.3020830591890054, 0.9143502308970638, 0.47155809038794877
0.10093209054593875, 2.3187913961559734, 0.8731541760289488, 0.4481263696439067
0.10233022636484687, 2.3394104454234816, 0.8803044252072881, 0.4556462065219382
0.09933422103861518, 2.4750888648109335, 0.9184179034232867, 0.47221048789437825
0.09933422103861518, 2.335462277175266, 0.9184179034232867, 0.4750974657904804
0.09973368841544607, 2.4148806535689715, 0.8948682254877621, 0.46415624671779293
0.10233022636484687, 2.5384109446989713, 0.8803044252072881, 0.44479690500111785
0.10093209054593875, 2.4346948246028863, 0.8731541760289488, 0.44508298171870136
0.09933422103861518, 3.270782179818966, 0.9184179034232867, 0.48323187427019776
0.0988681757656458, 2.410330597927345, 0.9143502308970638, 0.4755502624852599
0.10126498002663116, 2.492584114981079, 0.85339999363446, 0.4508153192020694
0.0988681757656458, 2.722562153726697, 0.9143502308970638, 0.47261460536606703
0.10086551264980026, 2.630179224501596, 0.8913285453863814, 0.3882956935961859
0.09747003994673768, 2.5732842614584057, 0.8960413300534342, 0.4770960233606597
0.09913448735019974, 2.9285302376540776, 0.9141470822026583, 0.47142635534167904
0.10126498002663116, 2.9219857493031043, 0.85339999363446, 0.45032896841239994
0.0988681757656458, 2.7497603507040345, 0.9143502308970638, 0.4747111229646668
0.09913448735019974, 2.393900521871412, 0.914043804315289, 0.46527336752057424
0.10079893475366178, 2.6181662309106275, 0.9341581682836367, 0.4657033176894423
0.0988681757656458, 2.667174702458153, 0.9143502308970638, 0.47170114006952557
0.11731025299600532, 2.432778401984356, 0.8548028910226598, 0.3224596334680261
0.12017310252996005, 3.2120764888515487, 0.8495041688526024, 0.32377530209137156
0.10126498002663116, 2.3294048785687127, 0.85339999363446, 0.4502290263135134
0.09760319573901464, 2.612972767653065, 0.8955548225287846, 0.4683964650958455
0.09973368841544607, 2.6834755753073964, 0.8948682254877621, 0.45718456439865185
0.10093209054593875, 2.308473192931174, 0.8731541760289488, 0.4483528633663827
0.10126498002663116, 2.3405483943406495, 0.85339999363446, 0.44736368665478177
0.10126498002663116, 2.528398078719722, 0.85339999363446, 0.4497601126779227
0.09973368841544607, 2.5669537364246047, 0.8948682254877621, 0.45812886914063605
0.09933422103861518, 2.3481904516366128, 0.9184179034232867, 0.47514349932164157
0.10539280958721704, 2.8352082169563886, 0.8780916107144088, 0.4210869253196471
0.13754993342210386, 2.518933879694196, 0.8792850762832417, 0.31914634467454134
0.10093209054593875, 2.641540692824022, 0.8731541760289488, 0.4446557418799516
0.09973368841544607, 2.5489317328809262, 0.8948682254877621, 0.45673975694327607
0.09747003994673768, 2.3994200063847035, 0.8960413300534342, 0.478439861324141
0.09973368841544607, 2.3320844520979653, 0.9219208684249114, 0.4756290634150628
0.09747003994673768, 2.4561730674833813, 0.8960413300534342, 0.4816070875402496
0.10226364846870839, 2.306446655628367, 0.853127060899806, 0.4404282768761785
0.10126498002663116, 2.5403681990547917, 0.85339999363446, 0.45208304490377665
0.10126498002663116, 2.3760713022415554, 0.85339999363446, 0.45256604634196607
0.0988681757656458, 2.571416905415201, 0.9143502308970638, 0.4748167415900821
0.10126498002663116, 2.3106814839392307, 0.85339999363446, 0.44434014189434484
0.10126498002663116, 2.3072845877089927, 0.85339999363446, 0.4474103109805689
0.10632490013315579, 2.308970547881171, 0.8693790604281889, 0.33260466728206095
0.10093209054593875, 2.3176214617673314, 0.8731541760289488, 0.44557659971524866
0.11857523302263648, 2.31742247620848, 0.8902788236287951, 0.3871297902650631
0.09933422103861518, 2.4234575622250016, 0.9184179034232867, 0.47581153801160964
0.10093209054593875, 2.303741422505893, 0.8731541760289488, 0.44570639337325363
0.10079893475366178, 2.319049711329007, 0.9341581682836367, 0.4693380240700993
0.10079893475366178, 2.325985205403657, 0.9341581682836367, 0.47069775420706306
0.10233022636484687, 2.3222777800299674, 0.8803044252072881, 0.45116544417482396
0.0988681757656458, 2.301560478553315, 0.9143502308970638, 0.47545289347186526
0.09933422103861518, 2.35416309057317, 0.9184179034232867, 0.4762152264545421
0.10093209054593875, 2.3197090730368695, 0.8731541760289488, 0.45944054942707785
0.10093209054593875, 2.562042359283539, 0.8731541760289488, 0.44677190090762614
0.09973368841544607, 2.761707788705826, 0.8948682254877621, 0.4590491131131938
0.09933422103861518, 2.9663304658688494, 0.9184179034232867, 0.472121490290981
0.1433422103861518, 2.6182425378086407, 0.8149375608019709, 0.28793407052507813
0.0988681757656458, 2.8707150619372865, 0.9143502308970638, 0.48929294262106615
0.09933422103861518, 2.636548239151425, 0.9184179034232867, 0.47633050932085474
0.09747003994673768, 2.3022902358546555, 0.8960413300534342, 0.48120177354231247
0.10079893475366178, 2.626211397546268, 0.9341581682836367, 0.46719540957241373
0.11744340878828229, 2.6298616178978618, 0.8907949549889661, 0.32143891373123135
0.10126498002663116, 2.750963621180797, 0.85339999363446, 0.4459199560987961
0.10093209054593875, 2.5309065199326897, 0.8731541760289488, 0.4458335341660476
0.09973368841544607, 2.637850088444594, 0.9219208684249114, 0.48035759528200644
0.1007323568575233, 2.449710734293718, 0.8940850887928032, 0.4473594984211863
0.09747003994673768, 2.7480271118855506, 0.8960413300534342, 0.48298967552281913
0.10406125166444741, 2.6848583848514505, 0.8517735963794337, 0.4189998499880878
0.11731025299600532, 2.3675894961296797, 0.8427048363581126, 0.33971159121247196
0.10865512649800266, 2.406103165727481, 0.8670483120411838, 0.39319832000643656
0.10093209054593875, 2.520085783439692, 0.8731541760289488, 0.4585620932365898
0.10386151797603196, 2.302071349550976, 0.916705410114647, 0.27642557468732076
0.09933422103861518, 2.744113201942647, 0.9184179034232867, 0.4690304103877523
0.11950732356857523, 2.6008961037535485, 0.8980360121574263, 0.34022341431474823
0.1322237017310253, 2.672728772264981, 0.8264040160900494, 0.29583324243625225
0.16731025299600533, 2.321862958179174, 0.8381525965463027, 0.26220992672116494
0.12416777629826897, 2.56316913854425, 0.8968325818647426, 0.3585747699408626
0.10126498002663116, 2.4999169350622816, 0.85339999363446, 0.45309852498425207
0.10379494007989347, 2.713651812632138, 0.8506236942733514, 0.39445586637393126
0.10126498002663116, 2.771329104854724, 0.85339999363446, 0.45163701486015123
0.10093209054593875, 2.836498229227434, 0.8731541760289488, 0.4503478337298301
0.09933422103861518, 3.318903439467185, 0.9184179034232867, 0.47699893534061233
0.14607190412782955, 2.4406720675974487, 0.865696641532373, 0.29300417413304036
0.10079893475366178, 2.4728575529890278, 0.9341581682836367, 0.46926853262617124
0.10079893475366178, 2.518356703251561, 0.9341581682836367, 0.4695834465199898
0.10619174434087883, 3.0658137123729197, 0.9086101181885375, 0.43357724701582734
0.15932090545938749, 2.3388138062626957, 0.8643342068569483, 0.2914878361378596
0.10039946737683089, 2.4723140911478176, 0.9212144788757487, 0.4563372402111635
0.09973368841544607, 2.85409768179317, 0.9219208684249114, 0.47886057107986857
0.1070572569906791, 2.438628691736455, 0.9047757853298615, 0.34419033359444506
0.11564580559254327, 2.384377819537799, 0.8791482877040042, 0.3798145106631345
0.10099866844207724, 2.3308964008180184, 0.8730999346792296, 0.44655745536000474
0.10126498002663116, 2.7077987180251415, 0.85339999363446, 0.4518162505339373
0.10126498002663116, 2.6562246274456043, 0.85339999363446, 0.4526361005433867
0.17243675099866845, 2.4662191961957673, 0.8141689233419478, 0.2369535680053171
0.1089214380825566, 2.315584688132676, 0.9263564989415812, 0.389253338155627
0.10872170439414114, 2.5633104162432065, 0.9070236483487341, 0.4079518258897603
0.12543275632490014, 2.299758601442634, 0.8903000671182597, 0.380712381366374
0.10126498002663116, 2.729353751077474, 0.85339999363446, 0.4488128839292489
0.12203728362183755, 2.920556571813779, 0.9015816684837473, 0.34565546291233135
0.09973368841544607, 2.7132828048240647, 0.8948682254877621, 0.46137833573961573
0.1467376830892144, 2.4106933454857686, 0.8889814936089847, 0.29166873860338904
0.09933422103861518, 3.1073638966889896, 0.9184179034232867, 0.47351917779860797
0.1114513981358189, 2.664634800425541, 0.8828860507259071, 0.3966305629306177
0.11178428761651132, 2.3302169368603574, 0.8960398779624643, 0.3301099980744071
0.0988681757656458, 2.496238827657763, 0.9143502308970638, 0.4845318000171456
0.12343541944074567, 2.5836181096484596, 0.8931990693899562, 0.32391276713464623
0.11817576564580559, 2.3943726548024724, 0.8427583444125172, 0.345199647474886
0.10126498002663116, 3.069125297629881, 0.85339999363446, 0.4530224013344541
0.10126498002663116, 2.7364112823963485, 0.85339999363446, 0.46820364661400893
0.10213049267643143, 2.4805295078438543, 0.8529514603857373, 0.43308754076179495
0.10865512649800266, 3.1088180752314836, 0.847915540537686, 0.39935487553363325
0.1633155792276964, 2.2817073295262458, 0.844070064603581, 0.2581847019327094
0.10126498002663116, 2.4358496006216095, 0.85339999363446, 0.45107160164809834
0.12396804260985353, 2.599996445055173, 0.8479506709786996, 0.31355867965678713
0.15512649800266312, 2.485194897397698, 0.871834666238172, 0.27389459536995037
0.11830892143808255, 2.508557001331675, 0.8597141578476258, 0.3531659100714999
0.15133155792276964, 2.8052888628884096, 0.82701812063958, 0.26917106854527756
0.12869507323568574, 3.000629217123065, 0.889813136492581, 0.32561104881033126
0.14513981358189082, 2.493704826790547, 0.8578151941103092, 0.32477469995250435
0.16691078561917444, 3.165429696464507, 0.797959878349452, 0.25581164821492414
0.14427430093209054, 2.4533729540682665, 0.8128012667907403, 0.30575137816593306
0.10139813581890812, 2.604523348617808, 0.8533363031118522, 0.45738699066759514
0.14906790945406126, 2.581846407313798, 0.8127437606997396, 0.30386216871752053
0.15346205059920107, 2.3859842920033496, 0.8652335417575553, 0.24484644556821586
0.14567243675099867, 2.6687258636626043, 0.8528823557313399, 0.2576613208980571
0.1570572569906791, 2.4494587855872396, 0.8429589582869045, 0.25702854061624464
0.18615179760319575, 2.2734373227734066, 0.8316303349445937, 0.2329049417087243
0.09906790945406126, 2.5563906637433367, 0.9142613198348647, 0.46987172386839526
0.16804260985352862, 2.2825846050614205, 0.8597711744216915, 0.25988872835730825
0.13195739014647137, 2.3207814984489854, 0.8309099919889833, 0.3273857583973352
0.1633155792276964, 2.536263011925706, 0.8309593302716085, 0.24721649497901166
0.13235685752330226, 2.364638021965319, 0.872584340138592, 0.3598084627823404
0.14600532623169107, 2.6435151818112907, 0.8428041836008711, 0.3068066596297498
0.10579227696404793, 2.6964770106596254, 0.9167611244781912, 0.44422508591724125
0.13328894806924102, 2.3508586693302136, 0.8828141562813117, 0.2994535975940282
0.1095872170439414, 2.564179000619566, 0.8847760439084156, 0.39826936217049086
0.14760319573901465, 2.372390768642273, 0.8469432965863737, 0.30760543528504475
0.14121171770972038, 2.50326898331331, 0.8774867870760058, 0.31291653866634894
0.12989347536617843, 2.3454829844510985, 0.8970897413070409, 0.3683912998106073
0.10233022636484687, 2.2723892683830464, 0.8803044252072881, 0.4435556139394185
0.10126498002663116, 2.593664849788625, 0.85339999363446, 0.4524528376667961
0.14940079893475366, 2.623857452263051, 0.8370877411211177, 0.2891782049361372
0.0992676431424767, 2.4773508587705786, 0.9140805142241732, 0.4594739201416733
0.13262316910785618, 2.8345418522503976, 0.8292679232864014, 0.3313503479456983
0.0988681757656458, 2.8159026425703866, 0.9143502308970638, 0.47553321229785456
0.09980026631158455, 2.339716668309924, 0.8948216054411421, 0.4566860184783376
0.11391478029294275, 2.375645796968521, 0.8817557084125529, 0.39559448951295545
0.09973368841544607, 2.814562767378976, 0.9219208684249114, 0.47863031175362303
0.09933422103861518, 2.526037763565104, 0.9184179034232867, 0.47291522985807544
0.12130492676431424, 2.355083386312312, 0.8979770683249968, 0.3378417765074894
0.10193075898801598, 2.4830675029564158, 0.9331054258228869, 0.43924569868996605
0.14121171770972038, 2.75560575993496, 0.8420000922923967, 0.30556484404113177
0.10346205059920106, 2.3025289655684156, 0.9068481442433267, 0.401887336413862
0.10126498002663116, 2.388662628002078, 0.85339999363446, 0.44969893546175593
0.09747003994673768, 2.7853915359938988, 0.8960413300534342, 0.4791114675978621
0.13422103861517976, 2.543805364127483, 0.8836481744149047, 0.31721214413875876
0.10126498002663116, 2.4216863248224425, 0.85339999363446, 0.4522149510774051
0.09747003994673768, 2.5824590151382987, 0.8960413300534342, 0.47719038215689413
0.10093209054593875, 2.7099053743914188, 0.8731541760289488, 0.44842644298423723
0.10712383488681758, 2.6004669228898543, 0.9052460519867469, 0.3425879640713449
0.10093209054593875, 3.2321088328024996, 0.8731541760289488, 0.4490971811793302
0.1151797603195739, 2.34569698046749, 0.862161836542871, 0.3617956688264134
0.09933422103861518, 2.752441369197499, 0.9184179034232867, 0.4761111412249177
0.11005326231691079, 2.3154057537191877, 0.8851557924978708, 0.3891936784564265
0.12862849533954726, 2.447982066996723, 0.8892304838263252, 0.3271981679794244
0.10079893475366178, 2.6196863950409996, 0.9341581682836367, 0.46371341030619845
0.10079893475366178, 2.500409826473612, 0.9341581682836367, 0.46648624650801657
0.09933422103861518, 2.508486938619423, 0.9184179034232867, 0.4762534193894639
0.1144474034620506, 2.417986476453103, 0.9028350913115407, 0.3905903024230508
0.10386151797603196, 2.429774783875114, 0.9175666199234371, 0.4126963056721782
0.1414780292942743, 2.350852256529182, 0.8320226218047877, 0.30167341966819083
0.0948069241011984, 2.301867327217097, 0.896080123397589, 0.3089260912954518
0.1248335552596538, 2.4081772377344963, 0.8829682101759547, 0.34202221262740673
0.14447403462050598, 2.3777064099530882, 0.8569441208786758, 0.31423474857629097
0.11897470039946738, 2.7179803326666434, 0.8847134571736103, 0.36338364528428835
0.10093209054593875, 2.831342985626861, 0.9162874778103043, 0.4463124301633007
0.10086551264980026, 2.586862722582887, 0.8929964508059771, 0.4505741842077505
0.13728362183754994, 2.397639200452482, 0.8826297060807393, 0.3098028756709053
0.1321571238348868, 2.399609242298314, 0.8645249236010231, 0.2829484734302207
0.10359520639147803, 2.797920279429057, 0.8793843085003187, 0.4296899176203215
0.12250332889480692, 2.6789636931470167, 0.8961576099695574, 0.32950838093274193
0.0988681757656458, 2.535774627284267, 0.9143502308970638, 0.47570780150092046
0.11830892143808255, 2.607945270056572, 0.9002125172267861, 0.3763487134944436
0.19454061251664448, 2.3917955301652416, 0.791513249703886, 0.20763844052768388
0.1910785619174434, 2.4845024522547714, 0.7978661263960214, 0.211037985845989
0.1496671105193076, 2.4359774612793115, 0.8415573928554548, 0.2736991864534625
0.12470039946737684, 2.2169524737188566, 0.8335018020519613, 0.38042284970363144
0.11384820239680427, 2.2855335645843917, 0.8919384346957968, 0.36613031726140344
0.13495339547270307, 2.4963467066956264, 0.8579137492948179, 0.32164099965089427
0.10579227696404793, 2.4703044590715084, 0.9165108860760226, 0.395212295762752
0.09946737683089214, 2.5431019771829266, 0.9182914222623227, 0.4686704851796895
0.17223701731025298, 2.313020455424541, 0.8446878492938492, 0.23821037754500693
0.11251664447403462, 2.544199317281002, 0.8533280129851336, 0.37471063309951147
0.12529960053262318, 2.694111458772667, 0.8339019406182976, 0.35984886723242804
0.14507323568575234, 2.5034177865153464, 0.8769178700717625, 0.3028622919829944
0.10339547270306258, 2.5302683420409853, 0.9182480688457734, 0.42459983522040745
0.125965379494008, 2.5882522315382164, 0.875429045760535, 0.31132289093442433
0.15992010652463381, 2.574585354026561, 0.8142313158828357, 0.2925067528482525
0.0988681757656458, 2.4935856331521755, 0.9143502308970638, 0.47366980954602217
0.09933422103861518, 3.471537546283713, 0.9184179034232867, 0.4723692952846691
0.1207723035952064, 2.8029348127295903, 0.8816842194742968, 0.3189798441588323
0.10126498002663116, 2.2587987705013566, 0.8727510729340583, 0.442560576880137
0.1344207723035952, 2.508021461011249, 0.8858599543754884, 0.3108851077256978
0.19067909454061252, 2.524367250686638, 0.816210870443484, 0.23249083778678023
0.1577896138482024, 2.420837434677881, 0.8355834214825524, 0.3229958064170061
0.17137150466045273, 2.404708227392202, 0.8070914532902829, 0.24997085236795372
0.17256990679094542, 2.4491776075883807, 0.799993920192806, 0.25572306313689663
0.14274300932090547, 2.773370828426948, 0.8422038033363571, 0.3361035975421726
0.18302263648468708, 2.2225645796039926, 0.7786939777159764, 0.22294805027031434
0.13901464713715048, 2.4657983248227446, 0.8227933898352551, 0.31343483001647543
0.12516644474034622, 2.3497037151205875, 0.8946385945752666, 0.34890265707686063
0.1196404793608522, 2.8770977957985213, 0.841523961530229, 0.3522204635770659
0.15992010652463381, 2.9203729644437604, 0.8307846000169934, 0.25856092992983293
0.14800266311584553, 3.010294298230411, 0.8380901043772754, 0.30194110636040805
0.13721704394141146, 2.8294653191468053, 0.8251864360836586, 0.33928676914015343
0.17063914780292944, 2.4167659189745527, 0.8007067269555553, 0.26402312904855907
0.1940745672436751, 2.395280483301565, 0.8397593965627632, 0.2241621485186091
0.17616511318242342, 2.448423175567317, 0.8175215909775728, 0.22868256840680018
0.16611185086551264, 2.254944097337012, 0.8191392513409579, 0.2710777742430319
0.15679094540612518, 2.5465459814441505, 0.8722585345585901, 0.33822839379071296
0.20432756324900134, 2.175345121274458, 0.7677273098912079, 0.22316494460705402
0.10292942743009321, 2.4705340599013708, 0.8522118438757981, 0.43675947406174864
0.1615179760319574, 2.347401009220258, 0.8585171725175129, 0.27866993506577875
0.18981358189081224, 2.301501226742639, 0.809968616335194, 0.23698608158200546
0.19420772303595207, 2.194642635334665, 0.8420361589581056, 0.23945781691669968
0.20013315579227697, 2.3158141641658094, 0.7998004179807602, 0.24237347468369233
0.16238348868175764, 2.5021413434718482, 0.821192398170023, 0.28321580140950636
0.19127829560585885, 2.278406792779896, 0.8159724658176143, 0.2358551452229791
0.21398135818908123, 2.133063873430384, 0.7960016848655961, 0.19937374591453555
0.13022636484687083, 2.7387007768398597, 0.84712974995525, 0.3162667836247617
0.14107856191744342, 2.721675872191608, 0.8893013035243021, 0.29020536165607663
0.19101198402130493, 2.325937593852315, 0.8061149580750084, 0.24443878003494418
0.18215712383488683, 2.253439298895164, 0.8241561932725197, 0.23309176986706848
0.19880159786950732, 2.1784136786759296, 0.8053208399405993, 0.24643036225814502
0.17656458055925434, 2.2728519043338284, 0.8326200561786717, 0.2744572054212545
0.20053262316910786, 2.353401336181021, 0.8049625719877253, 0.24274920400796773
0.16531291611185087, 2.4043552253360594, 0.8284113150027526, 0.2408495525189261
0.11238348868175765, 2.7044721899075452, 0.8420415310798498, 0.41392398756627585
0.1736351531291611, 2.19752119150603, 0.8595095155484913, 0.2614974812846471
0.12057256990679095, 2.4241730102289534, 0.9000315789913143, 0.3744191776931234
0.16391478029294274, 2.287165957471026, 0.8399103131951483, 0.2997751121027138
0.15086551264980028, 2.2967504090935824, 0.8351294611481905, 0.30770621861032504
0.12310252996005326, 2.389991690438692, 0.8865701171855995, 0.34532672442183304
0.1803595206391478, 2.231836213578238, 0.7983331620834301, 0.24257365624231603
0.15432756324900132, 2.58665001851106, 0.8670742718053429, 0.24829289361487625
0.15832223701731024, 2.2076610299980595, 0.7817843355441987, 0.29131433856059386
0.179560585885486, 2.24613479756801, 0.7937872884328399, 0.27748395152107624
0.1095872170439414, 2.6251674838929615, 0.8830199010747196, 0.44669535399089244
0.14447403462050598, 2.3794227830420795, 0.8535046741130137, 0.33885231187975356
0.17250332889480693, 2.288296220877199, 0.8344730816722281, 0.22340185684566571
0.10539280958721704, 2.4865338592848354, 0.9115282177849414, 0.463922858534023
0.1718375499334221, 2.2855011881945453, 0.7742729858953544, 0.2510154393991283
0.23202396804260986, 2.1225345280849823, 0.7812066946463275, 0.20642186276732974
0.1774300932090546, 2.469188841443246, 0.7885304871188171, 0.2727253054291204
0.2170439414114514, 2.1910896702628637, 0.7681805233941127, 0.19543464136579003
0.1674434087882823, 2.464271800690262, 0.8339092441452146, 0.2654011547028017
0.18169107856191744, 2.195850028575816, 0.8195584389111942, 0.2685886803481876
0.1981358189081225, 2.332552011027317, 0.8427421033113757, 0.25680679890655506
0.19167776298268974, 2.422908096815076, 0.8405992470494387, 0.22981187439978842
0.19620505992010653, 2.1553481066592046, 0.8089630438895399, 0.2389094140926966
0.18568575233022636, 2.1810712998938784, 0.7897730308787402, 0.2627702942669236
0.12503328894806925, 2.624469542503357, 0.8312396754643765, 0.3764499930622856
0.16131824234354195, 2.5910054207522766, 0.8352311941838991, 0.2856638952867749
0.14940079893475366, 2.4755507892322606, 0.8622234312954012, 0.29534995527509
0.17689747003994674, 2.1888771719049993, 0.8215166793781833, 0.2912248650905528
0.18069241011984022, 2.331913311654496, 0.7999068488079861, 0.24677657982296175
0.21804260985352863, 2.1161708957583865, 0.812311529680616, 0.22109555663573385
0.2197070572569907, 2.2793831331156857, 0.8121817044832826, 0.2342522791944613
0.23202396804260986, 2.08324882621454, 0.7563054773862946, 0.20280625785412526
0.2170439414114514, 2.065855291505628, 0.7851051373272534, 0.22790438374690672
0.20286284953395473, 2.233033744068184, 0.8066080386157773, 0.27265348282674123
0.16597869507323568, 2.4970940921063747, 0.8053367536083783, 0.2932640841469423
0.09993342210386152, 2.3056273318162455, 0.8929655491225144, 0.23651963904507767
0.10226364846870839, 2.3347725885368376, 0.9106511163141028, 0.41361028608436917
0.10079893475366178, 2.488158971912534, 0.9341581682836367, 0.47004027081421185
0.10079893475366178, 2.5301785908589824, 0.9341581682836367, 0.47180927870838263
0.10079893475366178, 2.4807138537678037, 0.9341581682836367, 0.4674705702865883
0.10093209054593875, 2.5710427055187455, 0.8731541760289488, 0.44613737749173266
0.13308921438082558, 2.6334410412413143, 0.8795047504921192, 0.3199266462453775
0.09933422103861518, 2.9714471824477102, 0.9184179034232867, 0.47480619968521687
0.10053262316910785, 2.3930451477177135, 0.8924298280653532, 0.4652032701405935
0.13954727030625833, 2.3074319912495214, 0.8514416949789863, 0.287558495891451
0.09953395472703062, 2.4016865644093044, 0.913384678559208, 0.49118717752182106
0.1226364846870839, 2.3727870415117387, 0.8648052382161241, 0.34525670637742467
0.09933422103861518, 2.880077107141561, 0.9184179034232867, 0.47079416935491136
0.09973368841544607, 2.315915790410556, 0.8948682254877621, 0.45574302985300813
0.10093209054593875, 2.3707191048068466, 0.8731541760289488, 0.4477463650818019
0.10093209054593875, 2.7554392388951126, 0.8731541760289488, 0.45023964379793147
0.10093209054593875, 2.426146138460436, 0.8731541760289488, 0.44762024113250753
0.10093209054593875, 3.03712349733246, 0.8731541760289488, 0.4472739637380254
0.10279627163781624, 2.8873132622670554, 0.9108353078560089, 0.45222432054461054
0.0988681757656458, 3.176824312973594, 0.9143502308970638, 0.4843940823252683
0.0988681757656458, 2.836145929212418, 0.9143502308970638, 0.4773273423484823
0.10512649800266312, 2.3124283642330754, 0.9089488173977814, 0.39724283808879335
0.09973368841544607, 2.431685035722392, 0.8948682254877621, 0.46044213974410225
0.10126498002663116, 2.5552346213679815, 0.85339999363446, 0.4487319114570617
0.10126498002663116, 2.5960831965809654, 0.85339999363446, 0.4520661485641029
0.0988681757656458, 2.5160034706525893, 0.9143502308970638, 0.48305139350801257
0.10126498002663116, 3.1630264118690783, 0.85339999363446, 0.44948946592757577
0.10346205059920106, 2.766419508711952, 0.9073909444728855, 0.4365250461323771
0.11205059920106525, 2.623670128388665, 0.8468671813896665, 0.3786872289772916
0.12230359520639147, 2.3764153205126166, 0.8634774440549634, 0.38191563957297636
0.10093209054593875, 2.524898688786833, 0.8731541760289488, 0.4490881473538117
0.13428761651131824, 2.526270491011768, 0.8848219474238604, 0.3231834077604313
0.10093209054593875, 2.40418092853696, 0.8731541760289488, 0.44861661679676923
0.10079893475366178, 2.31245098394973, 0.9341581682836367, 0.4618528077881932
0.10093209054593875, 2.514154428346814, 0.8731541760289488, 0.4466360808580284
0.09933422103861518, 2.544889367523587, 0.9184179034232867, 0.4741568249313191
0.13721704394141146, 2.4770972444039687, 0.8427867576083453, 0.3214114016161798
0.09973368841544607, 2.338897861320074, 0.9219208684249114, 0.47715680342857153
0.09747003994673768, 2.396733064030839, 0.8960413300534342, 0.4809267901289872
0.10093209054593875, 2.431319169626731, 0.8731541760289488, 0.4479924031539085
0.1189081225033289, 2.611200541162618, 0.8581576481098426, 0.3514085688889225
0.0988681757656458, 2.7366994127452613, 0.9143502308970638, 0.47930665872384
0.09747003994673768, 2.3420044674060634, 0.8960413300534342, 0.480290965861982
0.10079893475366178, 2.3222223992989, 0.9341581682836367, 0.4777207034132521
0.0988681757656458, 2.74181522456371, 0.9143502308970638, 0.47412004043333167
0.14873501997336885, 2.5690116785734536, 0.8424759449103075, 0.30324944898294665
0.10093209054593875, 2.4773251679067445, 0.8731541760289488, 0.4475275978467256
0.12316910785619174, 2.634177635377955, 0.8485158247513443, 0.3219607813574673
0.09973368841544607, 2.510722752933337, 0.8948682254877621, 0.459125309140306
0.12090545938748336, 2.317515634061811, 0.8522371689141663, 0.3132559853097203
0.10093209054593875, 2.377996537958417, 0.8731541760289488, 0.4495009443508028
0.09747003994673768, 2.339207060827555, 0.8960413300534342, 0.47805681380458537
0.10119840213049268, 2.812475150021986, 0.8536091508807415, 0.45050459801918924
0.10126498002663116, 2.4395319492934386, 0.85339999363446, 0.46440144236986475
0.10093209054593875, 2.6418087840238997, 0.8731541760289488, 0.4586550760703845
0.10093209054593875, 2.7474351261649406, 0.8731541760289488, 0.45329796876874373
0.10093209054593875, 2.309905983811212, 0.8731541760289488, 0.4481695870915506
0.09933422103861518, 3.1972847306121204, 0.9184179034232867, 0.4723612985675014
0.11711051930758988, 2.5913886621217435, 0.8780842610117408, 0.31514651092546836
0.10233022636484687, 2.693171318210711, 0.8803044252072881, 0.4451258159367672
0.10233022636484687, 2.617673560592052, 0.8803044252072881, 0.4458575935405576
0.10126498002663116, 2.3756483320786694, 0.85339999363446, 0.4501010027044423
0.10399467376830893, 2.400933864407152, 0.8698317099564459, 0.3748171044993526
0.10079893475366178, 2.3854149471427726, 0.9341581682836367, 0.4743171661556728
0.0988681757656458, 2.319726177395263, 0.9143502308970638, 0.47354114354308147
0.09973368841544607, 2.6251828928484264, 0.8948682254877621, 0.460782250917007
0.0996005326231691, 2.3417440168867096, 0.9134541605656993, 0.46914544387142465
0.10126498002663116, 2.5333552155450243, 0.85339999363446, 0.44826784339721387
0.0988681757656458, 2.3162292320941007, 0.9143502308970638, 0.4760401054253201
0.10126498002663116, 2.498116097421684, 0.85339999363446, 0.44956588362372124
0.10093209054593875, 3.3202943098330784, 0.8731541760289488, 0.4469615900441334
0.10126498002663116, 2.4137726295962634, 0.85339999363446, 0.44980165870611233
0.0988681757656458, 2.352993375396284, 0.9143502308970638, 0.4806411600998558
0.10093209054593875, 2.5236222011747755, 0.8731541760289488, 0.44976634896642365
0.10086551264980026, 2.558629900947233, 0.873211979497157, 0.44893966896706994
0.09880159786950732, 2.559734875059001, 0.913849772240883, 0.4638761054615446
0.10126498002663116, 2.5635989431693615, 0.85339999363446, 0.4517046814831078
0.10233022636484687, 2.4899906765446365, 0.8803044252072881, 0.44725463586129827
0.10126498002663116, 2.7128356493225745, 0.85339999363446, 0.4554194330851224
0.10126498002663116, 2.5249692701071145, 0.85339999363446, 0.4501726549043545
0.10079893475366178, 2.5712731909894755, 0.9341581682836367, 0.46388215110914466
0.09973368841544607, 2.469079893248059, 0.8948682254877621, 0.4650792984576041
0.09747003994673768, 2.308453798944877, 0.8960413300534342, 0.4802013105451312
0.10126498002663116, 3.0059045052282345, 0.85339999363446, 0.4455735146676181
0.10126498002663116, 2.3407434615092018, 0.85339999363446, 0.4490273997828904
0.10126498002663116, 2.597985760476713, 0.85339999363446, 0.4504571119417375
0.1107190412782956, 2.371484094008942, 0.8808655113484335, 0.36674800761144105
0.0988681757656458, 2.6152167001830913, 0.9143502308970638, 0.47435988753752056
0.10093209054593875, 2.921512752918207, 0.8731541760289488, 0.45839660531824244
0.10079893475366178, 2.5609189169146567, 0.9341581682836367, 0.47223974657627765
0.10079893475366178, 2.8048392444095027, 0.9341581682836367, 0.4706456092241727
0.0988681757656458, 2.4130853612476915, 0.9143502308970638, 0.4750193727605059
0.10079893475366178, 2.612564071500984, 0.9341581682836367, 0.46905081964781736
0.10079893475366178, 2.5718477512009135, 0.9341581682836367, 0.4665639892243827
0.10079893475366178, 2.4968503642098088, 0.9341581682836367, 0.4668288787424127
0.09747003994673768, 2.3234194074743755, 0.8960413300534342, 0.4808070007156244
0.10079893475366178, 2.513344890355429, 0.9341581682836367, 0.4806877994851859
0.09973368841544607, 2.453779896002476, 0.8948682254877621, 0.45598771134477906
0.14314247669773636, 2.3026706007761897, 0.8767128618014882, 0.3342845384996121
0.09973368841544607, 2.377080340772748, 0.8948682254877621, 0.45395931857426014
0.10079893475366178, 2.4745556199677616, 0.9341581682836367, 0.47981487894061764
0.12356857523302264, 2.3039746556555065, 0.8938994216390909, 0.3232309177395446
0.1014647137150466, 2.4114039309332753, 0.8528659823318117, 0.45373763001507306
0.09973368841544607, 2.3501321228302907, 0.8948682254877621, 0.4513976282893395
0.09933422103861518, 2.8320859677147134, 0.9184179034232867, 0.4734706028422548
0.10412782956058589, 2.2990669258901186, 0.8918635975784859, 0.4458293344370999
0.11211717709720373, 2.400280681558043, 0.8800947497521792, 0.34569795087180466
0.0988681757656458, 2.3326321209715144, 0.9143502308970638, 0.4763423897959968
0.10166444740346205, 2.4429077746468124, 0.9334192493641469, 0.45318585721687454
0.10233022636484687, 2.8172518908183837, 0.8803044252072881, 0.44419033542567
0.10093209054593875, 2.3875687843235767, 0.8731541760289488, 0.44932271656455064
0.1489347536617843, 2.6909998702145765, 0.8650529878980043, 0.26746266862296386
0.14247669773635152, 2.6015447978173367, 0.8646568788932258, 0.2724014588674609
0.10026631158455393, 3.4442141844254834, 0.9210733298796844, 0.4591700553618098
0.1526631158455393, 2.4484819275958243, 0.797797742715168, 0.27385950987520535
0.14214380825565912, 2.4601571312915786, 0.8590525380116278, 0.3170840360103595
0.09973368841544607, 2.600624415607808, 0.9219208684249114, 0.4753437378385048
0.13315579227696406, 2.473798191245799, 0.891802632757708, 0.3757021526857695
0.10126498002663116, 2.446461240453187, 0.8935442863972642, 0.43440705299844745
0.10046604527296937, 2.3366212182133874, 0.9104417999467758, 0.43316681550855807
0.09973368841544607, 2.9330586371901193, 0.9219208684249114, 0.47733732301773
0.09980026631158455, 2.756445154813571, 0.9218382237968121, 0.4700018405057624
0.1359520639147803, 2.630001629073515, 0.8862298735956261, 0.30781931959075626
0.11031957390146471, 2.3190441377788344, 0.8524203988509533, 0.4037842135944437
0.10532623169107856, 2.2889165732419285, 0.8897426698464543, 0.4605424525943701
0.09933422103861518, 2.463066247403225, 0.9184179034232867, 0.4725462244508317
0.10126498002663116, 2.4272777453799064, 0.9337650809145708, 0.4806382332593116
0.10079893475366178, 2.418599846137665, 0.9341581682836367, 0.4715995669328193
0.09933422103861518, 3.3235034025223373, 0.9184179034232867, 0.48268883127936335
0.10126498002663116, 2.3695278136057163, 0.85339999363446, 0.4496262460196319
0.10126498002663116, 2.7835470648524607, 0.85339999363446, 0.45170521798302593
0.10745672436750998, 2.3288814613488955, 0.8829826523052088, 0.3400048641622178
0.11537949400798934, 2.364425335005025, 0.8714092754078372, 0.38120425093686805
0.10392809587217045, 2.3019632080106063, 0.9136538949767008, 0.3590632700501925
0.09747003994673768, 2.4568044296037974, 0.8960413300534342, 0.47380557400065415
0.09747003994673768, 2.3206384789292884, 0.8960413300534342, 0.47588055624584447
0.10126498002663116, 2.4698872036368806, 0.85339999363446, 0.4499358723240129
0.10093209054593875, 2.43540550786233, 0.8731541760289488, 0.4508826773701488
0.10093209054593875, 2.625036592037478, 0.8731541760289488, 0.4489989330278072
0.10126498002663116, 2.716752689005373, 0.85339999363446, 0.45147092679805056
0.10126498002663116, 2.7893826050344064, 0.85339999363446, 0.4532540712662682
0.1621837549933422, 2.6663219647544043, 0.8502666159492901, 0.26323988749025956
0.1399467376830892, 2.328806626487191, 0.8773878932669017, 0.3030785562006576
0.09973368841544607, 2.3542334308954436, 0.8948682254877621, 0.4557565609698752
0.09773635153129161, 2.545421148513192, 0.895660464987549, 0.469321892446622
0.09940079893475366, 2.4932157828709416, 0.9181541337712819, 0.4600541469484425
0.12177097203728363, 2.7234964289773163, 0.8528815692305775, 0.31172412804165367
0.1125832223701731, 2.758277590146236, 0.9147097623194255, 0.3362076780197379
0.10086551264980026, 2.5829846660719413, 0.9177955054843726, 0.4055857091708623
0.10119840213049268, 2.633914359487325, 0.9222786479371932, 0.32130444391234675
0.10173102529960053, 2.318061431198717, 0.8906336179938807, 0.39957133706307923
0.12303595206391478, 2.344130631332867, 0.882561922359973, 0.3209206376345636
0.09973368841544607, 2.3418673733182342, 0.9219208684249114, 0.4774607989705415
0.10093209054593875, 2.3745265118132894, 0.8731541760289488, 0.44611003952704853
0.10279627163781624, 2.4227184783999673, 0.9154948395947838, 0.4349035633531493
0.12050599201065246, 2.3703204730220544, 0.8890730890302707, 0.35858632399186874
0.10079893475366178, 2.401112500916467, 0.9341581682836367, 0.4656681812052726
0.11304926764314248, 2.370967577086308, 0.9148080925216088, 0.32417336729717156
0.09973368841544607, 2.5775770340476942, 0.9219208684249114, 0.47664304994894685
0.12956058588548602, 2.411573559561677, 0.8793750681488816, 0.3222727764526245
0.10219707057256991, 2.4524574387565594, 0.8526665449776383, 0.44640055168864806
0.09747003994673768, 2.3436389163394424, 0.8960413300534342, 0.4822478722478538
0.10792276964047937, 2.6720719386036005, 0.9246690066075496, 0.4162083361177059
0.09973368841544607, 2.4437533877899105, 0.9219208684249114, 0.4742819166340769
0.09933422103861518, 2.402520517177493, 0.9184179034232867, 0.4757578275021465
0.09933422103861518, 2.41432013783093, 0.9184179034232867, 0.47391046965468575
0.0988681757656458, 2.4029093492523175, 0.9143502308970638, 0.4730313217750047
0.12729693741677764, 2.5614242027507483, 0.8323521510283776, 0.3396798830913956
0.10126498002663116, 2.818835060177408, 0.85339999363446, 0.44830782871693814
0.0988681757656458, 2.610839102319014, 0.9143502308970638, 0.48892945302378216
0.112982689747004, 2.9447403797376333, 0.8680395953571046, 0.33976446516370445
0.09973368841544607, 3.1477269250091, 0.8948682254877621, 0.46292510651696134
0.10239680426098535, 2.371878504641999, 0.8528583465117485, 0.4339557891863242
0.10126498002663116, 2.411946319684525, 0.85339999363446, 0.4484503218611334
0.10339547270306258, 2.38547420641395, 0.9079744225673827, 0.4236066789757858
0.10079893475366178, 2.5052042160307204, 0.9341581682836367, 0.4677251766203279
0.10645805592543275, 2.299358982014434, 0.8871941790444551, 0.4224297096700587
0.1370838881491345, 2.3644509828122415, 0.8581727761042902, 0.28516228382225817
0.10126498002663116, 2.6235655239196656, 0.85339999363446, 0.44902361878685454
0.09766977363515313, 3.0360819621663913, 0.8955055614450407, 0.4786137842435365
0.16191744340878828, 2.340180115121976, 0.8682873371549743, 0.2781339825721931
0.13169107856191745, 2.3019532804800256, 0.8896187972825673, 0.3123278745843527
0.10126498002663116, 2.5566193428957034, 0.85339999363446, 0.4527412187661619
0.10126498002663116, 2.3760048324671312, 0.85339999363446, 0.44915789936169725
0.09933422103861518, 2.5835423696215716, 0.9184179034232867, 0.47896687052948733
0.10233022636484687, 2.3923194345240586, 0.8803044252072881, 0.4446804194594462
0.10352862849533954, 2.4727971739521357, 0.9097265403075787, 0.41913917299737946
0.09973368841544607, 2.432465982730792, 0.9219208684249114, 0.4767662067696831
0.09973368841544607, 2.8927097535323845, 0.9219208684249114, 0.483649464135648
0.09973368841544607, 2.4576032186316428, 0.8948682254877621, 0.45609089672732345
0.09973368841544607, 2.3155987901154274, 0.9219208684249114, 0.47863330071533033
0.10079893475366178, 2.6043664988998407, 0.9341581682836367, 0.4710679641614374
0.09747003994673768, 2.4971404299913806, 0.8960413300534342, 0.4815948829593558
0.09973368841544607, 2.7561835052963897, 0.8948682254877621, 0.45675189727623944
0.09973368841544607, 2.466043267610387, 0.9219208684249114, 0.47647558638013976
0.09973368841544607, 2.3834827801279634, 0.8948682254877621, 0.45732942968577694
0.09973368841544607, 2.3511201625022684, 0.8948682254877621, 0.4520825957711337
0.09973368841544607, 2.356518413580845, 0.8948682254877621, 0.4572985641260148
0.10093209054593875, 2.646353855217186, 0.8731541760289488, 0.4487547016715299
0.10033288948069241, 2.626445589346511, 0.9212541163975169, 0.47778471961538216
0.10985352862849534, 2.3876724493487695, 0.8839388358220304, 0.42676200280019844
0.10798934753661785, 2.580230290475444, 0.8798965118040597, 0.3189936739930209
0.09986684420772303, 2.3040312773854374, 0.8998698614133026, 0.24071543213721516
0.09946737683089214, 2.4393419568373584, 0.9183709210822615, 0.4721925073428763
0.0988681757656458, 2.6417284703683284, 0.9143502308970638, 0.47590346694709473
0.10033288948069241, 2.4303836832271912, 0.8944616220508206, 0.45702829729949984
0.09946737683089214, 2.3847108582364576, 0.9182734042443047, 0.4700944819395093
0.11464713715046604, 2.3771086628364024, 0.9023986549779711, 0.38769585520744293
0.10126498002663116, 2.425803749134315, 0.85339999363446, 0.448259338232245
0.11471371504660453, 2.3712709490929083, 0.8889808931295411, 0.3246963775369674
0.10126498002663116, 2.706037619051222, 0.85339999363446, 0.45073236378375703
0.10272969374167776, 2.7688150897483217, 0.8529873113332735, 0.45514403925701763
0.09973368841544607, 3.043116794659517, 0.9219208684249114, 0.47445812088634737
0.13655126498002662, 2.637034873717952, 0.886261102588617, 0.350630239208359
0.0989347536617843, 2.3317702566815437, 0.9143279094684924, 0.4732162686425291
0.10033288948069241, 2.7267531000901157, 0.9175411683242938, 0.4437614802581013
0.09933422103861518, 2.777552630088618, 0.9184179034232867, 0.47800107564957683
0.15745672436751, 2.486024942252036, 0.8445270367957377, 0.2736740421884541
0.0988681757656458, 2.4297455550986187, 0.9143502308970638, 0.4733642141786427
0.1359520639147803, 2.2889101284956648, 0.8628252283264592, 0.32284054796449646
0.10079893475366178, 2.321768675671119, 0.9341581682836367, 0.4665448911883488
0.15193075898801597, 2.5794551974923885, 0.8721062689057075, 0.3122126030279576
0.09973368841544607, 2.509435822817679, 0.9219208684249114, 0.4772959636975996
0.09980026631158455, 2.7435429259479918, 0.9179372196535043, 0.4467326721583924
0.1177762982689747, 2.9069912920620404, 0.8362607616826634, 0.38959695888916523
0.09933422103861518, 2.5953620348725908, 0.9184179034232867, 0.4778987686267417
0.11571238348868176, 2.316500374607335, 0.8728206377649318, 0.41507081855361677
0.09747003994673768, 2.821421057477931, 0.8960413300534342, 0.47952432554957736
0.10093209054593875, 2.4566805005152914, 0.8731541760289488, 0.44589151226115464
0.09973368841544607, 2.4768421773348606, 0.9219208684249114, 0.4815895134605245
0.10093209054593875, 2.9974704969064216, 0.8731541760289488, 0.44496607912079283
0.09973368841544607, 3.193141889619764, 0.9219208684249114, 0.47733012120581336
0.10093209054593875, 2.401108529382, 0.8731541760289488, 0.45286618008175017
0.12083888149134488, 2.553528353306012, 0.9062458572485025, 0.32500452791199735
0.12563249001331558, 2.967405212933468, 0.8349932741040191, 0.34302626483481846
0.10086551264980026, 2.3457273256127906, 0.8733285208596919, 0.4444027365503826
0.10093209054593875, 2.47639413628375, 0.8731541760289488, 0.4531042293103266
0.09973368841544607, 2.495381687635112, 0.9219208684249114, 0.4737535728658475
0.10126498002663116, 2.337529131789976, 0.85339999363446, 0.45029887585337114
0.1358854860186418, 2.419414528232122, 0.8956675370937753, 0.24963823522039622
0.0988681757656458, 2.3218175222092716, 0.9143502308970638, 0.476064727754141
0.14760319573901465, 2.548062222330929, 0.856392683179579, 0.2546265728898789
0.0988681757656458, 2.751235208566116, 0.9143502308970638, 0.4739240861338185
0.1692410119840213, 2.335807761418994, 0.8483433816087501, 0.2529391790535268
0.10139813581890812, 2.422605427103576, 0.9184047087799954, 0.36030009992491424
0.14933422103861518, 2.874934559203337, 0.8455249879492455, 0.3097074203384772
0.09747003994673768, 2.4722760801626427, 0.8960413300534342, 0.47666735593130133
0.09973368841544607, 2.7837486294947675, 0.9219208684249114, 0.477758369770805
0.10126498002663116, 2.764411169838175, 0.85339999363446, 0.4511578003457437
0.12643142476697736, 2.4705162232312636, 0.8964641778116108, 0.2809849454318509
0.11384820239680427, 2.657771874815424, 0.8923378994532039, 0.3272390386582392
0.09973368841544607, 2.517130420290519, 0.9219208684249114, 0.47659983392666505
0.11351531291611185, 2.3888333899044643, 0.9037433432325173, 0.40463860605765123
0.10093209054593875, 2.37208048061588, 0.8731541760289488, 0.44580161002109797
0.10126498002663116, 2.5242458504065377, 0.85339999363446, 0.44874508872493185
0.09973368841544607, 2.393808402186545, 0.8948682254877621, 0.46594387853208075
0.159254327563249, 2.3979692584665098, 0.8377814981103215, 0.2755400241738104
0.09933422103861518, 2.76045094400684, 0.9184179034232867, 0.4764511225021169
0.10126498002663116, 2.371410605291552, 0.85339999363446, 0.45139059102790263
0.10093209054593875, 2.674331099421937, 0.8731541760289488, 0.4498087725942356
0.12716378162450068, 2.703662952086262, 0.8386884306785314, 0.34544046775138554
0.13981358189081225, 2.547411838392126, 0.8601519077719341, 0.30847792339506463
0.09973368841544607, 2.7938452174577035, 0.8948682254877621, 0.4641839901119156
0.10173102529960053, 2.6916283350016244, 0.8530281784371688, 0.44612812271037783
0.16724367509986685, 2.284335996649078, 0.8379240428264925, 0.2592957439830447
0.0988681757656458, 2.2987563137366833, 0.9143502308970638, 0.4736181157629922
0.13415446071904127, 2.415676018163145, 0.8283777923506492, 0.3232025420692124
0.1333555259653795, 2.537036337801683, 0.8351811539456897, 0.30969704158689565
0.13202396804260985, 2.482262994081139, 0.8901029203922534, 0.32472159607020584
0.0988681757656458, 2.586923496335864, 0.9143502308970638, 0.4719538215601191
0.1325565912117177, 2.5317402576797017, 0.882966018381614, 0.3313673932091772
0.12603195739014647, 2.526963333505765, 0.8381513543280613, 0.35983614914851314
0.14134487350199734, 2.459278190929626, 0.8817637458912919, 0.3369158607376562
0.131491344873502, 2.586853635707962, 0.8915503426154262, 0.3122707200765943
0.09747003994673768, 2.320436319300084, 0.8960413300534342, 0.4897259089051263
0.09747003994673768, 2.345193992981739, 0.8960413300534342, 0.4756335631145026
0.11511318242343542, 2.489630360196973, 0.9104162276790687, 0.3348131052859155
0.09933422103861518, 3.4874952964316037, 0.9184179034232867, 0.4748946595001145
0.09973368841544607, 2.30538505678488, 0.8948682254877621, 0.4560519423618467
0.11677762982689747, 2.5339634490155984, 0.8898573111008151, 0.35484942389742885
0.09973368841544607, 2.6442949802119946, 0.8948682254877621, 0.4673203793498123
0.12137150466045273, 2.7445487908612236, 0.9038145552391182, 0.3216871047375256
0.09973368841544607, 2.348880861134091, 0.8948682254877621, 0.4577923455683953
0.10659121171770972, 2.424613363288849, 0.8882553767828952, 0.39696112439274495
0.11098535286284954, 2.3744593694270373, 0.8910526710003804, 0.36492422426274174
0.09747003994673768, 3.0167854917589105, 0.8960413300534342, 0.47861214437437277
0.10319573901464714, 2.5040752774469066, 0.9167363847505233, 0.3414381208973005
0.10126498002663116, 2.503560215456984, 0.85339999363446, 0.4514289738374507
0.10126498002663116, 2.4912588277288505, 0.85339999363446, 0.45444888586689075
0.10126498002663116, 2.977109820214156, 0.85339999363446, 0.4515086638599486
0.09973368841544607, 2.355679774268489, 0.8948682254877621, 0.45964910301186834
0.10093209054593875, 2.50175049693067, 0.8731541760289488, 0.45055952176486175
0.10093209054593875, 2.585303217545648, 0.8731541760289488, 0.4589161191681585
0.0988681757656458, 2.7156517712992136, 0.9143502308970638, 0.47185517060916754
0.1269640479360852, 2.3295262772297254, 0.8428593954790128, 0.3189444077078652
0.09933422103861518, 2.3685554790909533, 0.9184179034232867, 0.47301593895949656
0.09973368841544607, 2.310684388947392, 0.9219208684249114, 0.48236010924064054
0.09747003994673768, 2.5206371576109836, 0.8960413300534342, 0.47714487741508604
0.13482023968042608, 2.3884990016804553, 0.8928053743019665, 0.3313137471966161
0.10126498002663116, 2.7353956447817516, 0.85339999363446, 0.44870131038149375
0.10033288948069241, 2.9888467287096616, 0.9211354072330041, 0.44404936554144236
0.0988681757656458, 3.50899669253596, 0.9143502308970638, 0.4740507599448432
0.12103861517976032, 2.6488478832809967, 0.9151636596651933, 0.34817964665401574
0.10672436750998668, 2.3016706493500863, 0.903467155449289, 0.20908994678368018
0.0988681757656458, 2.323506891560777, 0.9143502308970638, 0.4744487550569232
0.0988681757656458, 2.3912331698182103, 0.9143502308970638, 0.4807526048983479
0.10233022636484687, 2.4193720851614375, 0.8803044252072881, 0.4430524390118146
0.0988681757656458, 2.790589945782199, 0.9143502308970638, 0.47600164900671293
0.09747003994673768, 2.5991995080333257, 0.8960413300534342, 0.48080829703172
0.13295605858854861, 2.399721659920346, 0.8579039764895701, 0.34114634492003104
0.09973368841544607, 2.756148535580673, 0.8948682254877621, 0.45904078088317685
0.12210386151797603, 2.3788223980111227, 0.891092849687205, 0.3983739069270297
0.09973368841544607, 2.5557426790581563, 0.9219208684249114, 0.47658612850137966
0.09973368841544607, 2.4878817975441723, 0.9219208684249114, 0.4762748986697969
0.10126498002663116, 2.3211466011766113, 0.85339999363446, 0.44813204018943
0.10093209054593875, 2.4302476315142787, 0.8731541760289488, 0.44611962062865296
0.10233022636484687, 2.477132852194947, 0.8803044252072881, 0.4453938822421587
0.10233022636484687, 2.4196425880477843, 0.8803044252072881, 0.44808821117058734
0.10233022636484687, 2.320221275734044, 0.8803044252072881, 0.4463471567036199
0.10133155792276964, 2.4784285554952534, 0.8533514499451396, 0.4507209559474484
0.13049267643142476, 2.328508324216749, 0.8574068601852808, 0.3330301499419025
0.09933422103861518, 3.140261992435163, 0.9184179034232867, 0.47570676262033984
0.09933422103861518, 2.805913851486541, 0.9184179034232867, 0.4753718188638687
0.09973368841544607, 2.6834384934245032, 0.8948682254877621, 0.45794495419117986
0.1378162450066578, 2.60870497922764, 0.886428305617142, 0.3584547261029656
0.13914780292942744, 2.3606846157466364, 0.8599307746223647, 0.3360916142810846
0.0988681757656458, 2.391134470685344, 0.9143502308970638, 0.4792657272641728
0.1207723035952064, 2.861895891778002, 0.8970925844917994, 0.3684686045777738
0.14320905459387484, 2.8249978054776173, 0.8252632898419182, 0.31021708003904236
0.18348868175765645, 2.394125181785754, 0.8268636964953988, 0.21180393073641246
0.11098535286284954, 2.375028003619292, 0.8731275918031121, 0.3261675401962295
0.15659121171770973, 2.440414948453916, 0.8550980638646679, 0.23881227719162845
0.11218375499334221, 2.3138055039547414, 0.8456191301733879, 0.39536490261108254
0.10659121171770972, 2.517315380066911, 0.9277362589857318, 0.399525490351519
0.10632490013315579, 2.7950597190150566, 0.8495861702877852, 0.4134792536075379
0.10386151797603196, 2.6904615364839803, 0.8898901444405084, 0.4416746160889128
0.10885486018641811, 2.5260484405030583, 0.9092869757848641, 0.3959779275235299
0.11191744340878829, 2.4603427364013486, 0.9149275453967921, 0.3520127941980703
0.13268974700399466, 2.5055835221959812, 0.9029765097359963, 0.3046060417188169
0.11271637816245007, 3.1205053237640112, 0.902278737453322, 0.35037269912517305
0.11664447403462051, 2.499544708293859, 0.8962354820980117, 0.330432315309971
0.10126498002663116, 2.599038697253372, 0.85339999363446, 0.4498019267827923
0.11977363515312917, 2.447212259929761, 0.8874648376825524, 0.3219862344269927
0.11830892143808255, 2.593331143327464, 0.8712044435449385, 0.3211498161230274
0.10545938748335552, 2.809031473987112, 0.8697226480937865, 0.42138248243156345
0.14394141145139813, 2.437806771034883, 0.8573742211325767, 0.306980589896767
0.11637816245006657, 2.3447856992284724, 0.8858766787233465, 0.3438289003801863
0.17097203728362184, 2.257273278557032, 0.8635247916960878, 0.2521081814147019
0.10346205059920106, 2.887392373019941, 0.9157616951653196, 0.4096711792618189
0.11591211717709721, 2.456886622988273, 0.855514582666284, 0.3596905412108777
0.10093209054593875, 2.301673639868293, 0.8731541760289488, 0.45281747984271453
0.1066577896138482, 2.4443425007095034, 0.8503912165277456, 0.4176297361769931
0.1478029294274301, 2.4596538419253657, 0.8461365998316366, 0.2975950294769664
0.10079893475366178, 2.834568925934054, 0.9341581682836367, 0.46848378709401295
0.10858854860186418, 2.509053132632442, 0.8677253242080732, 0.3975159369939718
0.09973368841544607, 3.029273953123115, 0.8948682254877621, 0.4610141187969722
0.10039946737683089, 2.5200492401415118, 0.8943975927613452, 0.4058977056947354
0.14793608521970705, 2.4644171176356737, 0.8271665662913751, 0.28960995199933953
0.10093209054593875, 2.6581926792423514, 0.8731541760289488, 0.4571806409184373
0.13788282290279627, 2.3848401634813783, 0.8818780754932952, 0.309099908670384
0.12290279627163782, 2.2955837873183933, 0.9172516888211081, 0.39426625193601517
0.10712383488681758, 2.7902854541249664, 0.9139866301875768, 0.4550480717480228
0.12390146471371505, 2.364866334779285, 0.8331413077360419, 0.31795247505621616
0.10079893475366178, 2.3776010753232217, 0.9341581682836367, 0.46924902377010164
0.09973368841544607, 2.5961349158923572, 0.8948682254877621, 0.45411480146966154
0.1177762982689747, 2.6843941735999084, 0.9058956400649564, 0.3235228010366471
0.10126498002663116, 2.7628744197153696, 0.85339999363446, 0.4640249608786647
0.10126498002663116, 2.6827409053531373, 0.85339999363446, 0.4482836236778817
0.10346205059920106, 2.340238758425579, 0.9095820334754946, 0.34749134481460314
0.10093209054593875, 2.3672864425991884, 0.8731541760289488, 0.44709091709877574
0.11178428761651132, 2.4343737311115596, 0.9054891103465792, 0.3694100253223152
0.09940079893475366, 2.6377879589200814, 0.9183686423395429, 0.4840952052311787
0.09933422103861518, 3.2088117254954995, 0.9184179034232867, 0.4772608358654174
0.1270972037283622, 2.658528843446673, 0.8591657072564329, 0.3025645076147968
0.1163115845539281, 2.5110879831641078, 0.8699946207639704, 0.37413113869544135
0.13122503328894808, 3.0779962241411525, 0.8429371880867207, 0.3149189060464542
0.09973368841544607, 2.8659258130863408, 0.8948682254877621, 0.45907690504333937
0.16231691078561916, 2.237451667236425, 0.8551157335312802, 0.24540443575308551
0.10752330226364847, 2.6378091893088165, 0.9134854509694726, 0.3942314266989632
0.09973368841544607, 3.2990168035228784, 0.8948682254877621, 0.45524592902422323
0.19434087882822904, 2.2157097790673, 0.8319458043219347, 0.2027750950826452
0.11504660452729694, 2.8552589823021868, 0.880509607723605, 0.3329041475199289
0.1392809587217044, 2.695653799053197, 0.85929652061344, 0.3112506542375074
0.11058588548601864, 2.6796464002243527, 0.8768109338775649, 0.42574562287310747
0.1611185086551265, 2.1754470528441963, 0.839788308498838, 0.26454551414634225
0.10206391478029295, 2.8246821277944765, 0.8914959225436031, 0.4388043399217036
0.15665778961384821, 2.3984058824106156, 0.8371448687059349, 0.2822432640774093
0.17210386151797602, 2.503430610030056, 0.8035374663638519, 0.23691420657527756
0.18315579227696405, 2.22989950316565, 0.8247952962136184, 0.2364009567208487
0.16944074567243675, 2.413283685163239, 0.8584922740298113, 0.27405301152713213
0.13195739014647137, 2.3354658363106724, 0.8881916344428512, 0.34272827552539487
0.10539280958721704, 2.6509871130221376, 0.9126019675697941, 0.3838797467330495
0.1170439414114514, 2.344716807537168, 0.9171045209739193, 0.4189632410104646
0.10126498002663116, 2.7193324243062027, 0.85339999363446, 0.4500053929527739
0.10272969374167776, 2.3615173199364095, 0.9137654707451601, 0.3591805676789477
0.14973368841544607, 2.9944555668911828, 0.8400546489330699, 0.30239984124856945
0.11411451398135819, 2.842418609422628, 0.8479723692537727, 0.3685356804005647
0.12097203728362184, 2.9665816130238114, 0.8854434289312703, 0.41024137640279934
0.14340878828229028, 2.526323046831888, 0.8330256131636881, 0.29271477181409433
0.13581890812250333, 2.690684029916314, 0.8653823034087731, 0.27337885378198484
0.17276964047936086, 2.2300678858109384, 0.846386034714392, 0.2452543587080773
0.12150466045272969, 2.3099691719094544, 0.8598066820516014, 0.32249915463236406
0.12496671105193076, 2.470651640210266, 0.8550041271274185, 0.3337732201885237
0.14886817576564582, 2.4434507678097956, 0.8249337965481344, 0.30087919888298026
0.10153129161118508, 2.304277483997904, 0.9152381280302131, 0.33143380764540586
0.1503328894806924, 2.340665869039797, 0.8818965088773002, 0.253045840422785
0.14087882822902797, 2.4963617347766176, 0.8352850377165376, 0.31705732657588387
0.17323568575233023, 2.307628427316917, 0.8108511054575557, 0.22149064949156735
0.12023968042609853, 2.5383613623569556, 0.8623106298059414, 0.33412497304049116
0.0988681757656458, 3.195008930259356, 0.9143502308970638, 0.48775332674578303
0.1466711051930759, 2.4905973717788563, 0.81961664978428, 0.2971057314527288
0.1551930758988016, 2.370294534366394, 0.8421719007962035, 0.26101119375694704
0.11711051930758988, 2.7724675252577278, 0.9101568222410651, 0.30853440361658735
0.11458055925432756, 2.321872272178749, 0.894484722724723, 0.38032607743779645
0.122237017310253, 2.736273861546491, 0.8955865288212937, 0.35556014246393197
0.09973368841544607, 2.3738997924581824, 0.9219208684249114, 0.4735337563685047
0.10539280958721704, 2.4616293117066674, 0.9294890469641947, 0.45507702431772684
0.12163781624500666, 2.5106796960379882, 0.9109495464001298, 0.330107256650293
0.10878828229027963, 2.309174193253371, 0.8861969942273226, 0.3970570466010333
0.10745672436750998, 2.8569348348520407, 0.9030259988155407, 0.34083955903037544
0.13974700399467377, 2.5869304537614397, 0.8279313609474406, 0.3107348162892213
0.10079893475366178, 2.5537459888804293, 0.9341581682836367, 0.4691764672166252
0.10126498002663116, 2.5402562138005673, 0.85339999363446, 0.44662170892026354
0.10126498002663116, 2.3830828455253226, 0.85339999363446, 0.4506317921876841
0.10126498002663116, 2.653700919379883, 0.85339999363446, 0.4515305093763966
0.10093209054593875, 2.4584025558238025, 0.8731541760289488, 0.446701404046074
0.0988681757656458, 2.5141296092108307, 0.9143502308970638, 0.4757708532581979
0.1378162450066578, 2.5052297701689596, 0.8803445515940075, 0.31922542170738155
0.0988681757656458, 2.4797776392630033, 0.9143502308970638, 0.47421914663278075
0.10126498002663116, 2.729505161645409, 0.85339999363446, 0.4513069902659855
0.10126498002663116, 2.8052798476025522, 0.85339999363446, 0.4469048136991479
0.14154460719041279, 2.5560628176529145, 0.8344590283396696, 0.2810490668029558
0.11138482023968042, 2.613718162213121, 0.8933000983268162, 0.3296545727929329
0.09773635153129161, 2.3865252082500255, 0.8954555614450408, 0.47026220953207726
0.10932090545938748, 2.4122203802379882, 0.8463975121573926, 0.3906496151102441
0.0988681757656458, 2.9818551931138364, 0.9143502308970638, 0.47351547581000764
0.14107856191744342, 2.5045619173786453, 0.8593632429919837, 0.3208189482333985
0.12689747003994672, 2.267971063144356, 0.884198765318982, 0.30567913619071724
0.10093209054593875, 3.180171564723379, 0.8731541760289488, 0.4523554642659392
0.14394141145139813, 2.7673868312737278, 0.8496081770432429, 0.26213912450292093
0.10006657789613849, 3.0627417693680994, 0.916859016029625, 0.4200262494589186
0.12276964047936086, 2.692032222213663, 0.8863805786098624, 0.3297040980482395
0.11744340878828229, 2.593570848604969, 0.9062947333146996, 0.3512746500324669
0.13262316910785618, 2.408687519142218, 0.8472320750232847, 0.3006185324766502
0.12423435419440745, 2.7813171619899104, 0.8674529550729791, 0.31119415346318524
0.0988681757656458, 2.307776824874027, 0.9143502308970638, 0.47305079494152386
0.1633155792276964, 2.3957955256838614, 0.8328658521861491, 0.27861870364858415
0.10752330226364847, 2.494057906499398, 0.9057481477220451, 0.3465972392148744
0.10046604527296937, 2.491751484805036, 0.911086568912484, 0.4439090554320381
0.10166444740346205, 2.605097421047373, 0.8531860625194634, 0.44579280932256504
0.13801597869507323, 2.490781076373495, 0.8481122242355147, 0.3046630785155004
0.10785619174434088, 2.840361098836011, 0.846683492083272, 0.42896570445529464
0.1617842876165113, 2.3467972436217908, 0.8530650213178136, 0.2691995236180694
0.12050599201065246, 2.9251351860645767, 0.9041509373805582, 0.3193156547239847
0.15492676431424768, 2.3393696235038943, 0.8694766709498807, 0.31098855454755325
0.11311584553928096, 2.8087436042676437, 0.9040304917235535, 0.39201191686493125
0.1577230359520639, 2.2893335592334028, 0.8693313355688959, 0.29421037209380896
0.0988681757656458, 2.783666740935271, 0.9143502308970638, 0.4718962357821993
0.11711051930758988, 2.485772440182702, 0.8928497854283792, 0.42634878560845096
0.10126498002663116, 2.6213249659133497, 0.85339999363446, 0.4524944828396687
0.13422103861517976, 2.7364173707925525, 0.8553538377703227, 0.30996231027056687
0.135219707057257, 2.4145195599084848, 0.8458711282228327, 0.28576841443101
0.13209054593874833, 2.3490046966171136, 0.8490829435918499, 0.31014342115933013
0.14713715046604528, 2.597409994886337, 0.877811621865104, 0.3077446677815786
0.0988681757656458, 3.6246850978826157, 0.9143502308970638, 0.47432158973677174
0.13308921438082558, 2.3717007798932683, 0.895779825657953, 0.37113215465532223
0.10233022636484687, 2.3789139248162865, 0.8803044252072881, 0.44530937816873684
0.10126498002663116, 3.016713660534784, 0.85339999363446, 0.4511617319544497
0.10079893475366178, 2.3756516624227184, 0.9341581682836367, 0.46682760065379564
0.10126498002663116, 2.6661268879903774, 0.85339999363446, 0.4510728540867431
0.1151797603195739, 2.3201728597303206, 0.8868494466932573, 0.3303875447597566
0.10233022636484687, 2.343642509475688, 0.8803044252072881, 0.45055677641106406
0.10233022636484687, 2.3889802237722115, 0.8803044252072881, 0.4579123534907034
0.10079893475366178, 2.768137928097448, 0.9341581682836367, 0.4693949127816675
0.10099866844207724, 2.4621008625598786, 0.8730981536199854, 0.4494329413337199
0.09973368841544607, 2.462017727985522, 0.9219208684249114, 0.4768368954057407
0.09933422103861518, 2.438803699481662, 0.9184179034232867, 0.48871773266696705
0.0988681757656458, 2.338017668458974, 0.9143502308970638, 0.47530405337215437
0.09973368841544607, 2.443750964134892, 0.9219208684249114, 0.479165284558244
0.09933422103861518, 2.537093041136801, 0.9184179034232867, 0.47276224635573405
0.09973368841544607, 2.6007097057115223, 0.9219208684249114, 0.48034303059396094
0.09747003994673768, 2.343713260268403, 0.8960413300534342, 0.4800726831785439
0.10126498002663116, 2.3925001941730435, 0.85339999363446, 0.45491595058973444
0.10126498002663116, 3.1637255175840284, 0.85339999363446, 0.4502633266402224
0.0988681757656458, 2.6287970465524855, 0.9143502308970638, 0.4766629289744748
0.09973368841544607, 3.0289926072252733, 0.8948682254877621, 0.4549850749702404
0.14007989347536617, 2.352962532675219, 0.8385607881231691, 0.3082221299143173
0.09933422103861518, 2.4265433477974447, 0.9184179034232867, 0.4759168757767235
0.09747003994673768, 2.4807766982702693, 0.8960413300534342, 0.48779152179055013
0.09973368841544607, 2.8327136271406266, 0.9219208684249114, 0.480096108572331
0.10126498002663116, 2.6923766764677, 0.85339999363446, 0.4509630747861327
0.09933422103861518, 2.530880018977446, 0.9184179034232867, 0.4760235328727545
0.10093209054593875, 2.787966505570037, 0.8731541760289488, 0.4467934672762462
0.09986684420772303, 2.3256567201585807, 0.8939957189737235, 0.45146271888332307
0.0988681757656458, 3.2996917073343313, 0.9143502308970638, 0.4757784008255254
0.10126498002663116, 2.6684542074581277, 0.85339999363446, 0.4521333959685755
0.10179760319573901, 2.755293526892338, 0.8530222385648575, 0.4696752661421924
0.09933422103861518, 3.2287119839980347, 0.9184179034232867, 0.4741649356554714
0.16877496671105194, 2.529991565079251, 0.8203578456862641, 0.24865415024621929
0.09973368841544607, 2.7792381650598323, 0.8948682254877621, 0.4584154757097829
0.13022636484687083, 2.3315133665912797, 0.8437541764182486, 0.312383338608765
0.10126498002663116, 2.6545147622472913, 0.85339999363446, 0.4544325672966093
0.13888149134487351, 2.5692328951250856, 0.834764374065649, 0.3024256183625155
0.12583222370173103, 2.429855016798535, 0.893224006207208, 0.35333884116024117
0.15805592543275632, 2.3096533579134273, 0.8749033142674856, 0.23401192373003346
0.0926098535286285, 2.3042345266843762, 0.8901673324615719, 0.28295346041905683
0.0988681757656458, 2.491273552127748, 0.9143502308970638, 0.47188623820216763
0.0988681757656458, 2.492703930198273, 0.9143502308970638, 0.47684994264981434
0.1399467376830892, 2.579847816946345, 0.8775121552500296, 0.3191118043681569
0.1466711051930759, 2.9397252448151177, 0.8372354408384173, 0.30683136652731546
0.14027962716378162, 2.503286824523212, 0.8631515689914093, 0.2697260576953066
0.09747003994673768, 2.524949351107868, 0.8960413300534342, 0.47944833915526547
0.10079893475366178, 3.2528544025299713, 0.9341581682836367, 0.464186537215868
0.09973368841544607, 3.396508930742582, 0.9219208684249114, 0.47661307583972806
0.13315579227696406, 2.4713708546523567, 0.8543817173310808, 0.30843177882009604
0.12423435419440745, 2.4740822607128026, 0.8355804388943661, 0.3458832603959484
0.11311584553928096, 3.240384417288154, 0.9094766280225709, 0.3852300552924624
0.14766977363515313, 2.3111967314178554, 0.854686573955575, 0.3292765101733825
0.11864181091877497, 2.633769656227686, 0.9030914417307314, 0.4241340287581679
0.19467376830892144, 2.344004636717224, 0.8115164092847507, 0.23446604003246668
0.21711051930758987, 2.2527075355919637, 0.7795435514922063, 0.18309241426869566
0.19653794940079894, 2.3583438197004494, 0.797857413245658, 0.22459211002305898
0.18029294274300933, 2.2183916492603433, 0.8165243157931585, 0.26615418690448645
0.2159786950732357, 2.1553534244729105, 0.760590441953564, 0.20691063806619894
0.1340878828229028, 2.453630140927755, 0.85994577354421, 0.34025057983852497
0.13515312916111852, 2.45138540338581, 0.839895584143366, 0.31529460974353307
0.18468708388814914, 2.156460139530397, 0.811874863667354, 0.26179991344543996
0.21245006657789614, 2.3938984030016885, 0.813399622244516, 0.21698928048432986
0.21944074567243674, 2.1523747537885303, 0.7679604663877171, 0.19603983360399815
0.13834886817576564, 2.357320629578138, 0.8575729671037281, 0.33702448978205035
0.22163781624500667, 2.18571413504617, 0.7634855580551354, 0.21227390108739794
0.16458055925432757, 2.5105294490582777, 0.8450868912630544, 0.2723248394423638
0.18235685752330227, 2.419540789528947, 0.8042298035154362, 0.26373973565148645
0.19081225033288948, 2.4963869988283367, 0.8417802391646491, 0.28807845012722105
0.18941411451398135, 2.498547633903004, 0.8110472388267995, 0.2547949756608089
0.16411451398135818, 2.556673904765303, 0.8565999235405317, 0.2865848345373509
0.21857523302263648, 2.2043168113250706, 0.7757693262856264, 0.22407121793204637
0.12656458055925432, 2.5349465591017, 0.8280517303534409, 0.3495989620080078
0.15073235685752331, 2.552219221253846, 0.8286453262517923, 0.2923186929317216
0.16984021304926764, 2.2051843932481328, 0.8041939652922927, 0.2565269153350016
0.1396804260985353, 2.5579591953246474, 0.8452363429288821, 0.2984421226841808
0.1814247669773635, 2.389664499594591, 0.7989994438401404, 0.262935679645768
0.19320905459387483, 2.161077603205701, 0.8042898572045541, 0.2553590144107766
0.18954727030625831, 2.2716986841590363, 0.7562088827815558, 0.2306574210583255
0.15352862849533955, 2.545928508590922, 0.8269833448819025, 0.2935685597139593
0.21231691078561918, 2.289434945813508, 0.7394050813360952, 0.2147572305154758
0.19394141145139815, 2.3252970583469033, 0.7912623430119836, 0.25149739909368424
0.18941411451398135, 2.295336871402718, 0.7938601776700406, 0.2520744372984065
0.19826897470039948, 2.345603059873124, 0.8328134424123825, 0.24861077001703685
0.16278295605858856, 2.1452113020039114, 0.8422843469356827, 0.2842785625578163
0.20066577896138482, 2.194205146258109, 0.7951690457418771, 0.21156979756630453
0.16870838881491346, 2.229875378237266, 0.8124023753031808, 0.2753766530959138
0.15379494007989347, 2.275062034220575, 0.8419274869338905, 0.3243475130615357
0.181491344873502, 2.1975821297035396, 0.8534699545897054, 0.2896574886533847
0.17583222370173102, 2.2436001684472022, 0.8145363046630877, 0.25288772027676304
0.10765645805592543, 2.4632002515894436, 0.914419321013289, 0.38120033586891877
0.13794940079893475, 2.32980498309618, 0.8948426795096655, 0.3539165608900522
0.10545938748335552, 2.439442515809749, 0.9179882408235561, 0.3810824095222389
0.13042609853528628, 2.8290984775826393, 0.8774308104569939, 0.3501340185404835
0.10133155792276964, 2.4900130592633816, 0.920676353765554, 0.3941977176129711
0.185219707057257, 2.5526111236385276, 0.8011483105291453, 0.24599604372959394
0.15226364846870838, 2.47366091216928, 0.8332046313916055, 0.2901389815414679
0.10985352862849534, 2.6104391772801008, 0.8449104441316324, 0.41346548058430194
0.12090545938748336, 2.4092624853914493, 0.8389483179632896, 0.39153883580126936
0.12057256990679095, 2.9445868700544304, 0.8816519878900252, 0.33645869712739407
0.15659121171770973, 2.520340514659247, 0.7800205924932044, 0.2893103107462262
0.1858854860186418, 2.283592294876807, 0.7899610123273068, 0.2200372185241339
0.2151131824234354, 2.164818478225868, 0.8273332855484392, 0.21380052884409598
0.19154460719041277, 2.2082282834102247, 0.7670750710997065, 0.22300693638904018
0.21810918774966712, 2.3213184715507826, 0.7913309855919324, 0.20256387254314137
0.13109187749667112, 2.4271600568223093, 0.8276184863493928, 0.34666764970738057
0.14866844207723037, 2.3614452120705387, 0.7995606157658066, 0.2926718595956459
0.2181757656458056, 2.1543572956252195, 0.7747449149134633, 0.2059112007760099
0.11018641810918775, 2.640193260462084, 0.910900689990052, 0.438496937510406
0.11304926764314248, 2.849501478529167, 0.9047879445919957, 0.3278810976667402
0.185219707057257, 2.571455553344658, 0.8034970113049239, 0.24151213582541345
0.20346205059920106, 2.423075057837998, 0.7671285522798379, 0.234667303609163
0.17656458055925434, 2.488825260501568, 0.8007246646705616, 0.2704167624014272
0.14713715046604528, 2.3918049802157912, 0.816241193087441, 0.32900198995850305
0.20126498002663115, 2.3435286339010286, 0.7954148574221713, 0.2253625366462601
0.1525965379494008, 2.1827302871706005, 0.8694658021186044, 0.3485611444168798
0.13508655126498004, 2.260463783934653, 0.8343856751704259, 0.29643338751326753
0.10033288948069241, 2.4552545045726943, 0.9210874550876066, 0.4539919936062551
0.1114513981358189, 2.3569459488841096, 0.9013132878882008, 0.38734414017751134
0.17696404793608522, 2.347612277867791, 0.8377427403788653, 0.24981836495948662
0.10193075898801598, 2.639468249849251, 0.8529227885645051, 0.45003729400122056
0.16038615179760318, 2.642039067588856, 0.8640855983161881, 0.26756154479646527
0.14840213049267642, 2.577594070856803, 0.8371371906288264, 0.30149946500150393
0.09973368841544607, 2.685887573943157, 0.9183343891540494, 0.48722306368556717
0.15059920106524635, 2.4773838280679064, 0.8091206061708631, 0.29081554121145564
0.11065246338215712, 2.486329583035963, 0.8511540050386008, 0.40409744023872407
0.13941411451398136, 2.357730797326041, 0.8711641288316602, 0.268831177523385
0.1714380825565912, 2.436020935173041, 0.8315555729111795, 0.2625298675377342
0.1244340878828229, 2.451023684134496, 0.9126819643340864, 0.35212297496939615
0.14507323568575234, 2.5746468151258566, 0.8823620335876906, 0.2916069925493468
0.1659121171770972, 2.318555413498066, 0.8451646431726061, 0.30625169143086217
0.21058588548601864, 2.2115036284082263, 0.7972234630824397, 0.22807474772815411
0.1729693741677763, 2.204497412192361, 0.8498693836019946, 0.30681530477338204
0.13162450066577897, 2.694507427015571, 0.8598041058602804, 0.3159415680586195
0.14573901464713715, 2.5026440514467367, 0.8792968597407612, 0.3481854594756124
0.10193075898801598, 2.7375433665637012, 0.8531291035560333, 0.4453191173976893
0.21364846870838883, 2.2195772222966235, 0.7626011629453788, 0.2106110464312487
0.21471371504660453, 2.2505195066789176, 0.7781647126155817, 0.216110873510247
0.18342210386151797, 2.452456320506755, 0.796632747150637, 0.2546334507842219
0.1685752330226365, 2.6890298900845524, 0.828783886911594, 0.2916104527294367
0.10279627163781624, 3.1639441956692784, 0.9159845302957725, 0.45723571043224576
