acuracia,loss,frr,fpr
0.010388226676433375, 4.606346116526717
0.012119597789172272, 4.608897211707733, 0.9880232390611055, 0.12328016569888639
0.010388226676433375, 4.655161706126545, 0.9891961300029523, 0.1469620929091509
0.015981887194512885, 4.678526953675422, 0.9838594093994594, 0.12664089631355746
0.012319371379103683, 4.6541174745213585, 0.9878431571657322, 0.13248696874318197
0.01644802557101951, 4.64896260964106, 0.9840819270651636, 0.13236528167617054
0.012186188985816075, 4.6222605876728275, 0.9870439768651993, 0.12310761860919825
0.011520277019378038, 4.6163660407169544, 0.9884394378839417, 0.1312981225246607
0.01764666711060798, 4.601007083717037, 0.9826167173228255, 0.12455327649832448
0.018312579077046014, 4.628249770531112, 0.9815924689273443, 0.11631982985363187
0.016914163947526137, 4.633143736009965, 0.9835795586157279, 0.1187581606238109
0.00992208829992675, 4.645734358891242, 0.9903741487002382, 0.14696073823406802
0.015582340014650062, 4.6871215131967565, 0.9840776632850711, 0.12736961539626468
0.01731371112738896, 4.614457089803965, 0.9827422210671258, 0.11894656165308103
0.01877871745355264, 4.612216001901057, 0.9806793971448426, 0.11243211145880137
0.00992208829992675, 4.61414131337415, 0.9894252738316379, 0.14748753533850903
0.013251648132116935, 4.6819338728666, 0.9869955755737599, 0.13854628581066397
0.014516880868349204, 4.595120151041192, 0.9855026585123958, 0.12063735090205054
0.01824598788040221, 4.607735638422552, 0.982210763964363, 0.11363432790881976
0.014383698475061596, 4.577045994512392, 0.9854483367618054, 0.12880440309381683
0.014849836851568222, 4.606488615915446, 0.9853165141725873, 0.1230552475927874
0.014916428048212027, 4.592146591664853, 0.9838959573504164, 0.1274842466732518
0.014450289671705401, 4.657719039866187, 0.9850048902747411, 0.12926633059212964
0.011653459412665646, 4.592084661355355, 0.988649224104654, 0.11943232421285133
0.009056402743557302, 4.617110778688948, 0.9908459432807071, 0.14629866557133311
0.009522541120063928, 4.635310173828497, 0.9904155354677355, 0.14703003369345408
0.014183924885130185, 4.698185861241669, 0.9857663981546934, 0.1334152579323955
0.01698075514416994, 4.596974076352789, 0.983301553418098, 0.11742173525826285
0.01465006326163681, 4.663533415022453, 0.9853838118720607, 0.13034912818992359
0.00938935872677632, 4.632654581833927, 0.9892839039121109, 0.13786976255445071
0.008989811546913497, 4.7450610837836695, 0.9909117327543915, 0.14829845709606584
0.016581207964307117, 4.604534778453987, 0.983218150233649, 0.11578963870245546
0.008989811546913497, 4.6416014776555645, 0.9909117327543915, 0.1472481635757519
0.01644802557101951, 4.643687487855179, 0.9831192234639178, 0.10875935441232315
0.012186188985816075, 4.605464068790834, 0.9875884957619612, 0.12863508257351428
0.011253912232802823, 4.6796158869145685, 0.9888165013245943, 0.14706084525101185
0.012918692148897916, 4.598424504391798, 0.9857756066129869, 0.12142934449442878
0.01318505693547313, 4.6299369323267126, 0.9868999911761253, 0.12973543256949524
0.00992208829992675, 4.6550296257900765, 0.9894252738316379, 0.14677600171890018
0.010255044283145769, 4.623309599064856, 0.9898171346880775, 0.1466488604673367
0.011120729839515215, 4.642298504762788, 0.9891616860161241, 0.1300237420733282
0.010388226676433375, 4.621366955083403, 0.9903058025584107, 0.14663349937946035
0.01678098155423853, 4.6375178848132474, 0.9832421669759964, 0.11129323896427219
0.009589132316707731, 4.646452293070844, 0.9900878353007028, 0.1285433611512793
0.014450289671705401, 4.649431027195668, 0.9860112012261811, 0.12739469375542095
0.009788905906639143, 4.648378003157193, 0.9896266437005694, 0.13657822391544333
0.014183924885130185, 4.62989866348544, 0.9860714428502426, 0.12511498452177722
0.01065459146300859, 4.666453720036126, 0.9885727673662049, 0.14221616154918926
0.015981887194512885, 4.6984828497730495, 0.984606732752751, 0.12196823031331754
0.014583472064993008, 4.6237833766793734, 0.98437442441571, 0.12339214081233185
0.014183924885130185, 4.645775967720084, 0.9855167948127077, 0.12916423237803476
0.01498301924485583, 4.629403157995315, 0.9849289517188464, 0.12663080116628045
0.01678098155423853, 4.617883501194475, 0.9834438733149661, 0.11611967063336381
0.012985283345541719, 4.624040820924549, 0.9872528028322369, 0.12819765092288776
0.013984151295198775, 4.616578783661578, 0.9868974320401582, 0.12672434664015192
0.015382566424718653, 4.620328698612652, 0.9844778836049157, 0.12570752898230422
0.01318505693547313, 4.607501499152909, 0.9868783519059314, 0.13770176286469318
0.018112805487114605, 4.643448300897309, 0.9822959942188979, 0.11815638434085501
0.017446893520676566, 4.631550251647732, 0.9826202059040415, 0.11395846510991232
0.014317107278417793, 4.68967369614567, 0.9858944040873437, 0.1310489360483802
0.01425051608177399, 4.597032350254509, 0.9856479218312647, 0.11908931129281404
0.012718918558966504, 4.619017721357649, 0.9876223600134773, 0.13301903730015946
0.012985283345541719, 4.614686626247109, 0.986273079732858, 0.13058646159435855
0.00938935872677632, 4.656743703133306, 0.9905941539207661, 0.14247786000311055
0.011253912232802823, 4.7195505926641905, 0.9888165013245943, 0.1475270251846105
0.008989811546913497, 4.6667051248308455, 0.9909117327543915, 0.14686937458504098
0.010388226676433375, 4.607655555341266, 0.9903058025584107, 0.1475549466721446
0.009855497103282946, 4.6241490373346625, 0.9903100963279278, 0.1347761145433052
0.010388226676433375, 4.739583794632614, 0.9895496144479202, 0.12905904776928737
0.012652327362322701, 4.669314685035833, 0.9867604616875362, 0.12899926108351417
0.009522541120063928, 4.690401330882972, 0.9907528978148703, 0.14667171404836013
0.014916428048212027, 4.651051130483413, 0.9853337633660114, 0.12752855970516364
0.011986415395884664, 4.653930421277861, 0.9885830151206801, 0.12894362133082127
0.010521409069720983, 4.65427007504974, 0.9902898550257959, 0.14743371071901884
0.008989811546913497, 4.604557483485371, 0.9909117327543915, 0.14821791710942528
0.010588000266364786, 4.6249731401950385, 0.9896719658154295, 0.13212643439197497
0.010920956249583806, 4.659556034108711, 0.9893896738055069, 0.14665430773659985
0.01065459146300859, 4.758141648049376, 0.9890512584042591, 0.14644136185469184
0.009522541120063928, 4.605739106158406, 0.9903051619902041, 0.14755813925536262
0.009522541120063928, 4.619041646027792, 0.9901764967018262, 0.14762902783249005
0.009322767530132517, 4.6612141166171845, 0.98925679340377, 0.14667312852447273
0.01012186188985816, 4.661231855899364, 0.9899250779113098, 0.14696867079317255
0.01351801291869215, 4.665478408896289, 0.986911946389201, 0.12975711132314924
0.00938935872677632, 4.63443444154151, 0.9904368567343009, 0.14646524610408732
0.017180528734101353, 4.672516970435368, 0.9832036790413222, 0.12857141003943318
0.008856629153625891, 4.669407578420248, 0.9907106354758676, 0.14695194321721938
0.01045481787307718, 4.675907499726526, 0.9899807190840548, 0.14734462826281391
0.009589132316707731, 4.730952365663387, 0.9905416329276084, 0.14661830579409918
0.015315975228074848, 4.62569753309378, 0.9844858787980109, 0.12909948985952707
0.009056402743557302, 4.659337322745444, 0.9912836441643986, 0.14763691413400654
0.01065459146300859, 4.632937307371124, 0.9887941957948942, 0.1467858662076403
0.010388226676433375, 4.611628531393567, 0.9891961300029523, 0.14674634857220908
0.008989811546913497, 4.635778494694741, 0.9909117327543915, 0.14722903940107404
0.009522541120063928, 4.736516438431037, 0.9904155354677355, 0.14694825452082635
0.012519144969035093, 4.736173115772391, 0.9880260579818569, 0.14181915633900705
0.01118732103615902, 4.633912035459494, 0.9890337713221196, 0.1465344727209996
0.010255044283145769, 4.633981092923839, 0.9898171346880775, 0.14669743498038534
0.01065459146300859, 4.6618400777299955, 0.9890512584042591, 0.1471598866212081
0.01065459146300859, 4.6304863363399225, 0.9887941957948942, 0.14651283270320412
0.008989811546913497, 4.721462350349861, 0.9909117327543915, 0.1475632484687903
0.010321635479789572, 4.618480165749183, 0.9892815246580124, 0.14807063543431098
0.01045481787307718, 4.606971399566738, 0.9890855090440189, 0.10338002559128735
0.010521409069720983, 4.607453895137513, 0.9902898550257959, 0.14641449521441094
0.00992208829992675, 4.621748485649014, 0.9902040971065839, 0.14729935260483346
0.011853233002597057, 4.649095967248268, 0.9882189555819046, 0.13360054120748216
0.008856629153625891, 4.662774942158906, 0.9907106354758676, 0.14717906462173852
0.008590264367050677, 4.6493475954582, 0.9914068767559402, 0.13419405741816537
0.01045481787307718, 4.7588997600700464, 0.9899807190840548, 0.14728784323848212
0.016314843177731905, 4.672042746292082, 0.9842095497320018, 0.12204507818078073
0.011253912232802823, 4.720792015470312, 0.9888165013245943, 0.14712858492059028
0.008989811546913497, 4.630357509495424, 0.9909117327543915, 0.14718543523297398
0.008989811546913497, 4.641512844846245, 0.9909117327543915, 0.14589887562388787
0.008989811546913497, 4.7472335618623624, 0.9909117327543915, 0.14624147066459584
0.010188453086501964, 4.6189266348866305, 0.9891732447677976, 0.14675399552063453
0.011453685822734235, 4.649290144471296, 0.9889781608025333, 0.13433870261794487
0.009522541120063928, 4.648589633502949, 0.9903051619902041, 0.14656798403446475
0.010388226676433375, 4.650944931224349, 0.9878735064523856, 0.14636454670184945
0.009122993940201106, 4.646389268118889, 0.9914136227404734, 0.14163571801118047
0.013251648132116935, 4.6328512095115855, 0.9859353995012303, 0.1296022535940679
0.008989811546913497, 4.725596458098856, 0.9909117327543915, 0.14697351293631
0.010920956249583806, 4.739642967275688, 0.9893801903821398, 0.12951736248459855
0.010321635479789572, 4.655151603875532, 0.9896734795756705, 0.1294719586247794
0.016581207964307117, 4.630853559917352, 0.9829618569576065, 0.11703476098139985
0.014783245654924419, 4.628460602300847, 0.9854943210079729, 0.1299221043561101
0.012585736165678898, 4.677111862486432, 0.9878051459764715, 0.13201993910414406
0.014050742491842579, 4.628322761830568, 0.9847444102998736, 0.1245705233012723
0.013051874542185524, 4.623187432857822, 0.98735189318625, 0.13698000438850907
0.016181660784444295, 4.648252505123151, 0.9840535490399993, 0.12303864623740673
0.014716654458280616, 4.633297097296358, 0.9858337286484883, 0.13040086131527412
0.013251648132116935, 4.602511370127263, 0.9865497418429022, 0.13493571956652697
0.009322767530132517, 4.60702468164991, 0.990757235253597, 0.1309476597227161
0.011253912232802823, 4.6434159693883394, 0.9886748314419533, 0.1317779618393096
0.010521409069720983, 4.637140614092409, 0.9902898550257959, 0.14604200323809957
0.010920956249583806, 4.63407242062359, 0.9892857095814159, 0.14673942948329452
0.013584604115335953, 4.623295230761328, 0.986754735441473, 0.13165314184083773
0.013984151295198775, 4.644648743507714, 0.9847885610045872, 0.12913345141151172
0.010920956249583806, 4.612227002131349, 0.9893896738055069, 0.14648941071962485
0.011586868216021841, 4.656214031103393, 0.9885056193435082, 0.13013521391769342
0.015915295997869082, 4.633870381795194, 0.9849205526824114, 0.11709072076080952
0.009322767530132517, 4.621899195784948, 0.98925679340377, 0.14752817855573608
0.010987547446227609, 4.677194840280767, 0.9891521798766315, 0.12916914477213284
0.012718918558966504, 4.611714026482928, 0.987226947720338, 0.12976716047808579
0.009655723513351535, 4.708329848858316, 0.990127918678858, 0.12944080675337769
0.013584604115335953, 4.6365578736145645, 0.9864635260951035, 0.1319316573972068
0.014583472064993008, 4.649732959614205, 0.9856587072198433, 0.11787462797983021
0.01191982419924086, 4.677736498587632, 0.9884097674763714, 0.13501491188831272
0.01551574881800626, 4.6231273517092975, 0.9847288760998135, 0.11710386620878921
0.02057667976293534, 4.604780260999154, 0.9795234020967791, 0.10999708730567032
0.015915295997869082, 4.663073611892936, 0.9837769747075407, 0.11559621156763075
0.014916428048212027, 4.64307056165864, 0.9843266407553589, 0.11616503401849015
0.012585736165678898, 4.603040379595803, 0.9861592901598882, 0.12871216758219672
0.020177132583072518, 4.6107421593857545, 0.9796586654370268, 0.10188090847135024
0.016581207964307117, 4.590662517980721, 0.9834763905447322, 0.12652145185708058
0.012119597789172272, 4.614400009233513, 0.9880054479703927, 0.14344879841379027
0.011586868216021841, 4.619081017021143, 0.9884003290836949, 0.1435051669920917
0.013251648132116935, 4.6006758190657235, 0.9867838821465337, 0.12849183984221996
0.013984151295198775, 4.630043504685372, 0.9853498194328193, 0.13109717818053285
0.01604847839115669, 4.61947353894204, 0.9849416506780362, 0.1145265414949167
0.012852100952254112, 4.624957272316919, 0.9868337150717391, 0.12877725533709458
0.01604847839115669, 4.6263125817102715, 0.9842137627506454, 0.12929316430761953
0.01584870480122528, 4.6091174755781035, 0.9845648951578159, 0.12833779337752982
0.018112805487114605, 4.615009327738805, 0.9823181846882711, 0.12047075423737771
0.015315975228074848, 4.5868959255095305, 0.9845049661478598, 0.13241389576798096
0.012852100952254112, 4.643488626263546, 0.9871146110739779, 0.12937444611695256
0.012652327362322701, 4.607739861211392, 0.987617861980891, 0.13651985709970726
0.02004395018978491, 4.630122716745809, 0.9801336552860189, 0.11279065889752583
0.015382566424718653, 4.5834752404357175, 0.9838085051813644, 0.12749267222684063
0.014783245654924419, 4.630531957973976, 0.9848759929987085, 0.1258145000521934
0.01764666711060798, 4.583344379134698, 0.9817377172706115, 0.11903904159172937
0.014849836851568222, 4.601658045408086, 0.9850851185189132, 0.12116640190712447
0.014183924885130185, 4.612134007263844, 0.9850223521841684, 0.12981566454397395
0.01045481787307718, 4.658487471424724, 0.9894978216531176, 0.13635861028913138
0.013451421722048345, 4.659596298254861, 0.9864574088338262, 0.13151155064630837
0.00992208829992675, 4.593594545942414, 0.9903741487002382, 0.14748346928664038
0.01278550975561031, 4.616816466361266, 0.9873525234967495, 0.12838782141508387
0.015648931211293866, 4.684022796069082, 0.9834978514543227, 0.12881351489902793
0.01857894386362123, 4.586689849203719, 0.9821114350227763, 0.11013765189047647
0.017180528734101353, 4.61906218749432, 0.9831950977137477, 0.1155267663236382
0.01911167343677166, 4.616518144244923, 0.9812410229184291, 0.12358226265168103
0.013850968901911167, 4.58883799482235, 0.9856326134396327, 0.12532285858824735
0.014583472064993008, 4.708413518823844, 0.98561191311316, 0.1309046387850563
0.015049610441499633, 4.622402501199934, 0.9849249925606823, 0.12410439833756425
0.01731371112738896, 4.588293034568197, 0.9826181115216222, 0.11327654453369843
0.017713258307251782, 4.633579732400564, 0.9820766717571482, 0.11656824941928942
0.01611506958780049, 4.585305427150672, 0.9838429366133354, 0.11294573683802796
0.02170873010588, 4.6329579933939, 0.9785914968813119, 0.1035999936447255
0.020709862156222947, 4.560067649464589, 0.9794737722736592, 0.1055217578908964
0.02257441566224945, 4.570645432803414, 0.9771187448821732, 0.10359868973656582
0.014783245654924419, 4.585735916702394, 0.9845616366818521, 0.11326128905067577
0.013850968901911167, 4.599180002841872, 0.9863080393873568, 0.13174011712916506
0.019444629419990676, 4.624060486908909, 0.9801465141932362, 0.1018529956207518
0.021508956515948592, 4.596062432642409, 0.97863061094229, 0.10614215391343404
0.0198441765998535, 4.585921964958472, 0.9805605296228709, 0.10867207175145083
0.010055270693214357, 4.623510981396732, 0.9900227372782956, 0.14742257011338633
0.014050742491842579, 4.629796653595016, 0.9858345572021469, 0.13229184978873998
0.017779849503895585, 4.630624020473533, 0.9824544498793598, 0.12323874317016288
0.014783245654924419, 4.628680424675323, 0.9850201865094739, 0.12456238448003494
0.010920956249583806, 4.6281674300226365, 0.9889681076975495, 0.14258427248795624
0.017247119930745156, 4.597353976076259, 0.9830261962762805, 0.11116182697992456
0.014450289671705401, 4.665961645268216, 0.9853479886198278, 0.13568912275222136
0.018512352666977424, 4.577494591143109, 0.9815927996267204, 0.10776324439886435
0.020110541386428715, 4.581400615933844, 0.9789178260480159, 0.11464504347166952
0.009988679496570554, 4.605027475488514, 0.989937896409923, 0.11150953212922488
0.009988679496570554, 4.60930607173925, 0.9900138175757252, 0.13914687670102907
0.015715522407937672, 4.624662399355499, 0.9840149350334932, 0.10038747437672468
0.009589132316707731, 4.651969885932484, 0.990509486457621, 0.14721005276579277
0.011387094626090432, 4.697515781038316, 0.9880745554335733, 0.1406451317219179
0.013451421722048345, 4.6655614850301514, 0.9862682830716907, 0.1278778589372929
0.015449157621362456, 4.613910303854423, 0.9851932937563467, 0.12839021043095686
0.01611506958780049, 4.639517687874833, 0.9846622769323384, 0.1173136160602975
0.017779849503895585, 4.657859965362061, 0.9815968793105077, 0.11470114512469103
0.011586868216021841, 4.615721479065212, 0.98814601591605, 0.12472930370167477
0.011120729839515215, 4.637659838381085, 0.989350418439198, 0.14637060670771498
0.014450289671705401, 4.633242785188403, 0.9857354348318572, 0.13026456527560343
0.013784377705267364, 4.635292181918201, 0.9856838266878544, 0.1285188359648845
0.015116201638143437, 4.698903007180902, 0.9842670232944064, 0.11835326351544136
0.017380302324032763, 4.631621062045108, 0.98306226786355, 0.11965521228318511
0.013717786508623559, 4.607832488504351, 0.9862625042516899, 0.1297613278862656
0.013384830525404541, 4.631803301922798, 0.9857737141139516, 0.12986021206560983
0.011320503429446627, 4.6172785380157, 0.9882269018052858, 0.13028388898074694
0.015715522407937672, 4.707455508693236, 0.9841215196500565, 0.1141550976030674
0.015116201638143437, 4.61588826271271, 0.9849257967158087, 0.12345076552218984
0.014716654458280616, 4.620253302297334, 0.9859315419474184, 0.1290099630299105
0.015315975228074848, 4.6311304183284765, 0.9849840144675681, 0.12913774849264137
0.012985283345541719, 4.702126882567961, 0.9866607901069544, 0.1293193614904099
0.01664779916095092, 4.62235811098506, 0.9838782933651086, 0.1255895535491336
0.02324032762868749, 4.632445315732979, 0.9755189726266189, 0.10727809453955213
0.01425051608177399, 4.669649797788733, 0.9856046847405427, 0.11608774650380344
0.016514616767663314, 4.618903740828703, 0.9839640521475258, 0.12553845468855968
0.014050742491842579, 4.597946702921971, 0.9857495199063958, 0.1176560753792199
0.015382566424718653, 4.60926437511293, 0.9850411450696983, 0.12616133461549375
0.015915295997869082, 4.59055027393667, 0.9848714530775458, 0.11638345649324505
0.01664779916095092, 4.590478235739973, 0.983265575394658, 0.11263628725257176
0.017380302324032763, 4.624706577967333, 0.9812707886366213, 0.11763454469170893
0.02077645335286675, 4.5731651332888505, 0.9796352027467548, 0.0962676953574879
0.015981887194512885, 4.589623021136399, 0.9848009868682649, 0.12807076003884993
0.016847572750882334, 4.642460348174743, 0.9820026734674141, 0.12393999887793522
0.015782113604581476, 4.60165495012622, 0.9841511837502737, 0.10727432941299325
0.014183924885130185, 4.599006583768915, 0.9859364917409931, 0.13026821244844516
0.015782113604581476, 4.679203339293673, 0.9839149584552235, 0.129280315412263
0.017446893520676566, 4.616326606598327, 0.9828346727988472, 0.11711952702379466
0.0198441765998535, 4.62637790633699, 0.9798365885389754, 0.1046411300655021
0.02457215156156356, 4.56681361215572, 0.9756551830945744, 0.10228632039323776
0.011387094626090432, 4.633080607209311, 0.9885148385226816, 0.13736716714707922
0.01964440300992209, 4.594721887879614, 0.9809145990159078, 0.10506183933524946
0.01731371112738896, 4.665408066270545, 0.9827868998792647, 0.12687171932991712
0.02470533395485117, 4.673776794449978, 0.9750637896564396, 0.10652420825225338
0.022840780448824666, 4.550268935007762, 0.9776003659906616, 0.10510649934919002
0.01604847839115669, 4.588719829354328, 0.9838796812397957, 0.11985608653224011
0.014783245654924419, 4.591976318170762, 0.9854944736156724, 0.11008033849594327
0.016714390357594727, 4.651325680805188, 0.9831581462703193, 0.1198905762672994
0.013251648132116935, 4.602672146252106, 0.9862440680567559, 0.1280229058631664
0.02257441566224945, 4.543599888417425, 0.9780013835168956, 0.10598854540458935
0.018112805487114605, 4.5714129491089555, 0.9822099605690446, 0.12015742145568462
0.020177132583072518, 4.6283737489384436, 0.9805256561827613, 0.1238639091541403
0.02237464207231804, 4.577660113809238, 0.9762506298448383, 0.107851786934272
0.021176000532729573, 4.593616622420057, 0.9791029473412972, 0.114154910611536
0.021375774122660986, 4.574882133367289, 0.9787099779986209, 0.1157031373709183
0.030232403276286873, 4.520905955571139, 0.9693406316114802, 0.09047545427084794
0.021975094892455218, 4.539279787011904, 0.9783807347727776, 0.11924267635570239
0.02004395018978491, 4.565845301904302, 0.9803607446960217, 0.11388442499300414
0.018712126256908837, 4.57116854828271, 0.9809485299606584, 0.09972829622961604
0.019777585403209695, 4.570038841481516, 0.9806329572034364, 0.12052955611979471
0.024106013185056934, 4.5860043135957556, 0.9766377298413486, 0.10546445987225336
0.018112805487114605, 4.634956746045177, 0.9821303001894879, 0.12652069361561302
0.01698075514416994, 4.610436737263513, 0.9834953392949183, 0.11682043861552384
0.014583472064993008, 4.588800021126671, 0.9854270758716598, 0.1177439000095455
0.01551574881800626, 4.602394942890561, 0.9849630293771289, 0.11846791258757293
0.020643270959579144, 4.613816818305383, 0.9798247824569024, 0.11538964720156406
0.02257441566224945, 4.59089111670551, 0.9770863384675483, 0.12100315336739811
0.02237464207231804, 4.659326772870177, 0.9772503453008933, 0.10194705194154077
0.01931144702670307, 4.651567529249169, 0.9811509516033127, 0.1094330126971595
0.015981887194512885, 4.580073128863023, 0.984090768015372, 0.12368576200533551
0.02090963574615436, 4.561996865099467, 0.9793828999858004, 0.11328573484766193
0.017180528734101353, 4.545818943408022, 0.9829799698580587, 0.11575876548815706
0.01698075514416994, 4.584492510101914, 0.982390266577156, 0.11581008907830721
0.027102617034028102, 4.526957979276573, 0.9732141806123603, 0.10232409904081537
0.016381434374375708, 4.5462413568618, 0.9834054650686391, 0.12030627151786843
0.02224145967903043, 4.579502981433206, 0.9780444097081316, 0.11386095921576965
0.020177132583072518, 4.577579066162302, 0.9802027647890054, 0.108177712584976
0.01012186188985816, 4.6180115182540895, 0.9887253451312162, 0.1298348184688557
0.02024372377971632, 4.597596594423161, 0.9801699988212775, 0.1163352434919177
0.014583472064993008, 4.58545354213284, 0.9859786359509569, 0.11778802395379313
0.011387094626090432, 4.600986949294228, 0.9883302476946789, 0.127484005379584
0.01784644070053939, 4.638757491735705, 0.9826492164468363, 0.09862289151009959
0.01664779916095092, 4.566860714169581, 0.9833398678039086, 0.10694433379811524
0.010920956249583806, 4.642174631728308, 0.9893896738055069, 0.14712493098566376
0.02024372377971632, 4.5789410328590385, 0.9800034590450483, 0.12030273504752857
0.019710994206565892, 4.578872467139958, 0.9804514374008257, 0.11021285891206171
0.014849836851568222, 4.579908407710082, 0.9849504204852226, 0.13118247759401927
0.011586868216021841, 4.592561665566917, 0.9885703523696476, 0.12961289125425712
0.013984151295198775, 4.644671771055914, 0.9861344145639787, 0.12340667010131208
0.014516880868349204, 4.626939723008545, 0.9857618276219452, 0.1270690158056532
0.01877871745355264, 4.6209940217803, 0.9814000294463505, 0.10833782488162776
0.016181660784444295, 4.637130946526239, 0.9845937907073612, 0.12826032077982785
0.01391756009855497, 4.651349424148928, 0.985967521512991, 0.13319979400587775
0.020510088566291537, 4.6068325538073855, 0.9798209927037217, 0.10857819676790552
0.012852100952254112, 4.58491703101272, 0.9874991590737107, 0.13067477952382314
0.017247119930745156, 4.602256828660439, 0.9824801766439545, 0.12149225644476924
0.020709862156222947, 4.614417828914685, 0.979809574628386, 0.11589943191572394
0.017979623093826995, 4.575566652429686, 0.9821698158544987, 0.09711775886742555
0.011986415395884664, 4.595917094886609, 0.9880250428889275, 0.14308813262900352
0.016381434374375708, 4.62583062387921, 0.9836835709683259, 0.12100132712350993
0.006925484450955584, 4.607224683513287, 0.9930913131336838, 0.09972831643527603
0.010055270693214357, 4.6060236615665335, 0.9894338657095464, 0.12485791281061585
0.013651195311979756, 4.61241975716223, 0.9863578071106965, 0.12136149637776496
0.009455949923420123, 4.634257876715044, 0.9903082331017208, 0.14689954301659505
0.008989811546913497, 4.628042466965783, 0.9909117327543915, 0.1470482100112214
0.008989811546913497, 4.61717608947129, 0.9909117327543915, 0.1469976489611398
0.009589132316707731, 4.641797634116373, 0.990509486457621, 0.14659276474786168
0.008989811546913497, 4.65819909199978, 0.990759022858378, 0.14771708556224147
0.01065459146300859, 4.624808593906733, 0.9892946579467428, 0.144239914235355
0.010521409069720983, 4.659971540552279, 0.9901941207872831, 0.146360419657773
0.008989811546913497, 4.626111213921342, 0.9909117327543915, 0.14686604405706077
0.00865685556369448, 4.7335085441596725, 0.991274192190046, 0.14698386983435813
0.011054138642871412, 4.630901237155528, 0.9890240427834389, 0.144913675752159
0.010321635479789572, 4.729658243936697, 0.9892815246580124, 0.1477732503832643
0.00865685556369448, 4.6711467337876655, 0.991274192190046, 0.14655454529671302
0.010055270693214357, 4.649463452725735, 0.9900227372782956, 0.14757416903894327
0.01012186188985816, 4.625565328030911, 0.9903613926492512, 0.14813463728666595
0.008989811546913497, 4.6294631119406935, 0.9909117327543915, 0.14628721896030888
0.009056402743557302, 4.700357607489476, 0.9908086456470555, 0.11617915162380013
0.011054138642871412, 4.752285608210465, 0.9890915981408483, 0.14776128871927438
0.00865685556369448, 4.699042067877373, 0.991274192190046, 0.14623541083643116
0.011253912232802823, 4.662203875697468, 0.9888894344884845, 0.1376551480026745
0.011054138642871412, 4.726707132772209, 0.9890852011043417, 0.14660814668694186
0.010920956249583806, 4.630465371762578, 0.9891385664556112, 0.13999742111048372
0.009522541120063928, 4.661452991330386, 0.9906994762784137, 0.14640192754696912
0.008923220350269694, 4.622219126242141, 0.9897618000310886, 0.1472999991316929
0.009788905906639143, 4.640525579373132, 0.9907011823373323, 0.14728773970099035
0.01465006326163681, 4.659576767523073, 0.9842059177787175, 0.13487294997432572
0.009522541120063928, 4.7377278868444135, 0.9904155354677355, 0.14721821654017866
0.008989811546913497, 4.775081257420992, 0.9909117327543915, 0.1471857863857446
0.011054138642871412, 4.7856605001666646, 0.9890915981408483, 0.14717941790281933
0.009655723513351535, 4.7091480664298135, 0.9905274721288392, 0.14686659326668416
0.009522541120063928, 4.753915358170804, 0.9904155354677355, 0.147319786397046
0.010521409069720983, 4.6322722339420555, 0.9886945380376093, 0.14640923622646476
0.009522541120063928, 4.65731383706803, 0.9904155354677355, 0.14788282775059058
0.01118732103615902, 4.708643049837199, 0.9892894428294419, 0.1468034605116174
0.009589132316707731, 4.674912500041711, 0.990509486457621, 0.14672445755721805
0.01065459146300859, 4.72840853433456, 0.9887941957948942, 0.14753468825853366
0.009522541120063928, 4.734419033849193, 0.9904155354677355, 0.14713618142860183
0.009589132316707731, 4.684577124584147, 0.9903753131525721, 0.14714388841912318
0.009855497103282946, 4.645183225632857, 0.9904877329818228, 0.14731079800883243
0.010055270693214357, 4.743811163435828, 0.9900963520853066, 0.1288006256684675
0.009522541120063928, 4.775157475476259, 0.9904155354677355, 0.14718821386305347
0.009522541120063928, 4.6736677996906035, 0.9904155354677355, 0.1476953469632117
0.011054138642871412, 4.698957846153114, 0.9881920787633968, 0.14723596442126094
0.009056402743557302, 4.662039193442144, 0.9912836441643986, 0.1469733976551769
0.010188453086501964, 4.677613019022396, 0.989756078310681, 0.13489649518667995
0.01065459146300859, 4.613807008707342, 0.9893380547444051, 0.13080527511210108
0.009256176333488712, 4.701553297477865, 0.9907212417929522, 0.1473348970567665
0.011453685822734235, 4.6401738763577915, 0.9879683677582572, 0.13068338129574694
0.011786641805953253, 4.7047435636247945, 0.9879952399213591, 0.1326853442438116
0.009522541120063928, 4.645127605755256, 0.9904155354677355, 0.1467947424531213
0.01118732103615902, 4.676851673164959, 0.9892894428294419, 0.14670546902589215
0.009256176333488712, 4.673263506715654, 0.990873028213889, 0.13164384352706876
0.012985283345541719, 4.7536170859863, 0.9871583711476596, 0.1285395543881511
0.01012186188985816, 4.707308326539437, 0.9899250779113098, 0.1468510406370548
0.013318239328760738, 4.658424567515804, 0.986855170550207, 0.12672865783359494
0.011120729839515215, 4.724613158833197, 0.9887193505141388, 0.14248495277110276
0.011054138642871412, 4.782007841880688, 0.988688615775859, 0.1302857567873931
0.01065459146300859, 4.61311578163177, 0.9894079449147971, 0.1435917963664304
0.01551574881800626, 4.607946648406881, 0.9845025099046079, 0.11161571253817376
0.014716654458280616, 4.619479428898631, 0.9857550420639721, 0.1286280819004934
0.011253912232802823, 4.685971308430859, 0.9886904393107361, 0.1344071525328541
0.010055270693214357, 4.6080338386385264, 0.9899654625648779, 0.1466190792648718
0.009988679496570554, 4.628554146609104, 0.9887385517618806, 0.1469282106633527
0.015582340014650062, 4.720445113770454, 0.9843470040017713, 0.11077444862838023
0.011054138642871412, 4.628702979990572, 0.9889447192975337, 0.1290844469980276
0.009522541120063928, 4.749391429360938, 0.9904155354677355, 0.1469993984349961
0.00938935872677632, 4.6456241051668234, 0.9904368567343009, 0.14667755299220084
0.00992208829992675, 4.609270030350186, 0.9894252738316379, 0.14546868319944367
0.010721182659652394, 4.643080650684463, 0.9890604904711442, 0.1301373098170782
0.010321635479789572, 4.650131662001327, 0.9897520301450665, 0.14727196017831085
0.013984151295198775, 4.686497788919212, 0.9857279201577929, 0.12886504414424407
0.00938935872677632, 4.672616894857825, 0.9904368567343009, 0.1479588766944486
0.013651195311979756, 4.629187836265678, 0.986203412753968, 0.12863245541463397
0.009988679496570554, 4.660542168597879, 0.9899606244840019, 0.13001205134052685
0.01045481787307718, 4.624100834168948, 0.9899807190840548, 0.14764373322085855
0.008989811546913497, 4.720101885672708, 0.9909117327543915, 0.1468648128946783
0.010987547446227609, 4.671857089028502, 0.9884749293017181, 0.1441102091212573
0.01172005060930945, 4.623236617259594, 0.988321308710785, 0.1293858520026337
0.00938935872677632, 4.688355047010412, 0.9904368567343009, 0.1474146484698872
0.010321635479789572, 4.672962165096354, 0.9892815246580124, 0.14688989411367392
0.013051874542185524, 4.6513004581453705, 0.9868428467362926, 0.12927564604354694
0.010055270693214357, 4.613946996183206, 0.9899851115251033, 0.13446115244871504
0.00992208829992675, 4.73354299514424, 0.9894252738316379, 0.14656359101168268
0.01012186188985816, 4.748174277080346, 0.9899250779113098, 0.14676045001453336
0.016181660784444295, 4.6670475260763835, 0.9832856238079024, 0.12888513991465672
0.01085436505294, 4.63900854807128, 0.9894266243955017, 0.1463452459398766
0.009722314709995338, 4.611740875650581, 0.9911717828069524, 0.14734543848107903
0.00865685556369448, 4.631357874796951, 0.991274192190046, 0.1466356445273347
0.011653459412665646, 4.6483747784018306, 0.988308950045869, 0.12972093196398993
0.012652327362322701, 4.64845664401009, 0.9873834170775456, 0.13163705428896808
0.008856629153625891, 4.665977132648256, 0.9907106354758676, 0.14697052461580937
0.009655723513351535, 4.758356993673263, 0.9905274721288392, 0.14709067571025977
0.013384830525404541, 4.620327474496698, 0.986560762719333, 0.12958947785581268
0.009722314709995338, 4.6652017641839105, 0.9896945124198915, 0.14579879804254997
0.008989811546913497, 4.753283126079394, 0.9909117327543915, 0.1471999761883845
0.009589132316707731, 4.664697978756451, 0.9903753131525721, 0.14676601167843725
0.010255044283145769, 4.660326768072784, 0.9898171346880775, 0.14655186269421516
0.011253912232802823, 4.60916707442208, 0.9888165013245943, 0.1473585556635397
0.01012186188985816, 4.607921121250165, 0.9903613926492512, 0.14689090346977657
0.008257308383831657, 4.606827354037414, 0.991736460152514, 0.10614557534115075
0.015915295997869082, 4.61153795417968, 0.9843116449092543, 0.12028427587065775
0.01065459146300859, 4.6865431161062405, 0.9890512584042591, 0.14568723193529412
0.011054138642871412, 4.683720751831802, 0.9892201852492184, 0.14043818881069867
0.01764666711060798, 4.759485445875473, 0.9824176149956763, 0.11490177584277284
0.009589132316707731, 4.70698011122317, 0.9901102715362633, 0.14673002571110239
0.01172005060930945, 4.620517097332669, 0.9891094181103973, 0.1327922086058079
0.01791303189718319, 4.671710371264623, 0.9822694248088655, 0.11728405070867196
0.010321635479789572, 4.612938241030791, 0.9892815246580124, 0.1476735815552632
0.012252780182459878, 4.664606181872053, 0.9885642527774878, 0.1371358644859407
0.015782113604581476, 4.72688983124487, 0.9847983312890121, 0.11957499353492634
0.014117333688486382, 4.647059014485427, 0.9868808176029537, 0.11653911101734739
0.019378038223346872, 4.623231657702254, 0.9797390736301719, 0.12674340783285168
0.01731371112738896, 4.670217683885722, 0.9827616626808249, 0.12428750817147083
0.02930012652327362, 4.630544697023021, 0.9703908081327239, 0.098365662019816
0.022441233268961844, 4.592336168331734, 0.9775956224262934, 0.11427125114565534
0.028967170540054606, 4.553054431548979, 0.9715483925657797, 0.09440303777027098
0.017047346340813743, 4.588362795444353, 0.9829837112735917, 0.12183914376329019
0.02783512019710994, 4.524035103019262, 0.9724811647380416, 0.0973938732582223
0.02690284344409669, 4.562921301775753, 0.9737518605745805, 0.10240708387860559
0.02617034028101485, 4.578885885785945, 0.974231236642505, 0.10511585777186079
0.009122993940201106, 4.5826772804892775, 0.9907828517980574, 0.14784365544087155
0.013784377705267364, 4.581946630789721, 0.9867408972236643, 0.1331507347123716
0.02090963574615436, 4.580426889467058, 0.9795052524582297, 0.11866260530594426
0.010987547446227609, 4.636027018462023, 0.9887035591131733, 0.1415194359626379
0.017580075913964172, 4.579926745825048, 0.9829388479685626, 0.12730043646217123
0.015648931211293866, 4.625504448925551, 0.9845075447071322, 0.12590774256778295
0.027169208230671905, 4.5936473771307575, 0.97277880766919, 0.09789784171882357
0.01551574881800626, 4.575951793646776, 0.9843882231822814, 0.12583099704830228
0.01844576147033362, 4.595054999151647, 0.9820765301477321, 0.12769121980385567
0.015648931211293866, 4.591629824086179, 0.9841164651820301, 0.13687991449877215
0.01611506958780049, 4.6740678440455214, 0.9842825039295602, 0.12850808025111374
0.013984151295198775, 4.706991856414278, 0.9859380254709009, 0.12885064487710024
0.015182792834787242, 4.604284989672685, 0.985495338982048, 0.1210042068119522
0.01498301924485583, 4.6076823281108235, 0.9850121621033066, 0.12289899493049818
0.01391756009855497, 4.603060401612436, 0.9864939534955601, 0.13120101073437732
0.01465006326163681, 4.588538902056887, 0.985137928486381, 0.12872239568084798
0.015981887194512885, 4.6572391328127685, 0.9847853062318052, 0.12023821323820467
0.01644802557101951, 4.676667401529767, 0.983875734218532, 0.11993800402384418
0.01644802557101951, 4.622629827385206, 0.9833961862510938, 0.11184070299092594
0.0199107677964973, 4.5970375685048195, 0.9801771162669433, 0.11708743921742217
0.022507824465605647, 4.627259670644195, 0.9777475739708819, 0.11374662487495059
0.023773057201837918, 4.538758043840547, 0.9760199183864432, 0.11760841265119085
0.0252380635280016, 4.574196541460978, 0.9749153390849186, 0.10329607529265729
0.02204168608909902, 4.535135632452908, 0.9784872176612214, 0.10539616430830341
0.01964440300992209, 4.553327529767132, 0.9799507552850483, 0.1115406228934994
0.020310314976360124, 4.575686181378268, 0.9795286160703387, 0.11018994829320691
0.017180528734101353, 4.580710575267352, 0.9829867256161511, 0.11992412498907196
0.01877871745355264, 4.605432401145117, 0.9813813557567242, 0.12522556854780093
0.018046214290470798, 4.606081227277594, 0.9828418900239337, 0.12485648741110658
0.011120729839515215, 4.610198559309835, 0.9888442556538082, 0.12881248002234721
0.011387094626090432, 4.593047396181077, 0.9887930962929409, 0.14437862000667515
0.014783245654924419, 4.604832949647575, 0.9854590745519175, 0.1265647787631595
0.011653459412665646, 4.6593111606843545, 0.9883302329597609, 0.1189576546322113
0.019444629419990676, 4.64532848003662, 0.9801254100145451, 0.11966190973123668
0.02090963574615436, 4.650196651854512, 0.979274410021057, 0.11189991844825906
0.01964440300992209, 4.584722023730415, 0.9807132646294334, 0.11197768203716503
0.022774189252180863, 4.555519600305749, 0.9764447969647557, 0.10092062133344946
0.014450289671705401, 4.598324601815513, 0.9854630896099326, 0.13278347328343962
0.016181660784444295, 4.588755870330601, 0.9839753482141441, 0.12232333346981744
0.015449157621362456, 4.605213805934898, 0.9842941063288567, 0.11583048923913421
0.019045082240127856, 4.5952273084517685, 0.9812566281689259, 0.12017585216479733
0.01764666711060798, 4.576372587022733, 0.982708011191043, 0.10890517071166535
0.015915295997869082, 4.588054657839757, 0.9847726600122872, 0.12786304321131
0.015648931211293866, 4.610288771108391, 0.9850430459058976, 0.12868549741477867
0.01318505693547313, 4.703767813957983, 0.9874188358996758, 0.1290060306443279
0.016581207964307117, 4.648973377041329, 0.9839167621860055, 0.1259059301713532
0.010920956249583806, 4.602145489851263, 0.9893896738055069, 0.1468835838880648
0.016581207964307117, 4.624722709491915, 0.9836807054140527, 0.116679566928657
0.011986415395884664, 4.6929946256920685, 0.9885755505565363, 0.12990387914276355
0.01791303189718319, 4.59819378503242, 0.9821448064881559, 0.10315383400733051
0.027435573017247118, 4.592100739836288, 0.9722223977068236, 0.09428703193551596
0.018046214290470798, 4.604174397920033, 0.9819933514111215, 0.12138963270909552
0.019178264633415463, 4.555103631504463, 0.9809841122865538, 0.11353834506758377
0.020310314976360124, 4.5625681111250085, 0.9799851478878687, 0.10742037055606599
0.02184191249916761, 4.537482493360502, 0.9783155957533919, 0.11087254805631373
0.024106013185056934, 4.545959061611633, 0.9762088808389328, 0.1067434409847326
0.022707598055537057, 4.568231389582407, 0.977421274877672, 0.11967263000431823
0.0234401012186189, 4.532046435334484, 0.9767838257056156, 0.11259816290186148
0.03083172404608111, 4.508840005232839, 0.9696083628986802, 0.09766344601929118
0.026769661050809083, 4.526254067862646, 0.9730823658047667, 0.09459868207093834
0.02224145967903043, 4.531993203691202, 0.9778168313958924, 0.10821736438757014
0.025104881134713992, 4.569509117757463, 0.974974221326269, 0.10026814561641004
0.021975094892455218, 4.559723801846875, 0.9783804652651338, 0.10280349351430601
0.02130918292601718, 4.600401005938946, 0.9787001924391714, 0.10012062164522277
0.021042818139441966, 4.594867196343127, 0.9787482100977856, 0.11388145950095335
0.022707598055537057, 4.601172065150605, 0.9780867299460165, 0.10737268539328419
0.01964440300992209, 4.539914877331986, 0.9806939975934849, 0.12455264491955513
0.028567623360191783, 4.541517392927125, 0.9718108444905256, 0.0998294667590101
0.020110541386428715, 4.6066937307039115, 0.9795652660852412, 0.10566303631634379
0.029766264899780247, 4.515119110163815, 0.9703870186446583, 0.10056849862946012
0.02004395018978491, 4.547784391522463, 0.9799218645899976, 0.11131495075167801
0.029899447293067857, 4.496436688858238, 0.9697212480206516, 0.1003365522113932
0.020976226942798163, 4.528619970439904, 0.9792393837426283, 0.10959813279411394
0.03189718319238197, 4.50254686870881, 0.968268439608389, 0.09111048337247847
0.02224145967903043, 4.528209444606019, 0.9784294530797031, 0.10001095669714498
0.02637011387094626, 4.521389314669017, 0.9738712298653486, 0.10162675456086454
0.030765132849437306, 4.530019267799137, 0.9694870740287849, 0.10520564130598427
0.020843044549510553, 4.54710873479793, 0.9793096251303167, 0.11274465735797765
0.025304654724645402, 4.546298408981423, 0.9744140652055355, 0.09408177405973442
0.022641006858893253, 4.575585409638694, 0.9769001708673835, 0.10241611666725213
0.009189585136844909, 4.606214231472164, 0.991005974427919, 0.100964646949931
0.010588000266364786, 4.609900614516255, 0.9896843152268591, 0.14640313539266286
0.010388226676433375, 4.632516834575041, 0.990024529923514, 0.14614202587519645
0.010255044283145769, 4.635465696409395, 0.990142350271342, 0.14357572613722858
0.00992208829992675, 4.63125208343894, 0.9894252738316379, 0.14651095856005575
0.008989811546913497, 4.651763709064425, 0.9909117327543915, 0.14680604413423365
0.010388226676433375, 4.654542119682268, 0.9878735064523856, 0.14707887847800763
0.012652327362322701, 4.651215192313803, 0.9875991769156097, 0.14060893295324273
0.008989811546913497, 4.6160303413562325, 0.9909117327543915, 0.14627820190274327
0.011653459412665646, 4.64232283852473, 0.9871684021898324, 0.13653127611513388
0.015249384031431045, 4.7237593287148965, 0.9846893610075726, 0.1313901797369045
0.017380302324032763, 4.653914422830761, 0.9826591783572173, 0.11787097291680991
0.012053006592528467, 4.641623757162892, 0.9883851913081163, 0.1390255898808588
0.008989811546913497, 4.607013310780893, 0.9909117327543915, 0.14733187389640967
0.012918692148897916, 4.64301244868192, 0.9870267168861392, 0.12960996586620901
0.009256176333488712, 4.64672092014284, 0.9907212417929522, 0.14692142845114284
0.013850968901911167, 4.621309031101473, 0.9862091922148608, 0.1298028922437534
0.008989811546913497, 4.612271969713875, 0.9909117327543915, 0.14793845366532488
0.012519144969035093, 4.716170392802007, 0.9878552704158358, 0.13621032807771016
0.010920956249583806, 4.679082676027065, 0.9891510269104232, 0.1466889955874226
0.011253912232802823, 4.661320447683604, 0.9888165013245943, 0.14792300498361918
0.011786641805953253, 4.627392805630019, 0.9880517092728084, 0.1343876930523028
0.009655723513351535, 4.663664280276741, 0.9906492945368325, 0.1470394381945925
0.008989811546913497, 4.669154844295488, 0.9909117327543915, 0.14852222169291326
0.01085436505294, 4.625621292557278, 0.9894801569798544, 0.14083154068401987
0.009056402743557302, 4.71489077540937, 0.991227502595553, 0.14720638506028627
0.01012186188985816, 4.798845574090077, 0.9903613926492512, 0.1458829281592262
0.01118732103615902, 4.771487885216243, 0.9879798397990034, 0.14741454845762647
0.01118732103615902, 4.761312760437996, 0.9889888501972323, 0.12957613993054015
0.013584604115335953, 4.61621935151504, 0.9869277956414559, 0.12859784499899807
0.00992208829992675, 4.635559662415453, 0.9903741487002382, 0.14615290969715988
0.008989811546913497, 4.729500526577589, 0.9909117327543915, 0.1477755765628417
0.008989811546913497, 4.659604025988919, 0.990759022858378, 0.14651571117433249
0.010920956249583806, 4.626360500621725, 0.9897570228350309, 0.1412414588979284
0.011054138642871412, 4.6460163543281014, 0.9885651641290516, 0.13031777942804573
0.010521409069720983, 4.745978484389038, 0.989899605208626, 0.1474573301549863
0.009522541120063928, 4.710036569582509, 0.990616176938157, 0.14708153589820602
0.01245255377239129, 4.664013085578359, 0.9876985239720284, 0.13396811257438274
0.012718918558966504, 4.6762280152991424, 0.9871370358968068, 0.12896418748343358
0.010255044283145769, 4.640650426753234, 0.9898171346880775, 0.14745268565864433
0.013051874542185524, 4.623585297437898, 0.9869326888254942, 0.13506409944235556
0.00938935872677632, 4.629075791345675, 0.9904368567343009, 0.1475906539744391
0.010920956249583806, 4.630658791117132, 0.9892857095814159, 0.1465218866366852
0.013984151295198775, 4.636119219405344, 0.9861864907371738, 0.12930124719131864
0.01351801291869215, 4.617097813747945, 0.9868783031096064, 0.13041918735864394
0.00992208829992675, 4.636210665464989, 0.9903741487002382, 0.14759511136278095
0.010388226676433375, 4.638335503012154, 0.9891961300029523, 0.14652098853235798
0.012519144969035093, 4.714920012382675, 0.9876771689869099, 0.1290376684851669
0.010920956249583806, 4.67577208333988, 0.9894026294811045, 0.1426356508141632
0.014050742491842579, 4.5964269252260666, 0.9862180859030615, 0.12901261988801577
0.013251648132116935, 4.587537526052373, 0.9870742215150033, 0.13342024195745453
0.017180528734101353, 4.61377186634541, 0.9818493055036299, 0.12800821537775106
0.015715522407937672, 4.602378167761239, 0.9846025111245861, 0.12898106465705234
0.013451421722048345, 4.614796476071372, 0.9860308655777574, 0.1334868569882104
0.012985283345541719, 4.6981324742143125, 0.9874699608108861, 0.13694946174744038
0.015182792834787242, 4.698603517596236, 0.9847771098034329, 0.11734263416406256
0.014783245654924419, 4.600145001413661, 0.9855175514587612, 0.12396458208211417
0.014849836851568222, 4.622293673700313, 0.9847974101097696, 0.1249351429655347
0.014516880868349204, 4.58204409119895, 0.9849770824373065, 0.11899099481169287
0.014450289671705401, 4.633972106399379, 0.9861315082255271, 0.1299530193505335
0.012053006592528467, 4.665706969215635, 0.9879899744983481, 0.1399591985014008
0.019777585403209695, 4.654529109461263, 0.9803083693771397, 0.10573664661588075
0.013717786508623559, 4.604382035798475, 0.9860706448070973, 0.12852318913096972
0.017380302324032763, 4.5688952248606265, 0.9823783633833939, 0.12114694266644348
0.013784377705267364, 4.5972835169958115, 0.9861894326683425, 0.1167899139487257
0.01931144702670307, 4.565299588624033, 0.9805102332876169, 0.10957185925351505
0.014916428048212027, 4.641173855302781, 0.9850262375756564, 0.11647629012341985
0.010588000266364786, 4.583840574414528, 0.9897463522731385, 0.1414077308404179
0.01877871745355264, 4.5789741663574945, 0.9804099915500178, 0.12046272373296958
0.019977358993141108, 4.57373824176406, 0.9798488314894236, 0.11092506922156671
0.016847572750882334, 4.576078803829659, 0.9833167537554617, 0.10730462689693007
0.01824598788040221, 4.576831465420936, 0.9819507181203687, 0.11582688869915492
0.016314843177731905, 4.594862706954783, 0.9839679482310737, 0.1245718507395156
0.018512352666977424, 4.600400683422131, 0.9818433123133776, 0.1155507676338049
0.015915295997869082, 4.660523843279435, 0.9828916802559192, 0.13133283067413637
0.017247119930745156, 4.669713197269174, 0.9821132353319081, 0.11431966250250562
0.013984151295198775, 4.58561119071461, 0.9862096187748901, 0.11599975706845957
0.011320503429446627, 4.595544327239726, 0.9885051383115608, 0.1324718425923597
0.014783245654924419, 4.621302595022334, 0.9847549224500293, 0.12264541678130651
0.010521409069720983, 4.612811635922932, 0.989899605208626, 0.14719978539909898
0.013318239328760738, 4.673992817606853, 0.9862011344498228, 0.13689746431975547
0.01498301924485583, 4.723145895143351, 0.9848557728257157, 0.12921606872433508
0.011320503429446627, 4.601870425572891, 0.9886273050032315, 0.1429273100901261
0.017979623093826995, 4.629985365385284, 0.9823579826734723, 0.11720670908972647
0.016381434374375708, 4.6590295714656325, 0.9825965344176637, 0.12551624804855321
0.014516880868349204, 4.589205944340453, 0.9854308324668563, 0.13580100988715632
0.012585736165678898, 4.653333705537065, 0.9874263743451374, 0.13074083828165012
0.015315975228074848, 4.684644771271605, 0.9843459583848488, 0.12249897652194275
0.0162482519810881, 4.6398983563263565, 0.9841865366486428, 0.12416110549087761
0.014916428048212027, 4.610621638770204, 0.9854519776335434, 0.13236586086405894
0.019710994206565892, 4.627962761223138, 0.9805735582067883, 0.11092289835431977
0.01584870480122528, 4.572160458575872, 0.9846048776129117, 0.12824740198764806
0.014183924885130185, 4.576653953747083, 0.9863675251530957, 0.12893383517015963
0.02110940933608577, 4.564186816480019, 0.9790176023098738, 0.10068164697623501
0.01678098155423853, 4.609072404194507, 0.9824822737016732, 0.12458979878793355
0.01824598788040221, 4.620536644163308, 0.9822722455824677, 0.10931545647739453
0.020709862156222947, 4.559110085640479, 0.979378031549304, 0.11267290419266668
0.01604847839115669, 4.586623758452705, 0.9834660551826174, 0.10339616394203893
0.0234401012186189, 4.596082608788866, 0.9769096501415617, 0.10951978389693501
0.015449157621362456, 4.59931533114526, 0.9843875207542009, 0.1208818530497948
0.018512352666977424, 4.559572068846495, 0.9819679385268316, 0.10904492707505002
0.0062595724845175464, 4.605721633158202, 0.9939264019134607, 0.09876712847252964
0.01172005060930945, 4.607856784337146, 0.9886703991716952, 0.11673285108670906
0.01065459146300859, 4.660870250979554, 0.9893311221688008, 0.14142076142225216
0.008923220350269694, 4.624509041514323, 0.9909781779371157, 0.14191381114430163
0.012918692148897916, 4.633159961650905, 0.9872336510866115, 0.13034137072797275
0.01085436505294, 4.618837824672423, 0.9891975973518169, 0.1451680089887111
0.010521409069720983, 4.663942026871296, 0.989899605208626, 0.1472992903784951
0.008989811546913497, 4.623625349060168, 0.9909117327543915, 0.14713155303936676
0.008989811546913497, 4.710774573741887, 0.9909117327543915, 0.14735653631282153
0.010920956249583806, 4.648484899302793, 0.9893896738055069, 0.1475683325244664
0.01678098155423853, 4.611150132011794, 0.9830395251745466, 0.12827964256190139
0.009788905906639143, 4.6740303059237736, 0.9901939008488835, 0.14733202878779628
0.009522541120063928, 4.705013921863032, 0.9901764967018262, 0.14761531473074446
0.01118732103615902, 4.667540998904042, 0.9890337713221196, 0.1462291703371954
0.011253912232802823, 4.648533917635554, 0.9888165013245943, 0.14727292710416248
0.009455949923420123, 4.671316873616843, 0.9905413636903071, 0.14690101592889976
0.009256176333488712, 4.653424210226741, 0.9907212417929522, 0.1467820107378206
0.009589132316707731, 4.709036219236719, 0.990509486457621, 0.14664303363088288
0.018645535060265034, 4.64278365413541, 0.9817289092207301, 0.11581763478427948
0.010321635479789572, 4.689439566243209, 0.989094650835858, 0.1304002586435915
0.014716654458280616, 4.618363567680496, 0.9850818368780646, 0.1314125897646711
0.011253912232802823, 4.628146416100886, 0.9888165013245943, 0.14721201792312105
0.012119597789172272, 4.6376178146337415, 0.9882401455605055, 0.1284702927718009
0.010721182659652394, 4.6084558223450784, 0.989415996016704, 0.1294000771334099
0.015315975228074848, 4.633933377708887, 0.9847354169541934, 0.12426729005434888
0.01498301924485583, 4.629243363868605, 0.9847887389474436, 0.12859844662082856
0.009056402743557302, 4.648253305413842, 0.991227502595553, 0.1463638062091768
0.00992208829992675, 4.637342776821624, 0.9894252738316379, 0.14766574171812047
0.009589132316707731, 4.619535273302805, 0.9901402032929082, 0.14669251991550397
0.009322767530132517, 4.723601232048452, 0.98925679340377, 0.1474999006382321
0.01465006326163681, 4.6272099327213905, 0.9851254608662025, 0.12830228840049315
0.015315975228074848, 4.6222805492314505, 0.9846324438945746, 0.12967580799778955
0.009322767530132517, 4.654557715245313, 0.98925679340377, 0.14770136731882177
0.009788905906639143, 4.6238908366975355, 0.9901939008488835, 0.14678621465724695
0.009855497103282946, 4.620856802354142, 0.9903907478174332, 0.1310012060514036
0.008856629153625891, 4.645127524975225, 0.9907106354758676, 0.1467757086294968
0.01065459146300859, 4.631428642803862, 0.9890512584042591, 0.14613457206039324
0.01012186188985816, 4.619047636768904, 0.9899250779113098, 0.14685793848456005
0.011253912232802823, 4.703274600966409, 0.9888165013245943, 0.14626241018430544
0.009522541120063928, 4.635458658734944, 0.9901764967018262, 0.14689089624391097
0.010255044283145769, 4.710815154292369, 0.9898171346880775, 0.14662593796885498
0.00992208829992675, 4.715458281643343, 0.9894252738316379, 0.14675345704646892
0.009522541120063928, 4.661671027113485, 0.990616176938157, 0.14660033235936648
0.01012186188985816, 4.623255252203071, 0.9899250779113098, 0.14722970693686335
0.01118732103615902, 4.6886823521383105, 0.9890337713221196, 0.14749917687342176
0.011253912232802823, 4.653716482763373, 0.9888165013245943, 0.1468831556469976
0.01118732103615902, 4.653696208658426, 0.9892894428294419, 0.1463622295371578
0.01045481787307718, 4.608989466186877, 0.9896001681588069, 0.14667793737053192
0.00992208829992675, 4.6255638963128165, 0.9894252738316379, 0.14706732348663565
0.009655723513351535, 4.642088131524517, 0.9905694780443401, 0.14661936864981823
0.01085436505294, 4.6532873180803715, 0.9894266243955017, 0.14676208765046872
0.010920956249583806, 4.639898979942483, 0.9893896738055069, 0.14676014405107726
0.009256176333488712, 4.6680480066101175, 0.9907985218274225, 0.1462619514879153
0.01065459146300859, 4.630942783367144, 0.9893847899320701, 0.13886671268531803
0.009988679496570554, 4.716898150106495, 0.9900432043461183, 0.14669724202602097
0.01012186188985816, 4.610941300675072, 0.9899250779113098, 0.14748133933972532
0.011253912232802823, 4.623735732400974, 0.9888165013245943, 0.1468954139933375
0.009655723513351535, 4.61740321608797, 0.9906492945368325, 0.14814057116752305
0.009655723513351535, 4.627005968476815, 0.9906492945368325, 0.14759929182924764
0.009522541120063928, 4.646962772508337, 0.9904155354677355, 0.1476823264022162
0.008856629153625891, 4.649565612633949, 0.9917232850356971, 0.14746771642805745
0.009988679496570554, 4.64813731435438, 0.9900432043461183, 0.14701257863717995
0.009056402743557302, 4.626729098062997, 0.9912836441643986, 0.14657236968009466
0.009256176333488712, 4.626477617282973, 0.9907212417929522, 0.1475089014670996
0.00992208829992675, 4.642331152342683, 0.9903741487002382, 0.14699986570015808
0.01012186188985816, 4.656229176025635, 0.9903613926492512, 0.14716776347866822
0.011253912232802823, 4.664645079521092, 0.9888165013245943, 0.1473508209288048
0.009455949923420123, 4.612158822324262, 0.9903082331017208, 0.14657796075578067
0.010188453086501964, 4.696992656731642, 0.9891732447677976, 0.14641818201149906
0.008856629153625891, 4.720251226612515, 0.9907106354758676, 0.1475589723935715
0.01012186188985816, 4.71682428305497, 0.9899250779113098, 0.1467141191348148
0.01065459146300859, 4.658720417077321, 0.9887941957948942, 0.1469311396962398
0.009056402743557302, 4.640236156364807, 0.9912836441643986, 0.14737651897208662
0.01085436505294, 4.7090192941054845, 0.9894266243955017, 0.14725851908059048
0.010055270693214357, 4.625859581742265, 0.9900227372782956, 0.1472046466207864
0.010055270693214357, 4.672831659049655, 0.9900227372782956, 0.14730440841344422
0.010321635479789572, 4.627660044771525, 0.9897520301450665, 0.14680111695873327
0.009522541120063928, 4.671273266625339, 0.9904155354677355, 0.1474672080490913
0.010388226676433375, 4.62268725001654, 0.9891961300029523, 0.1466169904247965
0.010188453086501964, 4.706454516362118, 0.9891732447677976, 0.14683227080388753
0.010055270693214357, 4.6787286392181935, 0.9900227372782956, 0.1470055725956503
0.010255044283145769, 4.665330718422076, 0.9898171346880775, 0.14673836020119088
0.01012186188985816, 4.6506972972757845, 0.9903613926492512, 0.1470359904228517
0.011453685822734235, 4.658818164312817, 0.9884194211976927, 0.12933085372477485
0.010055270693214357, 4.710291328193297, 0.9900227372782956, 0.14676540354270215
0.011253912232802823, 4.667955363535838, 0.9888165013245943, 0.14675072735349612
0.010920956249583806, 4.664508661290591, 0.9892857095814159, 0.14659498229678677
0.009589132316707731, 4.653132379281264, 0.9901402032929082, 0.14710150679533474
0.01045481787307718, 4.651246250489425, 0.9899807190840548, 0.14648822514433527
0.01012186188985816, 4.626294040121076, 0.9899250779113098, 0.1472931808249569
0.01012186188985816, 4.632599428029164, 0.9899250779113098, 0.14716130595243382
0.00992208829992675, 4.699494856528121, 0.9894252738316379, 0.1469342284168576
0.011054138642871412, 4.656843041487744, 0.9890915981408483, 0.14656500152230462
0.009522541120063928, 4.662200868101946, 0.9901764967018262, 0.14699787767570072
0.00865685556369448, 4.645257225603097, 0.991274192190046, 0.1481155474789128
0.009522541120063928, 4.626722707009835, 0.990616176938157, 0.14678384742512982
0.01012186188985816, 4.64353961421288, 0.9899250779113098, 0.1464638684914808
0.009522541120063928, 4.6283077225193265, 0.990616176938157, 0.14706397304366295
0.01191982419924086, 4.613904647728079, 0.9879594523613686, 0.1281615564201221
0.009056402743557302, 4.648755808474181, 0.9912836441643986, 0.14732709383287396
0.010920956249583806, 4.6619131559537195, 0.9893896738055069, 0.1471961551853994
0.012585736165678898, 4.605642996560228, 0.987758251151383, 0.1117286776881833
0.012652327362322701, 4.606212191649361, 0.9875605949249686, 0.12561931489561448
0.009522541120063928, 4.626117201995189, 0.9907432982311619, 0.13324261237240548
0.009522541120063928, 4.608428268638377, 0.9904155354677355, 0.14746810413436245
0.010721182659652394, 4.623091161350296, 0.9878968469875703, 0.13078802306786205
0.00865685556369448, 4.681511975528635, 0.991274192190046, 0.14638802984954688
0.008723446760338283, 4.6641737079067855, 0.9910397671549993, 0.13031552189819348
0.012053006592528467, 4.625086151300103, 0.9869473626563532, 0.13074860824243328
0.013717786508623559, 4.646107603025999, 0.9868829086711269, 0.1299674579606801
0.012652327362322701, 4.634530532786363, 0.9864114378147328, 0.12890267426633378
0.009522541120063928, 4.685360666930283, 0.9904155354677355, 0.14659586167614458
0.010321635479789572, 4.62580741810054, 0.9892815246580124, 0.14734110882014112
0.008989811546913497, 4.6870634419436845, 0.9909117327543915, 0.14618302439359002
0.010588000266364786, 4.741566289524633, 0.9891759938766268, 0.1304700279804203
0.009655723513351535, 4.627160529000563, 0.9905707999153931, 0.130155655571519
0.010588000266364786, 4.651000769579547, 0.9897616903008364, 0.14334319370545023
0.015315975228074848, 4.641538430841561, 0.9845700722085178, 0.12918720414533283
0.008856629153625891, 4.67764244392676, 0.9917232850356971, 0.14658220932444402
0.013051874542185524, 4.618392921759443, 0.9872168393947439, 0.1292742323632997
0.010388226676433375, 4.648523758784539, 0.9891961300029523, 0.1463852754185285
0.009522541120063928, 4.70611343804836, 0.9904155354677355, 0.1475704294619644
0.012319371379103683, 4.651902077113406, 0.9879551435551172, 0.12536922142913073
0.016314843177731905, 4.639033859465295, 0.9838900323813715, 0.12005068783460465
0.009722314709995338, 4.652908072217911, 0.9903642835088065, 0.1404483131452804
0.010255044283145769, 4.614078106524235, 0.9898171346880775, 0.14722455671272391
0.013850968901911167, 4.615936390147146, 0.9863403714583544, 0.12884592903308917
0.01551574881800626, 4.7440353083358096, 0.9845316466204305, 0.12539881027982552
0.01391756009855497, 4.6363687609883195, 0.9859930570763085, 0.1294450585639044
0.012319371379103683, 4.672612288776628, 0.9876665125238471, 0.13034065842616446
0.01551574881800626, 4.640616766438151, 0.9848240561210472, 0.12971440794235747
0.011853233002597057, 4.613722261182556, 0.9881559391735221, 0.1282008499387615
0.014783245654924419, 4.653327884389564, 0.9851497752604612, 0.12161863135894016
0.018179396683758408, 4.66476294320711, 0.9818982253730039, 0.11884286518778596
0.015449157621362456, 4.643666166801018, 0.9840952218948229, 0.119954234521723
0.018845308650196443, 4.5835372015934075, 0.9811004150784857, 0.12076341367946104
0.009988679496570554, 4.591290390506568, 0.9899704006901405, 0.13225833212855256
0.010787773856296198, 4.589182063743691, 0.9891746165234422, 0.1390437179421971
0.018645535060265034, 4.579498067632166, 0.9809554672088443, 0.11306857290289676
0.012519144969035093, 4.620657434664816, 0.987617993502335, 0.1343906100022767
0.017779849503895585, 4.6754739423117915, 0.9827825352292551, 0.11298625267378926
0.02004395018978491, 4.610353607593828, 0.9799090342710951, 0.1113501833904817
0.014849836851568222, 4.588993150209741, 0.985414663156484, 0.123601929071158
0.014583472064993008, 4.626844025471084, 0.985347870201392, 0.12902274860353674
0.015648931211293866, 4.613044893978962, 0.9850657811143725, 0.12808973330757106
0.012652327362322701, 4.665692925349989, 0.9874983623872502, 0.13170031524245018
0.013984151295198775, 4.581941461661545, 0.9859344891429295, 0.11811301828793588
0.014183924885130185, 4.5978825423024805, 0.9860221758385995, 0.13373893982594576
0.015182792834787242, 4.668319907448474, 0.9846453144817179, 0.12514429261053497
0.011986415395884664, 4.60578694419457, 0.987971292495067, 0.13312806237635838
0.015915295997869082, 4.5850611421123135, 0.9839793927630922, 0.1287122395475211
0.015249384031431045, 4.6188921494022575, 0.9849243295074309, 0.13012169774354718
0.015915295997869082, 4.598800511082963, 0.984034057053057, 0.13047722335121756
0.014317107278417793, 4.629437524802264, 0.985649597243946, 0.13593896251871582
0.01584870480122528, 4.681155702090893, 0.9832459510926627, 0.132970746220764
0.016714390357594727, 4.631462855973161, 0.9825703850128084, 0.13099603930274836
0.01551574881800626, 4.587441665176673, 0.9846899187996491, 0.11909176153002145
0.015049610441499633, 4.656038509717419, 0.98494364478593, 0.11958805137801196
0.015249384031431045, 4.599334825170399, 0.9849412489485958, 0.11819496597277604
0.01644802557101951, 4.609377644085381, 0.9833130873012844, 0.11925101816787502
0.01012186188985816, 4.618386064950974, 0.9907864533092484, 0.12827738823019158
0.01931144702670307, 4.605412171526344, 0.9792697786649955, 0.11880520885101774
0.01085436505294, 4.610661626552753, 0.9891303228654388, 0.12741712509051756
0.009722314709995338, 4.656451867551867, 0.9911717828069524, 0.14819663393191684
0.012319371379103683, 4.707078480757036, 0.9877688605576285, 0.12990445456988617
0.01465006326163681, 4.611408835999966, 0.9857091304931506, 0.12135386441568999
0.011387094626090432, 4.605516263169614, 0.9883261942170063, 0.12348443677274651
0.01318505693547313, 4.606936397712526, 0.9865841946949722, 0.12720358228064602
0.011786641805953253, 4.633073101461573, 0.9883147125615713, 0.12861910664908072
0.00992208829992675, 4.653573320924406, 0.9903741487002382, 0.1470125407927132
0.009522541120063928, 4.673029817483504, 0.9904155354677355, 0.1470098755387967
0.009522541120063928, 4.659890182073689, 0.9904155354677355, 0.14755772996765087
0.00938935872677632, 4.6147949083862585, 0.9904368567343009, 0.14723926701909776
0.008923220350269694, 4.649677180081731, 0.9897618000310886, 0.14763422639426874
0.012053006592528467, 4.652021937882479, 0.986860241149034, 0.12894806673643525
0.009522541120063928, 4.630679353239089, 0.9901764967018262, 0.14723920723618314
0.00938935872677632, 4.671595844978292, 0.9904442369519587, 0.1345959352183168
0.012385962575747487, 4.74357834057269, 0.9885264256645355, 0.1292738067691791
0.008989811546913497, 4.668527788111553, 0.9909117327543915, 0.14747474312875355
0.00992208829992675, 4.612926427014715, 0.9903741487002382, 0.1475060632147624
0.010055270693214357, 4.658873610230747, 0.9900227372782956, 0.14815606346712393
0.01045481787307718, 4.674768999269547, 0.9899807190840548, 0.14768865457828795
0.012053006592528467, 4.691636063044895, 0.9880075544482146, 0.13088294979459048
0.00865685556369448, 4.666060624081658, 0.991274192190046, 0.14686744551487926
0.008856629153625891, 4.662782511031921, 0.9907106354758676, 0.14681947442487397
0.010388226676433375, 4.6578170675773185, 0.9891961300029523, 0.14626306199290137
0.011520277019378038, 4.752712634000812, 0.987818620030399, 0.1291016258051063
0.01045481787307718, 4.7278984239957635, 0.9899807190840548, 0.14651749260293312
0.009589132316707731, 4.620006745701633, 0.9905416329276084, 0.14632692648199686
0.008989811546913497, 4.657149003731186, 0.9909117327543915, 0.14815840293417828
0.008989811546913497, 4.665250747143655, 0.9909117327543915, 0.14777041175445293
0.010388226676433375, 4.628675727033897, 0.9903058025584107, 0.14737295346402005
0.009256176333488712, 4.6443357478764975, 0.9905018910679146, 0.14729888838349478
0.010055270693214357, 4.628501639811011, 0.9900227372782956, 0.14731060581261451
0.010920956249583806, 4.641898317153503, 0.9889246656679747, 0.13353511914270494
0.00992208829992675, 4.662811428123922, 0.9894252738316379, 0.14708180881671049
0.014716654458280616, 4.6800609756629, 0.9853189720905022, 0.1288006967151169
0.01911167343677166, 4.72189001002848, 0.9799370582801131, 0.11166698289019089
0.01791303189718319, 4.690133564480296, 0.9815081925612297, 0.1285204100437893
0.01065459146300859, 4.713795786859065, 0.9890512584042591, 0.14650880342188685
0.008989811546913497, 4.722219880605066, 0.9909117327543915, 0.14602492953670138
0.01351801291869215, 4.638003198762482, 0.9863004172392007, 0.12773373638594993
0.010388226676433375, 4.60566120569387, 0.9897515299837746, 0.11155564242015738
0.009722314709995338, 4.607550172646385, 0.9905203718008019, 0.14440101459380744
0.01065459146300859, 4.62991027085197, 0.9894587769323708, 0.14074422798353836
0.01012186188985816, 4.633466744014885, 0.9898555269353332, 0.14607763728986536
0.010721182659652394, 4.688159224973853, 0.9884788370454646, 0.14586183835984878
0.012119597789172272, 4.714959738757359, 0.9874621520330382, 0.12880011283209447
0.018312579077046014, 4.614423051229399, 0.9809627576933369, 0.11459346373819489
0.013984151295198775, 4.617562543903693, 0.985647762679241, 0.12119862390568152
0.008989811546913497, 4.6222737894923815, 0.9909117327543915, 0.14679413201971833
0.016314843177731905, 4.609233727188095, 0.9834732493117555, 0.1244610983245295
0.020376906173003927, 4.594234179091404, 0.9792796385531761, 0.10718993235709222
0.016314843177731905, 4.648114987407836, 0.9837195580726391, 0.1339641492195961
0.015382566424718653, 4.593049753471944, 0.9846427011298889, 0.12645341327794826
0.02383964839848172, 4.6024814018946305, 0.976145740982059, 0.11460072912828469
0.023373510021975095, 4.584860670778511, 0.9761506426682558, 0.10231081829894716
0.014317107278417793, 4.6126994244734965, 0.986044840458957, 0.11995186055718594
0.012119597789172272, 4.648150570027289, 0.9882833507257819, 0.1286837389989592
0.015382566424718653, 4.667051909250418, 0.984874318428587, 0.11876671979960753
0.020310314976360124, 4.5828641040304365, 0.9790769873115177, 0.12383229655395833
0.011054138642871412, 4.593276016148729, 0.9890852011043417, 0.14718523233769196
0.015915295997869082, 4.661731579224835, 0.9840769004191651, 0.1288727008592064
0.01611506958780049, 4.718996800809231, 0.9841882129991028, 0.11618067596701818
0.014516880868349204, 4.609913255130514, 0.9853043950458056, 0.12386927829794957
0.014383698475061596, 4.655902974256434, 0.9858402015999836, 0.12338312553979879
0.02310714523539988, 4.657307262068829, 0.9766346202533741, 0.10843941657997762
0.030099220882999267, 4.609280353428529, 0.970074699933026, 0.09287225110721133
0.02650329626423387, 4.591869801221361, 0.9730586148687149, 0.09813414816844203
0.030099220882999267, 4.536693527654538, 0.9705381450335528, 0.09290570946444111
0.02024372377971632, 4.558468081737284, 0.9806254544593238, 0.11424782519852238
0.018512352666977424, 4.57118491293897, 0.981526701442436, 0.11858730895201114
0.02237464207231804, 4.555992157138394, 0.9778534054373587, 0.10857893737967349
0.02257441566224945, 4.57344944632513, 0.9774477879683618, 0.10776172106473329
0.02024372377971632, 4.625119447596994, 0.9797300523767518, 0.10003518327452207
0.025304654724645402, 4.544252382738101, 0.9745203949374585, 0.1046920637738407
0.019444629419990676, 4.563730143671975, 0.9802703384942272, 0.12511162388767358
0.021775321302523805, 4.543614022573174, 0.9781352094874944, 0.10583887924375965
