acuracia,loss,frr,fpr
0.09380825565912117, 2.3040032824250893
0.09933422103861518, 2.4342533820319905, 0.9184179034232867, 0.47290014775924805
0.09973368841544607, 2.5922770474150716, 0.9219208684249114, 0.47947316166848736
0.10126498002663116, 2.5830572769184723, 0.85339999363446, 0.4518151177767951
0.10126498002663116, 2.977000602020246, 0.85339999363446, 0.45164234947110415
0.10126498002663116, 2.6682003169696276, 0.85339999363446, 0.451507754611648
0.10159786950732357, 2.7087407175218376, 0.8530445441819517, 0.45008972966453825
0.1340213049267643, 2.4115031934213067, 0.8653749351350463, 0.3227341970046782
0.18302263648468708, 2.4311739349095385, 0.8379738985988354, 0.25001747117298906
0.17782956058588548, 2.5130847262558387, 0.7974099463240227, 0.2652023598284817
0.10832223701731025, 2.8715497647596897, 0.9074098435691508, 0.3881899050689514
0.16324900133155792, 2.797096242250679, 0.8171382137252088, 0.26232642249917243
0.17270306258322238, 2.308411305071352, 0.8375317964476252, 0.24341254774804752
0.15992010652463381, 2.8094603244696414, 0.8379022684989077, 0.31468849184875114
0.179560585885486, 2.776246947232639, 0.8049002390990431, 0.25350617678675597
0.1774300932090546, 2.473728418334346, 0.8228542619905092, 0.26578630983650836
0.1255659121171771, 2.803407219222954, 0.891318734036055, 0.3267267203464832
0.22902796271637815, 2.427870822913161, 0.7407455360204872, 0.20006812743935717
0.2310918774966711, 2.1086727242812655, 0.7778355231938864, 0.20187932078016207
0.170439414114514, 2.5593553344435125, 0.8518250522431164, 0.3026151024908454
0.23841544607190412, 2.142399900631803, 0.7646522770131294, 0.22499262517685573
0.20099866844207723, 2.371090335034816, 0.8113450372818921, 0.24090811028768788
0.20652463382157124, 2.582891470154179, 0.7975180686704636, 0.23447354161093972
0.17490013315579228, 2.426261069275409, 0.8518374006556578, 0.2443231915705635
0.22383488681757657, 2.0745353939609426, 0.7680423598720685, 0.2342362276949869
0.25093209054593874, 2.1662294862670364, 0.7750776578731235, 0.20329873405395776
0.2059254327563249, 2.2808514136290263, 0.8147319383413663, 0.21863202587864602
0.2748335552596538, 1.9617831581243663, 0.7115585548846762, 0.18674391882021318
0.2655126498002663, 2.2316382110912536, 0.7072424816378573, 0.18511113526331888
0.25579227696404794, 2.3023442390448006, 0.7302684711277291, 0.20879074551635862
0.28415446071904127, 2.067236192534354, 0.7378112772869312, 0.1788822005781742
0.2396804260985353, 2.399027762995579, 0.8000947666902373, 0.22544255130784294
0.2322237017310253, 2.4934998923706786, 0.8020187532546958, 0.24150302810292218
0.2629161118508655, 2.0464185733214197, 0.7452051969081189, 0.23532553046084437
0.3762316910785619, 1.6987379075505444, 0.6366562669193341, 0.13863379733762995
0.2554593874833555, 2.162408102277949, 0.7387049702722134, 0.21817446833272805
0.24467376830892143, 2.100198548387354, 0.7784618933252974, 0.23715218262289411
0.2613848202396804, 2.3010224393299827, 0.7224245869469437, 0.20175951076853108
0.28901464713715047, 1.9627348005771637, 0.7202837810723781, 0.18251974603337892
0.22609853528628496, 2.3525898147557927, 0.7578336089259458, 0.23288818049698462
0.27956058588548605, 1.9783849527372341, 0.7051115630193827, 0.19720423913145266
0.2651131824234354, 1.9158482321013464, 0.7237295070171799, 0.21237905113970293
0.32237017310252997, 1.8937073294296562, 0.6778350778991663, 0.16308239848306408
0.2847536617842876, 2.1595793305438624, 0.7551337518857215, 0.19906474941717087
0.24873501997336883, 2.482960355116647, 0.776791753887085, 0.2347536441485927
0.2618508655126498, 2.214361703256951, 0.7175175124055566, 0.21520844464701855
0.26744340878828227, 2.0775548524410525, 0.724880131647614, 0.220206015663413
0.25938748335552597, 2.346069034515383, 0.7107231652248832, 0.2194370365232063
0.33661784287616514, 1.9853906314259522, 0.6588777064768127, 0.16922143630666603
0.3018641810918775, 1.8769202579551942, 0.6713985672971858, 0.19291740740977908
0.29314247669773635, 2.1069797159372254, 0.6841683598768027, 0.18885092208460758
0.2882157123834887, 1.9905634249931328, 0.7253549103802976, 0.19222122631828675
0.20532623169107855, 2.6695364293023527, 0.7778085777836526, 0.2636292804371854
0.31990679094540614, 1.9418075499002054, 0.7119394009961135, 0.18099130525043747
0.29793608521970705, 2.0276924712184106, 0.6700737560035614, 0.18806052333570616
0.32669773635153126, 1.9334072280541241, 0.6674884131538497, 0.16266236433255546
0.26990679094540615, 2.148845062314591, 0.739656110163091, 0.1985545173608182
0.32796271637816243, 1.9384652382881442, 0.6849492280806512, 0.18266356159767871
0.3599866844207723, 1.8724562398484164, 0.6397073390938006, 0.15415082668937227
0.33988015978695074, 1.9962768028404678, 0.688860552471187, 0.17445317597097404
0.3061917443408788, 1.8894728671655199, 0.6676476522369089, 0.18474653803333002
0.3800932090545939, 1.7470461089645182, 0.5939956799344306, 0.14591416439728808
0.3101198402130493, 2.0222385845939503, 0.6679793924055669, 0.20476768196822548
0.3075233022636485, 2.009110643666054, 0.701690732578028, 0.2423421627662476
0.38029294274300934, 1.7587696680563505, 0.6145031322367565, 0.15316767731610084
0.34953395472703064, 1.8022537699393362, 0.6864231162865796, 0.181038910528988
0.2948069241011984, 2.1676451631036704, 0.7026757458764377, 0.19850218627582525
0.3860852197070573, 1.666942799325472, 0.610796077705235, 0.14672195403533164
0.35166444740346203, 1.7248132774579064, 0.6328927386161327, 0.1705566993906706
0.34906790945406124, 1.7753013355139093, 0.6464942825779559, 0.18192570392321095
0.36950732356857524, 1.7390504402997649, 0.5969426703472753, 0.1488998819268347
0.3906790945406125, 1.6532706574299998, 0.6188425408406456, 0.15373148372085774
0.3500665778961385, 1.8250443571327768, 0.6351533015915997, 0.17080821354854014
0.3784953395472703, 1.7649029967669005, 0.6167732523371028, 0.14826727476028725
0.3651797603195739, 1.7847381669616256, 0.6576742516211014, 0.16038562160000377
0.4014647137150466, 1.6308682164601416, 0.6085988612892106, 0.15614227323649796
0.3585885486018642, 1.8090802938301618, 0.6075888194331268, 0.16742083218229442
0.3496671105193076, 1.8893252208570983, 0.6278700880638072, 0.1683930939311812
0.4155792276964048, 1.6171344938870276, 0.5939960511784406, 0.139232109015156
0.3773635153129161, 1.7376723892232788, 0.6059900703348942, 0.14845356638189167
0.38974700399467377, 1.74575234282112, 0.625325215515258, 0.15065117455856894
0.40798934753661786, 1.5927336558322613, 0.5693578260229262, 0.14428507775110633
0.31837549933422105, 1.990395718457775, 0.6341439016606532, 0.1772958972614501
0.3995339547270306, 1.6760254673510988, 0.5963531575028079, 0.14668237628073272
0.3229693741677763, 1.92289807024237, 0.6914161992758477, 0.20383697152905486
0.38754993342210386, 1.650859981271179, 0.6548345168638319, 0.16841446657384346
0.401930758988016, 1.6089334847566767, 0.5882707265915854, 0.15880184275720674
0.38748335552596536, 1.6878668687533285, 0.6520410761557304, 0.1742005802555554
0.45319573901464716, 1.5083993597449699, 0.5587256180656042, 0.1349727840460257
0.3819573901464714, 1.697518879806154, 0.6030778469074803, 0.17325736037193945
0.3772969374167776, 1.7900431832762438, 0.6134125237098494, 0.16780780922327726
0.3388814913448735, 2.0608073286980035, 0.6422506593350004, 0.1705372172638565
0.40579227696404796, 1.6278497977278998, 0.5999851186304024, 0.1563372526929061
0.39494007989347535, 1.6724276313793842, 0.5915847910653792, 0.15115123304430025
0.40685752330226366, 1.8084044231158916, 0.5924888763324734, 0.14849797193494052
0.39567243675099867, 1.7428775238054253, 0.5863435389298836, 0.14813463053054732
0.3396138482023968, 1.9103117851438758, 0.6543520265123367, 0.17657354744501474
0.3239680426098535, 2.0082570684872834, 0.6676280014313138, 0.1843803350553223
0.4091877496671105, 1.7880582158479805, 0.5789287162094944, 0.13995812885125783
0.39607190412782955, 1.6802803396424664, 0.6549092316850866, 0.1749433263204975
0.38881491344873503, 1.7590061407630517, 0.6259211019985328, 0.16477001143073614
0.1073901464713715, 2.303702796537295, 0.8690686890127115, 0.33934177434784607
0.0988681757656458, 2.410165192061829, 0.9143502308970638, 0.47572471419492435
0.0988681757656458, 2.448611329985998, 0.9143502308970638, 0.4766171711721931
0.1466045272969374, 2.515079554871776, 0.8629178343746385, 0.2553046148086195
0.11271637816245007, 2.5114294301177784, 0.8743708715609942, 0.335800415455736
0.11784287616511319, 2.6014964013299675, 0.8456576091413838, 0.32279116034478655
0.16438082556591213, 2.5750713694428953, 0.8254919830190822, 0.2553757324180873
0.13162450066577897, 2.414519784398149, 0.8339239273291629, 0.33505384731893784
0.1521970705725699, 2.536276181214818, 0.8653497232527323, 0.3009593696717306
0.09973368841544607, 3.323449764965219, 0.8948682254877621, 0.4564413090123547
0.12623169107856191, 3.3277355184726485, 0.8574429355389462, 0.319188564336494
0.1437416777629827, 2.6898440516860127, 0.8213481960960316, 0.33911503462076875
0.23348868175765647, 2.3213244416186716, 0.7758659519464592, 0.1912583399704919
0.21238348868175766, 2.216561236941862, 0.7626499963396682, 0.20773777000076749
0.17656458055925434, 2.4386028915643694, 0.8188613672744829, 0.284946519828101
0.1570572569906791, 2.8114359357464966, 0.8420174349045889, 0.32199661582907474
0.21464713715046604, 2.4800728809381134, 0.7623504923065403, 0.2089016024845086
0.20306258322237017, 2.214153384511544, 0.7621768562847734, 0.21460071565864303
0.15126498002663116, 2.4156547386620875, 0.8326604664484001, 0.28197307154262763
0.21691078561917443, 2.3015809824915925, 0.7565691781262359, 0.2067992465672555
0.19620505992010653, 2.251679529414355, 0.8070279233418582, 0.24916363615811826
0.21744340878828228, 2.4027101819469197, 0.7796135989667061, 0.22940229349904878
0.17396804260985352, 2.543365315742761, 0.8221490404897781, 0.2988864079785802
0.2378162450066578, 2.190998646890752, 0.7543086475092671, 0.18973102094779132
0.29687083888149135, 2.009168493200079, 0.6919229990876131, 0.1589160476173207
0.27603195739014647, 2.0839868110283395, 0.7346344215381422, 0.1775030783307396
0.23328894806924103, 2.2539285573478387, 0.7429719654784988, 0.19520765693900724
0.2356191744340879, 2.5027390684213207, 0.7745107345609312, 0.19934996611941133
0.274167776298269, 2.0222148888299216, 0.735969406282956, 0.18109229442009514
0.2892143808255659, 2.078603503608037, 0.7291305013348586, 0.16238834943213798
0.2266311584553928, 2.1370010950980824, 0.7722931919114635, 0.22614273141924066
0.2761651131824234, 1.9356235162356246, 0.7103006288584689, 0.181158409869129
0.22023968042609854, 2.2020219477689693, 0.7791990053658827, 0.2194014396575357
0.2862849533954727, 1.8721200135592297, 0.6620647956773557, 0.18548019803455798
0.24394141145139814, 2.2090037108102587, 0.7377881137621338, 0.20837964330639897
0.2833555259653795, 2.0919459210572326, 0.7063835457647382, 0.18620829305883327
0.2815579227696405, 1.9827016511111062, 0.7213830526952993, 0.18333390242825476
0.18568575233022636, 2.4004142637576624, 0.8341608588850707, 0.23423999039690518
0.23715046604527296, 2.2637557001469455, 0.7939876635363248, 0.1983837839699648
0.22916111850865512, 2.3841093403303355, 0.751086857791531, 0.20682774838165496
0.2717709720372836, 2.0332664201485016, 0.7471593143347472, 0.1894693887692705
0.29054593874833556, 1.9650066720304413, 0.6572248594104347, 0.16710836834447446
0.17303595206391478, 2.490871202465539, 0.8526868750923051, 0.3069291506381428
0.25612516644474037, 2.2138390430696955, 0.7354446939701327, 0.19946400163983383
0.3075233022636485, 1.9250477887223787, 0.7087498121250536, 0.16844158009396548
0.21504660452729693, 2.3042822753660848, 0.7841820715938195, 0.2385661658262737
0.29287616511318243, 2.0384369239910503, 0.740631436707249, 0.19156043518681376
0.23362183754993343, 2.2418355162586576, 0.750444793011669, 0.24874007770364823
0.3274300932090546, 1.9067071075723587, 0.6509422877212492, 0.1543443323908889
0.22956058588548603, 2.435675368168095, 0.7511428196445573, 0.24743637244857677
0.32536617842876164, 1.8586463916516018, 0.6804200715256614, 0.17383236043890396
0.2994007989347537, 1.9501129123842351, 0.7144617557650215, 0.18424769562559218
0.3729693741677763, 1.6821335125183774, 0.6473331642389359, 0.15911172764291903
0.3308255659121172, 1.8180528211391243, 0.6649620686372057, 0.16301666979668447
0.21864181091877496, 2.320765670816527, 0.8007781947974424, 0.2389743876771192
0.30539280958721704, 2.038142707920106, 0.6714747684326058, 0.18768980362962506
0.3358854860186418, 1.8449244614288747, 0.6456758170471087, 0.1547073522617203
0.22856191744340879, 2.330873017692653, 0.7824876617957628, 0.2181271868762208
0.31750998668442076, 1.8811097294307957, 0.7336664580692467, 0.18167584368297818
0.22636484687083888, 2.3324031996901597, 0.7554484749042899, 0.23356026955276554
0.35539280958721703, 1.7392422770056997, 0.6278839576706151, 0.15970205018401168
0.31358189081225035, 1.9212137911771332, 0.6387272829657131, 0.1786897843039604
0.2745006657789614, 2.152789959785703, 0.7280955230791819, 0.20267589858071852
0.35392809587217045, 1.7619757266360498, 0.6271121475147116, 0.16795526334483302
0.29400798934753664, 1.9896605521519872, 0.6429022391408107, 0.17421279246819432
0.29227696404793607, 1.9750943483072971, 0.6508960321955978, 0.20355994518591605
0.35066577896138484, 1.8080533916202588, 0.6498832387338883, 0.14972778767270212
0.2621171770972037, 2.2120908521512614, 0.7217341800184761, 0.2093676902325351
0.3018641810918775, 1.941043684416303, 0.6606182780213685, 0.18835855727434855
0.30019973368841546, 2.170673154808392, 0.7067188081018453, 0.17978846579983515
0.24121171770972039, 2.434944980134183, 0.7929980470841241, 0.2329387357285342
0.3877496671105193, 1.7155906228981068, 0.618189471115555, 0.14572581710587257
0.26498002663115844, 2.1767195297640747, 0.725803184920026, 0.23772260462145442
0.3584553928095872, 1.7752859229531968, 0.6187869112998592, 0.16533585739129975
0.38721704394141143, 1.6695630954204006, 0.6097411175405487, 0.13996492255913534
0.3412782956058589, 1.9178380154579204, 0.6223027081390408, 0.1507012477033363
0.3118508655126498, 2.065319574137185, 0.6330599663999763, 0.16874402402109023
0.36884154460719043, 1.7465104774255726, 0.6274835905557683, 0.15946965120869122
0.344607190412783, 1.8375507107904843, 0.6372789702362861, 0.17276572492449202
0.3445406125166445, 1.9220006673218566, 0.6594787790382377, 0.17197776662719366
0.3063249001331558, 2.083034410566766, 0.6648972109928206, 0.17967238420502699
0.362982689747004, 1.7447945513039549, 0.6462232582854851, 0.16115835430171807
0.3267643142476698, 1.8521957129954338, 0.634648757774157, 0.1734547528555821
0.3776964047936085, 1.7607838403805594, 0.6354067480724602, 0.15757816625191864
0.37130492676431426, 1.7672475770894642, 0.6176047081464169, 0.1557759959725198
0.3571238348868176, 1.708281254175103, 0.6795640589526485, 0.18232603261945157
0.2484687083888149, 2.562652998396782, 0.7435447872256563, 0.21430023927836075
0.3452063914780293, 1.8796073897522236, 0.6753339444522062, 0.17322134414810975
0.2636484687083888, 2.2769255640255546, 0.7025496865400656, 0.23265554158606905
0.34500665778961387, 1.8088655149214437, 0.6685498291230383, 0.175778842744035
0.36118508655126497, 1.7418360794669938, 0.6571692350806141, 0.16609237717122047
0.3160452729693742, 1.99364791648703, 0.6725153851236644, 0.18195070272928313
0.31984021304926763, 1.914467661605575, 0.6961213019513514, 0.178650764878975
0.3025299600532623, 2.008386751545095, 0.6953354861331161, 0.19903014335111727
0.36884154460719043, 1.737612993136227, 0.6138523596057147, 0.16085046148822607
0.3246338215712383, 1.9334405423927006, 0.6569333739218577, 0.18368250304722897
0.30978695073235685, 2.074478852915542, 0.663941307188655, 0.19478628784755206
0.3411451398135819, 1.8463916601551158, 0.6495257238847003, 0.18578021188093594
0.3972703062583222, 1.6626573234598105, 0.5844496696953192, 0.1625311953278118
0.38055925432756327, 1.8492468432995792, 0.6203294952791137, 0.15425348267073863
0.3666444740346205, 1.7459336186772816, 0.630369264691632, 0.15950808242646525
0.10199733688415447, 2.304917239857101, 0.9180697485520755, 0.26369485625072914
0.09920106524633822, 2.4219804629504917, 0.914043515651466, 0.45196281452778353
0.0988681757656458, 2.4521592502032075, 0.9143502308970638, 0.47466031542456727
0.12157123834886818, 2.683086859164003, 0.8967593408373992, 0.36263044098833824
0.10126498002663116, 3.1286016908450702, 0.85339999363446, 0.4669953217618304
0.11284953395472704, 2.506212734549087, 0.8695954546689586, 0.37821946790629496
0.16191744340878828, 2.3515030126597054, 0.8142093860296065, 0.29608024937610095
0.21065246338215712, 2.336677381003427, 0.8027567122470003, 0.19829501426351484
0.18022636484687085, 2.5468307662462584, 0.7909358822212421, 0.24315974886861874
0.10033288948069241, 2.7924304140272853, 0.8943969393962439, 0.4360087781087214
0.16977363515312915, 2.7623182858671553, 0.8076180066084795, 0.2377645792927696
0.22876165113182423, 2.1936342219458758, 0.7603956131528072, 0.17785621525489145
0.12476697736351532, 2.818568245135992, 0.9026467182218907, 0.3362101775334467
0.1792942743009321, 2.330181354244603, 0.8467062860613476, 0.26309976795268886
0.14227696404793608, 2.865013038889863, 0.8861709394274436, 0.3668732220953391
0.2508655126498003, 2.283003944396655, 0.7683447601590727, 0.18307607995109518
0.19826897470039948, 2.9043269030402565, 0.7939799103102639, 0.23948392297897217
0.19540612516644473, 2.5765911943744246, 0.8247513365018112, 0.2580498556496412
0.1618508655126498, 2.6149673961231934, 0.8276981971290813, 0.29614007583267754
0.20033288948069242, 2.19066164678486, 0.8234682397522032, 0.25353914662458715
0.18135818908122503, 2.6379277020097573, 0.8490578907005832, 0.26827940275766476
0.18968042609853528, 2.1334914750725864, 0.8013642278179617, 0.2556150710564791
0.24640479360852197, 2.142603889135483, 0.7441480140602665, 0.18779041364071994
0.15139813581890812, 2.682102185620687, 0.8117918306630135, 0.34803649306448015
0.1918109187749667, 2.3229557910946492, 0.7852359097569814, 0.2556114748690343
0.24387483355525966, 2.3316962741404654, 0.7527894129464339, 0.19694479095670903
0.22097203728362183, 2.335201336498981, 0.7452544423572094, 0.22868291040657962
0.2581225033288948, 2.283863192264948, 0.7203735418660735, 0.1960791950740694
0.2159121171770972, 2.187139504901896, 0.7994804706780317, 0.2133823210275396
0.27117177097203726, 2.053812445837077, 0.7453075110104436, 0.20191459873596784
0.2609853528628495, 1.9515880220422097, 0.7393726605255547, 0.21051997771462827
0.2137150466045273, 2.1808049366532885, 0.7794012482702766, 0.23853606400389515
0.26165113182423433, 2.24945763689224, 0.7389227520734962, 0.19204216077989167
0.23142476697736353, 2.2534370746691716, 0.754268414076572, 0.23270317335177196
0.18395472703062582, 2.4302844936576253, 0.7759875370101155, 0.2678927465858278
0.2892809587217044, 2.0319199216270576, 0.6900687617980978, 0.17672843807121846
0.28941411451398136, 2.068426028386096, 0.685090792563145, 0.17387622620056706
0.18988015978695072, 2.322417111538063, 0.8400722212523981, 0.2721124117641831
0.17350199733688415, 2.638163811099355, 0.8515708486756491, 0.252889822995697
0.2599201065246338, 2.189425258943625, 0.7231012853694176, 0.21023943344518659
0.28415446071904127, 2.0119037967963953, 0.7163333946789975, 0.1989025528154061
0.2051930758988016, 2.243549481574967, 0.7680923983267243, 0.2584485937970602
0.23601864181091878, 2.3690358846466966, 0.7408311055788899, 0.22118437881530773
0.21118508655126497, 2.724445541455012, 0.7804898998637144, 0.27032135126519374
0.3083888149134487, 2.0462832650822027, 0.6721518324547842, 0.17465239463886323
0.3196404793608522, 1.9283620294872994, 0.6965486001778798, 0.16193053435885676
0.21304926764314247, 2.304525704235434, 0.7634226674973894, 0.2556924794808905
0.35086551264980026, 1.748518019541602, 0.6807184115396396, 0.16054599898417318
0.30346205059920106, 2.003904966195517, 0.6825276958311978, 0.17670161611205135
0.2848202396804261, 1.9631017900933914, 0.6925702874295645, 0.20590926459014378
0.2522636484687084, 2.1101808037107856, 0.7179289784094207, 0.22689031071356264
0.2895472703062583, 1.9369320792975662, 0.7069999627115422, 0.18820095437409556
0.31025299600532624, 1.9529623635123161, 0.6895342409084654, 0.17397649742877022
0.2954727030625832, 2.0511901116581477, 0.6911001580659604, 0.19195626983990788
0.28961384820239683, 2.1323098520484174, 0.711282342578565, 0.1964006948962852
0.2820239680426099, 2.0489006719163827, 0.723214992857116, 0.21481470990104465
0.2875499334221039, 2.105681690410742, 0.706571463152479, 0.19445207193282243
0.3478695073235686, 1.7316740344073895, 0.6540138092697124, 0.16777714707710953
0.31085219707057254, 1.9203450664580266, 0.6834150945623328, 0.1804903573891534
0.34820239680426096, 1.7830656965864642, 0.6357560534427482, 0.16124052317603804
0.32669773635153126, 1.774893277042239, 0.6522714314648165, 0.18097060685858846
0.22822902796271638, 2.379415826005402, 0.7526312772548281, 0.23369289852316544
0.23249001331557922, 2.358863261097995, 0.7513038360118068, 0.24940563903717955
0.338948069241012, 1.7806425958355956, 0.6111949727543444, 0.1545177572803234
0.25279627163781626, 2.1457535244236774, 0.7258133392613818, 0.22987842708771797
0.36537949400798936, 1.6899535291482224, 0.6210232164961788, 0.16203187499890098
0.3022636484687084, 2.054827103971165, 0.6785192050436618, 0.18784888016571932
0.2981358189081225, 2.0935988580021814, 0.6556905697078207, 0.18411178321623184
0.3274966711051931, 1.8751020056608514, 0.6800554547718022, 0.17961433417799177
0.3693741677762983, 1.7772779749689025, 0.6311046174048746, 0.15033448592858525
0.3617177097203728, 1.7513695906207818, 0.6392592232127537, 0.1604151633370298
0.36278295605858857, 1.7363144746236254, 0.6419969239063795, 0.1587424320285004
0.23055925432756325, 2.678328129272169, 0.7536434582968106, 0.21928568382879277
0.2559254327563249, 2.255989368567454, 0.7137678638954573, 0.2157720381322291
0.3367509986684421, 1.8250113339978116, 0.6252274699791048, 0.16658808030822145
0.37649800266311584, 1.6867396956207987, 0.6305264029293945, 0.15458412071585523
0.25805592543275635, 2.1449164951609547, 0.7172243530653755, 0.236917020383761
0.3366844207723036, 1.958399653835557, 0.6679930079166378, 0.1669379413122689
0.34560585885486017, 1.8806533189830228, 0.6818404681072665, 0.17460756570208683
0.40499334221038613, 1.63171930670262, 0.6083172990404834, 0.14200451539252806
0.29707057256990677, 2.1907784585351155, 0.7177463175932938, 0.18899961320146472
0.405392809587217, 1.6340971988274873, 0.6238800222291101, 0.14960668679430048
0.38488681757656457, 1.6935911549629765, 0.6238130586794065, 0.15701566347473117
0.3230359520639148, 1.8988508351028124, 0.6391820239548992, 0.18316174019743708
0.39766977363515316, 1.6882599671655267, 0.6241960255646728, 0.13970462069227113
0.38681757656458055, 1.6658895990065983, 0.5931776475128777, 0.1545491986882866
0.31245006657789615, 2.1056055152741635, 0.6814250288563032, 0.19766904789238599
0.35838881491344876, 1.808963287456058, 0.6313938735009098, 0.163657753260102
0.3940745672436751, 1.7065079958397602, 0.6342027017436174, 0.15574590223707754
0.3843541944074567, 1.715453251950274, 0.6188451705400108, 0.1542222642594953
0.283155792276964, 2.030135959152693, 0.704241077063531, 0.20543250629879797
0.3031291611185086, 2.0234527898057006, 0.6654112439134494, 0.18927818025222962
0.36424766977363515, 1.707852530219504, 0.609187011990424, 0.16241319816286878
0.3632490013315579, 1.783012412605527, 0.6299179706028315, 0.16596385660347032
0.40878828229027964, 1.6350132272222864, 0.6015894394017396, 0.1471732153880168
0.2822902796271638, 2.263137601743565, 0.7000001696751135, 0.23628674923204315
0.2396138482023968, 2.6165435994572235, 0.7574027563372425, 0.25203566056150195
0.33948069241011986, 1.9442677643839592, 0.6871272861125849, 0.17998492424409399
0.3490013315579228, 1.825870814471048, 0.6565117899122458, 0.1765663048515398
0.3266311584553928, 2.0436143893297123, 0.6877372728437815, 0.18436761309909508
0.3402130492676431, 1.8501576709728464, 0.6582214954089725, 0.1878176585443378
0.08375499334221038, 2.3053901874431757, 0.898693749486828, 0.2550950965680828
0.10079893475366178, 2.544745356150061, 0.9341581682836367, 0.4675330644928828
0.11711051930758988, 2.563122837751429, 0.8762107405098177, 0.3816434952317128
0.09933422103861518, 3.288955388159631, 0.9184179034232867, 0.4723736987838523
0.09747003994673768, 2.614888311218168, 0.8960413300534342, 0.47989897140286375
0.10712383488681758, 2.725837642168713, 0.8853388835435058, 0.3512131440153052
0.09940079893475366, 2.4904882176897023, 0.9183686423395429, 0.47844381985408674
0.13162450066577897, 2.56154033063493, 0.8477276339332421, 0.32192767020386576
0.1306924101198402, 2.594122184092767, 0.89594207622664, 0.31329007706979906
0.10952063914780293, 2.530692720302094, 0.8476930067879498, 0.4007039156897176
0.1318242343541944, 2.650695631185797, 0.868844959670057, 0.34629082247706455
0.19154460719041277, 2.345772656508673, 0.8269759387325574, 0.21036169739687677
0.19081225033288948, 2.575598676758663, 0.8230985693718439, 0.24161437097593588
0.11864181091877497, 3.0883864876909675, 0.9071839305904689, 0.34606103316052417
0.13748335552596538, 2.879421776723608, 0.870369007597013, 0.3429639237372587
0.2225699067909454, 2.558103340090353, 0.7926512541787706, 0.20540106283170761
0.15725699067909454, 2.5671942567976114, 0.8698740839607592, 0.31164798891137013
0.18828229027962717, 2.36551758321957, 0.7900302086722982, 0.2719340884466214
0.2369507323568575, 2.16812867126595, 0.7982644021249328, 0.22813219018904288
0.21731025299600532, 2.3219768380753685, 0.8135908155325047, 0.2555879609977729
0.23635153129161118, 2.4386785869314256, 0.7993349937219001, 0.2227448695346047
0.22117177097203727, 2.167991434722226, 0.7657439781523944, 0.21752545363758558
0.288814913448735, 1.9910652253980168, 0.7208381356015146, 0.17229889893882194
0.305525965379494, 1.9726425058951231, 0.7068679497444856, 0.1553820618541597
0.24900133155792276, 2.1285785830489172, 0.7887403799774805, 0.2119660843700214
0.1833555259653795, 2.635642689393062, 0.8159839280917106, 0.2677287735269113
0.2051264980026631, 2.732008703102602, 0.7985284894055844, 0.2412044683198856
0.2456058588548602, 2.2231854650215523, 0.7407494175534862, 0.2148000926404192
0.31271637816245007, 1.9237675260727638, 0.7074279488500698, 0.15867106276790513
0.19913448735019973, 2.772178962457672, 0.8122567234231859, 0.25504861395549605
0.2091877496671105, 2.3763514697154893, 0.818757555375348, 0.21895740778139847
0.23009320905459388, 2.1614306033808446, 0.7225410114874952, 0.22526104067791056
0.2572569906790945, 2.0623127561315555, 0.7828421925205017, 0.2198109635608868
0.29487350199733686, 1.9653239609160214, 0.7084288504448913, 0.1800354447088751
0.23914780292942742, 2.1085433074462907, 0.730143832016874, 0.23012529713589264
0.19840213049267644, 2.542631613581222, 0.8056214280014631, 0.27517337438685
0.24860186418109187, 2.072752467293873, 0.7150879555190872, 0.2181658252771232
0.2274966711051931, 2.3997048826791474, 0.7580067979878646, 0.2168732865591796
0.29580559254327565, 2.066694274262963, 0.7056677475906619, 0.17372505910796548
0.3290279627163782, 1.8446818679035424, 0.7029316698261328, 0.16587279064977978
0.2741011984021305, 2.1074765064149656, 0.7313562642958632, 0.18428401283696566
0.3083888149134487, 1.8945246928977904, 0.6770608713199893, 0.180834469275854
0.2744340878828229, 2.167114050855014, 0.7238486992139922, 0.20509095900169233
0.30745672436751, 1.9896825511965865, 0.6748723796252866, 0.17285060076369305
0.28988015978695075, 1.9170378201850722, 0.7285462963585583, 0.2010817294339608
0.29134487350199734, 2.0207964107374377, 0.7044514684342691, 0.1857498765112178
0.23621837549933422, 2.3084958925406722, 0.7627583017873631, 0.22938667648271757
0.2987350199733688, 1.9231506246463277, 0.6929819702306007, 0.18008284637955846
0.3318908122503329, 1.982497051493147, 0.6569618435844642, 0.16671219266990803
0.34946737683089213, 1.764342689704641, 0.6245741877652908, 0.15392432760172167
0.3121837549933422, 1.945480586479253, 0.7176820572984858, 0.17596267522841225
0.30279627163781625, 2.0335857418024745, 0.726301402355748, 0.18221857147317436
0.2744340878828229, 2.182490253422692, 0.7000808830613526, 0.19816079779013926
0.2188415446071904, 2.4555198994064615, 0.7492326141368904, 0.25470197067721906
0.21711051930758987, 2.3650362070009967, 0.7578977165744547, 0.23924330166809205
0.32097203728362184, 2.0482461214105236, 0.6834147309424086, 0.1716285254358897
0.29201065246338215, 1.9026965365270165, 0.6792370695522699, 0.19284216315767275
0.2631824234354194, 2.035445133756385, 0.7208066475346397, 0.21110802439559376
0.3892143808255659, 1.6623105016592816, 0.6385795432490494, 0.14740365599700847
0.27243675099866843, 2.3184285426663656, 0.7112888604251374, 0.21207771036748682
0.2860186418109188, 2.0763346173216437, 0.7283904051428505, 0.2043741599885061
0.3199733688415446, 1.9273083848551351, 0.6763449640310045, 0.18249718930333114
0.33794940079893476, 1.9136475963743724, 0.6337049710780946, 0.16434633697026327
0.3476697736351531, 1.8104264604505622, 0.6492878998286189, 0.16960367841194926
0.3571238348868176, 1.8275096518420348, 0.6561347452086546, 0.1658328707140584
0.2770306258322237, 2.0304599483463956, 0.7026937549265908, 0.2012382294336745
0.31284953395472703, 1.9347022737568609, 0.6888641509429811, 0.18628739592947474
0.3683089214380826, 1.6983304243331425, 0.6111736694172509, 0.15698492597857747
0.3625832223701731, 1.7205875512167872, 0.6267738454088179, 0.16202251425323635
0.35199733688415447, 1.7469710274320467, 0.6193219716454879, 0.15651937939466884
0.3299600532623169, 1.9612649724601747, 0.6368136716012773, 0.17429851822724662
0.36691078561917445, 1.7704429621028202, 0.6561052042796738, 0.16143297015276606
0.30499334221038615, 1.903064365413154, 0.7051481175630688, 0.2056340507337243
0.40725699067909454, 1.6328974548295716, 0.6135979449765181, 0.14374522102501336
0.32103861517976034, 1.8832383971378583, 0.712207582768427, 0.19807383274963772
0.29680426098535284, 2.0799780490415074, 0.7054161298724146, 0.2046033599139019
0.3604527296937417, 1.7288422864381863, 0.6725081531739268, 0.1684869906939641
0.37436750998668444, 1.7988160564721662, 0.6216598026045904, 0.164726531538164
0.353728362183755, 1.8370377153991542, 0.619428532532546, 0.15600059381791356
0.37976031957390144, 1.6877016747243871, 0.6257427028652716, 0.15851828534412563
0.3428761651131824, 1.8928967407496569, 0.667211955267771, 0.18527782055335545
0.36311584553928095, 1.7708302447187916, 0.6515403560840747, 0.1679655637841063
0.29820239680426097, 2.1284505587703637, 0.6777758674076557, 0.19537095484363717
0.3247669773635153, 1.9174415742668427, 0.6292095029750727, 0.1807798510020008
0.3324900133155792, 1.9857702499143928, 0.6212159055863923, 0.16546426475738127
0.42683089214380826, 1.5854393403297575, 0.5441010306227549, 0.13216308622630454
0.3825565912117177, 1.7026090611035274, 0.632192569081857, 0.16984719026487322
0.36464713715046604, 1.786903584584812, 0.6769761934148286, 0.16857668090336037
0.3318242343541944, 1.9428929226852447, 0.6708060813438043, 0.18142252000066292
0.30206391478029293, 2.04880556283288, 0.6908136457835792, 0.1997300640699837
0.4229027962716378, 1.5732010222604367, 0.5615130583634081, 0.13753469067732094
0.34014647137150467, 1.8735899099923878, 0.627156428620739, 0.17135105999159198
0.3606524633821571, 1.823838933095951, 0.6233913050689566, 0.1649286056680721
0.3781624500665779, 1.7331806844623683, 0.6437599961794811, 0.16412524462839148
0.3251664447403462, 2.0071036092768337, 0.7148028313217039, 0.20646137443647405
0.3615179760319574, 1.7886407922055527, 0.6035943934687578, 0.1642007858917797
0.34953395472703064, 1.7173424730367572, 0.6296343983387492, 0.17932786317492147
0.3599201065246338, 1.7872971024994209, 0.6328083333167289, 0.1641667073003004
0.37523302263648467, 1.7367466396641, 0.6203678493137665, 0.16292279602730986
0.3514647137150466, 1.8218239485969476, 0.6356225370310505, 0.17513519237227507
0.4145805592543276, 1.685286029905438, 0.596156939865959, 0.13941176542676256
0.12097203728362184, 2.3003013464645763, 0.8673339812632078, 0.19563742431029593
0.0988681757656458, 2.5078211877698426, 0.9143502308970638, 0.4756652030223167
0.0988681757656458, 2.6503661091214967, 0.9143502308970638, 0.4741279208535398
0.11724367509986684, 2.892213187514545, 0.907116930266235, 0.36098325176184914
0.16877496671105194, 2.90257473060199, 0.802708046030667, 0.23278755194927445
0.16005326231691078, 2.723544856624184, 0.8524588133147261, 0.25648116777793883
0.10093209054593875, 2.8567859978317105, 0.8731541760289488, 0.453539941457154
0.12396804260985353, 2.446527415894954, 0.854200026872746, 0.3287608682465417
0.10319573901464714, 2.9956202350031043, 0.9136416698712182, 0.42744893951547697
0.09806924101198403, 3.039585429441913, 0.8950022104999773, 0.4731615153232469
0.16478029294274302, 2.291734265931913, 0.8100977128758747, 0.2488030115852886
0.15679094540612518, 2.861477453064188, 0.8313097371977187, 0.2991140063867836
0.12003994673768309, 2.616043682354744, 0.8928590984389757, 0.4310872749193214
0.1681091877496671, 2.4227590535952155, 0.8231758043522158, 0.29084496324560644
0.1548601864181092, 2.4783931703645283, 0.8656745487231362, 0.3382557959410807
0.12536617842876166, 2.834466532932299, 0.8300672616839831, 0.3872050494144905
0.20505992010652463, 2.2447439057134915, 0.7745881870872434, 0.22439593105461167
0.17909454061251665, 2.431604654192131, 0.8112094868187755, 0.2782831543858566
0.20439414114513982, 2.3561188224073097, 0.7502789299736173, 0.22740556321087438
0.14946737683089215, 2.6548954069693775, 0.8694340237077108, 0.29785474214713825
0.18375499334221038, 2.6989181587306383, 0.7789694562596209, 0.24265414003238486
0.1695739014647137, 2.41618033081055, 0.8623100918283744, 0.28669424261638865
0.19806924101198403, 2.301374053986825, 0.7906083557923418, 0.2714766739993553
0.2163115845539281, 2.2469722236321865, 0.7984008072426115, 0.21197250205584808
0.15512649800266312, 2.509529890836317, 0.8466927422040047, 0.3265021971016999
0.21025299600532624, 2.2245510297176363, 0.7795308096050646, 0.2368027402765959
0.25213049267643145, 2.162519480750342, 0.7269660432240488, 0.20992222233800237
0.21351531291611184, 2.3377717130069686, 0.7854915754045768, 0.255673399546617
0.1900798934753662, 2.444327255432679, 0.7814638699482321, 0.2801156938771437
0.23235685752330226, 2.2559790622140374, 0.7742618429110238, 0.20102415073244737
0.2351531291611185, 2.1907566726922036, 0.7791228441390912, 0.20947344614604804
0.22822902796271638, 2.5062433919878044, 0.7955891903853992, 0.2767572072410958
0.2603195739014647, 2.1150206178000146, 0.7772396719646482, 0.22123580533384954
0.2551930758988016, 2.2003579777225197, 0.7749771670492478, 0.21105751787677973
0.2655792276964048, 2.2707059591730805, 0.7560199109785127, 0.1899265266442584
0.22643142476697736, 2.1858939300999345, 0.7849479819992118, 0.22571694335220663
0.279693741677763, 1.9361836617383437, 0.7227699946519328, 0.18834701151874264
0.2669107856191744, 2.054490065550836, 0.7501132347236481, 0.18583567450848665
0.30126498002663116, 1.9912356468634345, 0.6805310602365371, 0.1676779533140059
0.23788282290279628, 2.1908570837065797, 0.7730504304859458, 0.22158337060940286
0.26717709720372834, 2.189575997850152, 0.7155898373731135, 0.19941048086183993
0.19360852197070572, 2.3899685871386813, 0.8009769832613732, 0.2737550465068589
0.283288948069241, 2.0719216836038505, 0.7148729958871312, 0.20712441977571205
0.31158455392809586, 2.060050159407043, 0.7041122782991465, 0.19319193923343445
0.22836218375499334, 2.528015676078408, 0.7787075735527452, 0.24361801112395662
0.31351531291611184, 2.0573408544817555, 0.692205924453136, 0.171397497443448
0.30346205059920106, 1.881001827696192, 0.6869329215681524, 0.19094249562285953
0.3151797603195739, 1.977206145853955, 0.6847548313029879, 0.1702159069218617
0.28495339547270304, 2.06401760755144, 0.6896501155491547, 0.18966895435525458
0.33768308921438084, 1.8996637426505234, 0.673067155693417, 0.17014249221454494
0.24134487350199735, 2.3804095874395417, 0.7217483883397782, 0.2206686978878208
0.24420772303595206, 2.437100696510148, 0.74162773999, 0.2379434883488046
0.28828229027962715, 2.133633378644619, 0.6954743476515347, 0.19571910666872622
0.33881491344873504, 1.9224369481701984, 0.6641528009553954, 0.16105075335977595
0.2855525965379494, 2.0907804883808176, 0.7302659510774783, 0.19260835614085361
0.2904127829560586, 1.9943266775617785, 0.6862516777422087, 0.19928832061281457
0.3125166444740346, 1.9774624167325177, 0.7074817895162616, 0.18463671793041647
0.32723035952063917, 1.9251857372816805, 0.6953391581079801, 0.17801307594634286
0.3182423435419441, 1.8793477778745873, 0.7011836850294781, 0.17718139498253227
0.33908122503328897, 1.8758668212435852, 0.6988998692202802, 0.17542053139668645
0.23761651131824235, 2.34075420941592, 0.7427612658085571, 0.2397764921337283
0.3097203728362184, 1.9405919460021703, 0.7205105355272017, 0.19313667624619182
0.3882822902796272, 1.7344334726089168, 0.6076154958147408, 0.1478131930942306
0.3731025299600533, 1.7161827163555017, 0.5984467690205332, 0.1496979413103488
0.31611185086551263, 1.9172399586570088, 0.6480746567522297, 0.17763838191552253
0.3261651131824234, 1.9047543370136408, 0.6936080597194559, 0.16791534227561417
0.23754993342210387, 2.2984116964721766, 0.7399048486306627, 0.24655998861221232
0.23834886817576564, 2.139359575609234, 0.7324971624042094, 0.242866889664458
0.2702396804260985, 2.172828248738449, 0.7651790707636198, 0.21679151401387856
0.35872170439414114, 1.7590040397052757, 0.650920746378011, 0.15976405448266937
0.3116511318242344, 2.0794860486521545, 0.6459475928828147, 0.17532433088188154
0.35013315579227694, 1.828760783423914, 0.6085761951739745, 0.16899731539915358
0.2826231691078562, 1.9593047450042358, 0.6945724927485526, 0.21725462716285848
0.3308255659121172, 1.9726025741463018, 0.6451966924246331, 0.15971160397127493
0.39720372836218376, 1.6096172374113897, 0.6081059506548064, 0.15242381614291442
0.3261651131824234, 1.8250299096028115, 0.6171053969779383, 0.18124158947488658
0.36338215712383487, 1.8349376935164596, 0.6409224320949882, 0.16926674338837888
0.3025299600532623, 2.044445902458361, 0.690170489263513, 0.20872824142043642
0.355525965379494, 1.8806156685513837, 0.6337886830171768, 0.16254042220030687
0.22569906790945407, 2.5681372740847888, 0.767149075592576, 0.2572708216726477
0.3441411451398136, 1.801200100708103, 0.6237639324563967, 0.16835845013971934
0.3053262316910786, 1.9692545830310582, 0.6786742229175156, 0.19621359374333064
0.4096537949400799, 1.5904377683302693, 0.6129089620328066, 0.14932975759706957
0.37543275632490014, 1.7436318316770973, 0.583569806336869, 0.14810477242339995
0.3671770972037284, 1.8417200511229657, 0.6078976469929789, 0.157733874738596
0.3575233022636485, 1.8145034254549663, 0.6324932517273979, 0.16513104729556335
0.3415446071904128, 1.8775030392920289, 0.6368956623752691, 0.17228715467295874
0.3924766977363515, 1.6387661535774027, 0.6085419672261403, 0.15776193140421435
0.41058588548601865, 1.5851822872751562, 0.6209255517710125, 0.1467847456117792
0.3444074567243675, 1.8257639362912044, 0.6843703657293471, 0.18273470882958853
0.40346205059920104, 1.6217717776087406, 0.5858400099200191, 0.15679848873947339
0.4054593874833555, 1.6029974992122853, 0.6173709112345098, 0.15283268413769155
0.3836218375499334, 1.7212285580021762, 0.6281058430431423, 0.16496972610778812
0.40026631158455395, 1.7279394546278148, 0.5772734935300261, 0.14562116708969264
0.30279627163781625, 2.0199044807148123, 0.6845397073639435, 0.19934920348998564
0.29427430093209056, 2.2191060356666816, 0.7175088101575635, 0.20940887424364374
0.3525299600532623, 1.8399460310029603, 0.6112137767182029, 0.16075060222182622
0.316711051930759, 2.00865442794109, 0.6907380194066406, 0.1956420410888114
0.3122503328894807, 2.010079564253357, 0.6791664346190847, 0.2016648126462196
0.3539946737683089, 1.922809738326525, 0.6479494112197941, 0.17598628768946165
0.31644474034620507, 1.9569827207920951, 0.6665665623837921, 0.18817761772785555
0.09780292942743009, 2.303697309846408, 0.8863340199962414, 0.21386778153294006
0.1014647137150466, 2.5363748854311425, 0.8727186242900052, 0.44301046121110005
0.10093209054593875, 2.6847171795034854, 0.8731541760289488, 0.44576996561657845
0.10239680426098535, 3.167071649543296, 0.8527220032453678, 0.4493897800644372
0.1196404793608522, 2.9986022485397785, 0.8441696237321361, 0.3464881166252454
0.14074567243675098, 2.794129530393014, 0.843498600400215, 0.25041596395113624
0.11591211717709721, 2.513424210736501, 0.8577589712223975, 0.3301376664397572
0.1392809587217044, 2.4944220753389095, 0.851518073507758, 0.2947722900308818
0.12982689747003995, 2.55040416294503, 0.8838888771906599, 0.30122432307367075
0.13748335552596538, 2.699600561834207, 0.827831511438149, 0.34755536646311674
0.14161118508655127, 2.351429116202099, 0.8492550827126059, 0.3214166421379513
0.1481358189081225, 2.738299646465661, 0.8759745293234752, 0.29791826245623654
0.13282290279627162, 2.7279768326549174, 0.8563255783828312, 0.3549887441991653
0.16358189081225033, 2.7696558934950164, 0.8343983440237932, 0.30409699422751396
0.14613848202396804, 2.546798843125529, 0.8056979529160406, 0.3323748321648885
0.21284953395472703, 2.278543430820762, 0.7805749335081898, 0.21210189233722954
0.13941411451398136, 2.5849602729836096, 0.815285604038307, 0.36434855221071066
0.2393475366178429, 2.1774689031663175, 0.7501698176297614, 0.19203683878779143
0.1585219707057257, 2.3905025464002683, 0.7997232964147107, 0.3121557030090159
0.13415446071904127, 2.475569726818411, 0.8217803848197041, 0.3624092491363749
0.18728362183754993, 2.3128126199053383, 0.8445501813761105, 0.2897650314101213
0.21937416777629826, 2.476476699105909, 0.7768258299370551, 0.19388167693792518
0.185219707057257, 2.2208772961967953, 0.8061236314152963, 0.2653479592861345
0.22989347536617843, 2.233520583381824, 0.7689362469218698, 0.21754382366870606
0.19747003994673767, 2.1973050746912963, 0.7844271124182827, 0.25294177544173496
0.2752330226364847, 2.0146873566266223, 0.7242476386935323, 0.1701487519177819
0.23841544607190412, 2.189017345535057, 0.796010445810782, 0.2155806666897032
0.2809587217043941, 2.0720615154893673, 0.7310023469346784, 0.18267025730167416
0.2159121171770972, 2.2680792608071423, 0.8164072917362271, 0.24350546988548838
0.2824900133155792, 2.0210650545898354, 0.7414584297809906, 0.1785845747618347
0.23655126498002663, 2.1473971737486703, 0.7938493033698115, 0.2349499753978758
0.3241011984021305, 1.9218663172679797, 0.7132316355052329, 0.15797863784234192
0.25758988015978695, 1.963180377884965, 0.7054411885286909, 0.20904880734902226
0.23874833555259653, 2.164552930289118, 0.7415220061861553, 0.22245319919036827
0.2862849533954727, 1.9768821326795019, 0.68914731464127, 0.1885909485380207
0.25492676431424766, 2.154458074420492, 0.7192991278139127, 0.22636177759117648
0.35432756324900133, 1.8290035531381157, 0.6275331441446074, 0.1407374486509017
0.2804926764314248, 1.9514955226495643, 0.7267312490895143, 0.2109405065248118
0.3358854860186418, 1.8702564316091144, 0.6566037702264919, 0.15313930935327108
0.18348868175765645, 2.4524494127411343, 0.85324488126247, 0.2702536822478382
0.25452729693741677, 2.0995673064941096, 0.7593629215218543, 0.204599804995073
0.2875499334221039, 2.160765307213114, 0.7277356959080846, 0.20994674149894618
0.2578561917443409, 2.17481458202183, 0.7602780513833898, 0.21557895121400847
0.2966711051930759, 2.0119865713202048, 0.7105470857155696, 0.16726627253776982
0.23029294274300932, 2.220066635840425, 0.7773833763317022, 0.23563906228099354
0.35392809587217045, 1.7883387059012996, 0.675932206068854, 0.15271898398929548
0.3384154460719041, 1.8898958968497148, 0.6786373109681889, 0.15860871267802384
0.2536617842876165, 2.1784262605299167, 0.7370426863996282, 0.2287016299624115
0.20878828229027963, 2.342959179767915, 0.7781587380943972, 0.2625359510258057
0.30938748335552596, 1.9807994712803876, 0.6592076455219414, 0.16730770156078897
0.2989347536617843, 2.0340826758135173, 0.6940279515608561, 0.19270645398795175
0.312982689747004, 1.9944477530555942, 0.6535847032006238, 0.17061144807527603
0.25778961384820237, 2.1422314416949506, 0.7167776184595585, 0.2262589181708555
0.30719041278295606, 1.8661055634921782, 0.6729570313690119, 0.1792101269568266
0.27509986684420773, 2.0985578033085988, 0.7138558129581419, 0.21198497331415558
0.30472703062583223, 1.9530641110854523, 0.689066077576678, 0.18090987830983096
0.33468708388814916, 1.8217332767344983, 0.6740521308088955, 0.16394641415940392
0.33022636484687085, 1.8456208332063513, 0.7112236120343559, 0.1823802946373274
0.2521970705725699, 2.099468145585965, 0.7168264200981015, 0.23119741987570921
0.353728362183755, 1.7944422093692538, 0.6774431159184375, 0.16639944521024563
0.2627163781624501, 2.2498790651867377, 0.7225556444503219, 0.2205558379792844
0.3403462050599201, 1.8402317167836404, 0.670800301820583, 0.1656863736630269
0.2589214380825566, 2.1110363148698474, 0.7075448128278695, 0.21758625727861705
0.33129161118508654, 1.859303264639349, 0.6940603578632164, 0.19863036910330162
0.37656458055925435, 1.7031381076308445, 0.6057318798480719, 0.1504274127948187
0.320439414114514, 1.997572277211764, 0.6691670971365404, 0.1869254629187385
0.3117177097203728, 2.040347131729602, 0.6903774696190788, 0.20035605847411503
0.36198402130492674, 1.7461309064958448, 0.6489119469112526, 0.16706379876355767
0.34360852197070574, 1.7486927494605118, 0.6929924848014706, 0.1830934643315104
0.28695073235685753, 2.0748372528399432, 0.7172430321161016, 0.18300129086278447
0.2859520639147803, 2.1220985198981275, 0.7249314896165928, 0.1930388559745333
0.3607856191744341, 1.7011020322971433, 0.6333784581534639, 0.1654619019708952
0.37896138482023967, 1.7022702973251653, 0.6274813584401442, 0.15293380466884862
0.30206391478029293, 2.0064313710053336, 0.6869593649937724, 0.19267569290631703
0.3215712383488682, 1.90046489270089, 0.6791334565895102, 0.17922792361377624
0.3729027962716378, 1.7344567115035419, 0.631910926540999, 0.1535067743108326
0.3595206391478029, 1.8088599784614718, 0.6117878057144983, 0.1571983382697764
0.3197736351531292, 1.924674081990865, 0.6429095350323665, 0.19521727712716697
0.3388814913448735, 1.9931241544591047, 0.6529185394810798, 0.1674878754377096
0.3351531291611185, 1.9301720610193502, 0.6872892601912816, 0.17032716714029192
0.3031291611185086, 2.036565282832231, 0.7168358410733269, 0.18504765916525456
0.36644474034620506, 1.8313431536716802, 0.6406259439009122, 0.1623438449602245
0.2822237017310253, 2.2424104112975507, 0.7129167848314278, 0.22411058385220703
0.27956058588548605, 2.2552113203091246, 0.7583232663358526, 0.22587030096129948
0.2989347536617843, 2.230140222156155, 0.7043096988977724, 0.19888911309239865
0.3320905459387483, 1.8521377424901715, 0.6612646182478505, 0.18066926396365635
0.3641810918774967, 1.8348396110729117, 0.6343056651439063, 0.17199269539457673
0.3121171770972037, 2.1074138615860143, 0.6821208760960036, 0.20253991725654896
0.40619174434087885, 1.5993765809723286, 0.6307141550682409, 0.16538870005777426
0.3441411451398136, 1.7965176504358311, 0.6932740100282192, 0.1883481786375538
0.40878828229027964, 1.6209270081908185, 0.6005489452461255, 0.1501334890405872
0.32756324900133155, 1.9288773258986787, 0.6571312520532883, 0.18079360205048173
0.4157123834886818, 1.5947580492528237, 0.6133447159857567, 0.15209713654163376
0.3747003994673768, 1.8537775231622031, 0.6006547970954074, 0.1591716202758172
0.3488015978695073, 1.824715069489933, 0.6049540813737468, 0.171657605437562
0.3731025299600533, 1.677073058172485, 0.6180666378006638, 0.16798621572295125
0.3705059920106525, 1.7636287353883253, 0.6148758419728659, 0.1545215654918562
0.2989347536617843, 2.009058660387834, 0.6818863858023048, 0.19629907309569383
0.29201065246338215, 2.167060799430436, 0.6980470487917967, 0.18877256633084274
0.30459387483355527, 1.920516767991724, 0.6729221621317878, 0.20400236170884753
0.38348868175765644, 1.7525772797759775, 0.6255774104757954, 0.1561019793798183
0.08202396804260985, 2.3031879119327003, 0.9244137142571673, 0.3413782088476864
0.13948069241011984, 2.4726216380748545, 0.8534982373632102, 0.31389295384810323
0.09973368841544607, 2.793952108746997, 0.9219208684249114, 0.4790600686978187
0.09973368841544607, 2.926938395890669, 0.8948682254877621, 0.4560876260188701
0.1014647137150466, 2.8102272769820673, 0.8532268424682411, 0.4536827630614726
0.12669773635153128, 2.8988832834557434, 0.8637086822564691, 0.2777869520685442
0.13608521970705725, 2.7079085799531835, 0.8546512797246791, 0.32109939493856543
0.10246338215712383, 2.5684804668677312, 0.8528472778491168, 0.4393628357762054
0.11817576564580559, 2.9991452361431006, 0.9066801649456521, 0.3526543701370095
0.10805592543275633, 2.905806812060657, 0.8859279504408113, 0.4273454099503302
0.1662450066577896, 2.3519816355683036, 0.8055249523409408, 0.28325524916145284
0.19806924101198403, 2.2548541535074005, 0.8397744836857217, 0.2477196338533425
0.18089214380825566, 2.4048510597009316, 0.8175606444660259, 0.2655356096472304
0.19680426098535286, 2.379353715108333, 0.8400908100285897, 0.23946195030848128
0.1959387483355526, 2.3113446920792686, 0.7921013880114499, 0.23958066191721236
0.14287616511318244, 2.551172138127522, 0.8724914313346176, 0.3167907977639671
0.19527296937416777, 2.4240377332613408, 0.8114222408814526, 0.23919336098462973
0.1633821571238349, 2.3424066029756903, 0.8530463138171542, 0.2751193593896277
0.15053262316910784, 2.4150110065857677, 0.8667660483457631, 0.2815043589011621
0.22996005326231692, 2.11565697495931, 0.782143421120151, 0.2088577631763851
0.24061251664447403, 2.2937361087129213, 0.7416937054517426, 0.19580961290497798
0.21065246338215712, 2.3950750983626485, 0.8205088230976212, 0.25917869063180105
0.19320905459387483, 2.35224453956484, 0.8121503557579628, 0.24799020939245434
0.18215712383488683, 2.423673086469564, 0.802014080846152, 0.2582825196379775
0.17882822902796272, 2.4018206314343744, 0.8322145020501941, 0.2667021095078013
0.24320905459387485, 2.1517203849379456, 0.7487953937738869, 0.20885457146867664
0.22450066577896138, 2.316183624258848, 0.8083048662799677, 0.24203252650949708
0.2281624500665779, 2.1476586967349527, 0.7802106836023583, 0.2236556285766231
0.2788282290279627, 2.0149499947793, 0.7420486837493159, 0.18595853928379477
0.2303595206391478, 2.2536807079468364, 0.7732919772496121, 0.22609144989964525
0.2655126498002663, 2.0414644269825772, 0.7582178850908555, 0.2323482388417232
0.18721704394141145, 2.2815220304676758, 0.843817830586335, 0.26560007301775135
0.21857523302263648, 2.2798380328081898, 0.8209476773007804, 0.25688790522056115
0.28195739014647137, 2.0268605598954164, 0.724939186491746, 0.19071087650512536
0.16870838881491346, 2.8448534776350005, 0.8296423637305591, 0.31912869742706856
0.2492676431424767, 2.2085773492442784, 0.7133400543014983, 0.20025993945467394
0.22403462050599202, 2.156720601075816, 0.7486103680373596, 0.22549829728437396
0.2648468708388815, 2.061934946036926, 0.7726498211040338, 0.20556428618017691
0.3111185086551265, 1.9342774551892565, 0.6737836322160523, 0.16401712509893185
0.24786950732356858, 2.2253500398679993, 0.7870253576649036, 0.2135243701293874
0.21271637816245006, 2.5167460239679613, 0.793540992127626, 0.25282742963718596
0.2173768308921438, 2.274415422458147, 0.7521199977816577, 0.2633895322650248
0.3281624500665779, 1.8391321531327047, 0.6686802267147546, 0.16268797107345329
0.28282290279627165, 2.042290711652899, 0.747550302153604, 0.21378258097862513
0.2954727030625832, 1.9206223480274451, 0.7372858098842849, 0.19419838933536873
0.24061251664447403, 2.2675866734717642, 0.7624400644220741, 0.2419376270413913
0.30233022636484685, 1.9662926248045323, 0.7152554072540579, 0.17252866629966973
0.28901464713715047, 2.0206605582595984, 0.7244686416467953, 0.20499341731306867
0.3636484687083888, 1.7243140305763236, 0.6465465495922329, 0.15324327551149886
0.3229693741677763, 1.7839754598832798, 0.6910208573749127, 0.17944278273646905
0.37130492676431426, 1.7214594513852493, 0.6532167993930459, 0.14977091884585522
0.3362849533954727, 1.8655407516461873, 0.6774601712450081, 0.169090918062028
0.2625832223701731, 2.2055094495589302, 0.738871953918871, 0.22536189123337277
0.27982689747003997, 2.168280306385059, 0.7548292502303465, 0.20946742161737159
0.36251664447403464, 1.7408270223797875, 0.6783508636169092, 0.15961554777729078
0.27243675099866843, 1.9852141655316842, 0.7008497791402243, 0.20649393078957926
0.2600532623169108, 2.1216069270981928, 0.7561226847005357, 0.21766824993141656
0.2570572569906791, 2.1705730083144297, 0.7160357552020805, 0.21275927559595742
0.2622503328894807, 2.152238360325125, 0.7410022975228563, 0.20750252024192783
0.2910785619174434, 2.039796988465656, 0.6974420785685971, 0.19427409141683005
0.33528628495339546, 1.9001568857585385, 0.6830523889510008, 0.15085210424984682
0.28808255659121174, 2.197343808718115, 0.7430307205077397, 0.2115953554015784
0.30239680426098536, 2.0794433602361324, 0.739595042079106, 0.209498414505309
0.33794940079893476, 1.7829741054900319, 0.6879102226009212, 0.18274540837142195
0.2507323568575233, 2.256521199687264, 0.7308925256543063, 0.22687483718232163
0.2776964047936085, 1.9939650864440814, 0.6919971721277629, 0.19406416538749152
0.3181091877496671, 2.0108526771538426, 0.6762898365276816, 0.18779350538065442
0.3123169107856192, 1.9946329474786468, 0.6953149750929312, 0.1970729572002974
0.4, 1.6873822917117578, 0.604610620885603, 0.14002770936702988
0.416577896138482, 1.602414741258964, 0.6279655983501212, 0.1376310757769465
0.3505326231691079, 1.7463705906746152, 0.6920040011385761, 0.17962771012079023
0.3585885486018642, 1.793901646389352, 0.6471466993870196, 0.16176117319605018
0.31391478029294273, 1.917940223201137, 0.680067274534006, 0.19669087181829448
0.31950732356857525, 1.8240484262354046, 0.6538234591568164, 0.19243736560441643
0.3303595206391478, 1.9115474024879313, 0.6902056642582625, 0.20523937325384303
0.4129161118508655, 1.5755037071225488, 0.6245738940093729, 0.14683397102770443
0.3810252996005326, 1.7326055738762438, 0.6309312672161456, 0.15546169463667214
0.3059920106524634, 1.8832994932023568, 0.6474311781620634, 0.19312708954607938
0.36311584553928095, 1.8298805948103791, 0.6237655354537758, 0.16159891695722833
0.405392809587217, 1.6480522029091929, 0.6085124196342364, 0.15091685758474283
0.40938748335552594, 1.5912426211664108, 0.6105829838820938, 0.14186243163215756
0.3869507323568575, 1.7132427619554391, 0.6002029283154698, 0.15281763894743716
0.3217709720372836, 1.8894675022474776, 0.6429310116715233, 0.2205569926616826
0.3496671105193076, 1.8290654101241604, 0.6711083519467322, 0.18169102132707668
0.36651131824234356, 1.8111431148017294, 0.6270330594680457, 0.15838506697391605
0.35679094540612516, 1.9621145125949748, 0.6311502829521217, 0.1581331416896685
0.3739680426098535, 1.7239883572299692, 0.6355985106417014, 0.1655390050408058
0.3589214380825566, 1.818772408263026, 0.6487985437805784, 0.17025533275722432
0.3141145139813582, 2.0098431200880342, 0.6441505552142582, 0.17607458627912956
0.3946737683089214, 1.8028427594292973, 0.584447286077953, 0.14919457711095777
0.34474034620505994, 1.977804558353, 0.658739833339477, 0.17297713364527031
0.39873501997336885, 1.6256359590830085, 0.6388390186658269, 0.1591794468900315
0.41125166444740346, 1.6208347743979783, 0.6036059311155081, 0.14752624812767842
0.37802929427430093, 1.6830182817939436, 0.6291416618070017, 0.16005796198250216
0.3663115845539281, 1.811648369758091, 0.6169690051491223, 0.15969704282695202
0.36724367509986683, 1.7841558629520406, 0.5993165567809984, 0.15528128170012997
0.32316910785619174, 2.009965776499316, 0.6730457543247911, 0.19594911376292667
0.43029294274300933, 1.5524202452935327, 0.5822568194994742, 0.1417908575171583
0.21770972037283623, 2.7471600504862406, 0.7995678582707347, 0.29544117580170454
0.39021304926764316, 1.6331740375801662, 0.6148653932589389, 0.1605844803008911
0.3696404793608522, 1.7987830734970458, 0.6392779758620404, 0.17042768029219424
0.11604527296937417, 2.303072801649015, 0.8616057058075568, 0.27917651411149236
0.10126498002663116, 2.550976053781103, 0.85339999363446, 0.4544151665637962
0.09913448735019974, 2.9189514247499675, 0.9141793717429918, 0.4725839454646767
0.10998668442077231, 2.61568819330472, 0.9020797435153649, 0.38699444780421866
0.12050599201065246, 2.3992835523682174, 0.9040770340531539, 0.3419369698706487
0.10439414114513981, 2.768301431646201, 0.8512172010661816, 0.4310747897748824
0.11557922769640479, 2.684006488204161, 0.9078424719944042, 0.32700398307713074
0.12836218375499334, 2.62847373726841, 0.8833713643977468, 0.2962207033619691
0.11624500665778961, 3.4535081534069803, 0.8427826214092987, 0.3602161866993691
0.1496005326231691, 2.557822899121578, 0.8447766152322351, 0.26929305217483734
0.21078561917443409, 2.4055994732481505, 0.8100766302536246, 0.20886528702601925
0.17896138482023968, 2.3086576926168525, 0.8203385070864411, 0.274379519399555
0.11611185086551265, 2.7762904854097, 0.9022040412551902, 0.4001182262076026
0.20359520639147802, 2.3060300337887316, 0.8204102404743145, 0.26002177323659564
0.16125166444740346, 2.3476176938307427, 0.8451310503913964, 0.2656066576640804
0.18362183754993341, 2.5329124784421984, 0.8539567918402027, 0.25825058483469915
0.16757656458055925, 2.4050965790305727, 0.7971912335474329, 0.2700529362047023
0.21318242343541943, 2.343821175989711, 0.7915399650309954, 0.2321049842765622
0.2715046604527297, 2.0675541852507866, 0.7131965640482875, 0.17746506900666173
0.21284953395472703, 2.144191203255469, 0.7798085953878255, 0.20986530082967544
0.1796271637816245, 2.592595692834111, 0.8085201512532778, 0.26123111769968144
0.19533954727030625, 2.705586153661681, 0.8129578845184794, 0.24877964598193286
0.1940745672436751, 2.22635464493468, 0.7885422877889858, 0.27316549623085545
0.1974034620505992, 2.4343149332267626, 0.8196630284880314, 0.23675771781431212
0.1936750998668442, 2.4335661188779913, 0.8290837228058531, 0.2834966929887322
0.1655126498002663, 2.689983361864217, 0.8617204540707581, 0.26000647527685133
0.28988015978695075, 1.9495445836360223, 0.7404829399784438, 0.18395406209228293
0.2434087882822903, 1.993529852228698, 0.7782388107478169, 0.20025993072825268
0.22323568575233022, 2.2855338659311104, 0.7832180698291675, 0.23052864501817172
0.2643142476697736, 2.08232777294084, 0.7767002998862574, 0.20373793647058897
0.28721704394141145, 1.9487725764870167, 0.7245003461981737, 0.16882695461013192
0.1985352862849534, 2.2352334133754876, 0.7779557377866618, 0.2612332581515166
0.2488681757656458, 2.0744959430632672, 0.7316609450252907, 0.21267434887773476
0.2070572569906791, 2.2849892136299816, 0.7760601387543176, 0.25903700092354914
0.3145139813581891, 2.015784895154195, 0.6620931948664429, 0.1671258434513679
0.2745006657789614, 2.1004619840597027, 0.7521301466645055, 0.19804065177732075
0.24773635153129162, 2.5859880628265173, 0.7850408612815895, 0.22628145606360042
0.26830892143808255, 2.2107828806426015, 0.7501268132911975, 0.2015082735719869
0.318508655126498, 1.9007464739954107, 0.6777084133820257, 0.16024678392168495
0.3219707057256991, 1.9191571995754853, 0.6876626475751578, 0.16809646798681357
0.30805592543275634, 1.9431615135760187, 0.7338864905750642, 0.18154315544699176
0.2645139813581891, 2.0751952751260623, 0.7263729170196449, 0.21996439764573014
0.3115179760319574, 1.9069685906042828, 0.6762201012920894, 0.17028204587110962
0.31005326231691077, 1.9192761051829423, 0.6689121870429033, 0.1814434619382049
0.2804260985352863, 2.051853118501554, 0.702515951315502, 0.18877546855470154
0.31464713715046605, 1.8608176136818453, 0.7111599405903942, 0.18511038549600278
0.3189747003994674, 1.93094368260329, 0.7042116786532198, 0.17807260857990348
0.26131824234354195, 2.2219265962051806, 0.7411228429724988, 0.23043808873015947
0.2829560585885486, 2.205341036461006, 0.7149057834518635, 0.19743879403559114
0.26531291611185087, 2.034055326726243, 0.70132510230093, 0.21456512004874212
0.2879494007989348, 2.153653483858677, 0.6926373373844753, 0.19763357695989398
0.268508655126498, 2.1548303570633087, 0.6927280613771658, 0.20064127338488888
0.35, 1.8266542294212726, 0.6382840010987404, 0.1544611178711908
0.24786950732356858, 2.296658725949245, 0.6984282448062522, 0.22411455660432558
0.240745672436751, 2.5221877934051538, 0.7280284569971509, 0.23335758946485616
0.2269640479360852, 2.350375565506032, 0.748459335883173, 0.25446922367692326
0.3140479360852197, 2.002709785591905, 0.710679800424793, 0.17949418789824997
0.27956058588548605, 2.2872734059097266, 0.7164014191629028, 0.21459319772008534
0.21318242343541943, 2.3832222245544314, 0.7604239163187948, 0.25728156543002834
0.3397470039946738, 1.772143340789367, 0.6772168294076935, 0.1702981428735645
0.27776298268974703, 2.1016601424887478, 0.6944807782244458, 0.20336072802316887
0.3434753661784288, 1.8295035881170143, 0.6869340665279958, 0.1688529433355242
0.3312250332889481, 1.8557584924144688, 0.6514390078267449, 0.1641333165017636
0.3413448735019973, 1.833240595987729, 0.6755970495783278, 0.17372145825760557
0.38308921438082555, 1.6569551161459377, 0.6219891917900184, 0.15364600467819745
0.32230359520639146, 1.799222739046804, 0.6567634084172096, 0.18755167027758407
0.2842210386151798, 2.0424425696346478, 0.6866859661190197, 0.20061081943199824
0.28455392809587216, 2.094302784145553, 0.7221397022493291, 0.20673021053017104
0.32736351531291613, 1.8311459053769092, 0.6556436003760687, 0.17569602501453427
0.3250998668442077, 1.9434175141354137, 0.6702028021808022, 0.18654347580059752
0.3281624500665779, 1.9526549377430296, 0.6609388571305072, 0.16507214346959945
0.28788282290279626, 2.0413178161362038, 0.743646168624628, 0.18643934979005794
0.3303595206391478, 1.8599380549554343, 0.682542985070508, 0.1820283824243402
0.375965379494008, 1.754462166471821, 0.6420327843152035, 0.15960817685797976
0.3200399467376831, 1.9647819340943338, 0.7037215483688251, 0.1835377171691006
0.3418109187749667, 1.900616760478515, 0.6463119170188435, 0.16124689400979922
0.3195739014647137, 1.9500729072070153, 0.6814246268694905, 0.18749467635232872
0.3107856191744341, 1.9246423727434658, 0.7171167382812546, 0.1944892004924348
0.3896138482023968, 1.6568855728492755, 0.6481797572311558, 0.15970308049591866
0.3826231691078562, 1.7366016359903047, 0.6022951903403899, 0.1485956924484262
0.3251664447403462, 1.9076045348426791, 0.684002350104483, 0.1847767995804782
0.33608521970705724, 1.8791817746590203, 0.6876435660564062, 0.17276424063479234
0.34513981358189083, 1.7764054744324576, 0.6507367266636689, 0.17201343984097478
0.3325565912117177, 1.9094927508706419, 0.6517622414283146, 0.18521297695615135
0.40246338215712385, 1.6045574313513289, 0.5553268927546532, 0.1413589831405924
0.3059254327563249, 2.053002063245494, 0.7175523117232508, 0.1851459814813218
0.4041278295605859, 1.6152832850674974, 0.6208077646632861, 0.1520664858752144
0.31458055925432754, 1.9388424235945456, 0.6648678844589162, 0.20318368417716465
0.3504660452729694, 1.748616203268898, 0.607240054342668, 0.17068847281788288
0.30452729693741676, 1.9639746397336852, 0.7221195542305212, 0.19394009077868216
0.409254327563249, 1.5996096638513706, 0.6052320456144834, 0.14294019900879118
0.3918774966711052, 1.723376263307033, 0.6306346623202015, 0.15763203560510405
0.3666444740346205, 1.7718634228374606, 0.6293685412489332, 0.16864861059884417
0.3673768308921438, 1.8036422429197083, 0.639094398598792, 0.1642078909999328
0.3892143808255659, 1.7537268697580548, 0.6018721720083775, 0.15360753111398917
0.3854860186418109, 1.8079255070730786, 0.6148886136064641, 0.15087879764583734
0.31537949400798937, 1.9730929612111394, 0.6872438496024713, 0.21061742966375474
0.3305592543275632, 1.9115197173626064, 0.6902520668668413, 0.17747854471784194
0.2930093209054594, 2.1930135297255413, 0.7371681493184774, 0.2217170181410088
0.3966045272969374, 1.6078904071954214, 0.5781147846109347, 0.15076743994590713
0.4297603195739015, 1.5165479312962127, 0.6084615849142281, 0.15284740984392248
0.09940079893475366, 2.304908629882828, 0.8959538326385273, 0.41119552978139084
0.0988681757656458, 2.5117151468555714, 0.9143502308970638, 0.4757728119258382
0.1325565912117177, 2.580498217794295, 0.8884297914647142, 0.334394166404909
0.16471371504660454, 2.3467968413817104, 0.8596643228238915, 0.20937021968359779
0.1584553928095872, 2.317058730506389, 0.807985329968972, 0.24552487563664768
0.10086551264980026, 2.6786697577303165, 0.9125422177895787, 0.4451586405027133
0.10838881491344873, 2.7361643994298976, 0.9081991476029083, 0.3723517561654658
0.19720372836218375, 2.4374651633947098, 0.8171749975596241, 0.2349063044781298
0.1299600532623169, 2.7533842763872185, 0.8558040734117013, 0.35627612924891805
0.16597869507323568, 2.3877077783550944, 0.8459120641900665, 0.24886192505963628
0.1733688415446072, 2.3988297244402443, 0.808830287757253, 0.25564175919835574
0.14720372836218376, 2.473664542203261, 0.8401296370911895, 0.31457525330718883
0.13508655126498004, 2.720322196865169, 0.8462414972388345, 0.3225486517660751
0.2155126498002663, 2.138046553012693, 0.7505003542327464, 0.22917603484136706
0.14640479360852196, 2.5319648265203685, 0.8354264423554072, 0.2875179086548073
0.2044607190412783, 2.4020014145482236, 0.8117174076608197, 0.2357982356900644
0.2388814913448735, 2.125675607255391, 0.765751663101345, 0.17705794759787052
0.23508655126498001, 2.110205541592781, 0.7578437348530609, 0.20013268366184
0.11677762982689747, 3.0605438066207458, 0.898452206652044, 0.3706059043015342
0.20452729693741678, 2.263440837241838, 0.7926598393975612, 0.23515180728942223
0.17410119840213048, 2.5427854434866086, 0.8183752796802323, 0.2620555344898174
0.25312916111850864, 2.0171628576620284, 0.7610132745722563, 0.18819124522183908
0.13801597869507323, 2.6545580283432364, 0.8738238947978643, 0.33844490813438766
0.18641810918774968, 2.8640784052216737, 0.7840961644064364, 0.2639700391141149
0.17569906790945405, 2.392436413004617, 0.8424209918192094, 0.2958653827203948
0.17936085219707057, 2.300910541756493, 0.8171490725712208, 0.2790397464460066
0.14420772303595206, 3.104897013770915, 0.8735299435827768, 0.30197030018271426
0.2643142476697736, 2.0662248444858786, 0.7527814183669799, 0.18550573254871178
0.20758988015978694, 2.5471095375825814, 0.7787080304747982, 0.2528969343584905
0.244474034620506, 2.081524824969143, 0.7506570819408747, 0.19623901443503194
0.1919440745672437, 2.463958765502855, 0.8139804239522982, 0.2724438607175525
0.2640479360852197, 1.961271066322784, 0.7318069651921842, 0.18827448849784503
0.24866844207723035, 2.3246896924810625, 0.7865356248651233, 0.2205367347346473
0.24047936085219707, 2.3141325375608375, 0.7823755153102523, 0.21610453050358847
0.1745006657789614, 3.0163629980323794, 0.7988718193505371, 0.2701621601308587
0.30206391478029293, 1.9859429682817027, 0.7404029451843686, 0.16751202853591263
0.301797603195739, 1.8983575016895082, 0.6720528213699799, 0.17016220676928337
0.23169107856191745, 2.2393427151774916, 0.7968881156729728, 0.2192619319434811
0.23402130492676432, 2.178313909323214, 0.7487498687577644, 0.23962794965543693
0.15945406125166445, 3.175951781231022, 0.8532511704983284, 0.33951724382195825
0.27336884154460717, 1.989704003422143, 0.7043595194177753, 0.20218771571347235
0.23308921438082555, 2.1742083500946725, 0.7315481037984136, 0.24725769371699274
0.33395472703062584, 1.8342660392568846, 0.6735172322513522, 0.16726573567794076
0.274167776298269, 2.0933459127512815, 0.7325899283740046, 0.18661887360288307
0.3053262316910786, 1.8983464181423186, 0.6527278059083234, 0.1982866069107288
0.35312916111850867, 1.7563956878474167, 0.6241769858944, 0.1593565020478732
0.34647137150466045, 1.7914403038181255, 0.6598638731549786, 0.1615472722213486
0.28894806924101196, 1.9459701691581788, 0.6927166015349213, 0.19712960711450156
0.3122503328894807, 1.8928785763829747, 0.6888646454018592, 0.18598971781459514
0.2717709720372836, 1.9953266655319382, 0.7301505671640178, 0.20790902545540338
0.34580559254327564, 1.7587768814574862, 0.6924919958082195, 0.16744791848184926
0.32190412782956057, 1.8199455649374963, 0.6599137201019435, 0.1806525436409628
0.3143808255659121, 1.896336793998745, 0.6535572192194788, 0.17698876690526802
0.23801597869507324, 2.460974009089003, 0.762500918124197, 0.25543865226731804
0.3378162450066578, 1.8482758298635324, 0.6437933349615841, 0.16830121369415937
0.25985352862849537, 2.1913225059711268, 0.7201636774147708, 0.226678856524414
0.3333555259653795, 1.9792158206317143, 0.6415434505480846, 0.15328135929419662
0.3551930758988016, 1.7218893736521508, 0.6185216929249764, 0.16343951216442934
0.30985352862849536, 1.8259338940507404, 0.692800781689471, 0.1872368973182975
0.30272969374167774, 1.9749915832110474, 0.6901660255951276, 0.1928890090155312
0.38209054593874836, 1.6587164747056249, 0.6278386633578724, 0.15087866734494093
0.2900133155792277, 2.062570261832242, 0.7441590439509622, 0.20134194790380922
0.37276964047936084, 1.690318122002161, 0.6155350662678551, 0.15456514197557106
0.2579227696404794, 2.125131854789949, 0.7031962065756558, 0.23589787666596482
0.32316910785619174, 2.0921949577811714, 0.6704262207089748, 0.18659804514317826
0.3441411451398136, 1.9214734463613932, 0.6691069591274613, 0.16771060491275866
0.3169773635153129, 1.884987416383271, 0.7092306831227089, 0.20074615123682502
0.30352862849533957, 2.013457144818674, 0.6986622190963818, 0.18563174976854768
0.42330226364846874, 1.579598532029776, 0.6082176877047999, 0.13465615591360705
0.327762982689747, 1.921086538040368, 0.6671172522607095, 0.17528728378509723
0.35918774966711053, 1.798710048028061, 0.6412445829464652, 0.15960752658505237
0.37836218375499336, 1.6997474719101833, 0.6555417407777675, 0.16213895219517682
0.35326231691078563, 1.753880569952901, 0.6429520720340518, 0.16797378847719344
0.2944074567243675, 2.1043458599364073, 0.7445626885610872, 0.1967981953724992
0.3015312916111851, 1.9348096038784073, 0.6894408608307274, 0.19112986009015642
0.3551264980026631, 1.8406608430695994, 0.6717461265403409, 0.173051645219965
0.3140479360852197, 1.8836205673697943, 0.6907886677176126, 0.21351521632783263
0.3725033288948069, 1.8672759993391213, 0.6241046260328413, 0.16062481245444235
0.4150466045272969, 1.6354410994822748, 0.5913175392772606, 0.1468580778888594
0.2765645805592543, 2.131311891832142, 0.7582582027537731, 0.22419076545883573
0.40499334221038613, 1.577371895503744, 0.6118953481758328, 0.15439512880583378
0.33375499334221037, 1.861707889200368, 0.6588993487179118, 0.1704520012582865
0.31731025299600535, 1.879646170548053, 0.7193319128878111, 0.20098180067227667
0.31790945406125165, 1.92461318688172, 0.6783947576337184, 0.19342415581640768
0.32716378162450066, 1.9709627656382664, 0.6851242585767768, 0.18412786377361182
0.39753661784287614, 1.692067478797566, 0.6146498530658884, 0.1550263066822892
0.4111185086551265, 1.6016299877161986, 0.5786841566827085, 0.14891777510751694
0.3878162450066578, 1.6942550098947615, 0.6168372047621585, 0.15193127430911318
0.4247669773635153, 1.6117597431460329, 0.5961399753185088, 0.13579293125173872
0.31950732356857525, 2.004773369493005, 0.6499726622572146, 0.19212829668840356
0.301797603195739, 2.024859126402281, 0.6681911045929564, 0.19436219004434382
0.3711051930758988, 1.7910268434612315, 0.6198012481619098, 0.16622421444145744
0.3149800266311585, 1.9849387377659269, 0.7129753117793711, 0.215927516192732
0.3654460719041278, 1.7811438802217994, 0.6795502378459792, 0.17088324674705643
0.3145139813581891, 1.9480968194630508, 0.7207989973495841, 0.2083369665264225
0.39061251664447405, 1.7216446167421087, 0.6020679522358541, 0.1553682277300893
0.35978695073235684, 1.8346403312706916, 0.6589941678260957, 0.15620242857808322
0.41717709720372836, 1.6664202243645245, 0.6112769527943978, 0.14472739784819288
0.26391478029294274, 2.2250121870486144, 0.7465992162740805, 0.22944937544256203
0.2870838881491345, 2.229459281767732, 0.6731742034109424, 0.21158619496694275
0.38708388814913447, 1.784233889994168, 0.593365061979204, 0.16786248852504027
0.06597869507323569, 2.3062240220894035, 0.946887359091893, 0.25370298241668976
0.10079893475366178, 2.4745626404901317, 0.9341581682836367, 0.4689745024547892
0.09973368841544607, 2.4994334303824783, 0.9219208684249114, 0.47969540895668866
0.10093209054593875, 2.7676994559847405, 0.8731541760289488, 0.44833685642560606
0.0988681757656458, 2.677394402610478, 0.9143502308970638, 0.47658571105240477
0.13735019973368842, 2.4011281059997853, 0.8693578300417201, 0.321020301972006
0.14713715046604528, 2.3812356779840433, 0.8668918579998798, 0.2771965283214829
0.16524633821571239, 2.5192097318235946, 0.8514656704323602, 0.24907558289323956
0.15, 2.710409112419492, 0.8389430349615644, 0.2979746813963391
0.10372836218375499, 2.5920085855711315, 0.8522784074403381, 0.43957641501468925
0.1514647137150466, 2.628786779878619, 0.8671182614838121, 0.2565637152573472
0.16504660452729694, 2.417915499115117, 0.8081538571983853, 0.28445930605730274
0.1640479360852197, 2.8508798925898047, 0.833183922668581, 0.26774609525520465
0.21877496671105193, 2.31160783582775, 0.7985871830659574, 0.23750414287592908
0.1714380825565912, 2.5436949516541154, 0.8020958391361401, 0.2847691590672888
0.13195739014647137, 2.5419782280207635, 0.8281900926082782, 0.3559623238707236
0.1974034620505992, 2.3911318072545704, 0.832218236603079, 0.23606344368450635
0.19314247669773635, 2.6692963813338553, 0.7832809139541331, 0.2416608312698983
0.24986684420772304, 2.0801666615806154, 0.7399639438406121, 0.19864034375849773
0.17782956058588548, 2.4981447153795417, 0.8123861640703683, 0.29180838780977164
0.17583222370173102, 2.5912553244400596, 0.8043726251519506, 0.258433198734247
0.20945406125166444, 2.318344989748357, 0.7970006717389829, 0.21478891476248346
0.21824234354194408, 2.3352717608134057, 0.7981326167910963, 0.23417045258015295
0.2653794940079893, 2.151248211628905, 0.7285072408752253, 0.18850214740196428
0.24460719041278295, 2.1759517901826317, 0.7421054390877478, 0.1921333159678819
0.20119840213049267, 2.2049757912457384, 0.7897070419991585, 0.23843401149170534
0.2137150466045273, 2.397273218504757, 0.772156330593187, 0.24283372318467986
0.2210386151797603, 2.269174036915388, 0.8159229753485294, 0.24073265616336598
0.17063914780292944, 2.4131233110289756, 0.8577485026110382, 0.271062372631599
0.20312916111850865, 2.2953226359087364, 0.7980649475165384, 0.25509157882223726
0.2385486018641811, 2.1432952489817985, 0.7572256195847841, 0.21700681483364165
0.22623169107856192, 2.5740042108273538, 0.8051341837064253, 0.21082544459192376
0.2617842876165113, 2.380555272975393, 0.7709019258249127, 0.1983945432874854
0.24127829560585887, 2.135403254405954, 0.7642710494442244, 0.2255426925261617
0.20639147802929428, 2.369894359940378, 0.7786103008492526, 0.22426772282631596
0.2215712383488682, 2.3524238235385377, 0.8144239380616634, 0.2268464976396888
0.1633821571238349, 2.61149447014662, 0.8076060119429458, 0.29010965836186975
0.2096537949400799, 2.4198329739014652, 0.7766709815395317, 0.24448949733303732
0.23195739014647138, 2.268112150267183, 0.7977779973874984, 0.22568946540054818
0.31571238348868175, 1.8896445063216867, 0.6653120544777239, 0.16038444487086534
0.27270306258322236, 2.033461535042437, 0.7041521353668311, 0.1922492231480996
0.23142476697736353, 2.3544814233376723, 0.7271327154936493, 0.2211638558130015
0.2713049267643142, 2.0827067040016107, 0.7345525357419724, 0.192938661136781
0.30099866844207723, 1.9258420447852418, 0.6620469612706197, 0.1769701850535679
0.29094540612516645, 2.122094742927983, 0.6890528839418149, 0.1734481711506095
0.2842210386151798, 2.0096686649358224, 0.7089282868052256, 0.20013020340055906
0.19980026631158454, 2.3234195428963664, 0.7731404608518901, 0.2712359335522241
0.23754993342210387, 2.2142550813116024, 0.7364452142286838, 0.24688738925485726
0.2944074567243675, 1.9326164170206783, 0.7269042671069722, 0.1932479657282144
0.2576564580559254, 2.0637235671281813, 0.7227683909940028, 0.22264793559181825
0.3263648468708389, 1.8501483789058564, 0.6593927960653803, 0.17112364129148944
0.3141145139813582, 1.9059775618278234, 0.6833954441499804, 0.173766022251534
0.3163115845539281, 1.8865549413722935, 0.6794216428614699, 0.17668802311596518
0.3107856191744341, 1.8423284555322796, 0.6787361599420091, 0.19524076459770096
0.3968042609853529, 1.628791127799354, 0.633563995663635, 0.14807348111072965
0.21471371504660453, 2.1464330204575264, 0.7461116082255341, 0.2733727377620965
0.3000665778961385, 2.031036064683518, 0.6667800623971593, 0.17340114528668457
0.29487350199733686, 2.107264883195195, 0.6689966044091655, 0.17789215624034768
0.3941411451398136, 1.6311021108562238, 0.6123653751205345, 0.14924261916301412
0.3281624500665779, 1.8952762267739574, 0.7038386052908013, 0.18077953422250598
0.3562583222370173, 1.817336316849198, 0.6290372957509208, 0.1555491553298266
0.31857523302263646, 2.115074966727358, 0.6869002430787091, 0.1976255945903315
0.32343541944074566, 1.9670324513244724, 0.6476821903702, 0.18390348967404216
0.3705059920106525, 1.7836060900885993, 0.6084332047106478, 0.14895645400317734
0.3784287616511318, 1.6637418534145374, 0.615477147699332, 0.15834767553291204
0.3888814913448735, 1.6489472801870257, 0.6206877652256715, 0.1520245740231066
0.283288948069241, 2.00981409836625, 0.7388901239036485, 0.20447933282257807
0.2862183754993342, 1.935591830992786, 0.6972615644837731, 0.21171491562732922
0.34540612516644476, 1.8370812308117648, 0.6406583189910998, 0.16988313384291068
0.36624500665778964, 1.7959078162551403, 0.6732138139704733, 0.15759358895695486
0.35059920106524634, 1.7042515251016648, 0.6507923606149967, 0.1747622322111285
0.2776964047936085, 2.25324948723521, 0.693017964498697, 0.20908599483100715
0.4082556591211718, 1.611109469404392, 0.6156556462437444, 0.14857153622536054
0.22636484687083888, 2.553406259826274, 0.8131727784581328, 0.24751452811948707
0.353595206391478, 1.7607439158045342, 0.6795909891648353, 0.17455210998968496
0.2974034620505992, 1.9935492766641587, 0.7389151674332892, 0.19313185303674474
0.24254327563249, 2.3335134077881685, 0.7476100996410555, 0.22185920597324219
0.340878828229028, 1.8230125778723016, 0.663683865453159, 0.18058382972831802
0.3221704394141145, 1.8773036527371756, 0.7004341419199018, 0.20552484965248874
0.3938082556591212, 1.7377082774963741, 0.5913192000090242, 0.1414498944252042
0.36537949400798936, 1.7658962795245505, 0.6257637772370982, 0.1583692849282789
0.29007989347536617, 2.222208804495325, 0.7107027912153921, 0.21493486857227892
0.34640479360852194, 1.9616653971979208, 0.672869487574927, 0.17488507554841767
0.335219707057257, 1.855530867165081, 0.676446736404716, 0.18105049012890512
0.3235019973368842, 1.8733091661540393, 0.6552486810525712, 0.18946200396159749
0.36731025299600534, 1.7642951963486748, 0.6521747956989387, 0.1665702528731555
0.38049267643142476, 1.6613434906726512, 0.632076684881765, 0.1694475665477596
0.40379494007989347, 1.675006595575381, 0.6049827452092241, 0.14171036093499287
0.3559920106524634, 1.829533288673499, 0.6338465301298731, 0.17278239615406768
0.4055925432756325, 1.676936545372803, 0.5951103774043477, 0.14339691899164705
0.3249001331557923, 1.9343727584605845, 0.6429114786548219, 0.19167993159492802
0.3428761651131824, 1.8322022358364811, 0.6666194827072257, 0.1833925479489576
0.35419440745672437, 1.951992754738892, 0.6668726021946721, 0.1721030323841618
0.3876830892143808, 1.660970482845281, 0.6030744441982897, 0.16109981026577405
0.3302929427430093, 1.9272479832291445, 0.6886609989372059, 0.19256579595889275
0.3584553928095872, 1.8574879163848894, 0.5944924458294218, 0.16024889102314177
0.3553262316910786, 1.8269420369784937, 0.6142186597987288, 0.16359519867757108
0.3267643142476698, 1.953574082227585, 0.6916667736645067, 0.17569785855652037
0.4033288948069241, 1.6481782012431823, 0.6444821978282266, 0.15238126621924222
0.4173102529960053, 1.6875850690149277, 0.584184028572787, 0.14143961157717477
0.38375499334221036, 1.6859696727102194, 0.6220018320332735, 0.15304734235483633
