acuracia,loss,frr,fpr
0.05593926593983675, 2.3128284007230913
0.09829328157999886, 2.38366700894716, 0.9291768306238016, 0.41742702538131676
0.09840744334722301, 2.7600550725141733, 0.8908850128543422, 0.4171956756789202
0.17774987156801186, 2.6294538860343093, 0.8319410522542665, 0.30444680641987304
0.3193104629259661, 2.296850723875182, 0.6494141479757328, 0.18692864323117941
0.3103487641988698, 1.9825518392211423, 0.6843534335936363, 0.226044869596153
0.3226782350590787, 1.9605314165593637, 0.6641179842196492, 0.22129264173141336
0.19892687938809292, 2.0794137387700573, 0.8075184336637871, 0.2850186470552288
0.3328957132256407, 1.9949712870878895, 0.6373220410220658, 0.21605882626749934
0.4440892745019693, 1.8004815592205927, 0.5443943402440207, 0.1734242600669712
0.4085278840116445, 1.6739643913363544, 0.5714247608588132, 0.1796375032041996
0.3642331183286717, 1.789577239077823, 0.6478213903538407, 0.2267971274913706
0.4338717963354073, 1.6510292430335416, 0.5615780140229064, 0.17550443183648504
0.3990524573320395, 1.8261116255404124, 0.567212444015836, 0.16913485244091878
0.21017181345967237, 2.319626690202451, 0.786826482958981, 0.31352071247430535
0.22986471830583938, 2.4995265301537914, 0.751870580912772, 0.33395789257835395
0.4012786117929106, 1.751422119587005, 0.5972351916864865, 0.1868918826946682
0.4923797020377875, 1.8195688804947858, 0.5109509801207544, 0.1677647795377062
0.3026999257948513, 1.9184030682176847, 0.6990495380480226, 0.2377414153179461
0.5224042468177408, 1.6186221783356727, 0.4791049171460076, 0.14747938250155748
0.4448884068725384, 1.5819599696136961, 0.5568611086822475, 0.1959614060139759
0.42468177407386265, 1.7463491130799924, 0.5847081495048287, 0.208367437609434
0.5252582909983446, 1.2990825857376629, 0.47919269701002726, 0.15778622827073094
0.49688909184314173, 1.519389616968636, 0.5095128840385427, 0.163303683948975
0.5274844454592157, 1.4650990769664298, 0.47392713719051416, 0.14491693231676078
0.3875221188423997, 1.6173214163707539, 0.6287471811476482, 0.2130511204707506
0.4638392602317484, 1.712697952895603, 0.5651246394786313, 0.1809107244928866
0.40470346480963526, 1.4803629077248421, 0.6021457346353981, 0.20058518415865048
0.5207489011929904, 1.2632664994840257, 0.46233194950617856, 0.1384005738360962
0.45944403219361835, 1.2757383141458474, 0.5100037640709438, 0.15798549404108683
0.5450082767281238, 1.2312724815685936, 0.4504485139018473, 0.16019172125962725
0.5716650493749643, 1.27342391499903, 0.42741089182889047, 0.1420980824561464
0.5050516581996689, 1.1487652508637525, 0.5112094214495406, 0.16035470812399766
0.524059592442491, 1.2739356352156992, 0.48045745855004923, 0.146477848169956
0.5099035333066956, 1.3039608661020936, 0.5064359460098192, 0.16626475220478537
0.4821051429876134, 1.4161386280389427, 0.5351089259713163, 0.17374594707704916
0.45482048062104, 1.5250424065826669, 0.5524910738903175, 0.1991495203736517
0.5068782464752555, 1.1635010226335323, 0.5063116029248323, 0.15956965397408998
0.47228723100633596, 1.6880764928376595, 0.5384717867976436, 0.1943397113066551
0.3150864775386723, 1.6075641570352408, 0.6866495752961161, 0.2644232801645008
0.46600833380900736, 1.643378402062819, 0.5397888779469805, 0.1781394467109741
0.3227923968263029, 2.0046526985381714, 0.6967197214923624, 0.23780747526218637
0.3961413322678235, 1.6390924282872559, 0.5858929303477781, 0.23362392441039312
0.31948170557680233, 1.7425053199034752, 0.686981614934625, 0.21947718838609387
0.2854044180603916, 1.8703683057232285, 0.6883656368572013, 0.21795715766253065
0.21439579884696616, 1.975446227301922, 0.7703262805387113, 0.27834069853520954
0.3371196986129345, 1.838925442553266, 0.6709367326773084, 0.21034254995305898
0.3980820823106342, 1.650708255947327, 0.5982572133089482, 0.20498543185625862
0.3324390661567441, 1.9901747708655675, 0.623753564808707, 0.2134743360527877
0.33255322792396824, 1.7744895610878597, 0.6648582009677247, 0.2173280308293616
0.4382670243735373, 1.5601875234551132, 0.5705429208958386, 0.1771406463862001
0.365888463953422, 1.9238338743662533, 0.6352856737029815, 0.21698281133570732
0.2145099606141903, 2.224576079210562, 0.7888011040661326, 0.2744454529462466
0.26074547633997375, 1.8442808017861905, 0.7309138980748858, 0.24302120003933136
0.3318682573206233, 1.9568256941946194, 0.6671891217729499, 0.22557734653034056
0.28648895484902104, 2.0536167984296214, 0.7278680741655249, 0.23862030840626505
0.26845139562760434, 1.8282927223023258, 0.7416161356838852, 0.24124136842719276
0.5478052400251155, 1.3409452337884993, 0.43184131552908533, 0.13038828954501253
0.53501912209601, 1.285533359493184, 0.45282080764465177, 0.14875442536283645
0.5044237684799361, 1.4925943717060244, 0.48851843718121435, 0.14939049140804955
0.4238255608196815, 1.5789973039361425, 0.588373678970692, 0.20576456904681753
0.430047377133398, 1.5292948875662378, 0.5745075225853508, 0.18666372705566853
0.46423882641703296, 1.5999466912548008, 0.5368815723202096, 0.17541979542298894
0.4630401278611793, 1.6370676785530556, 0.549920302894925, 0.19515476590217973
0.5057366288030138, 1.5883739996707646, 0.5035541514965192, 0.17271969775814167
0.428563274159484, 1.6143396988386052, 0.563824480092048, 0.18328375825545773
0.504309606712712, 1.4500791154003585, 0.4897991251675828, 0.1675923657704375
0.5286260631314573, 1.3706522775680292, 0.4271521648103209, 0.14848016204536613
0.5012272389976596, 1.4304835117345014, 0.5059178128292815, 0.17088149727981186
0.45442091443575544, 1.4931105114402643, 0.5357025984250666, 0.1699248526364824
0.4198869798504481, 1.317779729898624, 0.5632831697628087, 0.19764948764710802
0.5271990410411553, 1.215814257942757, 0.43985815604676387, 0.14280944218392796
0.5886180718077516, 1.248981690394381, 0.3885537530047554, 0.1300981450079766
0.5836520349335008, 1.0921362410673465, 0.38102613503785115, 0.12382619091821556
0.40966950168388605, 1.3919036390251462, 0.6082140406750522, 0.191264308372494
0.49922940807123695, 1.4980839931163297, 0.48678036317165135, 0.1617056267983221
0.43866659055882185, 1.6750993198425477, 0.5436531225163147, 0.19398211087588052
0.29025629316741824, 1.860989877694382, 0.6638611646918097, 0.23376886324231927
0.26805182944231976, 2.0394634595097756, 0.7216189393618012, 0.2650070788023508
0.378275015697243, 1.7560642467996384, 0.6045612241674687, 0.220561807251664
0.47474170900165535, 1.5907901215617246, 0.49010904815288475, 0.14884064447943138
0.4032764427193333, 1.6846463281009096, 0.5844471298527584, 0.19985377280052014
0.4325018551287174, 1.624683571291185, 0.5655967370812264, 0.18108146700783234
0.4572178777327473, 1.669165304421739, 0.5266034164693616, 0.18694504045332155
0.5140133569267652, 1.5345844500201893, 0.49792676501956806, 0.16446737724658378
0.46652206176151606, 1.499445185488854, 0.5334271746750288, 0.17488169299805123
0.5141275186939894, 1.302952484426804, 0.4645776010939416, 0.15524943574423167
0.5782293509903533, 1.3439737814012622, 0.39349239522476426, 0.12933312021544777
0.49140932701638224, 1.3258605902461988, 0.49098433384319334, 0.1734828308945948
0.4817055768023289, 1.3508997027021652, 0.5179819383422537, 0.17136178740028973
0.5408984531080541, 1.3313217043291454, 0.410756478411597, 0.14370504186481534
0.5487185341629088, 1.7779067832725874, 0.41948197553172833, 0.1338854352614617
0.3656601404189737, 1.7386240277281362, 0.6057125911711781, 0.19477464245947854
0.49768822421371084, 1.578545798432154, 0.5044087664820652, 0.15851605256178475
0.4098407443347223, 1.5942056052175393, 0.6068854459587721, 0.20396179809593576
0.3092642274102403, 1.7183809794276754, 0.6905364188008629, 0.23608593017563811
0.5149837319481706, 1.3223478205349355, 0.49349621202813654, 0.15381610682822167
0.5090473200525144, 1.6248328040402171, 0.49768629064406417, 0.16801087219739425
0.5003710257434785, 1.5809378820929232, 0.5095128639178779, 0.17567790954783177
0.5879331012044067, 1.284979069598346, 0.42090496832128593, 0.1336790183361401
0.5270277983903191, 1.380763547407505, 0.4738221911390513, 0.14848860902444908
0.08282436212112564, 2.299353814395883, 0.911827767803508, 0.2508612021454496
0.15777156230378447, 2.2148494073003997, 0.8548130589569919, 0.3993305423950011
0.1881385923854101, 2.214044973297583, 0.85333261410829, 0.30120630408789983
0.1050288258462241, 2.363748714901948, 0.8969010518269904, 0.42406260815067937
0.2591472115988355, 2.1284959160905292, 0.738260374782109, 0.23257040244919097
0.11439009075860494, 2.1873115155106095, 0.8870024995332699, 0.36679005905862655
0.0997773845539129, 2.4229674691328946, 0.9036240526423596, 0.44506371855661864
0.11136480392716479, 2.231754814423725, 0.8899126640184575, 0.37012389904158993
0.2229579313887779, 2.5775059455639626, 0.7825788694156083, 0.26264910133310787
0.32090872766710427, 1.9514546221512026, 0.7033455765156904, 0.22228204427774742
0.2639990867058622, 1.9033144936454616, 0.7351533893090624, 0.28192477276446587
0.1945316513499629, 2.0175853789659035, 0.8112843533104492, 0.3067063622056845
0.311204977453051, 1.8712653913442945, 0.7004912954132974, 0.21015765068409578
0.2606883954563617, 2.025930914699749, 0.7783225494062451, 0.2475892278539938
0.20023973971117073, 2.0764461328935813, 0.8234521130437631, 0.25758018440357294
0.32461898510188936, 1.9411824719431847, 0.6789752838502772, 0.24454548701983048
0.31776927906844, 1.6928710294365916, 0.6822963749906863, 0.23329602899425628
0.44237684799360694, 1.7256032236056946, 0.5698695488253215, 0.211723058178202
0.3943718248758491, 1.9210720403437078, 0.5684587315508505, 0.21803817222574715
0.24088132884297048, 2.0098980318241804, 0.755508862135356, 0.28681430469164537
0.20394999714595582, 2.0588601381241562, 0.7847099037631468, 0.2830099200483807
0.2534962041212398, 2.1931084831682703, 0.7266433445026599, 0.26737476151542117
0.4009361264912381, 1.6122563069467166, 0.5950453808341069, 0.1911253368401331
0.42890575946115644, 1.6401832967773748, 0.588684995116624, 0.1944594044308444
0.4115531708430846, 1.629931718085521, 0.5833692208086044, 0.19130474912957784
0.40413265597351444, 1.62171068650973, 0.6065792622554826, 0.21487609398331547
0.3524173754209715, 1.7044761607320187, 0.6498573276570941, 0.23045749726216197
0.4130943547006108, 1.7934580299365575, 0.6003285763323055, 0.2143126345874861
0.4967178491923055, 1.6455110520986915, 0.5201263260244465, 0.1582400104890021
0.5301101661053713, 1.573151109706009, 0.4749933210732033, 0.13715116933243546
0.2800958958844683, 1.9163475002938464, 0.7009414737732814, 0.28798276355178287
0.30937838917746446, 2.028499138560073, 0.7039909265524945, 0.22235015413022052
0.24841600547976483, 2.111120407280159, 0.7741374565418236, 0.285565304364365
0.2961356241794623, 1.988691975078774, 0.6908512503067031, 0.2545863497203108
0.40750042810662707, 1.9024496961656556, 0.5977835018913183, 0.20919530132029035
0.3780466921627947, 2.080548578374523, 0.6223926351393042, 0.21665089803587123
0.2841486386209259, 2.016389859539916, 0.7343867275822611, 0.24599606443075864
0.17866316570580512, 2.229830440356447, 0.7779488931264159, 0.31749501787081497
0.20914435755465494, 2.3101355650589426, 0.7776983226070758, 0.3072547513222937
0.20394999714595582, 1.9534078975084186, 0.7798536522081561, 0.3000418702277574
0.2342599463439694, 2.3810816631720515, 0.7629953667185334, 0.28246605754113757
0.30521148467378273, 2.1355253689752756, 0.6513910543824097, 0.22496972262151135
0.3375192647982191, 1.6748943964531993, 0.659818623426105, 0.2186681577175713
0.34185741195273706, 1.972091285410527, 0.6662760058578283, 0.23184908470771826
0.43261601689594154, 1.5458629370259669, 0.5820083626081687, 0.18041581443520602
0.4187453621782065, 1.4983703207089154, 0.5713208048218797, 0.19093545994897598
0.5090473200525144, 1.6223752082765317, 0.5037040327537988, 0.15930444695316506
0.34807922826645354, 1.9035225789167884, 0.6496248649163503, 0.22556020073144903
0.4019065015126434, 1.5604663782442219, 0.586911679887552, 0.19395621359244913
0.612934528226497, 1.2364251152811356, 0.37958583003308105, 0.11709342271353677
0.47291512072606884, 1.2878551482643954, 0.5289091392793054, 0.1712212609184142
0.5076773788458245, 1.328847724737877, 0.4789376622166458, 0.16247347089476827
0.5229179747702495, 1.400043766689366, 0.4487841996368239, 0.14984002138360922
0.47502711341971576, 1.835998035285617, 0.5009821423640849, 0.17561295911330668
0.4383241052571494, 1.6030361530232207, 0.5689692054374487, 0.2242148583002704
0.3916890233460814, 1.9398656156320429, 0.5744452445019438, 0.18549749430251436
0.21393915177806952, 2.049259373951029, 0.7813890587183596, 0.3120579177397082
0.27330327073463095, 1.95540553098999, 0.7384953407600696, 0.2560737880687438
0.24013927735601348, 2.140961530995332, 0.741307251674937, 0.3317496963906496
0.24156629944631544, 2.060801977276074, 0.7613331347382578, 0.3494941109758152
0.26588275586506077, 2.1372413999162396, 0.7494780405513904, 0.2519653882687062
0.20041098236200697, 2.1914638150220758, 0.7895261753577494, 0.3345433172880732
0.3358639191734688, 1.73724763753466, 0.6778608731516113, 0.21446383092384966
0.2600605057366288, 2.021401542324108, 0.7411976140716285, 0.2840726659220177
0.31206119070723215, 2.0717451219805314, 0.6626107726882801, 0.21999655360352743
0.3977395970089617, 1.837743047934647, 0.5753665514369429, 0.2258958677449848
0.3179976026028883, 1.8360372994328356, 0.651567715784537, 0.2386080108920052
0.29996004338147153, 2.09638664754288, 0.6860153816724756, 0.24251433837180822
0.12940236314858153, 2.158852054768076, 0.8723336285788049, 0.36598111957485485
0.23283292425366744, 2.0691029213152423, 0.7588415551413, 0.24958676511176606
0.2069182030937839, 2.19613413027796, 0.7969733552178765, 0.2807814149958926
0.27370283691991554, 2.1018453137067175, 0.7322710299986429, 0.25149546634138237
0.31497231577144813, 2.063580950418763, 0.6752084765917366, 0.2402886118274555
0.30732347736742965, 2.0127010608795906, 0.6814212828822239, 0.2391536618153108
0.4401506935327359, 1.774460632232602, 0.554600832986221, 0.17770639944270225
0.2690222044637251, 2.1037760189906587, 0.6890086859394495, 0.2691172722350461
0.24539071864832468, 2.1313081483698317, 0.751431226800226, 0.30632547714148595
0.28603230778012445, 2.0480546676049025, 0.6814299929152358, 0.23641398724692106
0.2410525714938067, 1.8869252587141827, 0.7401855941183848, 0.28569534427604043
0.19561618813859238, 2.0634698072955846, 0.8096523387288768, 0.28810801904527894
0.20343626919344712, 2.3345791364248245, 0.8028547344318134, 0.27690581021977834
0.4061304868999372, 1.758943059181907, 0.5939748834143093, 0.19879409484204769
0.27216165306238943, 1.9294863783664726, 0.6848591100835769, 0.2741331676677576
0.4253096637935955, 1.5493743873903405, 0.5365092743897304, 0.18009642973220463
0.4382670243735373, 1.464142893290736, 0.5674471602566049, 0.1802757069388427
0.4361550316798904, 1.3688077774162304, 0.5167530649683112, 0.17574924032051242
0.4415777156230378, 1.580081749475467, 0.5383387064897487, 0.2169927722973884
0.44831325988926307, 1.631863989547083, 0.5454723315713292, 0.19770473917233963
0.4430047377133398, 1.5025480285986923, 0.5619609113862196, 0.17013195869982564
0.49255094468862376, 1.4463993201255663, 0.545177307076437, 0.17388664512762278
0.3603516182430504, 1.7827819215157283, 0.6305525328896356, 0.22592448713498997
0.40812831782635994, 1.4973676264799787, 0.5833898722673245, 0.18996141547554202
0.46943318682573204, 1.815778708980538, 0.5494690717821707, 0.1754163870200238
0.41663336948455965, 1.696658832048967, 0.5952249136272978, 0.22503143953108432
0.3801016039728295, 1.836284352332818, 0.6178122846347962, 0.22518567254622973
0.36697300074205147, 1.6955166618752828, 0.6376790517411295, 0.21411166182007751
0.32130829385238885, 1.7989631521962257, 0.662614815220126, 0.2505811486824165
0.4113819281922484, 1.409309148405695, 0.5869385855742439, 0.21387261793309625
0.4801643929448028, 1.4517445263524966, 0.5343685495838639, 0.17262033827431172
0.5042525258290999, 1.4100160580008287, 0.49169619555511673, 0.15234665584004534
0.4035047662537816, 1.566908419397611, 0.5903221062694609, 0.19670661695210087
0.10468634054455163, 2.2998376671354333, 0.8912000109138165, 0.30007675832766245
0.09829328157999886, 2.308427613662989, 0.9291768306238016, 0.4164390822255279
0.11416176722415664, 2.1470250085007283, 0.9016995565607995, 0.3376654516910667
0.2187339460014841, 2.184377598666568, 0.7487047900532771, 0.24451339101244368
0.12221017181345967, 2.202028764989239, 0.9023544917418824, 0.39313899877292047
0.2502996746389634, 2.0527248879097946, 0.7484971745882103, 0.24645050834851248
0.3042981905359895, 2.1347781097217333, 0.6771671510182611, 0.26815347987657756
0.2479593584108682, 2.0887599780111934, 0.7374836374148555, 0.2440969543407743
0.16913065814258804, 2.5994307391447142, 0.8194759810271256, 0.3656408738212384
0.2932244991152463, 2.1300644028968643, 0.7113934884644081, 0.2732992023660262
0.3072663964838176, 1.8957545394473945, 0.7009991910614304, 0.2003224785454899
0.2532107997031794, 2.0639837888000394, 0.7277498889516159, 0.31197399896857525
0.14275928991380787, 2.2766007077674204, 0.8647953624127758, 0.33187115443751686
0.09972030367030081, 2.366988463702284, 0.9099764135898212, 0.4217223528461795
0.10297391403618927, 2.9668894343006262, 0.9069066536454871, 0.42326429505442364
0.15057937096866258, 2.189117984001723, 0.8572882183391699, 0.25465158993797976
0.19104971744962612, 2.113688051438616, 0.8158411440748102, 0.3205436411392986
0.2590330498316114, 2.070632107236477, 0.7331561507319215, 0.2526691740391682
0.3162280952109139, 1.8268759734786137, 0.6907616157900246, 0.23631924952914354
0.4583594954049889, 1.8372794693140577, 0.583265047693343, 0.17632294113644725
0.2541240938409727, 2.0899036003510507, 0.7253316501119035, 0.26358743896201703
0.21000057080883613, 2.270893183600461, 0.7466860717813474, 0.2546068282059661
0.10417261259204293, 2.4988694912944047, 0.8987286109755113, 0.4451836187882721
0.09840744334722301, 2.2731437227267217, 0.8908850128543422, 0.4207958616578207
0.1621667903419145, 2.274260765368879, 0.8438370131015844, 0.3710710558832179
0.1911067983332382, 2.2485103115513416, 0.8024340504890718, 0.29890109304138
0.3069239111821451, 1.8155488937955393, 0.6833022289796795, 0.2596420081222644
0.36760089046178435, 1.7381266896299348, 0.6542586599753882, 0.21617843030510514
0.3416290884182887, 1.6016754872352268, 0.6193155445362507, 0.2200477389029823
0.3733089788229922, 1.8481700049258305, 0.6307263846285924, 0.22293673755146975
0.37325189793938013, 1.6981114944650115, 0.6128560203081596, 0.2243345999645161
0.35943832410525717, 1.6930001979736617, 0.6414535882899459, 0.23627101570062176
0.46189851018893774, 1.57239410316395, 0.5508517373485765, 0.1789396620420364
0.4414635538558137, 1.5407285136619628, 0.573386969737359, 0.16819251886082454
0.3071522347165934, 1.6804520690952836, 0.6921318042493871, 0.24878698199308835
0.20275129859010219, 1.9699553029981811, 0.7808844943032792, 0.29250909564952926
0.22741024031052, 1.9025660271894729, 0.7616891063259608, 0.2752027188950249
0.45561961299160914, 1.4798314676885498, 0.502630130186153, 0.17357796626080224
0.46920486329128375, 1.4689490829532608, 0.5015960859604605, 0.16169025046280663
0.47731034876419887, 1.4934768986484899, 0.5279784276629651, 0.16448529609471435
0.5161824305040242, 1.3783386932468862, 0.4696889996907544, 0.13639553541836613
0.5112734745133855, 1.3991221603735702, 0.4931492535154702, 0.15779687375715415
0.43969404646383925, 1.822707540947142, 0.5469285052458435, 0.18658380895859283
0.3092642274102403, 1.9164463639075615, 0.6960842517590033, 0.21709440609548555
0.40812831782635994, 1.702947385425852, 0.6014019687200466, 0.18979915226958002
0.40789999429191165, 1.841942496132079, 0.6010786562650986, 0.20237938681854273
0.23397454192590902, 1.9842714552152878, 0.7998273178736652, 0.27615613666257377
0.3317540955533992, 1.9885750027904296, 0.6651010485063823, 0.20749206110526697
0.2663964838175695, 1.9690324396866357, 0.7390952648213898, 0.21783245662439696
0.4064158913179976, 1.8835321968192005, 0.6010177508792178, 0.1998079400707048
0.4280495462069753, 1.67445888895716, 0.5636603722048971, 0.1786308762219283
0.2741594839888121, 1.7696546571658514, 0.7512154489426288, 0.24423607569282002
0.4211998401735259, 1.6312549536110732, 0.5986850491167908, 0.1943072703612834
0.4564187453621782, 1.636261512794426, 0.547048754647327, 0.171068979081555
0.4012786117929106, 1.5735799895654878, 0.6232718098277086, 0.20822385045244224
0.2663964838175695, 1.7715255430425314, 0.7402531102853815, 0.2643417014725565
0.4158913179976026, 1.5687636487444103, 0.5782066385482569, 0.17415345034897034
0.4265654432330612, 1.8634901171480727, 0.5545445632988215, 0.17554429426435483
0.32598892630857923, 1.7513757348945203, 0.6921099755173934, 0.23872158732831353
0.36571722130258577, 1.676835242240585, 0.6011446112552854, 0.22055266177144536
0.3356355956390205, 1.7649132711844218, 0.6827666079630095, 0.20400824173832785
0.43318682573206235, 1.5614900466813175, 0.5744178031550606, 0.2091719653568186
0.28922883726240084, 1.6460440223147195, 0.7157175501443263, 0.2358606522629607
0.4247959358410868, 1.4993775248003576, 0.5894695572579709, 0.20173658144010978
0.3266738969119242, 1.5937058003285995, 0.6895022508928557, 0.22932769519414076
0.43735373023574403, 1.6132705653307133, 0.5745505771916495, 0.20080674505023344
0.4448884068725384, 1.487453859274542, 0.5494354715129374, 0.18463751043357998
0.43421428163707976, 1.4925816096537692, 0.5645550820906432, 0.17914504952022753
0.3087504994577316, 1.6885900270061764, 0.690518178612775, 0.27870708971470454
0.4712026942177065, 1.672103838626908, 0.5485192736524156, 0.1688338628451104
0.2950510873908328, 1.7608414345581282, 0.7093117956266803, 0.26325622088145345
0.33968833837547807, 1.9460521173147831, 0.6727435462451153, 0.2497043556617781
0.30412694788515326, 2.4621756921487608, 0.7010531676701959, 0.23557538372001546
0.3656601404189737, 1.7967076402350413, 0.6378736707276959, 0.23765937868732467
0.3780466921627947, 1.9535007443804469, 0.6356820015315207, 0.19018359179462765
0.3376905074490553, 1.9171625946719282, 0.6705937197168541, 0.27609431643255417
0.297391403618928, 1.836508890198303, 0.6516183824632313, 0.2184708287701988
0.33106912495005425, 1.847146874544072, 0.6732929875714063, 0.2230760429411484
0.2448199098122039, 1.8786562558511695, 0.7858601332940807, 0.2517239501756633
0.4246246931902506, 1.7687685356829304, 0.5895180690691975, 0.18230220355965618
0.3339231691306581, 2.0143201126751, 0.6623652597726923, 0.24165290289285346
0.15434670928705976, 2.1839342578183203, 0.8508921050856302, 0.3408853089422221
0.3191963011587419, 2.066958455974377, 0.6867976797432114, 0.23523734630543403
0.3216507791540613, 1.9342902221053122, 0.6948002376044662, 0.23615309927978317
0.4907243564130373, 1.7658041311668555, 0.5116018148678559, 0.1596251171141908
0.3799874422056053, 1.934381577180492, 0.5978351915631016, 0.2266890756033465
0.13722244420343627, 2.0609658059549085, 0.8646129319268318, 0.3436048064194355
0.422741024031052, 1.8388705516393629, 0.6036128679170453, 0.1732468296757827
0.3300416690450368, 1.762792753420693, 0.6628761146630179, 0.24323530760321
0.29037045493464236, 1.8865762671839668, 0.7116301024713362, 0.25981512771098453
0.28603230778012445, 1.7611189896987314, 0.7103088444379165, 0.24970314009070838
0.27655688110051946, 1.8305815505249274, 0.7337601959581853, 0.2966824881604166
0.3040127861179291, 2.2216108366944853, 0.6981475924560194, 0.24507568086839002
0.26302871168445685, 2.135691417318969, 0.7207110578426537, 0.24770665356195046
0.20023973971117073, 2.187702726981664, 0.7874625541961773, 0.3083188966902506
0.14801073120611907, 2.3894556491633137, 0.8621945053552835, 0.3854039956739392
0.2737599178035276, 1.981086760298344, 0.7028695102508274, 0.23243801917622592
0.24915805696672186, 2.018407784352612, 0.7293886448179088, 0.24386307276285385
0.23306124778811577, 2.0421439668952455, 0.7638474504407489, 0.32669150894997484
0.29950339631257494, 1.975118090882, 0.7039283236836821, 0.2748387463903762
0.2863747930817969, 1.9187234524920063, 0.7063874830593369, 0.2686562143881834
0.15691534904960328, 2.3040366217156336, 0.8491300507814009, 0.24250654110859027
0.1971573719961185, 2.2826314611082186, 0.8068728794258991, 0.30724832667019414
0.19002226154460872, 2.269740773258474, 0.814212623093774, 0.3249250437948703
0.3140590216336549, 1.9235144050924655, 0.682606878649708, 0.2316464443562813
0.4328443404303899, 1.7267922432776883, 0.5675239724473484, 0.17379702793705065
0.41183857526114503, 2.014431910227951, 0.5532502241920924, 0.19703280897127418
0.19515954106969577, 2.070611555062307, 0.8017792879014283, 0.3015619608360077
0.42970489183172556, 1.7876978049887133, 0.5598901365848061, 0.1574751978536906
0.24704606427307493, 1.9690708553241918, 0.7381810414683784, 0.2957069876332062
0.2089731149038187, 2.2237027737631143, 0.7956219380760104, 0.2784165255384833
0.20617615160682687, 2.161139785889601, 0.7483085129725227, 0.270887621448303
0.31679890404703465, 1.7991122259224201, 0.6733706140872328, 0.21993728565537748
0.4514527084879274, 1.7695376858930894, 0.5569121095518433, 0.18511022137246724
0.309035903875792, 1.894742839589117, 0.7062184606637442, 0.23795712097481705
0.3845539128945716, 1.9653965058858294, 0.6148758670157101, 0.1976306889804442
0.245619042182773, 1.9441247475365675, 0.7533879790264479, 0.2739174032448583
0.32387693361493236, 1.812259016920765, 0.6504246190238112, 0.2622551190186024
0.2647982190764313, 1.8307996816719236, 0.7369167268052189, 0.2646850124193197
0.2997888007306353, 1.92299337006097, 0.7057255870326188, 0.2388913101115834
0.43969404646383925, 1.4283671355545537, 0.558511595436025, 0.1612364750706278
0.45316513499628974, 1.6323799149032951, 0.5007819099545342, 0.17265221296743827
0.34705177236143614, 1.5702605847218476, 0.616201823277583, 0.21175081123048023
0.45390718648324674, 1.6559092546340857, 0.5505187523311577, 0.17982971446588686
0.3856384496832011, 2.054906005776087, 0.6070984526558761, 0.20417172682167717
0.20092471031451567, 2.5742640374034322, 0.8045281321650534, 0.27878657937129725
0.309035903875792, 1.7479217312768602, 0.7089410575241912, 0.235952394307084
0.3788458245333638, 1.8350978678264496, 0.6105503799540131, 0.21200906740153377
0.3215936982704492, 1.7311669872792264, 0.680528326806009, 0.2167738303472622
0.36554597865174954, 1.839827988917877, 0.6473097572120774, 0.20833421526336468
0.3157143672584052, 2.051694385074128, 0.6759956829784499, 0.2653750138693746
0.24076716707574633, 2.1363219453684374, 0.7466342180977936, 0.25173371943035916
0.2826645356470118, 2.02066772707018, 0.7190417197727017, 0.27830927358536106
0.1973856955305668, 2.158172241465211, 0.7851879735399245, 0.2772074543028874
0.35475769164906673, 1.9191043808672674, 0.6366000474494029, 0.2721485962542816
0.13984816484959187, 2.1268007684239816, 0.8717396202800084, 0.3894970555705883
0.1663336948455962, 2.0174222376746833, 0.8512577911608369, 0.3541679697314634
0.18317255551115932, 2.0606496746160783, 0.8249979577941068, 0.33114488296704386
0.2119413208516468, 2.006323906099002, 0.783939711725166, 0.266206927043306
0.37913122895142415, 1.693130367323718, 0.5917227601875391, 0.19739074954182423
0.3552143387179634, 1.846042466181327, 0.646096028323326, 0.21690310151188621
0.31177578628917174, 1.8715182107376367, 0.6984177874706936, 0.2563642455510772
0.3127461613105771, 1.9795106011266081, 0.6763613346342302, 0.24663213236444137
0.2818654032764427, 1.8971142545261641, 0.7063277579565078, 0.25762055901872766
0.4229693475655003, 1.6746314365342978, 0.5879390236016966, 0.20273066747058643
0.3981962440778583, 1.640189893775501, 0.5835042255138878, 0.21421458102666258
0.4048747074604715, 1.7348899559701398, 0.5853802721389713, 0.1920026500420578
0.26417032935669843, 1.976864773939377, 0.7230140557643066, 0.2691392645073416
0.4977453050973229, 1.350903313721592, 0.5087017808497913, 0.15465887246454058
0.46047148809863575, 1.5265583129120925, 0.5439494674021047, 0.18667499944005994
0.5082481876819454, 1.3669938702329572, 0.4946171309970176, 0.1596814975554716
0.4827901135909584, 1.249184163078573, 0.4774370748099288, 0.15875498414221303
0.3632056624236543, 1.4940375059126882, 0.6359648060210025, 0.21996762280340948
0.40921285461498946, 1.9897036638302892, 0.5448910782939339, 0.18531880137184964
0.41549175181231807, 1.8132065650337437, 0.5632132099356627, 0.18972808167245506
0.3625206918203094, 1.731117647650498, 0.6501886177097366, 0.20314295961219547
0.32359152919687195, 1.8757550188671597, 0.6614778154155141, 0.24390327565919534
0.2757006678463383, 1.9258622416684301, 0.70563924936717, 0.2638261888570436
0.3467663679433758, 1.6675863316311017, 0.6750976401136475, 0.21929929401292245
0.4388378332096581, 1.6515510190641698, 0.5800651806659275, 0.19959619495737102
0.24915805696672186, 1.7469872874724783, 0.741448527329514, 0.2970567389994756
0.4578457674524802, 1.5014172538760264, 0.556020627080033, 0.1854844348053699
0.5098464524230835, 1.513934387394987, 0.49094778551487495, 0.15183326219955343
0.4967178491923055, 1.4118810596888764, 0.508686722565877, 0.1618199583151758
0.34151492665106453, 1.585670561021958, 0.6551945374775608, 0.19846689578054477
0.27284662366573437, 1.739036045000157, 0.7148689337528106, 0.2663779900403265
0.35401564016210973, 1.7386315451466374, 0.6700288813065043, 0.21464028474876443
0.3190250585079057, 1.6043394457086784, 0.6863692428642807, 0.22398956653471205
0.45499172327187626, 1.5580289997396468, 0.5488091225028808, 0.18307298226915145
0.5559107254980307, 1.1262725563063334, 0.46978762894730325, 0.1420531489272071
0.35527141960157543, 1.604762616855817, 0.6493816458118556, 0.23962251791991174
0.44174895827387406, 1.8875472462267777, 0.5621889660319019, 0.1968567370185209
0.3276442719333295, 2.0108492637280766, 0.6929091501633935, 0.20787350207884617
0.11433300987499287, 2.2016562122590697, 0.8952687713035934, 0.42096454765704894
0.09829328157999886, 2.215856998456287, 0.9291768306238016, 0.4149072961140692
0.1566299446315429, 2.4256006153052145, 0.8506192097687443, 0.2369039924363766
0.3421998972544095, 1.676697745787389, 0.6256168425758726, 0.2340221051525838
0.2710771162737599, 1.9987241470675619, 0.675283907400432, 0.25837167834548086
0.29019921228380613, 1.9158372242052375, 0.6759368543148425, 0.22535803519894007
0.17090016553456247, 1.8612022300045257, 0.8070429681716046, 0.31666168860367055
0.35230321365374734, 1.6955617684752942, 0.6467742451417571, 0.21041580764548404
0.34476853701695304, 1.7348908443716033, 0.6442546099777863, 0.2483687146751399
0.29128374907243565, 1.642271234296597, 0.6965804446823095, 0.23995727204832104
0.41817455334208575, 1.493955067952982, 0.5322551797300538, 0.18458676526515685
0.38495347907985616, 1.639681838549356, 0.596345779699744, 0.21580362191235058
0.3035561390490325, 1.949317662690837, 0.7024810260798598, 0.2361585632610274
0.39893829556481536, 1.727230932489331, 0.60662506302219, 0.21081369445555836
0.4164621268337234, 1.6716821484522457, 0.6029904832860422, 0.22530792525676102
0.4828471944745705, 1.6596096535102982, 0.5282670637330051, 0.1768077793020821
0.31462983046977566, 1.5909680840263996, 0.6609069282392356, 0.21815314963364751
0.3065814258804726, 1.7561382396599903, 0.6748631118996695, 0.24176242028091327
0.3573834122952223, 1.9333204203758674, 0.6605251603752061, 0.22185327637105332
0.24915805696672186, 2.0938277091533055, 0.7509246123770135, 0.24996318111906082
0.10793995091044009, 2.244352893855475, 0.8820124338330841, 0.30069435579988957
0.19470289400079913, 2.0699892154913853, 0.8065799800508563, 0.29415415616255464
0.318511330555397, 2.051640080129102, 0.663949438916687, 0.20199496832034128
0.33757634568183115, 1.8098656722614568, 0.6416997395056214, 0.2489909678329659
0.36040869912666246, 1.7380250015278658, 0.6355798959540189, 0.2198081144649539
0.5004851875107027, 1.7245557954223047, 0.4960120820527174, 0.1782748347764819
0.3531594269079285, 1.8305161234668226, 0.651139830784131, 0.256761621406874
0.36400479479422343, 1.8272002339192983, 0.6210544630537655, 0.21298998053441717
0.4151492665106456, 1.815025593532371, 0.5923494093670009, 0.19749972760557263
0.05924995718933729, 2.305857839918591, 0.9318012244188592, 0.3000656448018236
0.11039442890575946, 2.387843098669838, 0.8903512465325331, 0.3725035569581911
0.16696158456532906, 2.270922604063901, 0.8246323481951343, 0.3643867759031003
0.21388207089445746, 2.233119715021533, 0.782286981326412, 0.2984465354319512
0.20560534277070608, 2.1666894436522197, 0.7895435247067543, 0.2748156616852907
0.28203664592727895, 2.124103492447704, 0.6963647807735357, 0.2393753704723101
0.26805182944231976, 2.0812620659166834, 0.68665271425037, 0.27748715769250437
0.14390090758604943, 2.4473865128038437, 0.8626981854577527, 0.3623669732174015
0.2569781380215766, 2.1637336987734344, 0.7454327598759091, 0.2596923587806257
0.18688281294594442, 2.5576523383007084, 0.8123637214968121, 0.3286819268437759
0.2710771162737599, 1.9511731234415528, 0.7112890759515971, 0.2723775328643761
0.3101775215480336, 1.8419266144253155, 0.6959237154934987, 0.23571013170566787
0.2874593298704264, 1.9224272504660682, 0.7124488165200608, 0.2663564472992052
0.4988869227695645, 1.5959431615701325, 0.4985097034328476, 0.1446414452569226
0.29938923454535077, 1.9021517384391824, 0.6913248621205361, 0.23923183368638123
0.3985387293795308, 1.8455894208334103, 0.6013897610242946, 0.1954663434578739
0.3464809635253154, 1.8412256923709003, 0.6309733059488724, 0.24908547106983098
0.4287915976939323, 1.5264464774207782, 0.5656894500213084, 0.19815588170454673
0.3967692219875564, 1.545590564495448, 0.5928186118564873, 0.20639239084339703
0.3915177806952452, 1.5085959336965744, 0.5904497968654998, 0.20592985316663837
0.5144129231120498, 1.3873042603681958, 0.4665623809400683, 0.16482325124975247
0.3412295222330042, 1.6838799995407474, 0.6188920976624592, 0.22630717860134011
0.4622409954906102, 1.4348743649995845, 0.554613928302771, 0.1820299066648976
0.5061361949882984, 1.3782222962276025, 0.5031504268937139, 0.14272244337875883
0.4237113990524573, 1.5790180265520717, 0.5882267581567973, 0.20662331001903717
0.5164107540384725, 1.3415477428747111, 0.4712319154085961, 0.1582121333205
0.3472230150122724, 1.5389525006368447, 0.6314178241921539, 0.24836792888617953
0.3526456989554198, 1.7499129674030334, 0.6436732302101993, 0.2470979716458642
0.3053256464410069, 1.9508310169027483, 0.6756425023766051, 0.26516491812478454
0.18950853359210001, 2.0877799620958513, 0.8150077400594101, 0.304546108244059
0.2880301387065472, 2.010150675101601, 0.7297751183188756, 0.24559688423087228
0.28426280038815, 1.7574275681278302, 0.7290922070882465, 0.26745302310677393
0.12540670129573606, 2.0444849369780265, 0.8857554909935331, 0.3860752135972605
0.2977338889206005, 1.8947196950500935, 0.7103503404774755, 0.22976883988780195
0.3159426907928535, 1.8274571378792153, 0.7331651253676159, 0.23142175421914707
0.32616016895941546, 2.0804416251867095, 0.6863396082857447, 0.22469338023138305
0.1950453793024716, 2.072610440050891, 0.7990819502795357, 0.29868684372878057
0.24230835093327244, 2.23629486116483, 0.7592614245562207, 0.2460301071173981
0.1332267823505908, 2.4587628740420304, 0.8965656800588307, 0.3987802626601335
0.14743992236999828, 2.3830949129446695, 0.8629925554591058, 0.39637984570371065
0.18203093783891774, 2.15333584840524, 0.8218816225112642, 0.3065636953724586
0.2108567840630173, 2.2077321642861465, 0.7561797852465204, 0.3240866058524079
0.10303099491980136, 2.287574483444786, 0.9061240673860921, 0.42149264953997573
0.17894857012386553, 2.364832852697718, 0.8288721644528989, 0.28620737456360623
0.10114732576060277, 2.3017244203033917, 0.9163432402539624, 0.43102877196393213
0.182944231976711, 2.175367369908463, 0.8190602346596586, 0.2696971702618569
0.1161025172669673, 2.379443013036596, 0.885053080959335, 0.3856304516616679
0.1466407899994292, 2.072571149604003, 0.8834171523957406, 0.3593455288815516
0.27518693989382953, 1.9950413986206108, 0.7337105233559221, 0.2934058099109645
0.1729550773445973, 2.470784566668358, 0.8148853191521711, 0.34747415598797543
0.2145099606141903, 3.158464587061306, 0.7832537652658863, 0.2908200084935705
0.25366744677207603, 1.9893846381873503, 0.7490208740898369, 0.2650364840069782
0.17752154803356357, 2.131588700291392, 0.8149587776210204, 0.3326472885646626
0.23785604201153035, 2.0794806870445757, 0.7760794854320417, 0.2961796373529928
0.23762771847708203, 1.9979468574602315, 0.7607070898508053, 0.2724708774660216
0.23996803470517725, 1.9737911527576943, 0.752419569438915, 0.2492430258227741
0.3330098749928649, 1.7780168906583165, 0.6591259743868918, 0.1984244731602045
0.23129174039614134, 1.7006292474331788, 0.7472196975744956, 0.27768144881759044
0.42622295793138876, 1.925413883380867, 0.5383335505331425, 0.1683856526746558
0.1584565329071294, 2.0096273108686553, 0.854166153768432, 0.3099543422622211
0.3707403390604487, 1.8806711837944494, 0.6319491687760584, 0.17711591468880206
0.33706261772932244, 1.8216890801549999, 0.6505574098913882, 0.19486729757003524
0.2557794394657229, 1.9505864489574576, 0.7003342469821291, 0.25737762646354034
0.15474627547234432, 2.236854474827187, 0.8444647877452001, 0.35609512413553196
0.27524402077744164, 1.966621141755504, 0.7213107828197987, 0.23826000217768648
0.2337462183914607, 2.1829689834952672, 0.7568940223874104, 0.2739017722140566
0.3610936697300074, 1.7207904707433508, 0.6254435462173681, 0.21548354644543266
0.4255379873280438, 1.7499383983019245, 0.5796278086730561, 0.18633359075362022
0.37673383183971687, 1.6564033699944736, 0.6047677277130702, 0.20618196674073647
0.40710086192134254, 1.6565743146544076, 0.6048068426376088, 0.1891672579458669
0.48233346652206177, 1.4390473198323184, 0.5093722851269884, 0.16130088945112347
0.45076773788458246, 1.6344302466718756, 0.5150365657305624, 0.15849363641506795
0.23511615959815058, 1.8349459623935267, 0.7633029134638007, 0.25883830096538774
0.3770192362577773, 1.5201172879266307, 0.6135900686200765, 0.1877259232513787
0.43318682573206235, 1.480019745019563, 0.5812527210447586, 0.1834834981310366
0.4227981049146641, 1.4383887509837243, 0.5661456605884765, 0.1947822712429133
0.5176094525943261, 1.5339027926750233, 0.48162653300563785, 0.15591939908662777
0.2501284319881272, 1.9232890942004304, 0.7550844676655994, 0.2712824182081131
0.4975169815628746, 1.580681083170925, 0.47222589503914747, 0.15867271910090722
0.46075689251669616, 1.5487464388944194, 0.5177610034164684, 0.15442913589983637
0.42251270049660367, 1.5311593401989332, 0.5715314902286843, 0.18541809501507
0.48130601061704437, 1.9570604224027826, 0.5015187686730108, 0.15833154562746934
0.22752440207774416, 1.9534774279545428, 0.74026957031544, 0.2702030230096392
0.32987042639420056, 2.0168689240657534, 0.6422718415805445, 0.2824395092275264
0.1315714367258405, 2.2050240520976696, 0.8718115408560025, 0.34114278053474856
0.2182772989325875, 2.1487394628734906, 0.7386015246856106, 0.26570080024607423
0.15919858439408643, 2.1021285805774883, 0.8288974313322952, 0.29150433787687513
0.2781551458416576, 1.898487658361586, 0.7245709983536274, 0.2895596614930365
0.3385467207032365, 1.6920670922389482, 0.6657495146957453, 0.2398932092989606
0.33358068382898565, 1.9852320563354968, 0.6431318933320017, 0.24471817578302532
0.38466807466179576, 1.5686818395067046, 0.5824983027757303, 0.21516298203005724
0.4888977681374508, 1.6341937901909898, 0.5403910746947084, 0.17375076140538906
0.41543467092870595, 1.6773670633890236, 0.5674260206716887, 0.16948786724877585
0.27781266053998516, 1.981735148294936, 0.7203396659193395, 0.24730919882902977
0.4040755750899024, 1.7766962879133712, 0.6085960607134148, 0.20349721025563533
0.4501398481648496, 1.9047305756994113, 0.5653695005565363, 0.19354815140084497
0.2016096809178606, 2.0472802542355435, 0.7931564531683276, 0.32614233892546873
0.29950339631257494, 2.1245168305551143, 0.6894165799888882, 0.234953290662093
0.16542040070780295, 2.2293151651413257, 0.8420619031261889, 0.3241444489860146
0.26371368228780184, 2.136164845019363, 0.7438468977918851, 0.27846074517155317
0.12803242194189166, 2.1749641604738983, 0.8735601537276978, 0.3261778200617664
0.12534962041212397, 2.3097174679745116, 0.8554384688919311, 0.3151914152195752
0.09829328157999886, 2.3862216169345976, 0.9291768306238016, 0.41607226358290444
0.2078885781151892, 2.3099865130184924, 0.8149321637628753, 0.26852620315995235
0.1332267823505908, 2.4511865721465287, 0.8691182201122954, 0.3631430265286131
0.1966436440436098, 2.034837854584573, 0.8140640757265422, 0.28151789877704086
0.24116673326103089, 2.09347307394204, 0.7174183026674902, 0.2556493170222641
0.3965408984531081, 1.7492066674481803, 0.5819117834358123, 0.18001764003208326
0.4241109652377419, 1.586178195817441, 0.5746784056643971, 0.18146209550421244
0.3738227067755009, 1.7708994282884911, 0.6184727297780053, 0.19260860128843282
0.2763285575660711, 1.8099226259744305, 0.7299864493478823, 0.22853861273367518
0.26702437353730235, 1.9690434609559635, 0.7390259020258924, 0.25712026262048676
0.45048233346652206, 1.4042842061669731, 0.5629698059178743, 0.18034857348403197
0.3029282493292996, 1.6748986066968088, 0.6605894188121653, 0.22292866630854757
0.48844112106855414, 1.6678484960658153, 0.5264086974703415, 0.16234453910953722
0.2948227638563845, 1.8881573460592556, 0.7045127962347045, 0.2640796748946499
0.3927164792510988, 1.8711377901127026, 0.6026769359185402, 0.18407975829923803
0.3434556766938752, 1.6874174961278112, 0.6355867021521034, 0.24308967473890541
0.36212112563502485, 1.8158572887655935, 0.6395680593154078, 0.21259370158474322
0.347679662081169, 1.7611432878048672, 0.6472489030583075, 0.24802316315141937
0.4612135395855928, 1.4788765346182624, 0.5145918221535368, 0.16197278493960632
0.47217306923911184, 1.642427198518676, 0.5415526404731235, 0.17748280892286247
0.4817055768023289, 1.4855127560880754, 0.5169587574568897, 0.17074188492168438
0.6235515725783435, 1.2284902661496138, 0.3773438615330441, 0.11255364479930771
0.41863120041098234, 1.3890445919278835, 0.5787197786346023, 0.20181851896721065
0.501455562532108, 1.505153338239171, 0.5101397850074837, 0.16790465708033653
0.5178377761287745, 1.2439411967538578, 0.5013431140680317, 0.1612490800661717
0.5674981448712826, 1.271743764358607, 0.42210117619575505, 0.15078477060131878
0.5662423654318168, 1.2966222457944534, 0.43108103759693983, 0.12903590198726106
0.482504709172898, 1.4532542158611643, 0.5216759633167224, 0.18019852638169773
0.47868028997088874, 1.4538989271440186, 0.49900489018901495, 0.16102747030869327
0.4769678634625264, 1.8114357507421421, 0.5302239902425514, 0.19951261624688038
0.40635881043438554, 1.8895347621031389, 0.5845861983120256, 0.18273474508260518
0.21730692391118214, 1.9580996126690116, 0.7735732126582632, 0.30108976644801566
0.2989325874764541, 1.912588637593307, 0.6872890623806122, 0.23221668213572733
0.2553798732804384, 1.8613043309510098, 0.7113984212562394, 0.2905425720277168
0.377532964210286, 1.677737745331523, 0.6090547088171556, 0.2013720618582245
0.47023231919630115, 1.59286725213521, 0.537021307462201, 0.1623998157834017
0.35601347108853243, 1.548920562866242, 0.6541558747804589, 0.22358409853870867
0.5133283863234203, 1.5268451309862785, 0.4927470648444336, 0.14159989432622605
0.37445059649523377, 1.9949397588471611, 0.5942098488437935, 0.19895448666313897
0.23129174039614134, 2.1090312513819813, 0.7628885030037263, 0.2680220421826608
0.18705405559678065, 2.0118550353075, 0.773406871243249, 0.3005719881402492
0.18596951880815116, 2.213497852685755, 0.8051683918542392, 0.33271125572784405
0.2795250870483475, 2.012374849649888, 0.6864767993055695, 0.21663480192337797
0.28494777099149493, 1.9683930355022266, 0.7261644836964953, 0.2365422629721732
0.30515440379017067, 1.854258072227231, 0.6942678874870457, 0.27394826072847217
0.36891375078486216, 1.767288268990383, 0.6377554032685834, 0.2364423750905693
0.39968034705177236, 1.6217562661703622, 0.6030546791122361, 0.20312959940404
0.4833038415434671, 1.5444804881406202, 0.5144129530309784, 0.16941280072843568
0.48769906958159714, 1.479221976050381, 0.515762712878617, 0.17995236039746718
0.41994406073406015, 1.6796908083997149, 0.5821570622541777, 0.1883053184474893
0.4448884068725384, 1.476429306131852, 0.5504733191385828, 0.17470267784121826
0.39597008961698726, 1.4558186988576518, 0.59721346936494, 0.2013894141745466
0.516011187853188, 1.291911026379025, 0.45796621157911555, 0.14507505988055033
0.5154403790170672, 1.3942509284267972, 0.4858462356803608, 0.16209371695547004
0.5064215994063588, 1.411074597471224, 0.5266905593208963, 0.16026288623770985
0.5440379017067184, 1.255784438112513, 0.4395652147861707, 0.13085079982385056
0.5664136080826532, 1.287105048695066, 0.4179665342209956, 0.1279880554097253
0.43918031851133055, 1.6572459232217542, 0.5701882674295757, 0.2075314929168245
0.4164621268337234, 1.489050916816636, 0.5493663873813457, 0.18080227061505272
0.48307551800901877, 1.5372411781838309, 0.5320389757153, 0.17178566572269766
0.4682344882698784, 1.5922670235152563, 0.5052902489101605, 0.14794103652688328
0.45071065700097035, 1.4493863216831337, 0.5534044413697433, 0.18742716726338685
0.49523374621839145, 1.2594333959373276, 0.5107445418471972, 0.15502398300795833
0.3975683543581255, 1.3969264837219308, 0.5538391905888064, 0.1858820620301492
0.5394714310177522, 1.286413696127413, 0.4874358046364112, 0.15647768196716094
0.5157257834351275, 1.2102183074367663, 0.4919171630154961, 0.1621095706871795
0.5448370340772876, 1.3524881932137867, 0.4381171351929806, 0.15311844926163037
0.6024316456418746, 1.1998518466510568, 0.3735730220085625, 0.11908210580925349
0.5468919458873224, 1.3419690758195721, 0.4540096922740606, 0.15340592094053382
0.334551058850391, 1.5571263490596776, 0.6645625446907434, 0.2340883178594931
0.3169701466978709, 1.7542819193413326, 0.6747874506178043, 0.24636556463638068
0.483246760659855, 1.4721181351161792, 0.49974350628525827, 0.17475857331745762
0.4295336491808893, 1.512556988199223, 0.5620750514971813, 0.21789960135181885
0.3840401849420629, 1.5752426749396742, 0.6082726505747871, 0.2205771826721557
0.39197442776414176, 1.4682084929521881, 0.5889452511016899, 0.17907519536756275
0.4926080255722359, 1.2278845226446906, 0.5151648929952023, 0.16392225504700533
0.5252582909983446, 1.1895883881247569, 0.47636060997798246, 0.1537682937607665
0.4972315771448142, 1.4005546874949715, 0.5029049615851718, 0.1839631160835096
0.5485472915120726, 1.391653911379063, 0.40873848424865505, 0.14189976717556058
0.6092242707917118, 1.0654536445916287, 0.3649598936634206, 0.12084358290497135
0.4614418631200411, 1.213417507662567, 0.5382911717111285, 0.17713790866271334
0.5903875791997261, 1.229709081376849, 0.39332671820994297, 0.1376047270649462
0.48655745190935556, 1.6476784625535985, 0.5266149582402988, 0.16289755761543145
0.4253096637935955, 1.7742476788338233, 0.5744658680099721, 0.20557063151031835
0.4087562075460928, 1.6699480624328609, 0.5941015409575925, 0.20208263198110288
0.3394600148410297, 1.9430430687794273, 0.6610880471324504, 0.2250286632971452
0.42302642844911237, 1.782944622009991, 0.581415375175449, 0.1908543328913488
0.3769050744905531, 1.7236766267655694, 0.6450188514016673, 0.1944075511980477
0.3815286260631315, 1.92893834852779, 0.5874916363415337, 0.21094105243150532
0.12643415720075346, 2.178711291524848, 0.8846583147057205, 0.40927210147433307
0.4121810605628175, 1.6177771380791566, 0.598079602098652, 0.20410539293794067
0.3077230435527142, 1.714928077140133, 0.7153374757923516, 0.23682824299421537
0.37787544951195845, 1.6412071736546587, 0.6141331191479243, 0.1823864996176485
0.39454306752668533, 1.7134108380630644, 0.6235444369584703, 0.1978684682122144
0.3564701181574291, 1.7877743515537456, 0.6406838361005469, 0.19058353103713851
0.22723899765968378, 1.890757521297488, 0.7698340779916076, 0.2676464462648535
0.36029453735943834, 1.776046826126464, 0.6378242400720682, 0.19465493313805216
0.553227923968263, 1.4532771625878897, 0.43114790998215624, 0.13519572746297628
0.49900108453678865, 1.393222735494816, 0.48787987925392967, 0.165479871036712
0.52183343798162, 1.3009701080535656, 0.4678398920414734, 0.16031173053549863
0.11067983332381985, 2.3073343374092383, 0.8845910545344927, 0.3497196831504103
0.09835036246361094, 2.3266288644817434, 0.9290811365873687, 0.41746516944912215
0.09840744334722301, 2.3460680977028048, 0.8908850128543422, 0.4213905293045388
0.17889148924025344, 2.2765527761610573, 0.8296391231138327, 0.28181614294539387
0.21536617386837148, 2.1243482345628086, 0.7783117483406712, 0.2740010077368279
0.3206233232490439, 1.9885160749691713, 0.6810829893709271, 0.23956776498240454
0.39785375877618584, 1.7135307550144505, 0.5833856055804153, 0.19277277004962506
0.42548090644443176, 2.0688166119504023, 0.5633062700135802, 0.1696177704206382
0.34465437524972886, 2.0928131331251025, 0.6720739869413337, 0.21181868063389664
0.24961470403561847, 2.095448448809187, 0.6989125307570346, 0.2607866246049294
0.21913351218676866, 2.0873650221718765, 0.780267624332285, 0.28041834681037103
0.3853530452651407, 1.9162709450359738, 0.6253368130086452, 0.1970929859568167
0.2695359324162338, 2.1786054386872937, 0.7332260086241551, 0.26878415964073754
0.2413950567954792, 2.1002055292253634, 0.7449584812106567, 0.3364555082051443
0.3179405217192762, 2.1366004899890125, 0.6929581235057214, 0.21790197758646504
0.26103088075803416, 2.2038865677263444, 0.7492174831050786, 0.26945202298039694
0.19681488669444602, 2.1641268779700855, 0.8184055304761503, 0.3098611178824768
0.28397739597008964, 2.0630308972271116, 0.6920602861142703, 0.2375348613234196
0.20509161481819738, 2.1615168455154823, 0.797597849411933, 0.31360923622629333
0.20674696044294766, 2.1080703059572548, 0.7992264890787331, 0.28354624945066637
0.43626919344711457, 1.698833223350435, 0.5607960080694463, 0.18108827033830455
0.42262686226382784, 1.6802835296778873, 0.5532837422200736, 0.16368138540512422
0.4324447742451053, 1.5500498847252662, 0.533895365399427, 0.17464523292295084
0.4493977966778926, 1.5985104033666167, 0.5596398996247003, 0.18409154946063047
0.46869113533877504, 1.6792505881211905, 0.537136149046272, 0.163760174536471
0.4193732518979394, 1.7520430364104682, 0.592250925654956, 0.19500495274403384
0.3132598892630858, 1.7055874640684816, 0.6728718138611619, 0.21066116543849703
0.353501912209601, 1.71941792866269, 0.6323041618162587, 0.2422340776536625
0.3867800673554427, 1.4527498302350028, 0.6024326124522892, 0.21153669439114448
0.4390090758604943, 1.5242790481095527, 0.5721080207555937, 0.18432790617408046
0.4056167589474285, 1.6561278412280693, 0.5911127706677213, 0.20380604321666657
0.4479707745875906, 1.804879283019074, 0.5504660792930011, 0.1728351629484157
0.40162109709458305, 1.6385928279998756, 0.5911360405010896, 0.22530673286556052
0.3197100291112506, 1.7949675667795582, 0.6711656648790154, 0.233470768026713
0.263142873451681, 1.8366223703992237, 0.7198022663379601, 0.2655790333468825
0.31679890404703465, 2.0797156027390997, 0.6831111611206314, 0.23602208579207884
0.23620069638678007, 2.1602009180657866, 0.7262365319793288, 0.24489117873314148
0.17461042296934756, 2.1365583294146586, 0.8457690843749599, 0.30135226098552736
0.13436840002283235, 2.2027033907487055, 0.8724817871838786, 0.2921050686010591
0.30201495519150634, 2.2203828210162206, 0.6976997082573186, 0.24087238088805957
0.2763285575660711, 2.1115722504593113, 0.7246009522076007, 0.24296735324856883
0.3795878760203208, 1.67337710716945, 0.5857637902617165, 0.1889767765688607
0.27627147668245905, 1.7373013670834119, 0.6843259572349648, 0.23309172718013982
0.40173525886180717, 1.606403128745873, 0.5689310840714839, 0.18287800181067004
0.36531765511730124, 1.6973003283661041, 0.661905341067972, 0.21222645164113266
0.3098350362463611, 1.678728596183207, 0.6471945221761953, 0.21626465467034856
0.5004281066270906, 1.367056821734334, 0.4868195618138455, 0.15608564601541564
0.3806153319253382, 1.627048149756818, 0.5942696264323868, 0.2600936118020743
0.28021005765169243, 1.9689267552894465, 0.6999501865671856, 0.24648992234943026
0.29048461670186654, 1.8684917850999012, 0.695356296089227, 0.2648135675305292
0.17232718762486443, 2.0811460921056564, 0.8326433494370598, 0.31634637464114024
0.14201723842685085, 2.131098012842812, 0.8245952053184563, 0.380296032059904
0.17141389348707117, 2.2163001289343995, 0.816541096183431, 0.3280474970580801
0.2900279696329699, 2.0008276221251213, 0.7318610688395417, 0.23346008935535095
0.3419144928363491, 1.7597886316477827, 0.6486818419387441, 0.2177030473815356
0.3825560819681489, 1.8226301697360794, 0.6212439717387505, 0.22460338075127065
0.31577144814201724, 1.9807328926971892, 0.6806099870942631, 0.22276452083667622
0.3707403390604487, 2.0510980407792183, 0.6189223951729448, 0.21090134144121253
0.4805639591300873, 1.5646661336699745, 0.5321135114682929, 0.17330133124175642
0.49129516524915806, 1.458292522144934, 0.5125512097788569, 0.17010163497071576
0.4448884068725384, 1.6664323223644935, 0.5564631512073863, 0.1922564882946973
0.45048233346652206, 1.5384251000468634, 0.5564577635565989, 0.1775144962139001
0.5157828643187397, 1.4916114206047075, 0.4984124241546408, 0.17982109933630103
0.36697300074205147, 1.5813464212243407, 0.6011984611290141, 0.20979100848785617
0.5626462697642559, 1.194199355142117, 0.424975722807833, 0.12926165609917134
0.5351332838632342, 1.68122853985578, 0.467809178349443, 0.13143330410107884
0.42125692105713797, 1.6832369523162989, 0.5763444241008983, 0.21014560619711337
0.32205034533934584, 1.863993355254685, 0.6750998018772756, 0.24476145652584796
0.24853016724698898, 1.9730607729822582, 0.7581387614274694, 0.25079167004206326
0.21445287973057822, 2.0322256796187452, 0.7735080367245402, 0.29171356897343254
0.3681716992979051, 1.8236705791433758, 0.6379361438129121, 0.22849004890603125
0.33968833837547807, 1.7789617848046546, 0.6534018123690056, 0.2027424782640581
0.38055825104172614, 1.555145428920896, 0.6178525276594957, 0.20573115769350256
0.3337519264798219, 1.8773582629815644, 0.6723334781890047, 0.21345463330770179
0.5589360123294709, 1.4699990467649868, 0.4365601808569827, 0.13389813639048959
0.3211941320851647, 2.0051964061555134, 0.6753086792278863, 0.24371200618928743
0.18488498201952167, 2.6350914458771606, 0.7968978819905885, 0.3043326000891898
0.24225127004966038, 1.8565701274908843, 0.7430143584883371, 0.2731852868525907
0.30024544779953194, 1.8038975533451607, 0.6922464290424728, 0.23919819469539153
0.2853473371767795, 1.9628524832260363, 0.7007672084694262, 0.2527960639028548
0.36976996403904333, 1.9733805164632694, 0.6155209129650616, 0.22439694791495282
0.3018437125406701, 1.7212037697406357, 0.6807002713520547, 0.26139671836437595
0.29413779325303957, 1.7154824849956214, 0.6958801286394162, 0.2852123347780592
0.375363890633027, 1.8498309292870982, 0.6152437153389662, 0.21263839520320893
0.4723443118899481, 1.9215726959725086, 0.5277305085526582, 0.18224329115730442
0.3408299560477196, 1.8216111148606084, 0.6594609222830379, 0.2331903454301529
0.39734003082367714, 1.6384873129080826, 0.6148624573612682, 0.20374347484780603
0.40892745019692905, 1.6354608618033872, 0.5581177028472585, 0.1728720200321667
0.331639933786175, 1.6219232185813444, 0.6658150771848758, 0.2560219644762507
0.31451566870255154, 1.7426598559565534, 0.6827177249637201, 0.24008928411149755
0.3759917803527599, 1.7196158563970287, 0.6111861256615854, 0.2135230333492531
0.33672013242765, 1.655394206435633, 0.6516016449059419, 0.22734427184328518
0.36708716250927564, 1.499165726193514, 0.6524726389493655, 0.2129405503128604
0.5034533934585307, 1.5635115479632282, 0.49404073248173025, 0.1610979377493348
0.41343684000228326, 1.4667065311113758, 0.5785924737915276, 0.2005603988351142
0.42125692105713797, 1.5599919306754904, 0.5886478501194988, 0.20637844831589697
0.4646383926023175, 1.5595561824328579, 0.5336951939601361, 0.16772034794329252
0.3984816484959187, 1.5663730907383366, 0.6197071419865877, 0.20415377717606645
0.4851875107026657, 1.4911975361038081, 0.5260470873483519, 0.16770521048294534
0.49255094468862376, 1.5802534986535084, 0.5172353825445173, 0.18173988164225655
0.4293624065300531, 1.5225428551311286, 0.5689075504313804, 0.22250767163872376
0.104229693475655, 2.3034347256362637, 0.8840094015961405, 0.2601046410071874
0.1726125920429248, 2.2880559554144404, 0.8395159485853033, 0.31615393484836063
0.17832068040413265, 2.1923111480449635, 0.8316414595016666, 0.30790491968347883
0.19196301158741938, 2.2613486358309536, 0.7907249694517807, 0.28228806941640683
0.19247673953992808, 2.5692508761363864, 0.8127390438247417, 0.3002885146291165
0.09829328157999886, 2.360715876159633, 0.9291768306238016, 0.4163539610843049
0.18043267309777955, 2.288309483361017, 0.8563763837409134, 0.32504012525104836
0.32399109538215654, 1.748839566945635, 0.648384200163095, 0.21578244606732164
0.19304754837604887, 2.278671451823489, 0.8125593378959095, 0.2954449367127521
0.29990296249785947, 1.9213834790900675, 0.7106631363055882, 0.21653810353927125
0.4456875392431075, 1.4755611206456485, 0.5278926129668545, 0.17715667568584226
0.3703978537587762, 1.7417400113979262, 0.6498903417650174, 0.21260420095274804
0.39688338375478055, 1.4077871615272644, 0.587563145708389, 0.17433932569636526
0.47177350305382726, 1.4456255587515436, 0.5062376086779647, 0.1827770878159461
0.42445345053941436, 1.803246695821542, 0.542058155731993, 0.1719494899469634
0.26793766767509564, 1.9201509249632922, 0.7124308578755335, 0.26474270964120694
0.32421941891660483, 1.9743678196239733, 0.678379797260504, 0.22638305449011017
0.31651349962897424, 1.7150074698771371, 0.6789240743221743, 0.24118093821924247
0.48256179005651006, 1.5838785136108005, 0.5096189444375596, 0.1647250818733154
0.3324961470403562, 1.7742600201781302, 0.6723615615868593, 0.2361157833394804
0.46212683372338603, 1.3933794760861906, 0.5615607012708002, 0.16791568667853046
0.49089559906387353, 1.730917543028239, 0.5296628721126662, 0.1640003784363537
0.45790284833609224, 1.8414835429122183, 0.5270340731322563, 0.16441162079826996
0.35338775044237686, 2.0275156361319526, 0.628207418944934, 0.1896483863107995
0.36366230949255096, 1.8217882638608656, 0.6364604627303223, 0.2178349539771114
0.4470574804497974, 1.752265004706414, 0.5654865429400996, 0.19581428213829405
0.30863633769050747, 1.7332160968038548, 0.6633258380822449, 0.22630581098616656
0.4313031565728637, 1.7041525660063879, 0.5612011845463598, 0.1894217347301229
0.32233574975740625, 1.9038481342172615, 0.6574391603936998, 0.2206607589667729
0.3959130087333752, 1.6066412272889616, 0.5911091135027625, 0.2053966165895856
0.334551058850391, 1.675731120197201, 0.6566076070569887, 0.2105051122985498
0.3948284719447457, 1.5007218007995382, 0.6187185686676133, 0.17214377847433948
0.49038187111136483, 1.7150287849220336, 0.47927059065074895, 0.15384478168379523
0.2768993664021919, 1.7622159371277235, 0.7227647558610859, 0.2526953224576596
0.2617158513613791, 1.9773434282363063, 0.7356405590984971, 0.28344642709784523
0.1373936868542725, 2.084154238527486, 0.8682319908597423, 0.4069815442391703
0.35527141960157543, 1.8191061350565616, 0.6440459547186081, 0.2021665353744189
0.3335236029453736, 2.0069455547320243, 0.6738244500777272, 0.2190698920979051
0.28123751355670984, 1.9299357702854705, 0.712854590107315, 0.2614410472630821
0.27975341058279585, 1.9482987570821493, 0.723061897924056, 0.2504287895655244
0.32707346309720875, 1.7642969305033933, 0.6765609324261611, 0.23980965252775477
0.4936354814772533, 1.5103149601018104, 0.534456107677351, 0.15282007383470742
0.4356983846109938, 1.4210301699179875, 0.5435157927825442, 0.1738909516822705
0.4237684799360694, 1.3992845354623749, 0.5413163218879606, 0.17834791147655393
0.4396369655802272, 1.4730431505393489, 0.5541606654510909, 0.1724525366164144
0.460642730749472, 1.6828214603918683, 0.5193718168957673, 0.1772809146816562
0.32861464695473486, 1.682552012973156, 0.6571234411537605, 0.23313586825837962
0.48918317255551114, 1.3752032276110069, 0.5247189577085917, 0.16167305292817855
0.46315428962840344, 1.6087906969873538, 0.49462311678643134, 0.1567308083161024
0.3482504709172898, 1.9089018556378845, 0.6474421935787693, 0.22764583638033137
0.2524687482162224, 1.9724695502510694, 0.7252017113890166, 0.280043681909651
0.39619841315143556, 1.5673810613469055, 0.574427730791696, 0.18811669516919882
0.43609795079627833, 1.6400706751466756, 0.5824340734043343, 0.195068106595952
0.41343684000228326, 1.8706818854565883, 0.5699174761544499, 0.20612347244472484
0.380501170158114, 1.755426046068357, 0.6329407990609768, 0.19832284020015498
0.4440892745019693, 1.783025611739118, 0.5342767894120096, 0.17908662636011868
0.30424110965237744, 1.8577060829021934, 0.7042541583828498, 0.22619777613094555
0.38546720703236487, 1.8371565458613843, 0.6036895997864413, 0.1873392911539105
0.20366459272789542, 1.9323139833807912, 0.8048458986409359, 0.3257477794326518
0.30424110965237744, 1.7902868099187879, 0.6782334777332142, 0.23945940722078432
0.36132199326445574, 1.7023678748525573, 0.6122219787026603, 0.26258840888867785
0.3572692505279982, 1.621677632675547, 0.6245338486663733, 0.23271309585426075
0.47588332667389693, 1.5236072516764902, 0.5365806950268248, 0.17342617922235756
0.510246018608368, 1.702328305959198, 0.5255349724881515, 0.15607409809301895
0.20914435755465494, 2.0422042004491474, 0.7960034635435344, 0.31747401194039443
0.344026485529996, 1.954151509814396, 0.647898929876778, 0.22016759594768265
0.4728580398424568, 1.4755200333971976, 0.5451375664580915, 0.15744930920313702
0.3032707346309721, 1.8132462622443115, 0.6957363428856064, 0.21699981924065942
0.30915006564301617, 1.7244201094954925, 0.6729576686463357, 0.21081483252340857
0.49203721673611506, 1.4129083556728526, 0.49828199082985364, 0.1779139866507557
0.29448027855471204, 1.6027990214318688, 0.6942157985748763, 0.2667787143137283
0.43261601689594154, 1.2863400972262387, 0.5479051519773303, 0.18122664117405612
0.40972658256749817, 1.4809588921982593, 0.5877014366384394, 0.19632783737245307
0.42342599463439695, 1.420794090361034, 0.5952316027466555, 0.18252819729625203
0.3719390376163023, 1.4533298086225936, 0.6056783943782709, 0.21668123952236024
0.3959130087333752, 1.5449173737214617, 0.6131807888229637, 0.19705897481723084
0.6035732633141161, 1.5187029108567571, 0.383866456975308, 0.11606138530638128
0.33580683828985675, 1.7043624912155833, 0.6281192451867562, 0.24301710779251892
0.48866944460300243, 1.3253586718641301, 0.5499134443324294, 0.1707289471371755
0.5486614532792967, 1.382653869593672, 0.47355440173697894, 0.14946523718154991
0.3984816484959187, 1.5785233686215134, 0.5737554715587183, 0.22229798417224333
0.5140133569267652, 1.6124091973805021, 0.4744994474364651, 0.1527763818896523
0.4344996860551401, 1.8980969784976862, 0.5617935442633408, 0.19122977416481102
0.1929333866088247, 2.0856191094039107, 0.8120381779363545, 0.305256634450237
0.23157714481420172, 1.758603106487341, 0.7555489638549843, 0.2646064492218719
0.36337690507449055, 1.5014667482883448, 0.652233551239853, 0.19697910316696848
0.3576688167132827, 1.5792865138380785, 0.6149611132682734, 0.19317395703293466
0.5114447171642217, 1.4950052742490187, 0.4765336898286797, 0.14385973912834268
0.3186825732062332, 1.6975221207978974, 0.6514783373388882, 0.2020324544933666
0.4697756721274045, 1.349347999371638, 0.49446430154449034, 0.15227961297291503
0.564872424225127, 1.2935139048289366, 0.4075567697423202, 0.1519343525555549
0.44237684799360694, 1.5553042733139886, 0.5551195582261983, 0.19301386722902233
0.5056224670357897, 1.3461067443912897, 0.4894345776507029, 0.1670721814927511
0.47999315029396655, 1.3987467424092728, 0.5301676025467186, 0.16567816017699047
0.5487185341629088, 1.4905813959773202, 0.4448657692294087, 0.14656799830363426
0.4614418631200411, 1.6992801487109006, 0.5543250381624087, 0.18100698374533905
0.2631999543352931, 1.9250402652385117, 0.7187619772442925, 0.3035697774125754
0.5266282322050345, 1.4413530774887882, 0.4841166627296591, 0.1414842361834245
0.4332439066156744, 1.6715158660551057, 0.5821530950241668, 0.18302046295214658
0.26046007192191334, 2.0858700428779176, 0.7352834442256677, 0.29919339673760653
0.4076716707574633, 1.5566045097397292, 0.5799932986805311, 0.19915605183945675
0.05959244249100976, 2.306872385564382, 0.9402453317816984, 0.3179587107287376
0.1711284890690108, 2.421958003450225, 0.8268644368583703, 0.3795590874706395
0.22683943147439922, 2.15747172948575, 0.7955347490970839, 0.3086900274926747
0.34528226496946174, 1.9522444608957434, 0.6469770002984839, 0.2286234550044387
0.19070723214795365, 2.0353891261228587, 0.8065392158187986, 0.32331206239994364
0.40259147211598834, 1.7803469558809777, 0.6150444271066283, 0.190703153286724
0.45944403219361835, 1.6161542444973818, 0.5140541339691403, 0.16679396184024728
0.4493977966778926, 1.6852271248334973, 0.5733692315697982, 0.1736110188114087
0.4920942976197272, 1.482159781608416, 0.4921733631152952, 0.15037503398472787
0.4484845025400993, 1.5429950428220656, 0.551861558457304, 0.20548405355531377
0.5278269307608882, 1.3258355406040512, 0.4845938561406741, 0.15184263737650844
0.47046064273074945, 1.3932481792590254, 0.5404100042195992, 0.1499341939743567
0.5488897768137451, 1.8426693267586556, 0.4466291032021151, 0.12245935480696789
0.304697756721274, 1.892444067951533, 0.6783922961250951, 0.3044885943166927
0.18288715109309892, 1.9985952534641032, 0.7777439898704344, 0.32031559557694606
0.17997602602888293, 2.082833861044481, 0.7774894418821668, 0.29182703263883253
0.2683943147439922, 1.8093762973943213, 0.7108253800472067, 0.27469365770726806
0.2724470574804498, 1.7928899814089219, 0.7249622500898643, 0.2738174862869054
0.4320452080598208, 1.7832639517254179, 0.5378586487174597, 0.17579460917726852
0.2742736457560363, 2.0633226275899936, 0.7157461409735617, 0.25742366371883213
0.37416519207717336, 1.9760831918568909, 0.6070900204239255, 0.22271226012210654
0.38809292767852044, 1.7830715272870128, 0.5995005129838282, 0.21385484581745795
0.4133226782350591, 1.7939648429813555, 0.5669776076738015, 0.18807336339647168
0.28614646954734857, 1.9661274033666807, 0.7008489514995826, 0.27856139091153587
0.3671442433928877, 1.9992244190035824, 0.6294613169409519, 0.1790665724245113
0.41343684000228326, 1.7680940797349498, 0.5415976613288531, 0.17728463723300286
0.2651407043781038, 1.9742735028845295, 0.7357309786416486, 0.27482273009312363
0.3282721616530624, 1.9773230122624417, 0.6676519921773959, 0.22098288850885614
0.28563274159483987, 1.99506091304658, 0.6947174176003641, 0.2760451351057872
0.1849991437867458, 2.127795288797396, 0.8055118834085985, 0.29361464766901835
0.2714196015754324, 1.8498212247959345, 0.7269820082034876, 0.26344524501086425
0.3766196700724927, 1.8239389413349896, 0.6046353663571523, 0.20536203654241444
0.384097265825675, 1.7991783300192363, 0.613340962215541, 0.22333422266849492
0.2523545864489982, 2.0464385057696335, 0.7467224309426251, 0.2640726930193745
0.3890633026999258, 1.7933136662416749, 0.6015120403801605, 0.23317644358788076
0.325075632170786, 2.0260232052810387, 0.654443786232116, 0.24248141805434226
0.40390433243906615, 1.9763842834117948, 0.5783555544877281, 0.17559825709140997
0.4179462298076374, 1.9502523911653218, 0.5435143648961916, 0.15177494950761633
0.3312403676008905, 1.9186758166735653, 0.6515842230895319, 0.24487974976071844
0.30424110965237744, 2.0384471652728116, 0.6686990709787685, 0.23490334579335095
0.33449397796677893, 1.9970671968091547, 0.6528675091211187, 0.19005889135200424
0.17409669501683886, 2.5583374679370983, 0.8332835398044581, 0.36077220069706856
0.3314116102517267, 1.797046450302545, 0.6254861316058051, 0.24183119241740214
0.4269650094183458, 1.6802836868643414, 0.5360835142751335, 0.20747803386832497
0.4356983846109938, 1.881213100069196, 0.5598181724934758, 0.18107446336714106
0.4536217820651864, 1.6992984760827592, 0.5425093621361524, 0.1660411886296375
0.4116673326103088, 1.6290641664825853, 0.5694084657662998, 0.18008467955001314
0.3567555225754895, 1.785999333095017, 0.6386110070663054, 0.25753229034291003
0.38426850847651123, 1.528744841346295, 0.588968625918554, 0.2091916884560832
0.41651920771733547, 1.576319851685934, 0.5763380342581809, 0.2281673232405414
0.47691078257891434, 1.8639268921937522, 0.5249683320529127, 0.1705831053730494
0.2618870940122153, 2.0850798337044076, 0.7002413375332981, 0.24001255638836894
0.2300359609566756, 1.9710661014456394, 0.7224014697048013, 0.2855835247009011
0.22940807123694273, 2.1310983452121106, 0.779501970082844, 0.2569874877969204
0.15668702551515498, 2.1970441217420853, 0.8369413306807278, 0.3588185990513219
0.2655973514470004, 2.164828918269933, 0.7417156820219988, 0.25138451675639994
0.19590159255665276, 2.74807792740044, 0.800927648506805, 0.30164465213679015
0.2606313145727496, 2.0662833412417987, 0.7250934881666956, 0.25993490053373847
0.24590444660083338, 2.0740249806108033, 0.7536974428579675, 0.263293310982718
0.3295850219761402, 1.8051891959967614, 0.6785088598911568, 0.23772618155629646
0.3933443689708317, 1.9126421317668243, 0.6113252246345574, 0.19922791296005646
0.3808436554597865, 2.033753146836186, 0.5865606610326912, 0.1917106828691344
0.21388207089445746, 1.9843928180632848, 0.7727133467518342, 0.3077872333976439
0.20200924710314516, 2.125197908528435, 0.7781509219014332, 0.26221010324625454
0.2166790341914493, 2.286886930928409, 0.774632149865097, 0.2971423855348173
0.0997773845539129, 2.5038370160971053, 0.9036240526423596, 0.43367978373856025
0.09989154632113705, 2.836054700894731, 0.9034167483696888, 0.37791014598272127
0.23077801244363264, 2.1600735450255026, 0.7533148072166398, 0.3164143991541126
0.240538843541298, 2.110860248727677, 0.7819243463172666, 0.2946721877108973
0.15891317997602603, 2.1484004951950975, 0.8423714101181666, 0.28997533052517405
0.3271305439808208, 2.00615344179419, 0.6641322784109844, 0.2766190673096877
0.23557280666704722, 2.2538820968873767, 0.7256384261568782, 0.27855573895330416
0.30344197728180833, 1.9851371956181871, 0.7062951728065915, 0.2385667995043733
0.11804326730977796, 2.1599888579541537, 0.8851181265340189, 0.3432886584493087
0.24830184371254066, 2.1599944146489625, 0.7323580107928315, 0.3151035552494226
0.3176551173012158, 2.129770979447699, 0.6858287726006764, 0.22451217539325272
0.27707060905302816, 2.1281987989668063, 0.7112882744630835, 0.24932863007257908
0.30001712426508365, 1.936132201988394, 0.6981123763439133, 0.26978976805262805
0.19670072492722188, 2.100631010716783, 0.8059509935296506, 0.36761097151630806
0.23465951252925396, 2.0857090594949663, 0.7638965636190211, 0.31364123802888294
0.16935898167703636, 2.208115969484572, 0.8398358924885209, 0.3729513978557829
0.286431873965409, 1.9549884964964, 0.7132223652515636, 0.30324319285581647
0.2782693076088818, 2.0677691941490877, 0.7128325167025714, 0.31034427317218005
0.35310234602431645, 1.8792333075448908, 0.6431687557961355, 0.198595419584642
0.25098464524230835, 2.0014275595153657, 0.7269788880707775, 0.28903707927600275
0.27804098407443345, 2.0027824976624022, 0.7293443490507522, 0.28163701338295505
0.26331411610251726, 1.9640559484591338, 0.7090775676915453, 0.2464880486321875
0.22775272561219248, 1.9944784622076976, 0.7643612136948321, 0.24204402789535004
0.24390661567441063, 2.1931211949823735, 0.7442448130381524, 0.24870232485347044
0.25623608653461954, 1.8948941465667737, 0.6983596973522017, 0.28323053597052683
0.2984759404075575, 1.7210352789342482, 0.6499352860278921, 0.2552081268176855
0.33694845596209827, 1.8692305378462328, 0.6635154469207187, 0.2322989530778805
0.2636566014041897, 2.212005166078214, 0.7276203193618184, 0.3029750806918019
0.15594497402819796, 2.2511715374551438, 0.841168015189175, 0.3249898889934174
0.1811176437011245, 2.1838469949512493, 0.8114869253960341, 0.2894091089540554
0.2860893886637365, 1.9638908312394063, 0.717849357412197, 0.2860145684115693
0.19042182772989324, 2.412937800656566, 0.7922043613991913, 0.31337924308703186
0.18676865117872024, 2.1104340750207995, 0.7948525008624873, 0.3030408593185393
0.23015012272389976, 1.9831344299177864, 0.7263603800268089, 0.26312924516200425
0.32678805867914834, 1.7989262814860385, 0.6778904440341951, 0.2300421374789662
0.3544722872310063, 1.8372513033720557, 0.6430438906946003, 0.2556672666469849
0.08853245048233346, 2.3052035511012927, 0.922493478935784, 0.274396836068002
0.20629031337405104, 2.2764955946514407, 0.7499936389544695, 0.28442981419096014
0.09829328157999886, 2.5082619837466913, 0.9291768306238016, 0.41806059716206273
0.20651863690849934, 2.4940574363089225, 0.7942440793152287, 0.28065164761228695
0.19036474684628119, 2.171673758606013, 0.8323556287953757, 0.3536356427078939
0.09840744334722301, 2.4063324826555346, 0.8908850128543422, 0.4202337625818402
0.16011187853187966, 2.455009567025821, 0.8532614461184373, 0.31862732079058526
0.15697242993321536, 2.201938531654489, 0.8516817975591937, 0.3285569550843719
0.15748615788572407, 2.271887506828426, 0.8512028088254472, 0.328982223990857
0.14064729722016098, 2.227196518121037, 0.8846749424681734, 0.2897697454484728
0.09829328157999886, 2.2419554606319068, 0.9291768306238016, 0.4164593558526151
0.19253382042354017, 2.16024673833607, 0.7954485617909128, 0.3025957572017249
0.1908213939151778, 2.5687141820301007, 0.8136021609231346, 0.30201009585188165
0.31999543352931104, 2.046051166558267, 0.6952743817207043, 0.21675281511347816
0.3226782350590787, 1.7828802329314422, 0.6730593756617087, 0.23630668391731452
0.28078086648781325, 1.9728254970800823, 0.6641721669145325, 0.23345251510876824
0.40789999429191165, 1.6419549844765664, 0.5505750008424906, 0.17950878051520142
0.3604657800102746, 1.7692192789830399, 0.6295337203812423, 0.23244573024029463
0.3580683828985673, 1.8931638238990585, 0.6456171298207098, 0.1834971935577632
0.2984188595239454, 1.9276750756083059, 0.6665460813198187, 0.23146953502029807
0.26474113819281925, 2.162797508305274, 0.7335505357206128, 0.2547552338470449
0.2352874022489868, 2.070051986223364, 0.7629512819270531, 0.25903388959468837
0.32125121296877673, 1.9729378650201919, 0.6818783102120051, 0.23579844047565693
0.36411895656144755, 1.6641647184512285, 0.6130253807532066, 0.22673495513700886
0.2526970717506707, 2.0411025174398034, 0.7336290995268702, 0.26723428912512504
0.22615446087105429, 2.1501758354794416, 0.7785228818507663, 0.30922123901586884
0.3182830070209487, 2.1743929269100284, 0.702565588463529, 0.2176923472109171
0.21000057080883613, 2.162897487332869, 0.7845152316110513, 0.3010279664964021
0.23357497574062447, 2.1634557175271567, 0.7861005589485748, 0.28687359706631127
0.2623437410811119, 2.050612602469869, 0.7043845803559341, 0.23807671700412844
0.3902620012557794, 1.9225203388255374, 0.5751547847607323, 0.19915485629811447
0.2880301387065472, 1.8475201897605096, 0.682567644116896, 0.22700062190810738
0.26702437353730235, 1.829507214279029, 0.7271964920052387, 0.25957688391900324
0.345453507620298, 1.6859700492823448, 0.652020194812434, 0.2452717378726824
0.4420914435755465, 1.92356294078828, 0.5614995580691915, 0.17078939069169635
0.392145670414978, 1.8836085767096544, 0.6264795337085644, 0.21849150218233768
0.3069239111821451, 1.9293474243264117, 0.713677941219816, 0.25024803992843275
0.2508134025914721, 1.9743356900649554, 0.7429263696815813, 0.263352564338462
0.3269022204463725, 1.7611864605779564, 0.6805650092360063, 0.23200158511979627
0.306866830298533, 1.672230850752715, 0.7041020077526247, 0.22800911095352713
0.2855756607112278, 2.008047195287646, 0.6580166439501012, 0.2326791418075909
0.2182202180489754, 2.1592560166589703, 0.7951626997113599, 0.29399912666436867
0.1945316513499629, 2.1395511540575067, 0.7633724143049466, 0.25738815106110013
0.18796734973457388, 2.1569344433817363, 0.7960093926016465, 0.3265511270309249
0.2295222330041669, 2.1017835753830516, 0.728468503226309, 0.2577156602051965
0.2918545579085564, 2.095884528727052, 0.6937896865084596, 0.23408956371995063
0.26867971916205263, 2.06136823764055, 0.714153171494459, 0.31354498410132836
0.24892973343227354, 2.0513031401688107, 0.731275925740205, 0.27646143668867196
0.3059535361607398, 2.0286637113970625, 0.6777498888767609, 0.25062967730091495
0.3190250585079057, 1.6937063872538594, 0.648334890201092, 0.20372409859141447
0.3013299845881614, 1.8258888884826816, 0.694191229316673, 0.2347704317759511
0.45510588503910043, 1.6627884210533963, 0.5306793171137276, 0.180124415493578
0.2916833152577202, 1.742190173972081, 0.7138244853663128, 0.2564284670249659
0.2661110793995091, 1.7758935897890866, 0.7481574034821912, 0.26372001190107186
0.29259660939551346, 2.191565497647315, 0.7043592213750199, 0.25785390875469405
0.15720075346766368, 2.131338333231625, 0.8514052916322993, 0.3115355211498068
0.23814144642959073, 2.150274318098389, 0.760022211593082, 0.26090343520917086
0.2311204977453051, 2.5467063329985877, 0.769194615272511, 0.2585233921715634
0.27707060905302816, 2.035789447666623, 0.6977316717507861, 0.22955170051730545
0.23762771847708203, 2.0865791760029073, 0.7399667203845164, 0.22936506133415877
0.25281123351789486, 1.9965328372901376, 0.7672702288710787, 0.2637325933425369
0.3839831040584508, 1.9025049216127115, 0.636100651157366, 0.1901765841805757
0.17015811404760545, 2.071442933038759, 0.8244809015790588, 0.330729983951779
0.30098749928648894, 1.8987704304379343, 0.665046546536394, 0.21978561305964472
0.1984702323191963, 1.9684271428831241, 0.7966017029686481, 0.2976356268465566
0.25652149095267995, 1.8555445932445138, 0.758886806253098, 0.2904613924152903
0.40544551629659226, 1.5522115501518343, 0.6179101275465712, 0.20390930877459612
0.37553513328386323, 1.5488878024809096, 0.5983164328713477, 0.18258440087629385
0.3435127575774873, 1.5838782236424882, 0.651898821425671, 0.24750010097886208
0.4035047662537816, 1.7553585977530914, 0.6325088361244121, 0.19736775440018214
0.37325189793938013, 1.7478088229457445, 0.6345352201520494, 0.20643082945275118
0.3285004851875107, 1.6806873699302605, 0.6615069420207574, 0.2325250435657435
0.37530680974941494, 1.782316926673052, 0.6451180136024688, 0.20135663694318867
0.3328957132256407, 1.7788555592160715, 0.6918199309368169, 0.23151450289715303
0.25509446886237797, 1.870062594279299, 0.7369280739625321, 0.2540275805170705
0.2358582110851076, 1.9373914113776367, 0.7615816748353665, 0.24618063262346976
0.4327301786631657, 1.767689992959753, 0.5818134761450121, 0.1787749318361827
0.3414578457674525, 1.7405767643367995, 0.6378844234893402, 0.19544869436747547
0.4032764427193333, 1.624968129632217, 0.5766492573204829, 0.20489619662468847
0.33312403676008906, 1.8155563861800217, 0.6675664512993884, 0.24025443313452002
0.48678577544380386, 1.4539964961994727, 0.5420217281880719, 0.17276549482765258
0.4601860836805754, 1.410482112189203, 0.5691837714843184, 0.18848331526714585
0.4916947314344426, 1.2799078606260892, 0.4891442965557075, 0.1689560697279876
0.5315942690792853, 1.2404593582876373, 0.47786832330030826, 0.15786990769383136
0.4819909812203893, 1.3537779984830605, 0.5307806396594272, 0.17797211305389699
0.38775044237684797, 1.5400094720583621, 0.6242204524586656, 0.2309411205707506
0.47371425309663795, 1.7437987421410726, 0.5217880159929131, 0.17207049659132423
0.48444545921570864, 2.03616104189123, 0.5074407579446661, 0.15090091679744122
0.2556652776984988, 2.192833090530723, 0.7445182833626214, 0.2686015890737735
0.15748615788572407, 2.09989655077733, 0.827815177694564, 0.3000294873368552
0.24179462298076373, 2.1097097998510805, 0.7670855821780104, 0.25059050034107744
0.2466464980877904, 1.9770902943832973, 0.7680359066626065, 0.3219647545697308
0.23500199783092643, 1.966849049807915, 0.7701698905822968, 0.26974500340591595
0.32707346309720875, 2.053551427720174, 0.6937547984440805, 0.21905897758872345
0.19310462925966093, 2.2074172325796773, 0.7955836285155514, 0.31586474788878055
0.20012557794394656, 2.2206438169733045, 0.8043393317015819, 0.3144384613243888
0.1768936583138307, 2.469100831033868, 0.8141868680033604, 0.316635026678816
0.2882584622409955, 1.9913111193837814, 0.7062566553864014, 0.2520202323008515
0.3111478965694389, 2.0847653669270962, 0.6865787520028822, 0.22614753196273366
0.24367829213996234, 2.126760762857448, 0.7534564106519689, 0.33078463887947157
0.3292996175580798, 2.0508023152933035, 0.6597899503230005, 0.21198663373777657
