acuracia,loss,frr,fpr
0.05702054794520548, 2.3126389158915166
0.09355022831050229, 2.4020174058400876, 0.902069029000378, 0.4938945127841726
0.10068493150684932, 2.523173490636153, 0.9033666176160365, 0.46791834735992965
0.10313926940639269, 2.3746637288702135, 0.8944962397010902, 0.4961076763620758
0.296175799086758, 2.318294639606454, 0.6886418510289046, 0.2711369445651679
0.1916095890410959, 2.253523237302423, 0.7942334362300355, 0.3272523111549214
0.14343607305936074, 2.384414807768309, 0.8533654159029497, 0.4409389940014503
0.257134703196347, 2.1852814649882384, 0.744735980863, 0.27681563627178
0.29942922374429226, 2.1129170743229726, 0.6854322365267251, 0.25882452146494067
0.29240867579908675, 2.0413037800455474, 0.6439946580162896, 0.22185552593452232
0.19514840182648402, 2.137296767335504, 0.8291585208206971, 0.33949936703945643
0.32465753424657534, 2.096841003551875, 0.6896061990499455, 0.32661330782599146
0.129851598173516, 2.1335998155686955, 0.9011805049789499, 0.46772443832079313
0.22871004566210046, 1.9958131207586969, 0.748993277902209, 0.28287671247723145
0.2896118721461187, 1.899512106659886, 0.7146223224047569, 0.24943746386472557
0.4247716894977169, 1.7745457713666573, 0.5867170499172185, 0.1630712784805503
0.29172374429223746, 1.9861318785374023, 0.749991329760717, 0.2699613106008032
0.2743150684931507, 1.8809964651828759, 0.7401259857290111, 0.3133529197989706
0.18829908675799087, 2.000672642406944, 0.796534745979235, 0.36796149948388107
0.40901826484018267, 1.880111077499308, 0.5500939365993486, 0.1829373586644174
0.33156392694063924, 1.9381383344633123, 0.7121936562621063, 0.24510377399958883
0.2878995433789954, 1.8446168928624016, 0.7087750285593668, 0.23267257519394136
0.48641552511415526, 1.6883795995350297, 0.5486078342951407, 0.17235234922373033
0.3452625570776256, 1.8037849543097357, 0.6456824018866043, 0.22302090348762707
0.25325342465753425, 2.073621918369918, 0.728334714938509, 0.2615251213970437
0.39218036529680367, 1.9833094717773128, 0.6263270221271333, 0.23082802935817048
0.24212328767123287, 1.9596060702109446, 0.7397913500502944, 0.31042689064586293
0.22345890410958905, 2.010120967619087, 0.790058231287271, 0.30783132388789336
0.3801369863013699, 1.9752333129173545, 0.5674527649230411, 0.2120888679919483
0.30273972602739724, 2.079191207470687, 0.6235559376019402, 0.2177399236447791
0.1863013698630137, 2.139628857772236, 0.790845736629813, 0.3549946898276417
0.15633561643835617, 2.457420455371816, 0.8693484463454194, 0.4628362448839482
0.17431506849315068, 2.4027460162256755, 0.8008449760592192, 0.3763734292367016
0.24788812785388128, 1.7834209103426433, 0.7280052854318, 0.27613277099117983
0.4995433789954338, 1.8869360200142207, 0.46093479202107857, 0.14425482101356465
0.2671232876712329, 2.011563491404533, 0.7194119164565257, 0.219520847751721
0.23789954337899544, 1.8619766263346524, 0.7503723897898267, 0.340846637364207
0.3344178082191781, 1.8238171535982117, 0.6469023002257831, 0.22588263050821988
0.3997716894977169, 1.8693887916942165, 0.6189053995383067, 0.197837158267027
0.3823630136986301, 1.7276980576722045, 0.6150191394646639, 0.19913562030056833
0.41312785388127854, 1.755804202715828, 0.5490667985671707, 0.20330955762012454
0.3124429223744292, 1.840498343239364, 0.7162237378370812, 0.3008730475040131
0.41164383561643836, 1.672120166750259, 0.6029131799867986, 0.19232833444334868
0.4386986301369863, 1.617968031525884, 0.5802741922346784, 0.20067364803227522
0.30154109589041095, 1.790892675199193, 0.682714964176221, 0.2510619285033935
0.3984018264840183, 1.691844957645081, 0.644753542733055, 0.21069627299632956
0.3724315068493151, 1.6609952644840495, 0.652463099148809, 0.2640127774051628
0.5398972602739726, 1.5808666530877489, 0.443578797917403, 0.13838274338218862
0.4306506849315068, 1.585725606508451, 0.519677244776963, 0.17280010709826418
0.6065068493150685, 1.3375314977054047, 0.36090704348957175, 0.11623127571455077
0.31067351598173515, 1.7342501509845358, 0.6732067863724006, 0.20492385985948275
0.4029109589041096, 1.709519607697924, 0.6073850211534354, 0.2151864658977458
0.34748858447488584, 1.7051051918400204, 0.5939764509637722, 0.20818004125281978
0.3228310502283105, 1.7582246207304673, 0.6872578223648218, 0.22707567298459277
0.3047945205479452, 1.785313608194595, 0.7104012027748675, 0.3076323682959814
0.38453196347031965, 1.8779244249405926, 0.5964478361233219, 0.22342082857354462
0.10565068493150685, 2.319484522928097, 0.8745171072264902, 0.48848361242068367
0.3819634703196347, 1.6333981084633091, 0.6227604143531509, 0.2282726572093805
0.5228881278538813, 1.3477106562454135, 0.45541431754066325, 0.15094526295227395
0.4686073059360731, 1.6013377211409616, 0.5768027210788635, 0.177341038605842
0.45844748858447487, 1.60769317076567, 0.5113833153900026, 0.16640481635983126
0.3449771689497717, 1.7064723338506538, 0.6504703615669528, 0.22225121740363518
0.4531392694063927, 1.474651035489557, 0.5823740033747346, 0.1708349975806205
0.5470319634703197, 1.3800427928626469, 0.5015530784894113, 0.13817075138937457
0.49269406392694065, 1.475191051378574, 0.5562586406117513, 0.15930843629997143
0.4000570776255708, 1.5857580356623076, 0.6473998983880168, 0.22452829712313738
0.3603881278538813, 1.78261592013923, 0.6555232909553083, 0.242976434620037
0.321175799086758, 1.998092796160206, 0.730350692370733, 0.2348139096892284
0.31581050228310503, 1.959402791169136, 0.6754838410192414, 0.22231300214498526
0.1761986301369863, 2.1234321769275892, 0.8473749482275486, 0.4382653747444922
0.41740867579908675, 1.807896216394014, 0.5537458075360129, 0.2009031472859102
0.36775114155251143, 1.6134422853146786, 0.6040025699930344, 0.2030214727326267
0.5177511415525115, 1.6415254834205866, 0.4389630530885276, 0.14275875298977014
0.3281392694063927, 2.0471044683905495, 0.7023989584443726, 0.28073815505530564
0.1351027397260274, 2.2174957600902747, 0.8886140795693664, 0.44016756756707087
0.14982876712328766, 2.314287162599362, 0.888435019924971, 0.44542599741333627
0.174486301369863, 2.428030627244684, 0.8056526904919025, 0.369500986360244
0.16974885844748858, 2.3977339894395984, 0.8137975738871447, 0.39215787690908344
0.20319634703196346, 2.2184654547675557, 0.7936528158707923, 0.37407221574294897
0.09800228310502283, 2.7509652272946963, 0.8813751621499804, 0.4976017003641334
0.2586187214611872, 2.416060502772734, 0.7260819184568696, 0.2824803066814681
0.1565068493150685, 2.225783920078007, 0.8265839081505232, 0.3594149983002516
0.2828767123287671, 2.2618005211341736, 0.7624012753405057, 0.27816427282272493
0.3445205479452055, 1.8051088522915562, 0.6466572484637325, 0.2082765873945538
0.5344178082191781, 1.6179156461024666, 0.45192957644144927, 0.13265794913145446
0.4002283105022831, 1.6252311408893976, 0.6168530737052802, 0.18099791575917656
0.44908675799086756, 1.75215768230288, 0.5535460287268441, 0.17283743102722263
0.19514840182648402, 2.070685732684451, 0.8290971172562237, 0.3325687019170184
0.2807648401826484, 2.0369500935349834, 0.7274517412278848, 0.2575479842684183
0.2312785388127854, 2.0696235777648617, 0.7580352447473979, 0.3331332375877001
0.30462328767123287, 2.049603572106797, 0.7334054829561873, 0.2854616083918279
0.45559360730593607, 1.7766768082500048, 0.5818980405756702, 0.1730769827084892
0.38687214611872145, 1.648905004690227, 0.5567336754130892, 0.23490008481784153
0.2820205479452055, 1.9887312832258677, 0.7707144114335226, 0.30474103990858814
0.37853881278538815, 1.7306336725547433, 0.6818958608953319, 0.2364895001000826
0.34200913242009134, 1.702981012569715, 0.6972223901379205, 0.2053564578100885
0.33350456621004565, 1.8164154359466953, 0.6873770977779219, 0.24572439469492757
0.3026255707762557, 1.898138923017674, 0.7124961935234895, 0.31289108907057606
0.36284246575342466, 1.7886652671072854, 0.6494442201394703, 0.20554161142974714
0.20907534246575343, 1.914380561283122, 0.770547787548233, 0.3009932377483814
0.24840182648401826, 1.8081421961578366, 0.7583297427360415, 0.33650018721146163
0.066837899543379, 2.3100078918345988, 0.9019642962557093, 0.3160617751331209
0.12089041095890411, 2.506520514380714, 0.8782660422368892, 0.4728843337528441
0.09697488584474886, 2.6133798590363706, 0.8825692670621323, 0.5025370273963573
0.18378995433789955, 2.451151269563733, 0.8385601346064976, 0.37488740286925654
0.16358447488584474, 2.5683032194348097, 0.7781729152929077, 0.39827618428037037
0.3230593607305936, 1.8748901683360883, 0.6833194875097248, 0.2671450280087449
0.3906392694063927, 1.8048524210408126, 0.5782584556320752, 0.19195398602774255
0.45684931506849313, 1.528851085555948, 0.5224343132788802, 0.17124471296370566
0.3878424657534247, 1.5996267086643403, 0.6268678103105905, 0.20774146363294677
0.4542808219178082, 1.6746648280783536, 0.5831624606350825, 0.19759946110407736
0.5825342465753425, 1.1624591046695483, 0.4065332309718083, 0.1411709740435075
0.5409817351598174, 1.4917142388210993, 0.5213562480851853, 0.15576014054832144
0.526255707762557, 1.6342516237606197, 0.5205531721104717, 0.17281376441542526
0.4047945205479452, 1.69230584934626, 0.6049107250054147, 0.20395996459053506
0.5205479452054794, 1.5259494051507347, 0.5411458016632779, 0.17709262481584737
0.4757420091324201, 1.5440759748109876, 0.5925910392290333, 0.17939659539439026
0.6164383561643836, 1.1437463796625262, 0.4001709787515288, 0.12420717537224023
0.6015981735159818, 1.2965108509817624, 0.4599001729475685, 0.13779408825783074
0.4525684931506849, 1.3236382265013884, 0.5859566785013428, 0.2224492939583806
0.5822488584474886, 1.1822134052016284, 0.4414841622670684, 0.14573746114604025
0.602054794520548, 1.2293425405355485, 0.44396171740890494, 0.13375246475277547
0.6343036529680365, 1.3623339086022552, 0.3206265577809118, 0.12450703272933276
0.5626712328767123, 1.4372265584341604, 0.4136564032728057, 0.1428234056937977
0.4626712328767123, 1.4543290884272284, 0.5543583232572525, 0.20505490670329266
0.5570205479452055, 1.2746864865835943, 0.40641651391732003, 0.15154174829912695
0.5034246575342466, 1.3733903533047636, 0.542577962440254, 0.17161065769785286
0.5981164383561643, 1.1203896885218958, 0.4535068209233684, 0.14489918436070792
0.5444634703196347, 1.1989601186663763, 0.5095043697127454, 0.15457501756916836
0.7194063926940639, 0.979683631341309, 0.2825679839183372, 0.09860495339235353
0.6317922374429223, 1.2646948046148776, 0.3578584512358566, 0.12435358516090159
0.5210616438356165, 1.4170698840052025, 0.5162182461537936, 0.17908946718710209
0.5988013698630137, 1.5707621626623962, 0.4128769245430027, 0.13029656536581205
0.4087328767123288, 1.7670014340328435, 0.634919378796353, 0.22783768305150132
0.34235159817351596, 1.8965446689221412, 0.6800782586619089, 0.2749565117050349
0.47511415525114153, 1.9273944602573299, 0.5031540589787504, 0.1651841920623267
0.2485730593607306, 2.0707991637697774, 0.774899684576805, 0.3007774284703426
0.17134703196347031, 1.964975674913082, 0.8252819436411191, 0.438859734868543
0.20662100456621005, 2.0953250135801156, 0.7975740786118802, 0.3899975262013756
0.3955479452054795, 1.85176948743732, 0.6380235878840874, 0.20113230890880726
0.21615296803652967, 2.074368286185545, 0.7624699984105564, 0.28072544035547886
0.5006278538812785, 1.8700649890555368, 0.48050731376158284, 0.14159302183317699
0.3061643835616438, 1.9540167641115787, 0.7013347712210511, 0.2284102841046887
0.1603881278538813, 2.063838241805565, 0.8437749289145625, 0.36508684550868936
0.2180365296803653, 2.0321002088623232, 0.8090111299689675, 0.32190534641449114
0.34406392694063925, 1.9910443744192656, 0.6836985030159258, 0.2318233230478825
0.18915525114155252, 2.0565259034741143, 0.7947210118317837, 0.4066501095926568
0.37060502283105023, 2.2214501656966124, 0.557937583287376, 0.2117812999979661
0.1278538812785388, 2.2772161576913916, 0.8095322566779959, 0.4086985595343285
0.236986301369863, 2.1283971469083878, 0.788101897196206, 0.30428424773146934
0.25439497716894977, 2.3360434518659225, 0.7652259232924706, 0.25973789179196427
0.246175799086758, 1.9404699163962174, 0.7458995683335092, 0.31745054102628484
0.2411529680365297, 1.8272230132852922, 0.7987172983733248, 0.34501151215755377
0.34492009132420093, 2.2494224601871755, 0.6636584907325345, 0.21528380256523305
0.3860730593607306, 1.8098064163912377, 0.6548475290158557, 0.1973992923032758
0.40878995433789955, 1.6539807999923348, 0.5520490756067319, 0.1823480002051557
0.5120433789954338, 1.6641270067661864, 0.4567999706461464, 0.13039553704320908
0.3752283105022831, 1.9440407571599705, 0.6399451658254018, 0.2760123774193727
0.4160958904109589, 1.610973142441277, 0.5754312874299224, 0.23262649599906868
0.4703767123287671, 1.4980732500272458, 0.5806545609061708, 0.17869084397897886
0.49623287671232874, 1.5319803426424934, 0.5451615120430382, 0.16269697279655784
0.4203767123287671, 1.6075355622930172, 0.5992316402020449, 0.19965652262982797
0.5107876712328767, 1.7048392931143987, 0.530964549083016, 0.15571433659158404
0.2184931506849315, 1.9541478479374625, 0.796315286996395, 0.3955393225076094
0.34942922374429225, 1.6090573926741198, 0.6715225575534813, 0.24593022096820788
0.475, 1.6315450388444885, 0.5148092878544195, 0.16846801966432726
0.366324200913242, 1.9163065393425558, 0.6325633029921228, 0.24339063934443264
0.13704337899543378, 2.1063121870976604, 0.8546274929498621, 0.462963428216708
0.2810502283105023, 2.0674436198079693, 0.736214801156438, 0.262596279763411
0.2654680365296804, 1.9677981459965173, 0.7363620815695525, 0.27862306003001236
0.36934931506849317, 1.8315269730542894, 0.6352468267847857, 0.2660734270040345
0.36769406392694065, 1.6996554928699925, 0.6262740689272307, 0.2243222618638774
0.4992579908675799, 1.4454084597749117, 0.5421885318708738, 0.17224017741196157
0.3992579908675799, 1.57677308634672, 0.6299756902341841, 0.20913708661181193
0.5064497716894977, 1.3072677288553145, 0.5383580455101405, 0.16958084669298754
0.5028538812785388, 1.6427497343759832, 0.47273377791294635, 0.14648918872339073
0.28807077625570776, 1.9107758864590294, 0.717806111521684, 0.31633464859499366
0.3384132420091324, 1.7630958311191705, 0.6651188770774056, 0.2696419057894641
0.3433219178082192, 1.8349877756208046, 0.6464919860239832, 0.226719242360875
0.38202054794520546, 1.6592212400990263, 0.622368791133959, 0.22868258281715437
0.39343607305936074, 1.6377017191615484, 0.5900908563604319, 0.19866554724631386
0.5752283105022831, 1.272096031080064, 0.4306212286510159, 0.12973927229463697
0.44503424657534246, 1.8144262090937733, 0.5296058856184749, 0.18532702241643753
0.40507990867579907, 1.8505853403172536, 0.623259245193205, 0.18523469956885502
0.291837899543379, 1.8458729686853412, 0.7025384131777423, 0.2943386801690501
0.27808219178082194, 1.906661460718744, 0.7474291648747449, 0.24559762307909008
0.37659817351598174, 1.928562195218045, 0.5731660421810858, 0.2213260528684381
0.2261986301369863, 2.051244736840464, 0.7499894458750164, 0.2857703232498148
0.3555936073059361, 1.8942530401017024, 0.5787532208669259, 0.17397851131453407
0.2522831050228311, 2.0301010542502413, 0.7589070591134957, 0.3649586015592967
0.22665525114155252, 2.1314493221405164, 0.8276654746681978, 0.3406632688835384
0.3331050228310502, 1.792032922709097, 0.6925157162935988, 0.29498257412638595
0.3732876712328767, 1.7935198737538025, 0.6155540507499768, 0.20279075707471023
0.3107876712328767, 1.853931639187004, 0.7082884604867482, 0.2908806862857243
0.3892123287671233, 1.697626069038426, 0.5434260364219512, 0.2118980210200469
0.3804794520547945, 1.6547189202908104, 0.6041595549563661, 0.19566899478870053
0.45085616438356163, 1.571986645807142, 0.5726101259334129, 0.16543388269435277
0.4520547945205479, 1.5866690250777014, 0.5090991585940423, 0.15659212284657445
0.379337899543379, 1.7191541347975872, 0.6392076400252314, 0.20324889032634505
0.5287100456621004, 1.3151200459861796, 0.4836787433530698, 0.15202277822112908
0.4945205479452055, 1.4431253857842592, 0.5222530470137103, 0.16272347769571968
0.4841324200913242, 1.4445022008607173, 0.5350667124107399, 0.17318461216286812
0.12694063926940638, 2.304415623918516, 0.8722798691501085, 0.24517324909565943
0.17539954337899544, 2.3025040121247233, 0.8753744036837778, 0.375518907371088
0.11284246575342466, 2.578004330726655, 0.9118190097628086, 0.5019932794225676
0.10313926940639269, 2.4254361900360615, 0.8944962397010902, 0.49716939627305984
0.10382420091324202, 2.474376259995922, 0.9175795393067564, 0.5157815892546443
0.13613013698630136, 2.750569283901012, 0.8767165339592466, 0.4638187339569344
0.10313926940639269, 2.525901192562765, 0.8944962397010902, 0.4970857190236928
0.09406392694063927, 2.4667729325898704, 0.9026129865655226, 0.5003938118295597
0.17916666666666667, 2.3531873540893264, 0.8430472822361587, 0.37638353341893904
0.20222602739726028, 2.2559801642344968, 0.8249469908729401, 0.31118685079716374
0.2218607305936073, 2.3360848407358885, 0.8022123122322131, 0.2704753974242161
0.1969178082191781, 2.4723020805241585, 0.7946087721158994, 0.38410195314423295
0.15131278538812784, 2.316900580650255, 0.8340468266638937, 0.39036055206713544
0.14942922374429224, 2.0804389584622425, 0.8335160999464354, 0.3193681576673877
0.2906392694063927, 2.274041380648199, 0.6860819603630981, 0.21912507430919598
0.18909817351598174, 2.345937841069208, 0.7888055569901333, 0.2991396021212613
0.09954337899543379, 2.2928827092119546, 0.8806628593826672, 0.3932118548311056
0.14075342465753424, 2.258665134577446, 0.8609288012376514, 0.4008292186863817
0.11723744292237442, 2.3474395656490437, 0.8813801780615523, 0.483559778492457
0.17186073059360732, 2.280305336177621, 0.8302036080776634, 0.34370921205579635
0.09703196347031963, 2.7433826380821804, 0.8825332310260963, 0.5067985555093498
0.11135844748858448, 2.6862315373945997, 0.8966631322993349, 0.47852807315502005
0.17488584474885846, 2.2047998115607457, 0.826686706281268, 0.34470860153299165
0.39309360730593607, 1.7597815371828673, 0.633993723307286, 0.18509802671190523
0.22488584474885845, 2.134886797166272, 0.795349760330258, 0.3206516157690756
0.366837899543379, 1.6260881676623538, 0.6427974429067005, 0.18513448593904586
0.3992579908675799, 1.9584092871715488, 0.6102095855263004, 0.1829151507890911
0.20753424657534247, 2.0629188305166757, 0.7474616564201747, 0.2532848409681189
0.22054794520547946, 2.045904186755827, 0.812219246714169, 0.34513308307819907
0.20764840182648403, 2.194089095906852, 0.8171300207704482, 0.28935133452381717
0.18144977168949772, 2.207986122573892, 0.8408536340321909, 0.3526857163488609
0.1482876712328767, 2.2265305018452204, 0.7923629339041486, 0.3925907162593257
0.18059360730593607, 2.367904860730449, 0.8417055245522708, 0.3588216747534229
0.09018264840182648, 2.2881403363186474, 0.9067816421278164, 0.5006368550531826
0.09777397260273972, 2.3788640879196663, 0.8994979882219148, 0.4942632361401674
0.14417808219178083, 2.2846478877818748, 0.8803862369374974, 0.4037950940442095
0.10313926940639269, 2.3455703291990986, 0.8944962397010902, 0.49772590149596985
0.09697488584474886, 2.592372381336749, 0.8825692670621323, 0.5056396225264007
0.25068493150684934, 2.4398879604932926, 0.7611113483431994, 0.3127528231230101
0.23396118721461187, 2.262028155588124, 0.7063588622046337, 0.27804346975389316
0.3042237442922374, 2.231651094154408, 0.6849073781257338, 0.24671740042975174
0.3453767123287671, 1.9849299671034835, 0.6556474997181567, 0.2551636758264398
0.2896118721461187, 2.0890914193367305, 0.6962397953426338, 0.2592628114384252
0.27928082191780823, 1.925733283798308, 0.7106039952056542, 0.23351046739179523
0.3646689497716895, 1.7339014331976028, 0.6350304570451134, 0.2527573060675994
0.4113013698630137, 1.6661342931171395, 0.5784383143190405, 0.17068857398579845
0.44474885844748857, 1.656159421719917, 0.5850832024506356, 0.20509163477447032
0.21210045662100457, 2.182472844251759, 0.7681090108872713, 0.34910057857719307
0.1271689497716895, 2.2336048503342556, 0.877005888407932, 0.45954882478902626
0.18767123287671234, 2.1634053349086684, 0.8388215637921007, 0.3404989721060986
0.2521689497716895, 2.0883601029918073, 0.7694792899980465, 0.2497139684541262
0.17186073059360732, 2.2090118897628024, 0.8083002365823974, 0.35126829752242095
0.18304794520547946, 2.2473352117625547, 0.7488789806916748, 0.4125189026800906
0.11341324200913241, 2.2714381777396486, 0.9115376826775937, 0.5066123025166833
0.12340182648401826, 2.2960927493427987, 0.8763092857459841, 0.48064780996253914
0.16974885844748858, 2.3319557801501394, 0.8134691134584336, 0.3345233817849052
0.10393835616438356, 2.4540706491973845, 0.9006618845472752, 0.463016570155134
0.10313926940639269, 2.598984143808144, 0.8944962397010902, 0.47844165483325957
0.1909246575342466, 2.376083905144369, 0.7792566447911211, 0.30129509556832734
0.2776255707762557, 2.254259591410149, 0.7229032851010926, 0.2978871799791239
0.108162100456621, 2.7245686521541037, 0.8708712527558855, 0.45773147918440266
0.24811643835616437, 2.222540618594923, 0.7593092617169291, 0.2639310313469455
0.17728310502283104, 2.2440714547146947, 0.8070153179774416, 0.30378645006219523
0.18955479452054794, 2.2651857371403747, 0.8115668768725541, 0.348995014172212
0.10028538812785388, 2.283737457308867, 0.9046734337117323, 0.5003772048025569
0.10342465753424658, 2.270625354710235, 0.8943074613428942, 0.4957572038685338
0.12311643835616438, 2.6995698391710787, 0.8877499847573185, 0.4542540255464494
0.1728310502283105, 2.3373262687326837, 0.8179190724931052, 0.4306634558429954
0.17945205479452056, 2.0743430801042138, 0.8064811583957541, 0.4303944060641968
0.28384703196347033, 2.222147032220478, 0.7270250401778158, 0.22062673302372457
0.1964041095890411, 2.253791575899271, 0.8285996921229121, 0.31334927712237287
0.3030821917808219, 1.8985153522393474, 0.6907214198638992, 0.22958238577596612
0.3362442922374429, 1.8576660440324648, 0.6584704155848087, 0.275180072892661
0.40662100456621003, 1.6754376322116074, 0.5959018067398757, 0.21977872520096134
0.45958904109589044, 1.5037088231034748, 0.5398200440067968, 0.1577352611903083
0.47779680365296806, 1.425886702438876, 0.47289626059772827, 0.15453567749178032
0.417865296803653, 1.743169461134566, 0.593361621388663, 0.21349454838315363
0.35924657534246573, 1.8181952085294952, 0.6370672233139915, 0.23110398048318825
0.44703196347031965, 1.6302975367588846, 0.5433962193088491, 0.15669281295762527
0.43858447488584473, 1.6384142668245862, 0.5259784447916256, 0.1884288348694149
0.36837899543378994, 2.0673934131860734, 0.6423777644735226, 0.21152559612720703
0.28116438356164386, 2.220018198337729, 0.728285428506043, 0.2578881897190235
0.20234018264840184, 2.3126152934957314, 0.8035771741937456, 0.35535073469786843
0.23949771689497718, 2.081370116457275, 0.7883444971519025, 0.37849957958192026
0.15690639269406392, 2.1988748567493537, 0.8302153696047224, 0.4322980377930374
0.285958904109589, 2.0678111367642065, 0.7215436123404031, 0.25388830260749956
0.29263698630136986, 2.062826012102164, 0.6887817668429719, 0.2565934404056025
0.13618721461187214, 2.3770825793039583, 0.8464069426293034, 0.35857750289135315
0.20205479452054795, 2.1114799667983295, 0.7829941847162059, 0.2887640620272838
0.13133561643835617, 2.09458308521335, 0.8925264042649067, 0.4646703797632113
0.12420091324200913, 2.2895729283219604, 0.8583988941682621, 0.4087783079837709
0.16769406392694064, 2.2294588546468517, 0.8087021904500159, 0.31832240755383157
0.28926940639269405, 2.0652077424267654, 0.6955555669517985, 0.22313517624201676
0.34383561643835614, 1.8254172429102196, 0.6512944672196498, 0.22365536989196028
0.3156963470319635, 1.8519572105581903, 0.6982793851021083, 0.2528034405947441
0.19155251141552512, 2.152568209865322, 0.7992553539949637, 0.3393858297141101
0.09982876712328767, 2.429816264507773, 0.8802721409913044, 0.4951305158398788
0.27990867579908674, 2.012536065260025, 0.7241130585747497, 0.2792145867691629
0.3516552511415525, 1.923770737198934, 0.6603787620322068, 0.21988298125011774
0.35279680365296806, 1.7967526279092174, 0.6751505083689928, 0.255581401779478
0.30325342465753424, 1.7922029547597447, 0.710365366564972, 0.26743037017914384
0.0978310502283105, 2.3037258786833994, 0.9359718327970115, 0.43036691142621536
0.10028538812785388, 2.426798877786828, 0.9046734337117323, 0.5001281189610433
0.19560502283105022, 2.520869084838863, 0.8289608573766124, 0.3343568371104364
0.19514840182648402, 2.2934599006012695, 0.8061911973088602, 0.3036427761717977
0.1829337899543379, 2.374432898241363, 0.8432961738578065, 0.3716677678797715
0.20656392694063927, 2.4702863890354494, 0.8352418568119845, 0.35341677541375704
0.19041095890410958, 2.39269877908981, 0.8357343126165943, 0.3396586963500492
0.1297945205479452, 2.5687057574624066, 0.9009213888745652, 0.4712371717879717
0.27037671232876714, 2.0453886882355223, 0.7391353044143196, 0.26044864623829667
0.3459474885844749, 1.9846841167437432, 0.6667430105846164, 0.26754129905189566
0.2651255707762557, 2.0103425762969067, 0.7410762745668401, 0.3105468416303006
0.35776255707762555, 2.120062300869047, 0.6414573646324503, 0.23101412699728446
0.2987442922374429, 2.1138451769879962, 0.7168794259628144, 0.28381232216492497
0.1889269406392694, 2.0927300842725525, 0.8618394032923731, 0.3992664887348542
0.23795662100456622, 2.138198717510047, 0.7922030930432176, 0.28664132468406167
0.3526826484018265, 2.120608873593889, 0.7247528772087293, 0.20859796385109564
0.23299086757990867, 2.1460979096285286, 0.7794409169711338, 0.25413075282456904
0.1442351598173516, 2.3510771558777384, 0.8486758261903679, 0.4484534610390148
0.39263698630136984, 2.036054913617977, 0.6429307648429359, 0.20952642624214982
0.20416666666666666, 2.245774228847054, 0.8517235609172518, 0.3489825465527361
0.18139269406392694, 2.0693490257001903, 0.8051611640530357, 0.3195495183536168
0.4166095890410959, 2.0588016805923695, 0.6204345445128885, 0.1837162941405587
0.2841324200913242, 2.0088075013125324, 0.7388156433356009, 0.2473517942028107
0.28230593607305937, 1.970663820363615, 0.77901128960963, 0.24141854522146947
0.254851598173516, 2.0334947762679154, 0.8096243768733622, 0.2956757062511668
0.2235730593607306, 2.1195953041629774, 0.8116716038756365, 0.3304078635931631
0.409189497716895, 1.8373980913804546, 0.6250884882067127, 0.1876921634563813
0.4607876712328767, 1.7899562672699152, 0.5907534180215713, 0.1739578145601713
0.31375570776255707, 1.9395529182074958, 0.6840657919687136, 0.22548126129398477
0.34143835616438356, 1.7064134245321632, 0.6711794111403119, 0.22658502238000083
0.3917808219178082, 1.9084555179493068, 0.5912934836813712, 0.18422789111873009
0.19908675799086759, 1.897859249791326, 0.8072499927418068, 0.34490142920909295
0.411472602739726, 1.7447646114992224, 0.6523645599307766, 0.22268611367878155
0.5068493150684932, 1.6914221916024543, 0.5498270396281805, 0.14807738612552324
0.2660388127853881, 1.8931759333161458, 0.7584029990146063, 0.2858264833164145
0.19823059360730594, 1.9143689988410637, 0.8098576742349859, 0.31875552915177907
0.5021689497716895, 1.6427268230683727, 0.5012730468036846, 0.17235110370888498
0.29531963470319633, 1.8352225029356268, 0.7289845175293597, 0.28012458265533213
0.41278538812785387, 1.6943447628794195, 0.6030729953850195, 0.20143091563188084
0.23150684931506849, 2.0395864468884386, 0.753768161603663, 0.3611890096695095
0.3105022831050228, 2.148460682165133, 0.6926643702139146, 0.27119178508023845
0.33373287671232876, 2.1444663727052133, 0.7222887535623203, 0.23650647615562603
0.158162100456621, 2.1539005603420134, 0.8527794960346889, 0.3773767878155747
0.30405251141552514, 2.188578258750782, 0.7333824618582961, 0.25173426588171444
0.4944634703196347, 1.8382744124490922, 0.5619225168368535, 0.17249157371464707
0.17363013698630136, 2.026268723566238, 0.815734146027909, 0.4336271870972795
0.45542237442922373, 1.6470177864273117, 0.5025398116932631, 0.16796375662069316
0.3947488584474886, 1.9915901402037028, 0.6318074099806278, 0.23325500989324396
0.4768835616438356, 1.5874157595886216, 0.5511343315357735, 0.1651375018280976
0.41404109589041094, 1.9398398801003962, 0.5888994606681579, 0.2436263179023615
0.10091324200913242, 2.1024541465795203, 0.8966112605004153, 0.48509263992907903
0.3292808219178082, 2.252508137215218, 0.7269944708962194, 0.2334072278318543
0.14149543378995433, 2.543364737274712, 0.8933244273639761, 0.46212652182257896
0.2098744292237443, 2.228715877051223, 0.8174450273765825, 0.3000922839569393
0.17916666666666667, 2.2218180252400708, 0.8348615620414119, 0.3915222774735851
0.17128995433789954, 2.5155359641023693, 0.8312642036171896, 0.37246823198117746
0.2509703196347032, 2.115903933216992, 0.7627996070990025, 0.29165012815875696
0.09714611872146119, 2.3838124828489677, 0.882397726758462, 0.5021144449068786
0.17197488584474885, 2.200748916065584, 0.8197767032078427, 0.3570826413035457
0.10713470319634703, 3.087307747275692, 0.8904755885221285, 0.4967611371072026
0.1769406392694064, 2.183234079216169, 0.8268107738295042, 0.41711717577734087
0.42562785388127855, 1.9671330154962736, 0.6512658725910617, 0.18834179420205058
0.26746575342465756, 2.033872272951962, 0.76831437907814, 0.28069002738537846
0.33110730593607307, 2.0850660941236097, 0.6948923155062221, 0.22373706676268212
0.20736301369863014, 2.1537412253008585, 0.8228198347631412, 0.3458792257430065
0.14052511415525115, 2.533385727124195, 0.8656517273212785, 0.3940371417823731
0.33978310502283104, 2.3718571388422083, 0.6486271512650182, 0.19499841116056202
0.24235159817351598, 2.0902048200573007, 0.7574193254411199, 0.3604117704215568
0.3422945205479452, 2.028384709371824, 0.6870699251010344, 0.23031319386842267
0.1917808219178082, 2.269716421016343, 0.8606112416275422, 0.38675037819044583
0.3293949771689498, 1.9107942136183178, 0.6939348927493231, 0.24119543741288202
0.34377853881278536, 1.835096123892831, 0.6964198147123538, 0.26388460312031564
0.3105022831050228, 2.036619144191617, 0.7296757800238693, 0.23148170659373424
0.2591324200913242, 2.2797497629464423, 0.7740466917949353, 0.3684712180496261
0.46957762557077626, 1.6004629557025214, 0.5580352572851317, 0.1705866078053468
0.44360730593607306, 1.5455448281683335, 0.5885442355998426, 0.18219976078505445
0.4583333333333333, 1.509527862034568, 0.553689497724658, 0.1593285512001352
0.36792237442922376, 1.7721802189197715, 0.6528170439680503, 0.21873284392878445
0.37968036529680366, 1.8583983973757316, 0.6311258214687152, 0.19695384713058936
0.28127853881278536, 1.9124027475663652, 0.723448527857748, 0.327815599138402
0.1928082191780822, 2.083660028235281, 0.8037144576899106, 0.4176590340654422
0.3042237442922374, 2.111664757323047, 0.7468343278039268, 0.2588039054764033
0.2482876712328767, 2.2112882118519037, 0.8099395035914618, 0.3154436674832613
0.41341324200913243, 1.7161441531814805, 0.6191919282266312, 0.1848792843948741
0.3130707762557078, 1.7753869974807108, 0.7299490959701689, 0.24590384563173562
0.4023401826484018, 1.619519390550242, 0.6162553247401736, 0.19091274561741703
0.42363013698630136, 1.5398547502812934, 0.6016801071622312, 0.1877016178978243
0.2697488584474886, 1.7143175176969947, 0.7391171484738349, 0.3179563448967409
0.492865296803653, 1.5000373055979814, 0.5490383848608527, 0.18241587988379662
0.3521118721461187, 1.7977804396786305, 0.6993214021418984, 0.23076894351087954
0.38453196347031965, 1.9716199082598838, 0.6393652154854393, 0.183127596605091
0.3732305936073059, 1.7602275794907791, 0.6711924449385783, 0.2046568860316538
0.4279109589041096, 1.7136848137803273, 0.5898019371077683, 0.21265443354032637
0.44360730593607306, 1.740873873121526, 0.5899352529318097, 0.1971002410427011
0.3516552511415525, 1.8647632341644806, 0.675363700450948, 0.28762335657657795
0.12648401826484018, 2.1620515465260097, 0.8534196032564139, 0.4684476553933648
0.2142123287671233, 2.2340589894891876, 0.790718338141283, 0.35853613362580705
0.10057077625570776, 2.2858869132590076, 0.9039539979274949, 0.49321512335448936
0.18093607305936074, 2.2139264712731044, 0.8275578635010702, 0.3611155269184316
0.21067351598173517, 2.1787776358697784, 0.8477041992186247, 0.3215258055330562
0.2504566210045662, 2.25771399081842, 0.7579775381009523, 0.2710979780069112
0.1566780821917808, 2.296582259190137, 0.8584621874294587, 0.26260356906283927
0.1942351598173516, 2.3163506141536314, 0.831643944000009, 0.31004804139833253
0.11284246575342466, 2.3048373046326853, 0.9118190097628086, 0.503025984356253
0.10028538812785388, 2.4850866373917557, 0.9046734337117323, 0.5018901914481728
0.20736301369863014, 2.2617268302601223, 0.8504024691414955, 0.30964275367284805
0.1934931506849315, 2.2750503128862274, 0.8323890295108902, 0.3143553445756757
0.15296803652968036, 2.3040453030570456, 0.8607046290003713, 0.40640702044040566
0.3406963470319635, 2.083553196258469, 0.6655220059261505, 0.2411067006962528
0.18812785388127853, 2.071955484505658, 0.8337396952630911, 0.3622839636988629
0.18002283105022832, 2.151264397840794, 0.8443290643829299, 0.31578398073323943
0.27528538812785386, 2.145134336579608, 0.7857752035633245, 0.290227178360863
0.10981735159817352, 2.2242906912004567, 0.8712480072016899, 0.50156313309367
0.10776255707762557, 2.2510855110949035, 0.8899335130899861, 0.4938213145477436
0.18875570776255707, 2.3399869181930204, 0.8378048333949561, 0.3452520658963716
0.19360730593607306, 2.305515363601517, 0.8324923166677743, 0.31744217030236205
0.22676940639269405, 2.109105372354048, 0.8092181624497066, 0.3061851561419078
0.20570776255707762, 2.1284623317488522, 0.821047466389372, 0.3400420854829261
0.375, 2.160246082759339, 0.6250367819722413, 0.1893492713270587
0.10702054794520548, 2.852294623280225, 0.8973177163804772, 0.44566720295382417
0.1632420091324201, 2.4436875196930754, 0.8520129812500095, 0.4090199293306223
0.26809360730593607, 2.2546420626512402, 0.7379695724339222, 0.25070505113737535
0.13858447488584474, 2.6776210305251213, 0.8945313518789669, 0.46115807521329616
0.09834474885844749, 2.4043829844286453, 0.8812713317142709, 0.49719899562330355
0.1812214611872146, 2.1804201441880773, 0.7954840498608285, 0.3522343992891516
0.3686643835616438, 2.1429322933905746, 0.6514050537127276, 0.19641368746837365
0.23476027397260274, 2.268817237073122, 0.7849655803216804, 0.31255249393131523
0.19315068493150686, 2.170999464872357, 0.8596315028088907, 0.385751642106689
0.27157534246575343, 2.305455679858112, 0.7594057490817059, 0.25754349980438773
0.22979452054794522, 2.5228205596347717, 0.8305951379512618, 0.3045188774936407
0.13019406392694063, 2.133249681665813, 0.8594013322221907, 0.44744291103288225
0.20445205479452055, 2.0294232129234158, 0.8040426934462259, 0.3323539856866147
0.21569634703196347, 2.1235477758665064, 0.7913407412012508, 0.28351469969078397
0.2131849315068493, 2.1576811874702098, 0.7817738505838432, 0.3091158653559651
0.20924657534246574, 2.0343401755304096, 0.8107960619715588, 0.40928315612874927
0.25108447488584473, 2.268321182861176, 0.7396949173938723, 0.2737916376371019
0.26238584474885845, 2.1369191430338987, 0.7221250985675836, 0.2831563213238531
0.10085616438356164, 2.388721536598317, 0.8795711200393044, 0.48188440365157137
0.17699771689497718, 2.2130600047199964, 0.8704835600953057, 0.4157523182905034
0.1115296803652968, 2.157362950518387, 0.8735977402483881, 0.4742973836857655
0.16278538812785387, 2.2365934928802593, 0.8235756386092318, 0.43939583665745724
0.2535958904109589, 2.0721326356473035, 0.7620998589974793, 0.3244372255656865
0.2593607305936073, 2.1072497358605196, 0.7980778566212402, 0.2877169235611387
0.2683219178082192, 2.0992997267917137, 0.780168739709793, 0.2909048086638638
0.09708904109589041, 2.437844665426778, 0.8825027688521545, 0.5029135279353555
0.17773972602739727, 2.262175276327759, 0.8004883171632328, 0.29915973173467947
0.19531963470319635, 2.2671433189279955, 0.8299209417065431, 0.3241243695761339
0.3996004566210046, 1.7736644118854172, 0.6134613617386065, 0.20827858898247695
0.31786529680365294, 1.919186413975339, 0.6718759380430344, 0.24265665553648877
0.2155821917808219, 2.2264011334202607, 0.7866812102210102, 0.29798084218659726
0.36147260273972603, 1.940743085599109, 0.6353220767406629, 0.21360416884898722
0.25468036529680366, 2.0552494424663177, 0.7394602640122929, 0.27813234331312875
0.10234018264840182, 2.18575739970082, 0.8952825356524474, 0.4909285676151975
0.24235159817351598, 2.1919742112902747, 0.7552484667292166, 0.24134480585456278
0.19537671232876713, 2.3992272095627163, 0.7841640141479366, 0.3124942173506583
0.3202625570776256, 2.0055152435689214, 0.6968148293346468, 0.24609009789086456
0.16461187214611872, 2.2049170768177606, 0.8316083427132525, 0.3399967310157562
0.35, 2.0585293469023487, 0.7087013200839093, 0.24254026937742576
0.31090182648401826, 1.9972375525867558, 0.7223828055887814, 0.2337052362819111
0.2281392694063927, 2.0840152299499404, 0.7817492054366159, 0.281168618112181
0.11352739726027397, 2.274912540920793, 0.9113474361105317, 0.5032303014099551
0.09697488584474886, 2.2540516199382474, 0.8825692670621323, 0.5039416588575377
0.09697488584474886, 2.467584562417307, 0.8825692670621323, 0.5079327768087323
0.24195205479452056, 2.2068602157850243, 0.8038865903200528, 0.28248247738065113
0.2360159817351598, 2.198354186219712, 0.8129859709773392, 0.29487113602175036
0.1567351598173516, 2.1791218276981894, 0.8395862576872516, 0.3653813701461842
0.17636986301369864, 2.241673274875776, 0.8687209125226875, 0.3437737354019319
0.3627283105022831, 1.9964382878041158, 0.6664589636459378, 0.18997739421594395
0.2790525114155251, 2.2099223260091594, 0.7036442116755217, 0.22451012412152424
0.16050228310502282, 2.3215763672165677, 0.8652895414617572, 0.36980302276497456
0.10485159817351598, 2.325953541182356, 0.8754555502498969, 0.48848494031728174
0.2827054794520548, 1.973902855429067, 0.7440076097927409, 0.28121782110400184
0.416324200913242, 1.5542225644774905, 0.5700552525188166, 0.19375619708875852
0.48162100456621004, 1.508831811597205, 0.5657701827340006, 0.16996511252034427
0.539269406392694, 1.615966739866151, 0.4455833763612261, 0.12702496691015097
0.41073059360730596, 1.7622834846683562, 0.598616089485338, 0.18168062616904895
0.36746575342465754, 1.7663980996772035, 0.6227222897970514, 0.2061493414785963
0.3196917808219178, 1.7567119962582578, 0.7433685298609943, 0.26225379024706075
0.35587899543379, 1.7331353012183213, 0.6978470808898316, 0.2313541045989666
0.40799086757990866, 1.778656667845162, 0.5621452776084478, 0.18809586120740765
0.23886986301369864, 1.9036185219118449, 0.7585493861935595, 0.3133120525935478
0.3117579908675799, 1.8279996536263865, 0.6914044646106469, 0.244789264356884
0.20633561643835616, 1.9394269702675409, 0.8359806786455691, 0.4222141628958985
0.29549086757990867, 1.9817367095449199, 0.739180226324859, 0.2306630747897694
0.29634703196347034, 1.837640965886448, 0.7088254901962369, 0.24400580402730385
0.33915525114155254, 1.9482311988666177, 0.6499698970272095, 0.240468395571983
0.11940639269406393, 2.1413762493390744, 0.8857476043304469, 0.4642110662569842
0.150513698630137, 2.0850611227968514, 0.8752477747051367, 0.4253034618558602
0.2457191780821918, 2.068266200634851, 0.7346801553353708, 0.29358989436132876
0.2146689497716895, 1.8353715905604977, 0.8134657605672038, 0.3128513831595776
0.23595890410958903, 1.887357613624639, 0.7881690698677574, 0.3104583508518532
0.2810502283105023, 1.8078235043161741, 0.6859631933957295, 0.2689126253546974
0.313013698630137, 1.8177570156982705, 0.6204945725031119, 0.2680640067457028
0.4541095890410959, 1.9114938879666263, 0.49235501547175664, 0.16413013250953937
0.26432648401826486, 1.980049814624057, 0.7506546767362303, 0.2578636478080728
0.11997716894977169, 3.0544441936699225, 0.8789065936591569, 0.46749160583995625
0.3696917808219178, 1.9090666069491813, 0.627309902200541, 0.20454996966473882
0.28356164383561644, 1.999467640790289, 0.7494011665106093, 0.2551493423168708
0.3202625570776256, 1.7620510604275075, 0.6733023091268363, 0.20998949049843374
0.34714611872146117, 1.7727398246050425, 0.646655448249091, 0.19694631566531434
0.3829908675799087, 1.8886519162622217, 0.6647717619265697, 0.25247043497831084
0.33356164383561643, 1.8974513794053092, 0.6747134837177796, 0.2150294691868845
0.10850456621004566, 2.3101604144867154, 0.8957109926200535, 0.33387483728268136
0.09777397260273972, 2.3797319366643417, 0.9060329964979384, 0.5127386234358731
0.09697488584474886, 2.6260427116973486, 0.8825692670621323, 0.5042468021568685
0.18299086757990868, 2.3008780750577853, 0.8259334494691696, 0.3228628864170677
0.10142694063926941, 2.4966757496164, 0.8786406702820816, 0.49929420598475255
0.13179223744292237, 2.6153075435152067, 0.8623243005832646, 0.4718326072677079
0.21358447488584476, 2.221160169595589, 0.8142961608682291, 0.4190496132607057
0.2716324200913242, 2.0780496324102082, 0.7277582114095231, 0.32800727553421294
0.16569634703196348, 2.181390715992614, 0.8603316488699931, 0.4425167708906126
0.27608447488584476, 2.0894403416986607, 0.7307959463851519, 0.24305787479784144
0.18327625570776257, 1.9806757367705101, 0.8114113619599279, 0.4194743133691645
0.2634132420091324, 1.8801917840577833, 0.680381928848869, 0.2517089605359524
0.3764269406392694, 1.757686124924043, 0.6778331826338571, 0.22511205859543926
0.2965182648401826, 1.7567639769892713, 0.7385547129150174, 0.29402798379391526
0.48281963470319633, 1.4909805508219895, 0.5414693748302022, 0.1523045164109455
0.44942922374429223, 1.6919634607454686, 0.5193222579951869, 0.2103356458717247
0.33179223744292236, 1.8930366176057216, 0.6664054982096047, 0.2533848808638853
0.4577054794520548, 1.5412853257909214, 0.5949327769335503, 0.1930067651271516
0.43852739726027395, 2.018004305184432, 0.5764681607268141, 0.19021965232748278
0.27214611872146116, 2.0184401179319376, 0.7459197190434833, 0.3158294720698995
0.31004566210045664, 2.0850735463031893, 0.6876010167700153, 0.2874766543156013
0.30211187214611873, 2.0829171260878376, 0.7127302412701023, 0.22821845295187657
0.24315068493150685, 2.3426834708343356, 0.7612420476187982, 0.2672341568267176
0.36289954337899544, 2.165994114010301, 0.6236258808174269, 0.19145624276348255
0.1857876712328767, 2.169401230428317, 0.7966921947906009, 0.3797021822016211
0.3102739726027397, 2.188349107190218, 0.6802684657225201, 0.27231748289080543
0.3521118721461187, 1.8585369601539552, 0.604726854469858, 0.2086273203353235
0.4514269406392694, 1.6237718037920728, 0.5987943997515889, 0.17690646662062864
0.4142123287671233, 1.7653002951243153, 0.6030585464684942, 0.20498217443850017
0.411472602739726, 1.7874334852521618, 0.6120431365410698, 0.2257026498118876
0.5399543378995434, 1.3960260047658122, 0.5057659691990682, 0.15864868354389777
0.4631849315068493, 1.5131606946027407, 0.5829225202882086, 0.18388958611968748
0.25833333333333336, 1.8596934366988265, 0.7586348572786074, 0.3618456314078698
0.3493150684931507, 1.9025904914389735, 0.6640078019756825, 0.20621651664918544
0.45644977168949774, 1.6497577399049448, 0.5673180384022075, 0.17675886016771478
0.2982876712328767, 1.8770571996360064, 0.7029348254609163, 0.2781074460472366
0.3961187214611872, 1.642928413432687, 0.6642354323652914, 0.23350012226928618
0.2100456621004566, 2.0986927191842746, 0.7997343270467756, 0.39372796278955313
0.47414383561643836, 1.5912126611816149, 0.5855993378962178, 0.19912638743968414
0.40445205479452057, 1.8419375104468196, 0.6057780444042065, 0.2230648608563019
0.5089041095890411, 1.4360589636141035, 0.535193126785819, 0.15075138368509458
0.40941780821917806, 1.5262349626210998, 0.6297009977854587, 0.19824289093995975
0.5236872146118722, 1.494345973041674, 0.47464175624850896, 0.1380238840705989
0.5178082191780822, 1.5353397876636623, 0.4541852805419855, 0.17776076197575263
0.5402397260273972, 1.443777215946891, 0.5114654848742325, 0.15428404085486347
0.3371004566210046, 1.7932949479788405, 0.6612420307215687, 0.26279875031895755
0.42340182648401825, 1.6294503258719837, 0.654549177001738, 0.1948358981361787
0.5795091324200913, 1.7124729370961995, 0.42918425744657723, 0.1257549069721354
0.3591324200913242, 1.688567553389154, 0.6664518822593564, 0.24609117849041767
0.4580479452054795, 1.5638884411040337, 0.5808945268152845, 0.17571261357762183
0.46386986301369865, 1.5744242449295303, 0.6000258336980707, 0.2075375529967465
0.37654109589041096, 1.7818245828593975, 0.6497086020044724, 0.22324953994270844
0.3375570776255708, 1.7230532876381728, 0.6869221883256986, 0.2512231650526011
0.4982876712328767, 1.737730284263146, 0.4858682368547207, 0.156058695063573
0.17328767123287672, 2.315190889213455, 0.8018831266827806, 0.3755502724852404
0.313013698630137, 1.7619988080845577, 0.6887708775188761, 0.29664334058119024
0.4134703196347032, 1.7931528550100653, 0.5791435813114462, 0.17021279657753335
0.3867009132420091, 1.6785007836373702, 0.5530681695248049, 0.18439580224901364
0.20057077625570777, 2.1507951463921926, 0.7944111198576753, 0.42788695982789976
0.41678082191780824, 1.5697833228065339, 0.5356920531724118, 0.22199220198193262
0.5376712328767124, 1.196304530976978, 0.46746104005925737, 0.15879952800068645
0.5926940639269407, 1.1504961094802, 0.42853487874344937, 0.13068925064914672
0.47437214611872147, 1.3382535473167148, 0.5182975224415869, 0.17535461042778588
0.4429794520547945, 1.4250053410830836, 0.5561377837050006, 0.18642909982183742
0.6827625570776256, 1.0724980182992507, 0.3163586886697981, 0.10324086828095312
0.623972602739726, 1.1286028562700503, 0.40212688067554553, 0.13721238396386762
0.3522260273972603, 1.61286793827126, 0.6555537361525148, 0.3027354511493909
0.4995433789954338, 1.4307573837606602, 0.5094552912812673, 0.15681566632116467
0.5143264840182649, 1.2247552305357914, 0.49987160571003664, 0.18382124765153315
0.5690639269406392, 1.4748062647436853, 0.415418412001372, 0.1295060119830129
0.4158675799086758, 1.5583702508955513, 0.5657071547185125, 0.18163846112592366
0.532134703196347, 1.4770409671172975, 0.4300784844000001, 0.14086881643646662
0.4822488584474886, 1.5054292882022928, 0.5112224221072803, 0.16082325333051273
0.5103310502283105, 1.5875140963521994, 0.4639729400364379, 0.1582595893349116
0.2238013698630137, 1.8901056369519942, 0.7713701154286494, 0.40855516951132714
0.4432077625570776, 1.4203813328862736, 0.569446346432613, 0.18722833012961237
0.5353881278538812, 1.3305281270895, 0.47508601271395984, 0.1455698630831264
0.4443493150684932, 1.4015651476773598, 0.5414259861501857, 0.17894593264355124
0.4297945205479452, 1.711900134973194, 0.586277991266665, 0.189457277759318
0.36552511415525113, 1.8172805278200537, 0.6586873867551656, 0.23157459094658822
0.3595890410958904, 1.7847467104457828, 0.6314143182080278, 0.18060309571344377
0.42442922374429226, 1.9806923945948958, 0.5908515000522893, 0.18450392103766033
0.2591324200913242, 2.2076750155045017, 0.7490308101526231, 0.3138897649945581
0.3744292237442922, 1.9305363799760025, 0.6774456185786564, 0.26820119060223235
0.3988013698630137, 1.5048173644312033, 0.5950443751685698, 0.2451377430324873
0.5698630136986301, 1.2481679548326556, 0.40572230019509475, 0.13669413624012006
0.35291095890410956, 1.5689702916550174, 0.6745151426780283, 0.2385256901878544
0.43184931506849317, 1.9284344315652195, 0.6235856726044182, 0.19758893086352042
0.4172374429223744, 1.5624833049635365, 0.6067714107748686, 0.21146269497684805
0.5388127853881278, 1.622600336767495, 0.48556766401110424, 0.14854679037625348
0.44509132420091324, 1.702959293540414, 0.6235304224704713, 0.18784753160824494
0.40730593607305937, 1.5781722113073349, 0.6526318819822136, 0.20851216981883003
0.5361301369863014, 1.374303297186483, 0.4201610353770097, 0.15236386556655976
0.3898972602739726, 1.4791458495343996, 0.6154946482618713, 0.2743625922366961
0.5284817351598173, 1.6209502372635554, 0.4793593205026241, 0.1448799802185419
0.4833904109589041, 1.422541527535137, 0.5035016881353921, 0.17663563195358736
0.4605593607305936, 1.5411353494461677, 0.5848885792992494, 0.175514335881462
0.35034246575342465, 1.847460863945504, 0.6966579357440377, 0.23774996209847882
0.41364155251141554, 1.5000163864012654, 0.6176048472495801, 0.21055309229975047
0.3992009132420091, 1.9793831039305148, 0.6210107023095898, 0.2348328077109732
0.36375570776255706, 1.9854453697052177, 0.6311677892305464, 0.19039538907007406
0.09018264840182648, 2.3034444881628637, 0.9067816421278164, 0.5009838679153558
0.09731735159817352, 2.3431629231803495, 0.8826908463251258, 0.483373544601298
0.10313926940639269, 2.3475891904267545, 0.8944962397010902, 0.49614235009030916
0.11284246575342466, 2.4074263437493753, 0.9118190097628086, 0.5041134170689343
0.1636986301369863, 2.278003904434372, 0.8615034440304313, 0.40192988706890065
0.17990867579908676, 2.18811815719218, 0.8062212836273842, 0.3669718194042332
0.13704337899543378, 2.219624100326131, 0.8630738376294349, 0.46282372211164974
0.21295662100456622, 2.2149536151183793, 0.8459880328648152, 0.31523880844435487
0.28207762557077626, 2.131508510624437, 0.7202295683040155, 0.32706381749129565
0.2235730593607306, 2.069680623090975, 0.7680132996972222, 0.3086699557216463
0.20176940639269406, 2.189290756048405, 0.805803402526148, 0.3537098692789902
0.31044520547945204, 1.9781445695282933, 0.701422753560618, 0.2225540987141054
0.27408675799086757, 1.9462266752266721, 0.7454007813577013, 0.25374587675925414
0.2815068493150685, 2.105209667825876, 0.7268369894458196, 0.26417784750032786
0.3051369863013699, 2.0660945367159482, 0.7066220831265965, 0.22871527764091115
0.5642694063926941, 1.5094221204485252, 0.4661245490104562, 0.13707723430701116
0.3230022831050228, 1.676566398388719, 0.6264166101979322, 0.2800032332711127
0.38116438356164384, 1.7768746833618918, 0.6487655181777826, 0.21630938316417833
0.3621575342465753, 1.7289505740346973, 0.6688905426300739, 0.24537231407021293
0.3187214611872146, 1.7484636885866727, 0.638329923497947, 0.26135417606950034
0.2514269406392694, 2.0163928657293866, 0.7548243903304983, 0.36414617780807357
0.3429794520547945, 1.7990753040840364, 0.6624188933743055, 0.21366051507743541
0.43019406392694065, 1.673705784922049, 0.6256396477929376, 0.1919004843628734
0.47751141552511417, 1.8863637528326958, 0.5868628217438746, 0.16540884186518215
0.41763698630136986, 1.6184013716000467, 0.6423994435645143, 0.21009158364962396
0.5613013698630137, 1.3511950919634268, 0.48858318624127917, 0.1464558155655892
0.4618150684931507, 1.4556024252109603, 0.5485806383277968, 0.20941803957388658
0.5790525114155252, 1.2606600101909613, 0.449336436546337, 0.14880398405362183
0.41997716894977166, 1.5446993249243117, 0.5935812035240915, 0.19049230593240865
0.5142123287671233, 1.455312662290996, 0.5294955045849498, 0.14984012608355268
0.496175799086758, 1.4846338160608186, 0.5289978460794967, 0.1568541913369404
0.5549657534246575, 1.4945970726748035, 0.45175986973578425, 0.1354682294932169
0.21843607305936072, 1.9426291659474373, 0.7741137492788434, 0.31429968544288484
0.17985159817351598, 1.980381171469955, 0.8083849948948212, 0.3680606055665251
0.23852739726027397, 2.068881361295371, 0.7703133284547756, 0.25259437527034506
0.3772260273972603, 1.9460240332367214, 0.6872080462405862, 0.21963529491780703
0.2928082191780822, 1.892453297894431, 0.7217918144190069, 0.2555350175524691
0.49297945205479454, 1.531643939646786, 0.5587429460820713, 0.1573481430283766
0.5328767123287671, 1.5086136596549524, 0.47299976312243514, 0.13908732383191494
0.3900684931506849, 1.5191162176566309, 0.6182940711835108, 0.25399437311378686
0.42420091324200915, 1.6830133558731508, 0.6351848201819528, 0.19338003189770986
0.5357876712328767, 1.4557521377154308, 0.46961483317892444, 0.13981378758548924
0.3906963470319635, 1.5996236478152885, 0.6064768906523355, 0.2063272002487352
0.396175799086758, 1.593350267212957, 0.6306726054374536, 0.24338327988132438
0.2776826484018265, 2.0766623004092986, 0.7698253866776014, 0.3232683577044213
0.560958904109589, 1.483934941015219, 0.49372586059098067, 0.14440604173215532
0.525, 1.499927475516042, 0.5230183076421835, 0.15133481007466099
0.42962328767123287, 1.5134948858042931, 0.6238487902983895, 0.20669517454923697
0.4594748858447489, 1.4234194640406157, 0.5616796607523731, 0.19078980712240143
0.3810502283105023, 1.5437099066197226, 0.6306966896995896, 0.22977709316429415
0.4728310502283105, 1.4209216142711165, 0.5485212717468455, 0.17377788539262892
0.5184931506849315, 1.317236802569212, 0.4849734383561545, 0.14262541266618536
0.4963470319634703, 1.3963307838538261, 0.4994178532544018, 0.1803049309288821
0.47562785388127854, 1.4115519854703655, 0.5442729587903792, 0.17050866630202854
0.5134703196347032, 1.3054841063967715, 0.46442181955535644, 0.16292683862064358
0.6134132420091324, 1.156169533820559, 0.42084307947979666, 0.12927657897323463
0.5039383561643835, 1.6185415268284544, 0.5501905357650269, 0.16615896484399123
0.4922945205479452, 1.8180543830609757, 0.5104296572939161, 0.1786570272042643
0.1, 2.4205653679280723, 0.8800498609767253, 0.41997060864702945
0.38344748858447486, 1.7315088520209267, 0.6183159258838384, 0.19044946769454046
0.5275114155251142, 1.4531361324661602, 0.5132632998257306, 0.15738056119156066
0.490810502283105, 1.3816989937899251, 0.539720326223284, 0.17318711902788547
0.539554794520548, 1.5362961128388093, 0.44020071139515843, 0.1396658699704764
0.49006849315068496, 1.4996401562147081, 0.5548259519608697, 0.16150467594944115
0.46472602739726027, 1.5887628049627966, 0.5820153130007772, 0.18356037461717908
0.3007420091324201, 1.7803332494087007, 0.6672123021003383, 0.2506207596853325
0.4626712328767123, 1.7275615363853842, 0.5225417372111917, 0.14755037667564547
0.27385844748858446, 1.984678591190748, 0.725015549744373, 0.24388512682340874
0.47791095890410956, 1.6511767615466357, 0.5296978827714812, 0.148091754691351
0.41906392694063926, 1.6610194398643083, 0.5978303022741979, 0.1877701409038157
0.4312214611872146, 1.6056704494285665, 0.5894089968234565, 0.18943949889574693
0.37945205479452054, 1.553040353252157, 0.6160538241747321, 0.1936133568188221
0.522716894977169, 1.5403516915205815, 0.5066555764515371, 0.13990214889796382
0.5590182648401827, 1.3912352316693901, 0.45397267761013027, 0.13237696348806816
0.5603310502283105, 1.4978051907157517, 0.46293587482658033, 0.1383130808693015
0.32968036529680367, 1.6982858223100639, 0.6799251544343192, 0.2438722311607901
0.4320205479452055, 1.6199587174542418, 0.5518151216480891, 0.1746674969643361
0.4572488584474886, 1.587348551579143, 0.5864105764445428, 0.1800602093110218
0.4898972602739726, 1.4487662642207593, 0.5416531436808958, 0.15742243208282475
0.5334474885844749, 1.5305845131238573, 0.5110044480013826, 0.1597387732438153
0.6125570776255708, 1.3490126785843475, 0.40943672563707545, 0.13704743888993443
0.4843036529680365, 1.4600755705999968, 0.5638029375318677, 0.15702530040923737
0.4105593607305936, 1.865455383218859, 0.6311979444930739, 0.20524166976707192
0.29315068493150687, 1.8716047628693384, 0.7547803454024521, 0.2632029063191402
0.23065068493150684, 1.7182672424675667, 0.770225139196486, 0.33712954034924336
0.44914383561643834, 1.5595561046331916, 0.5908232194689018, 0.18348999994602203
0.48732876712328765, 1.4029132824187, 0.5055425354679618, 0.16724419801410165
0.4934360730593607, 1.3461745135043854, 0.570154599041098, 0.1802485589719246
0.4764269406392694, 1.4071898637960354, 0.558555714115209, 0.1681910512740904
0.4952054794520548, 1.3750678033504176, 0.5428638344740798, 0.17007656581129305
0.26404109589041097, 1.6702643104960726, 0.7534661538949069, 0.28388316260068525
0.3450342465753425, 1.6770587228102498, 0.7041004347439751, 0.22549335742811213
0.45587899543378996, 1.4961610269668983, 0.6117730905577178, 0.17274503984838283
0.46158675799086757, 1.5274511307716097, 0.5999279257852812, 0.1796386841485728
0.4827054794520548, 1.4073211131353764, 0.4998634962569673, 0.18547248988710535
0.6456050228310503, 1.015925972300824, 0.3900150628970635, 0.11529788278110584
0.603824200913242, 1.0914935195478335, 0.3765154226580454, 0.11951697312457553
0.5223744292237443, 1.2487618469424784, 0.4543436540078754, 0.14613493707971797
0.6018264840182649, 1.3612069025448603, 0.3878231155013626, 0.12474302532935422
0.45011415525114157, 1.4632309279230225, 0.5967614428594868, 0.17125943926728796
0.5462328767123288, 1.3319359567339562, 0.49014378437022316, 0.14722429854206182
0.14069634703196346, 2.3067655344259794, 0.8024176005931658, 0.28468631972454195
0.11301369863013698, 2.489246347982045, 0.8853100653834031, 0.4915222297559141
0.18190639269406392, 2.3023300675972957, 0.7373036640922739, 0.3674926059349346
0.13493150684931507, 2.605676168468717, 0.8536925157983053, 0.4645002563918932
0.26238584474885845, 2.006856235742705, 0.7251324566928742, 0.31824572440631327
0.270662100456621, 1.9520532087180509, 0.7442300296759322, 0.2848139736742187
0.5485159817351598, 1.547461800639556, 0.4957374486913711, 0.13824464949596021
0.3507990867579909, 1.8159266575277873, 0.6925210072619895, 0.24682957981396783
0.556392694063927, 1.3686808719091355, 0.4565234076163218, 0.15236223005758623
0.548972602739726, 1.5166509799240369, 0.49619880275404316, 0.170274555234878
0.6053082191780822, 1.4641534722184755, 0.42212524974002924, 0.13289639559172695
0.25273972602739725, 1.8070979847772617, 0.7458630536071686, 0.2958298631814916
0.2187785388127854, 2.078797179964035, 0.7644756563065559, 0.3264136659724211
0.3035958904109589, 2.145278814060775, 0.734880550895435, 0.23119316160974407
0.30062785388127855, 2.105333616009586, 0.708134293849188, 0.21391789306854228
0.10565068493150685, 2.224802222419275, 0.8768898571647774, 0.48257928439444847
0.09697488584474886, 2.2900708635103757, 0.8825692670621323, 0.49848873160802426
0.15005707762557077, 2.2961515732687903, 0.8736833386437634, 0.47956462975259645
0.20833333333333334, 2.8572741376210566, 0.8498853967733255, 0.30806091500032384
0.2321917808219178, 2.243070150244998, 0.7956298600100693, 0.3752098142723645
0.1312785388127854, 2.4045896888901925, 0.88458985270358, 0.45042636146574105
0.3324771689497717, 1.9485605720651749, 0.6913104254312469, 0.24369313077999305
0.36746575342465754, 1.827727917255196, 0.5880317409007979, 0.21037453654423413
0.4286529680365297, 2.00493194033816, 0.6004458547742189, 0.20000088813803804
0.5097602739726027, 2.002989861518825, 0.5544536134342287, 0.16005803694754353
0.3712899543378995, 2.0785363757583104, 0.6390405177548791, 0.2110494615098166
0.26815068493150684, 2.0692919682422186, 0.6633816720123814, 0.2689966862615526
0.3478881278538813, 1.8634024948460055, 0.6685774558227018, 0.27610955756932776
0.34771689497716896, 1.841895404420623, 0.6597024673471139, 0.2276852123346763
0.17705479452054795, 2.1226465991353742, 0.824947667139142, 0.4396373399985969
0.5358447488584475, 1.663750870607487, 0.46740299526205287, 0.14673856748570654
0.4352168949771689, 1.6383719128203582, 0.5026551711441524, 0.1575885913198773
0.3643835616438356, 1.7472246106254727, 0.626590752048755, 0.22837526033607214
0.22751141552511417, 1.9523538183812137, 0.8085793738908191, 0.39930834212257466
0.1783675799086758, 2.028757384990142, 0.862262199339416, 0.40422735154340855
0.3196917808219178, 1.9850215563848275, 0.7006144902153543, 0.25051810882930003
0.24452054794520547, 2.0289149510261675, 0.7033536600064355, 0.25504610563780866
0.33829908675799086, 1.912738071912772, 0.6693783516357429, 0.23291046294133033
0.35781963470319633, 1.8487315380682139, 0.6348309203475186, 0.20002203201430802
0.3204337899543379, 2.0780511835394386, 0.6852219780138806, 0.2606104171229963
0.12488584474885844, 3.2000329282732265, 0.9041456650673869, 0.4871355256193874
0.22100456621004566, 1.9708187179750503, 0.8379148492885988, 0.30952934869675686
0.31267123287671234, 1.8292342456440402, 0.6471218693151003, 0.25474595276180917
0.18139269406392694, 2.043752615470184, 0.8088494141457203, 0.36248472532526227
0.1396689497716895, 2.2365424214092564, 0.8566125858900543, 0.4217516946881036
0.10833333333333334, 2.2741977054846885, 0.8899948426531806, 0.49301644823755875
0.12448630136986301, 2.616246457812993, 0.8747975556657087, 0.47726878330877803
0.09805936073059361, 2.2764507033713333, 0.8814541389425808, 0.5015107981645807
0.09777397260273972, 2.3065073812388937, 0.8819635049500952, 0.5031563230717805
0.10313926940639269, 2.344458147100934, 0.8944962397010902, 0.493081884617974
0.10850456621004566, 2.422592488720537, 0.8746841415120064, 0.4695370568846362
0.16404109589041097, 2.4616624617209175, 0.7811134227408005, 0.3400846488099459
0.1740296803652968, 2.6084489988511828, 0.8141535097441688, 0.34701315098095675
0.27363013698630134, 2.1014529018097274, 0.7392421309800818, 0.3137264161825251
0.09697488584474886, 2.269803362227466, 0.8825692670621323, 0.5009184996634746
0.2089041095890411, 2.245943853272695, 0.7602083839094719, 0.32178562009443246
0.09714611872146119, 2.2749255755244326, 0.8824297196226918, 0.500013476849108
0.1055365296803653, 2.7572276015600115, 0.898489151728442, 0.48427202668197544
0.09697488584474886, 2.6608696816548636, 0.8825692670621323, 0.5013425000235915
0.09697488584474886, 3.6493763978963027, 0.8825692670621323, 0.5031024068202491
0.09811643835616439, 2.298377836648732, 0.8812846146693097, 0.49688690403314867
0.11558219178082192, 2.2543559819868166, 0.909580176104113, 0.5043310585421963
0.10313926940639269, 2.285472761992722, 0.8944962397010902, 0.49616306567826934
0.09805936073059361, 2.6250588307573914, 0.936737740817903, 0.5022268558543063
0.18852739726027398, 2.680411201820934, 0.84471603613829, 0.32456978691432786
0.3242579908675799, 2.0835275360642505, 0.725261606422047, 0.2146878561426845
0.21147260273972604, 2.3121870892845333, 0.776789035570262, 0.2763157141812699
0.13276255707762558, 2.431365096563958, 0.848446613609833, 0.4064173795857839
0.22676940639269405, 2.0969533195710617, 0.808160493039146, 0.342366000852277
0.24549086757990868, 2.089531322599274, 0.7294845307246327, 0.3058864655948621
0.23493150684931507, 2.0074567315172933, 0.8175997891417045, 0.32831639414715286
0.41084474885844746, 1.8209748557373269, 0.627216662285171, 0.18827343624546442
0.3738013698630137, 1.994977725790516, 0.62719774692419, 0.19663802544270864
0.1925228310502283, 2.5533506707904956, 0.835906552580904, 0.36717315399654493
0.17996575342465754, 2.2144488022088598, 0.8271417897006114, 0.35252925087343173
0.3042808219178082, 1.8572807935249385, 0.6695381804314323, 0.22844595979380494
0.33042237442922373, 1.719182130340997, 0.6480104453809764, 0.21538965485257536
0.3867009132420091, 1.8005889683893825, 0.6203393600912784, 0.23328097590574282
0.3615867579908676, 1.9324614725632754, 0.6060203233197106, 0.23544877953929766
0.36021689497716897, 1.7401053072178745, 0.6803829063925153, 0.2315461321849583
0.4268835616438356, 1.6304776133688754, 0.6124122146890021, 0.19626526326707833
0.18453196347031964, 2.348255136711034, 0.814869330625851, 0.34296104714516784
0.37077625570776257, 1.7213757872241273, 0.6429848540664824, 0.18126186661513516
0.3410388127853881, 1.7430604086925179, 0.6712829431992893, 0.23883392506615667
0.4161529680365297, 1.7528392893130376, 0.624196089308601, 0.17948846330996118
0.2563356164383562, 2.1538891122306456, 0.7684544333056593, 0.2723214987189435
0.4223173515981735, 1.5608153402312026, 0.568104991183176, 0.1696202310652354
0.3452054794520548, 1.792903194180158, 0.7009864734568134, 0.24886206471945688
0.43670091324200916, 1.5799911128875872, 0.6038578992522333, 0.1782841686321509
0.5376141552511415, 1.9151746540445171, 0.4655780662888129, 0.14301200545789458
0.32231735159817354, 2.055029814373957, 0.6632996866788196, 0.21403331248323965
0.22146118721461186, 2.123217816895818, 0.7812397206277357, 0.375232633735054
0.23133561643835615, 2.015465114473208, 0.7858570555287752, 0.3150704328355556
0.2288812785388128, 2.050176857282582, 0.7891974550549353, 0.2744918527816161
0.3603310502283105, 1.732904566963922, 0.6477175654910806, 0.2181917278227021
0.2653538812785388, 1.9405089829984592, 0.686776112780064, 0.2670305350033337
0.40176940639269404, 1.8815859898924827, 0.5640907964171196, 0.17275875019181453
0.3855593607305936, 1.971317641824892, 0.6172331206120698, 0.19214289576336668
0.22174657534246575, 2.020124408844263, 0.7619712811770606, 0.3584726468383307
0.37482876712328766, 1.6456440847367049, 0.6520835017158507, 0.22066898541227642
0.506107305936073, 1.5545070878446918, 0.5307142582609327, 0.15697137008620843
0.0920662100456621, 2.306032231899157, 0.8909975669903993, 0.4331214345198402
0.10313926940639269, 2.46498322194978, 0.8944962397010902, 0.4990601243581172
0.1646689497716895, 2.3476720487282154, 0.8139437351952019, 0.3134028129778264
0.19960045662100456, 2.388692151540763, 0.8567897285869381, 0.4112963155482324
0.09777397260273972, 2.356569048000253, 0.9060329964979384, 0.5119334271700303
0.15570776255707763, 2.2898321770437775, 0.8262796235498928, 0.4223625755732758
0.15102739726027398, 2.3810392721466824, 0.8644320269531919, 0.4554911640243224
0.10496575342465754, 2.256213373340428, 0.8931959401365996, 0.49725369598853075
0.13829908675799088, 2.5278837523844144, 0.862614599521644, 0.39723075195615976
0.1827054794520548, 2.2637258948324477, 0.8296588523528271, 0.42760524028869434
0.14178082191780822, 2.369368051931466, 0.8833013277842469, 0.41358743616633925
0.2569063926940639, 2.281137961782005, 0.7910074002550924, 0.2872748622907061
0.10234018264840182, 3.188247055014315, 0.932110641143916, 0.516418213277332
0.32802511415525115, 2.12568451561476, 0.7108530989154063, 0.2855669638213221
0.1983447488584475, 2.2336686594301165, 0.8181403466591403, 0.3395538140900378
0.09988584474885845, 2.8252846786139965, 0.9346679589985689, 0.5119888496872582
0.1605593607305936, 2.73720857218061, 0.8412815134394342, 0.4114729988378709
0.391837899543379, 2.072783697406723, 0.6236429260996613, 0.17340814406311045
0.3297945205479452, 2.763744493645348, 0.6665878623369036, 0.22278814396999846
0.33139269406392696, 1.8852949284017086, 0.6601077633708576, 0.18511424145494973
0.31210045662100455, 1.9769127194433724, 0.7023883969680934, 0.23770945973775123
0.3182077625570776, 1.850767372135226, 0.6869561648879425, 0.2063573144669139
0.3329337899543379, 2.02162105119936, 0.6805076165834287, 0.24322408454271893
0.48327625570776256, 1.709702383379822, 0.5605325107106132, 0.16600796358047526
0.42054794520547945, 1.8171768784625073, 0.613834569455057, 0.18981340372526634
0.29897260273972603, 2.0466686859233603, 0.6877066767958948, 0.2733777605250834
0.4276255707762557, 1.6594652612459715, 0.6079610315803423, 0.19579445092894596
0.447203196347032, 1.6484085734814542, 0.5115996145065695, 0.19697888548192455
0.3422374429223744, 2.043548874958465, 0.6725449627942222, 0.262235243378857
0.20473744292237442, 2.2336416922407607, 0.7799095642730969, 0.38085080123323695
0.3407534246575342, 1.8558640441580858, 0.672105526484312, 0.2100636651872389
0.33915525114155254, 2.0236211755504345, 0.6718038867634039, 0.27186677945943605
0.11660958904109589, 2.225380235954643, 0.8840258021299543, 0.4798546028374006
0.2341324200913242, 2.1177611121431537, 0.7506326173063665, 0.2755811415183895
0.26335616438356163, 2.0556255547474374, 0.7251194399342857, 0.2813605030684666
0.46381278538812787, 1.7323055069757516, 0.5887158972174673, 0.17337912275933473
0.3035958904109589, 1.7622820874361416, 0.7232537136291195, 0.30280483337764563
0.33264840182648403, 1.9790694185154147, 0.6847988015504407, 0.25049823963802376
0.4257990867579909, 1.6946507352935873, 0.6186504450877318, 0.19231783293027177
0.16238584474885845, 2.0180424136113904, 0.8342965888300877, 0.4125883760146685
0.29897260273972603, 2.0979895168991938, 0.7011691759833412, 0.24840275754572783
0.3053082191780822, 2.03417842355493, 0.7183157236299071, 0.2719554616399737
0.29406392694063926, 2.117874256912704, 0.6480894627710415, 0.2716142653371941
0.2148972602739726, 2.235027394365502, 0.80119846077532, 0.3423062665924821
0.14315068493150684, 2.303349610326225, 0.8484826670115144, 0.3244865926324273
0.12808219178082192, 2.673933844156053, 0.8723284153001163, 0.4147767849486124
0.19069634703196348, 2.210753184625003, 0.8636791681877412, 0.32237165564436937
0.28898401826484016, 2.190865374938266, 0.7101272792716771, 0.24326658978166127
0.13184931506849315, 2.1311946599246703, 0.8572907779586053, 0.399372964421137
0.3026255707762557, 2.324714306034318, 0.7093048352022393, 0.22474542317988785
0.3085045662100457, 2.1223282019348315, 0.7093652332230868, 0.23371518947775968
0.2264269406392694, 2.1207871178922044, 0.789899954648223, 0.3219702684023229
0.19115296803652967, 2.306643398589195, 0.8092529180058385, 0.30222127122874953
0.12648401826484018, 2.4341750057626803, 0.8557054328857551, 0.3845426168295279
0.34600456621004566, 2.036331829333414, 0.7040455628828396, 0.23348379924344212
0.3031392694063927, 1.9787989368755796, 0.7097034631501264, 0.23558563211390685
0.38949771689497714, 1.9033547963776953, 0.6495603540588718, 0.18437188416802155
0.2882990867579909, 2.0127559621652513, 0.7376137978886266, 0.2845769674730981
0.21552511415525114, 1.9685418082596777, 0.812179462858797, 0.32406697203922924
0.2930365296803653, 1.982043644976398, 0.735658814854139, 0.2923928582319605
0.3322488584474886, 1.9774492733690836, 0.7299675339977325, 0.22740221382511763
0.30724885844748856, 2.081810888042461, 0.70326514092329, 0.2851798736795644
0.16906392694063926, 2.225879387537094, 0.876208617638358, 0.4150303450919756
0.2876712328767123, 2.144410126407941, 0.7266187287143292, 0.3019515908151028
0.22351598173515982, 2.072728370395425, 0.7763949252493206, 0.26491816856109907
0.16546803652968037, 2.144701033953118, 0.818876716548089, 0.3377285629540723
0.17317351598173517, 2.1961555487080795, 0.846377417586806, 0.35801764499640165
0.2411529680365297, 2.126516461025362, 0.7491770947065602, 0.3344748653327367
0.1752283105022831, 2.1211645773488637, 0.8188584694143786, 0.3451373780798928
0.24674657534246575, 2.106091008889893, 0.7490804579828659, 0.2898861051375311
0.21506849315068494, 2.1742816882454643, 0.8064992113165964, 0.400460055982702
0.23367579908675798, 2.1262084052306878, 0.7043535167662915, 0.3010326518137829
0.19469178082191782, 2.175913174947103, 0.7773746766500576, 0.35965472758104206
0.14320776255707762, 2.7236391510967524, 0.8841812399535389, 0.44040618166272166
0.13738584474885845, 2.2283544587626305, 0.8789774379023947, 0.42418724645863315
0.3710045662100457, 2.0661256607111596, 0.6460167590705627, 0.24167699216645627
0.36552511415525113, 1.8256856667294623, 0.6612040914250482, 0.22901915185262608
0.2936643835616438, 1.9437764633327859, 0.7255125913637841, 0.2978180487461405
0.2734018264840183, 1.8653782237287118, 0.7714092904028503, 0.34506842286807815
0.44743150684931504, 1.8065890703571441, 0.5760769716958248, 0.17861561873097223
0.20787671232876712, 1.9501161467062829, 0.8197277743174631, 0.3122710135139575
0.2550799086757991, 2.0625225990670457, 0.7531588263300555, 0.24304354718123078
0.22819634703196348, 2.1684858309896025, 0.7843447279340636, 0.33437882910889494
0.19023972602739725, 2.2873300965892396, 0.8120279934185539, 0.31308915471678817
0.09092465753424657, 2.225694324783811, 0.9059589612892086, 0.4977100402431844
0.1492579908675799, 2.26738687606707, 0.877212742196004, 0.46871596742675814
0.16792237442922375, 2.3060189820230685, 0.8659844427249739, 0.34461028082348755
0.3102168949771689, 2.2304635454989867, 0.7319066802829017, 0.23339912974814006
0.27676940639269404, 2.326915369917677, 0.7272244074443344, 0.22551726130352
0.3601598173515982, 1.952033807296459, 0.6777313498860502, 0.24722329751341565
0.3860730593607306, 1.8016593140350086, 0.6223539831998398, 0.1748063218449162
0.3752853881278539, 1.7845686200240702, 0.6656787490897635, 0.19925748495709858
0.2882990867579909, 2.1703567110121114, 0.7394307835112687, 0.2804446232449685
0.44366438356164384, 1.6868025265463955, 0.5783275866743884, 0.1683293991938379
0.23350456621004567, 2.2890139633151767, 0.7632967864995535, 0.3695161952574337
0.20599315068493151, 1.9071917965293748, 0.7453096360324057, 0.3094459483802976
0.4457191780821918, 1.7498549365238647, 0.5616739028508103, 0.15822435005130323
0.2942351598173516, 1.9363480536564845, 0.7592483768464995, 0.31268591606665
0.21141552511415526, 2.278888899091308, 0.8066439958585603, 0.3311470042227954
0.15976027397260273, 2.266012353626118, 0.8489603624132493, 0.37635646369720743
0.2410958904109589, 1.9396088531436442, 0.7845727165295351, 0.29792796820234907
0.10148401826484019, 2.3029848290496764, 0.8494825385420856, 0.351005858279739
0.09697488584474886, 2.306723626808489, 0.8825692670621323, 0.5056825501924775
0.09697488584474886, 2.3198933107803947, 0.8825692670621323, 0.5059164408219211
0.10028538812785388, 2.3825163389858046, 0.9046734337117323, 0.49941879531183775
0.09697488584474886, 2.9746750650816858, 0.8825692670621323, 0.5030280677020026
0.09777397260273972, 2.7548589763507993, 0.9060329964979384, 0.508724463834537
0.18116438356164383, 2.620283207358563, 0.8213847192899035, 0.3116817184317098
0.10485159817351598, 2.4651938965093327, 0.8756009086884449, 0.4956134725916737
0.18418949771689497, 2.3332149225282888, 0.8010983975648668, 0.314059990557871
0.17134703196347031, 2.3761012542941797, 0.8499547810949507, 0.3752736645189298
0.09845890410958905, 2.1792382979229705, 0.8805052355010793, 0.49718637266434823
0.10062785388127854, 2.248049691254826, 0.8792725250448176, 0.4972397327221509
0.17134703196347031, 2.2162532619689697, 0.8262163493698761, 0.3884929583397942
0.10622146118721461, 2.226632677998445, 0.915726341138088, 0.3997132213866533
0.10039954337899544, 2.7491282473994443, 0.9046090583707612, 0.4989412278453467
0.18481735159817353, 2.23674713158172, 0.8376321351240421, 0.35516094490676453
0.2554223744292237, 2.1628743792335463, 0.7513211192979244, 0.3220632842468604
0.2023972602739726, 2.251920766585834, 0.8015829402157892, 0.31241266608764734
0.4414954337899543, 1.7098881502827146, 0.539241159731299, 0.17442849718588213
0.29628995433789956, 1.9816176084980164, 0.6930369611590045, 0.2042403666073321
0.3659246575342466, 1.936853195849347, 0.6458358749765732, 0.2194251865595977
0.38710045662100456, 2.1671701458831354, 0.6175056679439614, 0.20334138118696693
0.09018264840182648, 2.281106270774859, 0.9067816421278164, 0.501745119972582
0.09018264840182648, 2.51613694542347, 0.9067816421278164, 0.5069053787588607
0.1773972602739726, 2.2705700474242643, 0.8450401507514812, 0.3622612172119256
0.19845890410958905, 2.2820093010726583, 0.8088718080929976, 0.31106822972023546
0.13418949771689498, 2.3192718607309746, 0.8591384208479732, 0.4358208833141663
0.10422374429223745, 2.2700165362799005, 0.8759571281380661, 0.4962159640520793
0.10136986301369863, 2.3176251421099927, 0.8978210654489659, 0.4753101241372278
0.25062785388127856, 2.330715624736324, 0.7642221897269595, 0.3047088534183009
0.22123287671232877, 2.208259721049299, 0.7840628236408517, 0.2906755150881297
0.3726598173515982, 2.0415301611230254, 0.5825258142534557, 0.18849976410937774
0.11170091324200913, 2.2087959350584305, 0.8875470803550507, 0.48641041827486914
0.17968036529680365, 2.2530809275295636, 0.8534307513638056, 0.3206725053471999
0.14651826484018265, 2.2965170523755627, 0.8665284132911744, 0.4369313399199517
0.10976027397260274, 2.6534961687511505, 0.888454985840425, 0.49236899389726146
0.17945205479452056, 2.5934421212297596, 0.845897015791536, 0.3570318342730195
0.16284246575342465, 2.5355208116647314, 0.8397617776101148, 0.3662871408114769
0.22910958904109588, 2.2107044625159813, 0.7673205122708525, 0.2967700610538941
0.1127283105022831, 2.2556222866999502, 0.8914623229346614, 0.4465047931985316
0.24172374429223745, 2.1201825621669697, 0.7847826883400916, 0.2564030540508387
0.26638127853881277, 2.2124817555149394, 0.6923795104755986, 0.22964019189328064
0.24417808219178083, 2.2798744367682224, 0.6868594520060074, 0.303012579361879
0.17785388127853882, 2.213978224659347, 0.830147016027495, 0.357374731531146
0.10399543378995434, 2.2690602334667016, 0.8936956956765083, 0.4944998507227482
0.2406392694063927, 2.2944359828211947, 0.7127600375009913, 0.24765186121773242
0.09731735159817352, 2.416124592530945, 0.8398631863495862, 0.48056095850169406
0.10970319634703196, 2.2933244104458863, 0.8801077044506035, 0.46163671816469476
0.13447488584474887, 2.686748296097261, 0.8781077975964565, 0.42880460992280206
0.1735159817351598, 2.3131401855719687, 0.8074349095204724, 0.3338733671447393
0.13281963470319635, 2.1928327171225526, 0.8288543891030312, 0.4033162057120463
0.22465753424657534, 2.2129959254096088, 0.7586530018011451, 0.28314118370963337
0.10662100456621004, 2.67508814846225, 0.8726174952985234, 0.48436021363667175
0.2884703196347032, 2.096704082578829, 0.6943944773252282, 0.2182947234487133
0.19480593607305935, 2.1981499308388526, 0.7806149263515268, 0.2709594393988459
0.10525114155251142, 2.4306545284512926, 0.8901380359840745, 0.48257749972443825
0.2155821917808219, 2.171705081752718, 0.7680630108807621, 0.36781091608733235
0.17328767123287672, 2.426787338286774, 0.830513016352244, 0.36727250215521146
0.37054794520547946, 2.125177386260196, 0.5814592721667272, 0.18383344872580198
0.19474885844748857, 2.2271869368613038, 0.8111155547177737, 0.34664177343452196
0.12962328767123288, 2.2863373983872535, 0.8702023431817372, 0.46955730124678674
0.10702054794520548, 2.2830300905388783, 0.8925154773145636, 0.4876872679872218
0.11084474885844749, 2.3175654897406766, 0.8684467011455894, 0.46514839948831566
0.09697488584474886, 2.316495847940173, 0.8825692670621323, 0.5000371124058374
0.10365296803652968, 2.7680675907936543, 0.9177940053179371, 0.5189673930981291
0.1696917808219178, 2.300473557433037, 0.8332144299345907, 0.37194511633392596
0.10365296803652968, 2.3250555840665346, 0.9177940053179371, 0.5174858904830276
0.10399543378995434, 2.3259723466417017, 0.9174916451162344, 0.5172016182335354
0.14377853881278538, 2.6175122349229576, 0.8349194683402975, 0.3592027854972265
0.11381278538812785, 2.304726631633223, 0.8857774999284632, 0.4776451183566025
0.09697488584474886, 2.799482496994543, 0.8825692670621323, 0.5058010126208646
0.16255707762557078, 2.2918565727260014, 0.8630908199696127, 0.4055403119588388
0.10313926940639269, 2.3329127167253736, 0.8944962397010902, 0.4969901812142982
0.1601027397260274, 2.3770675835203905, 0.8574156189805514, 0.4011719370408146
0.1329337899543379, 2.293304589207042, 0.8761753887847996, 0.3928188480455592
0.09018264840182648, 2.5694943429332344, 0.9067816421278164, 0.4999226037707149
0.09703196347031963, 2.416884460963615, 0.882493221434756, 0.4998075324297867
0.10348173515981735, 2.575930133785151, 0.9025667225281421, 0.49841574497462626
0.09697488584474886, 2.588453886528674, 0.8825692670621323, 0.5043714280601713
0.13721461187214612, 2.226290550834784, 0.8658924182455854, 0.46666699519790605
0.19554794520547944, 2.306106325085849, 0.8301355832768291, 0.3225722348472562
0.12300228310502283, 2.4138213586521475, 0.8611874117230672, 0.4447051381552803
0.17345890410958903, 2.296661354587775, 0.8137245735552817, 0.3654148757210702
0.13829908675799088, 2.260186121418868, 0.8672564032725778, 0.38027623593755555
0.35428082191780824, 2.245942687893023, 0.6575062742944169, 0.22739964091423753
0.13122146118721462, 2.2861730253587575, 0.8687783405369919, 0.47231694950228104
0.09697488584474886, 2.3082583187037407, 0.8825692670621323, 0.5038853366862454
0.09697488584474886, 2.3798041141536683, 0.8825692670621323, 0.5004623248001426
0.21712328767123287, 2.2924525117220944, 0.7309365180408927, 0.2644207286845726
0.10079908675799087, 2.4290682042774545, 0.9042706583972455, 0.49654390199234577
0.1004566210045662, 2.353035559426976, 0.9045262513272618, 0.5001922668518368
0.09018264840182648, 2.2969692153065173, 0.9067816421278164, 0.5012848695469134
0.2014840182648402, 2.297569919476226, 0.8005160999417988, 0.31943964228032057
0.09697488584474886, 2.5494444128449105, 0.8825692670621323, 0.5016408210154603
0.19531963470319635, 2.294296386477338, 0.8063689780035074, 0.2960078141309792
0.18995433789954339, 2.5788913761882206, 0.836371615142152, 0.31925393855587714
0.09988584474885845, 2.469095776383191, 0.8801815601705779, 0.49627709813944465
0.16786529680365297, 2.3477235742151463, 0.8125092427033667, 0.3515654832519687
0.26649543378995433, 2.207228848446994, 0.7264178204769631, 0.28761011375830003
0.22100456621004566, 2.215365038744119, 0.7790238510805814, 0.28742345799350316
0.09018264840182648, 2.312400873291166, 0.9067816421278164, 0.5013740589111744
