acuracia,loss,frr,fpr
0.05702054794520548, 2.3126389158915166
0.1292808219178082, 2.382524949461902, 0.9026714609768254, 0.43737412098029566
0.17180365296803654, 2.301441324883264, 0.8883168088282712, 0.4497304210254975
0.19320776255707764, 2.4271946977228605, 0.8374650079793614, 0.32049197626500453
0.1781392694063927, 2.366874673363825, 0.8242797610006686, 0.3083445824969832
0.19457762557077626, 2.1739577702327404, 0.8340790484330176, 0.32399459242902146
0.2922945205479452, 2.147504534432877, 0.7273778453487633, 0.2651604619448158
0.20142694063926941, 2.1331558871725105, 0.8189453265070152, 0.3422218683014999
0.20313926940639268, 2.2444896858661822, 0.781996866891488, 0.3375484453691648
0.31695205479452054, 1.8398635939375996, 0.6386428003170133, 0.23580848733488705
0.4406963470319635, 1.7610411663543961, 0.6454333647858604, 0.19444350534704172
0.3134703196347032, 1.766178923579928, 0.7208945003924389, 0.27229228871956024
0.3910958904109589, 1.6723447863182657, 0.6624391111379433, 0.25068520409963346
0.47100456621004566, 1.771291599194753, 0.5410519036763912, 0.17665752215860964
0.24480593607305937, 1.939663462167325, 0.778005048325118, 0.3403125213492127
0.4703767123287671, 1.5425559144875367, 0.5566931469909417, 0.20161325136258434
0.3949771689497717, 1.6851910248994146, 0.6576613717629131, 0.23869961452814276
0.41255707762557076, 1.580116419633638, 0.6152059510668423, 0.234085277175604
0.5546803652968036, 1.9069752280026266, 0.4582981064983062, 0.15061692160343454
0.20684931506849316, 2.063312019918063, 0.8181003546459671, 0.36021737953322924
0.35319634703196345, 1.8903261332581305, 0.7097180105005014, 0.22965009469826936
0.47505707762557076, 1.701828629724239, 0.5866413488878491, 0.17962393477479258
0.28858447488584477, 1.8650236280737063, 0.7481467591421455, 0.26591215813376307
0.3783675799086758, 1.8443611659228665, 0.6886216782031453, 0.22200594729352516
0.3642123287671233, 1.7922838195099509, 0.690002468122776, 0.24662919268618644
0.5387557077625571, 1.3939171634104155, 0.5080461027793336, 0.16167073191287373
0.3575913242009132, 1.5454516967511884, 0.6645185360980933, 0.22423077437038225
0.4341324200913242, 1.5785897853286708, 0.6444251528395999, 0.2150916729325109
0.36027397260273974, 1.7743628180054225, 0.6819845709441175, 0.2190471404054296
0.39988584474885847, 1.6402658900475666, 0.6235759494586595, 0.21127379045097208
0.32608447488584474, 1.852172768102389, 0.6220402978962427, 0.2576359508943933
0.30525114155251143, 1.8907010362572867, 0.6844270296517939, 0.27870462303883725
0.25833333333333336, 2.0166725814172395, 0.7391793432843597, 0.30551785528718184
0.09977168949771689, 2.5821496285255745, 0.8956934562256277, 0.40805613002106933
0.458675799086758, 1.742793404098311, 0.5085783333700249, 0.18815050732921548
0.31894977168949773, 1.7663089303431616, 0.6912963608506162, 0.29265034979546967
0.346175799086758, 1.6829094345524023, 0.6928634952036556, 0.24995685327001527
0.4639840182648402, 1.529103533893007, 0.5374121435783262, 0.17657556751773973
0.2446917808219178, 1.9102656937829436, 0.7779057306519696, 0.31741050749611743
0.3187785388127854, 1.69846072254796, 0.6556852695585412, 0.24933569321318558
0.35519406392694064, 1.6964031176582046, 0.6825460011895652, 0.24699398674507123
0.47876712328767124, 1.5424245132333239, 0.5295544923285053, 0.16811285850593477
0.5353310502283105, 1.5377345162516112, 0.4807350654226557, 0.1585188700137802
0.32123287671232875, 1.6732353815502703, 0.6268070430320294, 0.24091103884791054
0.46552511415525116, 1.4313145433982077, 0.5406426129972687, 0.19860903297150967
0.5695205479452055, 1.220117712211391, 0.47423661369592424, 0.1619102872302358
0.5329337899543379, 1.3602809598522694, 0.5332761439193019, 0.17997170870534648
0.5855022831050228, 1.1769880454958583, 0.47641801510693305, 0.16202820397795112
0.6563356164383561, 1.1654499150225766, 0.3896294794730241, 0.13371701699951064
0.6029680365296803, 1.1432793670886763, 0.3975339386292333, 0.13550887771929868
0.6081050228310503, 1.0951531100692866, 0.4441594634990898, 0.1424601339758161
0.671175799086758, 0.9461238326987498, 0.3610279409083325, 0.12826868560477686
0.5094748858447489, 1.2517665681771544, 0.5444093519756076, 0.18865229708751902
0.6369292237442923, 1.0759906596755056, 0.43931574465923995, 0.14705422738056342
0.6098173515981735, 1.035607862640087, 0.4496067810965454, 0.15268911953601444
0.618607305936073, 1.0604950745368895, 0.3774637403713673, 0.13810808924823592
0.7026826484018265, 0.9568051963780909, 0.3226764423177562, 0.12287817871552972
0.7056506849315068, 0.9158332873052879, 0.32324116268806613, 0.12217798755002404
0.6217465753424658, 1.065774249224222, 0.43804007427159386, 0.1486162699947478
0.6458333333333334, 0.96294694330286, 0.4145671500541127, 0.1433138751801516
0.5812785388127854, 1.1831882809943703, 0.48761185361987475, 0.15999259449450362
0.6819634703196347, 1.0393671554381445, 0.3811109314577407, 0.13258671183829163
0.5662671232876713, 1.2099166237234593, 0.4979603483333518, 0.1656236708910979
0.598458904109589, 1.2017343152008235, 0.4786414799996978, 0.1558002976811756
0.651541095890411, 1.1325429791491053, 0.3942850241235565, 0.13822786335763348
0.45507990867579906, 1.3592471430669262, 0.5655391508972587, 0.17432852269375282
0.6273972602739726, 1.2368277421842018, 0.3779758836277358, 0.12690972280285837
0.5918949771689498, 1.1231362089076713, 0.4796959938055951, 0.1544855596546817
0.6147260273972602, 1.0621314013746277, 0.4431187811214529, 0.14225791371467286
0.648972602739726, 1.0341690160801897, 0.3785353151974023, 0.12287757641757587
0.5215753424657534, 1.2393266934833433, 0.5281852857154127, 0.1818582736206338
0.6215182648401827, 1.0907794000563897, 0.36958449423450856, 0.1356980635289763
0.5703767123287671, 1.2961954805812879, 0.45436610046789044, 0.17894190050797884
0.6136986301369863, 1.3238675112899851, 0.45114170679522575, 0.14089448958938797
0.4695205479452055, 1.6027529487939185, 0.5492275137159818, 0.19437776463753495
0.32294520547945205, 1.7059604752553652, 0.7426156970293311, 0.2791034656541228
0.3264269406392694, 1.8306059444603855, 0.7381737038485017, 0.25843779037734677
0.3230593607305936, 1.9029090426692135, 0.7005798993547089, 0.2544925021139278
0.233162100456621, 2.0415465134634, 0.7952286604545042, 0.32813416496542686
0.2851598173515982, 2.013190522492272, 0.7464528079550932, 0.27106419775402807
0.23476027397260274, 1.833568629229518, 0.7700750310114272, 0.33917731642563004
0.3690068493150685, 1.913733541087745, 0.6405327564421022, 0.21721460811611226
0.23932648401826484, 2.1077836307964914, 0.7628527167907448, 0.326703373793785
0.19514840182648402, 2.0659820825592976, 0.8566439023894532, 0.3715545371520884
0.20656392694063927, 1.9342321541602616, 0.8310273401728676, 0.31974142247676995
0.3778538812785388, 1.6146788180010503, 0.6676665854943488, 0.2540545489833645
0.2834474885844749, 1.754419323550027, 0.7200240470950259, 0.3271104917337789
0.47728310502283106, 1.5860981566176566, 0.5042638901973288, 0.18380790819978526
0.4716324200913242, 1.6643267808550093, 0.61591746378504, 0.19513360986255734
0.3823630136986301, 1.792739547760179, 0.6893886031321589, 0.2281210797084602
0.44937214611872145, 1.8020682750601476, 0.601844858544587, 0.1764548018580889
0.40114155251141553, 1.7845882612208253, 0.6593570913455103, 0.22931653303300414
0.3742579908675799, 1.7844385232385163, 0.6757565491141635, 0.21625906020688032
0.41860730593607304, 1.7353976589665838, 0.668168370706558, 0.2013463484387117
0.43327625570776257, 1.716781709608558, 0.6371183272148992, 0.1823464124278368
0.2276255707762557, 1.8825286931779286, 0.7922496007265407, 0.366055900373484
0.3292808219178082, 1.6504352613518092, 0.6207200143441725, 0.2526435671704777
0.4534246575342466, 1.5351223517600532, 0.5610987244498504, 0.18541871063885085
0.44023972602739725, 1.52301859162986, 0.5620345628945049, 0.18611403955577657
0.4215753424657534, 1.5426598922651449, 0.604840139358796, 0.18935528081952718
0.5454908675799087, 1.347511120283015, 0.5185936986571096, 0.15330062679431675
0.15684931506849314, 2.3002040832554367, 0.8370804642893183, 0.22965224431562287
0.22197488584474886, 2.291307188107815, 0.8079422773654354, 0.2986310394742358
0.20154109589041097, 2.2571738318833585, 0.7435399266940894, 0.375096466889217
0.191324200913242, 2.2235172704474566, 0.8347141187322409, 0.39225970411599725
0.1401255707762557, 2.268242107454228, 0.8868731625383275, 0.4644452772133851
0.11147260273972602, 2.3322747454455452, 0.8661905787184092, 0.34593577290853317
0.13276255707762558, 2.29763420701163, 0.8632519215315914, 0.46120922354725075
0.11803652968036529, 2.394509506143936, 0.8225496176770806, 0.4471694803847548
0.14172374429223744, 2.287415796565955, 0.7943518627736238, 0.4406106416980705
0.1558219178082192, 2.28274976002163, 0.8672910516469733, 0.4623317509384995
0.1432648401826484, 2.5488794621539443, 0.8600109631779642, 0.4609619251097633
0.1562785388127854, 2.695976455628736, 0.8670979411973323, 0.46141431419433393
0.14429223744292238, 2.758701423286847, 0.8591803762753552, 0.4585591697943227
0.14349315068493151, 2.350743707048294, 0.7905355255210048, 0.4407215615036874
0.20011415525114154, 2.278872536313316, 0.7815518332608711, 0.34652402603602483
0.22060502283105024, 2.3520457300727498, 0.7344797843345632, 0.3090116546854176
0.22237442922374429, 2.1477960330642523, 0.7671686524076088, 0.3717933535734542
0.27408675799086757, 2.0910282062545216, 0.7755220924994799, 0.24575572603210374
0.19463470319634704, 2.1775581825405497, 0.8063632329711606, 0.34194869836572706
0.16775114155251142, 2.1795530475914204, 0.8630721448493006, 0.2924391586523127
0.17420091324200912, 2.242050799332797, 0.8040302550556785, 0.2658043171330661
0.20176940639269406, 2.2008858663442474, 0.8267994051671431, 0.3048557973391489
0.25268264840182647, 2.118461131580072, 0.7111861257221601, 0.25804247598654717
0.1391552511415525, 2.1694579429550256, 0.8038311458520017, 0.4092247411620963
0.23715753424657535, 2.334273806078249, 0.7757608345858824, 0.27619017765167525
0.21027397260273972, 2.070494034910175, 0.8430543762350091, 0.3203477184786989
0.15976027397260273, 2.1086244593268115, 0.8751175823686999, 0.424194459199251
0.2622146118721461, 2.243485398190819, 0.7977731903458876, 0.2910666152691413
0.2668949771689498, 2.0572967136763545, 0.722124321820304, 0.2557338332987601
0.2172945205479452, 2.108001096543248, 0.8324065231909973, 0.3186855393385556
0.3125570776255708, 1.8239281826775913, 0.741334049964982, 0.23986045904283004
0.11866438356164384, 2.1058132022415124, 0.8601636702540163, 0.3888319728571845
0.3273972602739726, 1.9536787460928093, 0.718344117442781, 0.24677584384335616
0.2230593607305936, 2.03772072960797, 0.8011813900968395, 0.3018831818851493
0.29440639269406393, 1.818876717937047, 0.7130690520714181, 0.2543362807467271
0.2932648401826484, 1.8096802372094158, 0.7206836961194556, 0.2517716877482691
0.28122146118721464, 1.8721376563656276, 0.6495642901576414, 0.25275105525444963
0.24463470319634703, 1.9370195200471165, 0.7783178134713665, 0.3175574615565236
0.26021689497716893, 1.9288140356710783, 0.7230995577836391, 0.26277802301262065
0.3766552511415525, 1.8094458540348701, 0.6421013218088377, 0.22140204249115386
0.3084474885844749, 1.8050706185434506, 0.7357242263919581, 0.2774526023461849
0.48013698630136986, 1.4514886668879012, 0.5374797002943646, 0.17467381232083284
0.44503424657534246, 2.034869224833299, 0.5283465900856882, 0.1843089530511022
0.20496575342465753, 2.2491396455562005, 0.8200349271098135, 0.3576451634936145
0.2683219178082192, 1.9797157152738745, 0.6898908174044064, 0.26781315806170053
0.2182648401826484, 2.032034671483519, 0.8343609016085116, 0.3332464553839038
0.18333333333333332, 2.1395777727336918, 0.8638608438845392, 0.31655369513663695
0.2702054794520548, 2.047376158438861, 0.7207634363243862, 0.23550803123061306
0.2860159817351598, 2.0801190539956367, 0.7129235142465408, 0.2268215196704431
0.2672945205479452, 1.9653898596525465, 0.7685284517437361, 0.2720734234968028
0.29075342465753423, 2.228505868420481, 0.717623476930374, 0.22073285693373468
0.3238013698630137, 1.9550776744542055, 0.6230658998074953, 0.21045418314314093
0.420148401826484, 1.982095786799851, 0.6091930796460369, 0.17415116612118717
0.22928082191780821, 2.0968382686104405, 0.8063933168001084, 0.30629786186353697
0.10901826484018265, 2.3414422801878625, 0.8903129742936703, 0.4718230765808132
0.19320776255707764, 2.1219001310124788, 0.8312465691191732, 0.3430104717250016
0.1944634703196347, 2.1896802707826164, 0.8071332640889882, 0.28954823843112576
0.3819063926940639, 2.088199130595411, 0.6729378248906075, 0.20513323427067973
0.24549086757990868, 2.139140580267939, 0.7809161649477694, 0.3073678153451649
0.10639269406392694, 2.280362332833412, 0.8931786916929899, 0.48289634470023024
0.09297945205479452, 2.3264441384164165, 0.9046642591367116, 0.48075633399697665
0.17636986301369864, 2.377231083340841, 0.8494258794665535, 0.4103976151853494
0.07585616438356164, 2.296196020520441, 0.918349448461083, 0.41378822025885575
0.1892123287671233, 2.458049462034822, 0.8341046719110332, 0.34484667637618494
0.07368721461187215, 2.8428286714845052, 0.9008336067929524, 0.4809069629019986
0.18179223744292236, 2.2404799794429513, 0.8669978006325618, 0.3240910034218563
0.0738013698630137, 2.401964095357346, 0.9009181433237861, 0.4776190978785773
0.2582191780821918, 2.1373320805631817, 0.7841273618673505, 0.29128595513549327
0.22585616438356165, 2.1349031467620097, 0.8218637398624271, 0.30199153269811935
0.08550228310502284, 2.241924711156926, 0.892842089018364, 0.4697669759935818
0.2023972602739726, 2.2630122027236577, 0.7804244451359641, 0.31442397354972695
0.13521689497716896, 2.2967451838461774, 0.8699898868861652, 0.4186769219131064
0.13287671232876713, 2.27235023124169, 0.8696093656504487, 0.3414982079515707
0.20707762557077625, 2.4292296214326874, 0.8152360726157721, 0.31276389628976276
0.20062785388127855, 2.327645140624346, 0.8243872192517792, 0.32039942090455936
0.2894406392694064, 2.042792574312861, 0.7716699904678435, 0.2655354140155741
0.22996575342465753, 2.0856435185834155, 0.7897834276373399, 0.32166991891037816
0.16695205479452055, 2.2151739084285142, 0.8675481979216559, 0.39084788184819397
0.11284246575342466, 2.7537897841256433, 0.9119279093834358, 0.47279104657562065
0.1485730593607306, 2.373243716750379, 0.8900180814827867, 0.39851233789953805
0.08025114155251141, 2.307987749739869, 0.8959903281166197, 0.45926465614792583
0.18493150684931506, 2.2592088640994947, 0.7936965217274935, 0.3417286382212997
0.21227168949771688, 2.1215524037679034, 0.8361437560718911, 0.31722850141400655
0.13476027397260273, 2.4216243924700644, 0.8942256059038851, 0.46547855665442583
0.1601027397260274, 2.1464896404511853, 0.8567197448155146, 0.40546116756062917
0.15884703196347033, 2.289059221894229, 0.8558323236225189, 0.3972324992599409
0.12728310502283105, 2.2792507102296233, 0.8982741279096197, 0.4901386595004537
0.18110730593607305, 2.5283979098002116, 0.8202377353062085, 0.28944759100496203
0.11364155251141553, 2.584678415287303, 0.9108298099647416, 0.4922710045781165
0.17842465753424658, 2.407868156690984, 0.8696477054817743, 0.335230282641347
0.1658675799086758, 2.26410913444273, 0.8496568652365855, 0.38820044766960105
0.2442351598173516, 2.0566135006884463, 0.7979751643142003, 0.2969425475934365
0.19577625570776255, 2.1474052843914184, 0.7498664836223703, 0.2984891103595212
0.1781392694063927, 2.232816583319614, 0.801197874211278, 0.29892235262956407
0.18047945205479451, 2.2599295784485394, 0.8474511706894289, 0.395335793542749
0.16375570776255707, 2.189076723066503, 0.8624643182828555, 0.3649065621454293
0.1952054794520548, 2.2210654172893256, 0.8302595931892427, 0.3263300716067591
0.2127283105022831, 2.0747914065304958, 0.8381046017263043, 0.3345027823461859
0.3223744292237443, 2.0652199310203803, 0.644910776074754, 0.19980534592409843
0.23812785388127855, 2.086358208762116, 0.8126783427423632, 0.2890613847148337
0.3581050228310502, 1.8118328204165854, 0.6658630623215009, 0.19430619772129604
0.12123287671232877, 2.3041905991018634, 0.8841223261594593, 0.34565710265784844
0.12031963470319634, 2.5177526437664683, 0.8796442316184496, 0.4621214990699513
0.13162100456621004, 2.303729628598037, 0.845828514134741, 0.3352788405310216
0.16518264840182648, 2.674307073530269, 0.8775741151490623, 0.3210670418152189
0.182648401826484, 2.6423979211615647, 0.8665450677927719, 0.35824519466778554
0.24743150684931506, 2.115418668907799, 0.7683314882300972, 0.26627257423269524
0.1398972602739726, 2.1658249987280804, 0.8450240283461788, 0.37308604274046525
0.24948630136986302, 2.0923676763903605, 0.7586005964037791, 0.3440311909799951
0.2137557077625571, 2.1151882256479024, 0.8232253699251859, 0.2925426617639514
0.21278538812785389, 2.2676023937115386, 0.8325899911018811, 0.3116683667670919
0.22254566210045662, 2.2106267915128575, 0.8357027252032667, 0.2993736548793875
0.2360159817351598, 2.1591913071805484, 0.7762127259254737, 0.3131555683766259
0.14794520547945206, 2.709772750366156, 0.8575796393711628, 0.40678447619041125
0.20348173515981735, 1.9938872441173143, 0.8258156278443148, 0.3025854282741582
0.17174657534246576, 2.1639783313353314, 0.8274555948880375, 0.41315675116490097
0.19103881278538812, 2.465225776094416, 0.8018103424227654, 0.38615559232303687
0.23310502283105022, 2.159566398223513, 0.7529223656097909, 0.27616028462054304
0.17785388127853882, 2.222849287963621, 0.8392528008482745, 0.34101693956333323
0.18573059360730593, 2.173248018052208, 0.8001560571333465, 0.3750828362055564
0.17471461187214612, 2.2239598233609983, 0.8430918993620667, 0.36114402773924015
0.18544520547945206, 2.337592245284553, 0.8432893494028453, 0.3471518496889708
0.1934931506849315, 2.228787480090579, 0.8262215952374475, 0.372115480940885
0.08784246575342466, 2.2562969674394555, 0.9412717352252735, 0.4336068455320389
0.13184931506849315, 2.2470875134683093, 0.8947899369283638, 0.4448319735801229
0.23424657534246576, 2.1974908069286445, 0.7765681029917583, 0.33614469103922207
0.34840182648401824, 1.9970646789220914, 0.6436432416499946, 0.21113864333248178
0.19332191780821917, 2.1143982477043863, 0.8026402138173794, 0.3925877769264981
0.22157534246575342, 2.00430232634147, 0.8339893233256368, 0.30541371733859596
0.3125, 2.168519262316292, 0.6347523308334786, 0.24972973617671168
0.09275114155251142, 2.317709610458106, 0.8434174003534842, 0.46162966154585144
0.11883561643835616, 2.220354328035764, 0.8092611585431206, 0.44314665829823424
0.17711187214611873, 2.3956263090615675, 0.8487235444249758, 0.32983346397893115
0.19166666666666668, 2.3411950995949984, 0.8336630051678325, 0.33745854969244915
0.15348173515981736, 2.0453850184639566, 0.8817961798587081, 0.36369265546382606
0.2574771689497717, 1.9883790719590775, 0.7595480723490416, 0.23571913866216046
0.24052511415525113, 1.953859373797837, 0.762439219568341, 0.3187467270229683
0.2550799086757991, 2.078309650392565, 0.7527978568782043, 0.28712350244315377
0.3279680365296804, 2.1017237872905925, 0.7024412570793294, 0.24209086098594196
0.17756849315068493, 2.033942891817251, 0.8523127375283548, 0.4082534770513022
0.21546803652968036, 2.121642214774269, 0.8385999408565697, 0.3336494760890062
0.18447488584474886, 2.131332650120672, 0.8655584291286561, 0.35453136432901133
0.17054794520547945, 2.1757731982902304, 0.7802208656863967, 0.29394386290829067
0.13207762557077626, 2.297006135729894, 0.8901410391243647, 0.32610534453006174
0.2504566210045662, 2.1998869688271387, 0.7993110666853039, 0.2801430082387879
0.14492009132420092, 2.256948976171071, 0.8034013266673768, 0.3854172995253887
0.17420091324200912, 2.4544926467687573, 0.8531923008271483, 0.3590391399326287
0.1485730593607306, 2.2526435879063387, 0.8897342364608108, 0.4757440451924978
0.20662100456621005, 2.2167411884284456, 0.8517535350948093, 0.35824019465986673
0.2860730593607306, 2.180066241364773, 0.7534064200839602, 0.2577687876710102
0.40079908675799086, 2.085194508540848, 0.6544747486586536, 0.21443297671560826
0.18515981735159817, 2.172286118083893, 0.8623168872055332, 0.3842005315784202
0.20154109589041097, 2.0627537791927657, 0.7972649042600868, 0.30983604270062337
0.19121004566210045, 2.2138018337473886, 0.8100549304365398, 0.2550262084643049
0.2228881278538813, 1.9583320137402511, 0.7691901272131004, 0.363923164306329
0.20947488584474885, 2.480707587480766, 0.8324499026929029, 0.32731659895328774
0.42448630136986304, 1.7634842199209617, 0.6141517342347638, 0.19189756543497816
0.2644406392694064, 1.9192735736704853, 0.7777550161237479, 0.29790205240348905
0.37939497716894977, 1.7811913482232453, 0.654951086367066, 0.19721055249926991
0.2084474885844749, 2.0486055717824803, 0.8138209038765504, 0.31258842338833154
0.42511415525114155, 1.7100018873674685, 0.5616359193111335, 0.16691359406268802
0.4574771689497717, 1.629192939033247, 0.5566967877829307, 0.1669514294897147
0.4289383561643836, 1.4970402062568626, 0.6219202748259454, 0.19920312257541054
0.3363013698630137, 1.7841934154788244, 0.7068635319230162, 0.2691107699269903
0.2259703196347032, 2.228357783667573, 0.7894065606454953, 0.3369068102440871
0.3055936073059361, 2.242620267484286, 0.6614106674431534, 0.2082198989251901
0.1800799086757991, 2.176110723696343, 0.8613835177509506, 0.3252346352526615
0.11541095890410959, 2.209652482694415, 0.8755977865011694, 0.4322369963760479
0.22705479452054794, 2.146671819074513, 0.7781066658992851, 0.3636453479443408
0.1870433789954338, 2.2300918741653497, 0.838215680196513, 0.32506191602843637
0.24480593607305937, 2.213653962827845, 0.7147865391765035, 0.2368635603565183
0.2762557077625571, 2.15463207010605, 0.7140806268160581, 0.27146875150264516
0.1903538812785388, 2.031767701129663, 0.833061047393207, 0.3138060643720507
0.2732876712328767, 1.8797207397038806, 0.7382463121436627, 0.24288207316782995
0.43356164383561646, 1.8460471984390254, 0.5394318454718394, 0.17353598258192116
0.46158675799086757, 1.6741073611256194, 0.5670008606595224, 0.1794013256034108
0.43253424657534245, 1.7388015543693276, 0.5964025323125451, 0.20206496144177472
0.30810502283105023, 1.8758294135978506, 0.6400437111791526, 0.2296042923237896
0.276541095890411, 2.188127080150391, 0.7220666851203345, 0.2965428436007133
0.14366438356164385, 2.311371011402645, 0.8573154049105359, 0.4364213281073883
0.2160958904109589, 2.1318495817244325, 0.7894502448216536, 0.3097513910595978
0.1833904109589041, 2.045032923515529, 0.8430180154350659, 0.41960737657971336
0.18030821917808218, 2.6600849179989026, 0.8656567090435873, 0.3640038441639568
0.24817351598173515, 2.0390843729816, 0.7816122475466026, 0.27366351339998046
0.30154109589041095, 1.8492474709352538, 0.7097140072201245, 0.22807179968182964
0.34726027397260273, 1.8198695328426824, 0.6238029237045537, 0.2055280999158268
0.2964611872146119, 1.769728834035734, 0.7097862695932179, 0.26142109929428803
0.16712328767123288, 2.0587570276910854, 0.8548950917766921, 0.3532152291921227
0.19771689497716896, 2.1458646344624834, 0.8543542743614642, 0.30519199123790397
0.2627853881278539, 1.8887277320095393, 0.7839979424100341, 0.2687858060595062
0.31552511415525114, 1.9593994198792262, 0.6338192274123828, 0.2626709427813166
0.45154109589041097, 1.844188502022665, 0.6007418232142491, 0.2012894868816954
0.26552511415525115, 2.0983264967254853, 0.7236224044052437, 0.2480142334750615
0.20256849315068493, 2.1683608307141693, 0.7866572658644118, 0.27578466012483027
0.2902397260273973, 2.0848996859639204, 0.7294682728940853, 0.28676439600005765
0.2828767123287671, 2.069294289788699, 0.7452142585290936, 0.2609873750362573
0.22539954337899543, 2.185612355022942, 0.7734127395411647, 0.30314407209854427
0.21678082191780823, 2.207280676094092, 0.8039449084766457, 0.27291737499017743
0.2887557077625571, 2.205102791477284, 0.7235508447824317, 0.2775456569466926
0.17848173515981736, 2.497003836820931, 0.8686458717830636, 0.4139919759935179
0.29920091324200915, 2.151526117352046, 0.6712717893151183, 0.31079883594738894
0.195662100456621, 2.4202341729613472, 0.8578511829007883, 0.4307001574726987
0.07711187214611873, 2.3090581569089195, 0.9226636446958273, 0.29286709206366224
0.11489726027397261, 2.338562694579771, 0.9090656942692984, 0.48711673903734365
0.08875570776255708, 2.390117593021153, 0.8973852055516691, 0.4916781694230856
0.18207762557077625, 2.2785285460962554, 0.8655934028233183, 0.31547385148598456
0.1840753424657534, 2.4600999724187944, 0.8302888063674279, 0.35455324537766786
0.11067351598173517, 2.227873671048036, 0.8944306560097846, 0.4790747811341472
0.12397260273972603, 2.1872403790281245, 0.8753835715618985, 0.37981528032370987
0.1021689497716895, 2.6883046200184246, 0.9035036107715121, 0.4856421734353061
0.19041095890410958, 2.1022024751526036, 0.8391429429113333, 0.38450805475715294
0.3096461187214612, 2.072715065475196, 0.7284298867403999, 0.2553578590990481
0.2897260273972603, 2.067804208343432, 0.75537702445112, 0.2495050044989401
0.23812785388127855, 2.031218871987982, 0.7780721464126846, 0.29448048567524177
0.23481735159817352, 2.1699809881718193, 0.7782369219004763, 0.29118584666509917
0.1329337899543379, 2.1853143998204847, 0.858424477819966, 0.41235118681204086
0.41546803652968034, 1.984792121509983, 0.6098479582120749, 0.20429973057912093
0.22134703196347033, 2.1658609241502336, 0.7799371517872732, 0.3327157949727151
0.34286529680365296, 1.9544861885544644, 0.6670985068569424, 0.22125476470694952
0.1952054794520548, 2.091518280961334, 0.8280044312579197, 0.3519978364593274
0.28162100456621003, 1.9052586667120592, 0.763862795389874, 0.28411090054383253
0.3074771689497717, 1.8276351572052665, 0.6694503293676647, 0.23784787759212686
0.5151826484018265, 1.6559870843541677, 0.48730824951087015, 0.1441925630517865
0.38493150684931504, 1.8295692427687722, 0.6594218311899696, 0.22094930000317234
0.43167808219178083, 1.746257207287501, 0.6147768544446045, 0.1874521916795679
0.3800228310502283, 1.8714455212751344, 0.6784262874130246, 0.20794781254139047
0.43424657534246575, 2.035548559178228, 0.5964631415509055, 0.17278354762112155
0.21997716894977168, 2.1840948174227046, 0.8114489973863983, 0.30757072193549406
0.2502283105022831, 2.1700085189108433, 0.7477583036079326, 0.3095487680411055
0.10365296803652968, 2.286048165698574, 0.9023786468471205, 0.4855205789841001
0.1769406392694064, 2.2516987341655987, 0.8682885968051178, 0.4403536777758507
0.133675799086758, 2.507164480533774, 0.8819694787713774, 0.46048726147128927
0.14029680365296804, 2.294843295808524, 0.8722369230568751, 0.46474751361820316
0.13190639269406393, 2.2861373555918805, 0.8779500522082075, 0.4785238805177033
0.1949200913242009, 2.330345856030918, 0.8419100180387018, 0.38661987026806316
0.29611872146118723, 1.9920269567026123, 0.7242441489798724, 0.22508207929181745
0.2603310502283105, 2.0400868373306373, 0.7770935022083931, 0.3297501538922354
0.3233447488584475, 2.098167608450401, 0.6996964599391221, 0.22723387352791083
0.3324200913242009, 2.065417844655851, 0.686573835386569, 0.22692398992345766
0.24840182648401826, 2.1021721024627555, 0.7336587865981771, 0.26102452831725315
0.221175799086758, 2.4875260799051557, 0.7738680535824243, 0.3100028142736647
0.2934931506849315, 1.9644330788624886, 0.708263620158116, 0.2563027433520457
0.17363013698630136, 2.241900961136777, 0.846467328360086, 0.43702051507171363
0.3946917808219178, 1.8551695520917302, 0.654323755398244, 0.19168279594123944
0.3070205479452055, 2.0222690547642097, 0.7529990976701438, 0.2650718626478669
0.2531392694063927, 2.110385406847414, 0.7968697988578011, 0.28860947021834293
0.3262557077625571, 1.810361582938939, 0.7085853753561586, 0.2849711520506216
0.3855022831050228, 1.9060389124707544, 0.594400577516449, 0.1936434773910818
0.36141552511415526, 1.7989324707827068, 0.6555235699667585, 0.24944992636804073
0.22734018264840183, 1.8811098056568947, 0.7975626475933306, 0.32030312404123057
0.4274543378995434, 1.7053730659527049, 0.5778278895877145, 0.17763412870021886
0.4503424657534247, 1.7007541770634313, 0.5962017811048201, 0.17942517939787261
0.2050799086757991, 2.2954479751474817, 0.8244046085281437, 0.3342688463404509
0.30439497716894975, 1.9157020546062147, 0.7179319477565655, 0.2634303926456649
0.3317351598173516, 1.9545685283159284, 0.708049609511801, 0.24842422269044723
0.16723744292237444, 1.9787779088399997, 0.8153638425592935, 0.295150994084563
0.36341324200913244, 1.7514524175560093, 0.6342137130757773, 0.21846978932821634
0.2666095890410959, 1.8539953979319088, 0.7364826781082473, 0.3454263630307938
0.2745433789954338, 2.000952178591939, 0.7653021133038049, 0.29954030732588
0.3757420091324201, 1.7236514632067044, 0.6415781689757438, 0.21457941197755978
0.3233447488584475, 1.7487483763701568, 0.7048731194739709, 0.23081673332486263
0.42848173515981736, 1.5754503338746557, 0.603419646195875, 0.19930944996406338
0.31581050228310503, 1.9343452973044626, 0.7149492595249473, 0.2521950276754005
0.4384703196347032, 1.7370234776815596, 0.6158633279978748, 0.17849104899316948
0.2899543378995434, 1.8665980248452594, 0.7146589590686532, 0.31194690865324215
0.3132420091324201, 1.7872499577054695, 0.724497072181786, 0.2664322096572874
0.3686643835616438, 1.8225873325513378, 0.6727590268838449, 0.24775794010279703
0.17391552511415526, 2.0657003220902186, 0.8312943695135953, 0.41232974949641643
0.14931506849315068, 2.1496006299303545, 0.8639887840893007, 0.4173599834988261
0.16678082191780821, 2.4064894864071995, 0.8177185849732758, 0.3106434313117569
0.19845890410958905, 2.1863891672326004, 0.8285751405105554, 0.41220702636723416
0.2086187214611872, 2.217013915570359, 0.8207766296310213, 0.3413119534934802
0.10770547945205479, 2.0755796802778765, 0.8741456926007575, 0.464396613712541
0.33921232876712326, 1.8979290766054637, 0.7114013586923771, 0.22534959834575727
0.35542237442922375, 1.8022715027201666, 0.7001490888698048, 0.23439430643798687
0.2644406392694064, 1.9868168882583375, 0.734989817765269, 0.28811762748629044
0.3002853881278539, 1.9728075959502833, 0.7599720937489741, 0.2513433172074546
0.14434931506849316, 2.123153304502572, 0.8687129258671992, 0.427115737176801
0.2719178082191781, 2.1067483844652295, 0.7525656667926579, 0.27676004706652396
0.11204337899543379, 2.2191395827692393, 0.8825113581571585, 0.39160045877563143
0.1317351598173516, 2.2593783915315044, 0.8689485764467837, 0.4636280798744753
0.10542237442922374, 2.28278028647241, 0.9005375803962804, 0.49638992147370786
0.12128995433789955, 2.2766834965171334, 0.9066572159942187, 0.4864430674790961
0.19925799086757992, 2.2623968265780574, 0.7547239404783421, 0.2412869887364535
0.16073059360730593, 2.293789876194577, 0.8354226972091938, 0.3573426999316394
0.19081050228310503, 2.131093044143561, 0.8227736664680549, 0.2981553164021611
0.2062214611872146, 2.0972211433702137, 0.8062500550324944, 0.35110626883744184
0.17728310502283104, 2.198852605205965, 0.7625066120530744, 0.31769009878780385
0.23019406392694064, 2.1897323632485244, 0.7786581645688063, 0.2963498367364415
0.10308219178082192, 2.2394660534243607, 0.8928328312922551, 0.49362147101407466
0.19212328767123288, 2.2173980824002935, 0.8178467588789096, 0.3770886179555754
0.2893835616438356, 2.2172445965752208, 0.738974672873406, 0.2410688302890785
0.25068493150684934, 2.118025980549588, 0.7540255347256906, 0.3263956121170664
0.1675228310502283, 2.523497888137965, 0.8371633909322117, 0.4391956262360727
0.276027397260274, 2.023316884384444, 0.7188934019975283, 0.2593550326822165
0.3304794520547945, 2.037546528630877, 0.6482820923801985, 0.22355670956364268
0.29240867579908675, 2.0318487105168166, 0.6696284744067258, 0.21045644018032558
0.15896118721461186, 2.2331660029006333, 0.8378480892071026, 0.4366113929634018
0.18162100456621005, 2.1962804899844404, 0.7765099209524768, 0.3509141128347793
0.11615296803652968, 2.2788373565360835, 0.885145489147099, 0.48375323906145196
0.1259703196347032, 2.4877417466139686, 0.8832302523285668, 0.47989458147675895
0.18938356164383563, 2.478169183181301, 0.8174337716814958, 0.38759274079269923
0.11158675799086758, 3.18759350597127, 0.8837275932896874, 0.47951635239372686
0.10924657534246575, 2.2992646975604365, 0.8870988274298587, 0.36467736574293824
0.0978310502283105, 2.3424236696604726, 0.9044962953971115, 0.49752732435480107
0.07271689497716895, 2.3146004287415445, 0.9235268520533463, 0.5002928575566153
0.1449771689497717, 2.2680187650501185, 0.8848381171686731, 0.395854741836674
0.1642123287671233, 2.873830775123889, 0.8778478244377453, 0.4654345039019087
0.12871004566210045, 2.269961298723199, 0.8965516177653299, 0.4862612067402016
0.18658675799086757, 2.4839253872428855, 0.8627595791441998, 0.4614441749887846
0.1747716894977169, 2.2574956215271667, 0.8265553776148898, 0.32466981609224665
0.10433789954337899, 2.3104416184569603, 0.8989934652693939, 0.48938193857825696
0.1990296803652968, 2.300821280057572, 0.7697761309513054, 0.3700531982195706
0.18418949771689497, 2.343931257568266, 0.8658102174283193, 0.348332801746119
0.19942922374429223, 2.3388611910413935, 0.8251340453460504, 0.37920505210551575
0.08401826484018265, 2.4836365921822585, 0.9211783331063136, 0.5076712097360405
0.10907534246575343, 2.523103064570797, 0.9027085852359207, 0.4960606040805067
0.16113013698630138, 2.22938061672939, 0.8229591447485711, 0.37029157190743994
0.21095890410958903, 2.2697779778067924, 0.8152909061029185, 0.364206384587932
0.18276255707762556, 2.2134486972945466, 0.7434925792986167, 0.3101016253182312
0.1608447488584475, 2.296675215600288, 0.8214735497898719, 0.33762244935005725
0.0714041095890411, 2.3616882017077923, 0.9299994068039912, 0.5109770867857819
0.10844748858447488, 2.484079964370488, 0.872028654190219, 0.4865804119409307
0.17106164383561645, 2.337863689851543, 0.8725635580662633, 0.4122245561549255
0.10017123287671233, 2.6303639883354104, 0.8991264708679517, 0.47731257129413396
0.17648401826484017, 2.3690414795184243, 0.8155471438994027, 0.375749096822533
0.18065068493150685, 2.4477357774700748, 0.8023355415096907, 0.34984516815640143
0.23886986301369864, 2.238741105223355, 0.7773923697738583, 0.29413450818466197
0.2447488584474886, 2.2268479610550895, 0.8022675840084851, 0.40019300393450025
0.2725456621004566, 2.2040990396517595, 0.7722188934898361, 0.29857373103414947
0.2307648401826484, 2.2372278044076817, 0.782602388395443, 0.297451407840942
0.29046803652968034, 2.3083334550193455, 0.7429970035290344, 0.24514378582578278
0.22528538812785387, 2.2394044008157024, 0.815057680330776, 0.33726805164049706
0.19577625570776255, 2.412857915076627, 0.8229835674017478, 0.44715995861001345
0.20633561643835616, 2.4004407251398314, 0.8129400084037168, 0.4370251650833272
0.3202054794520548, 2.0319172184693213, 0.7376451710891466, 0.3655803581700484
0.33236301369863014, 2.157640857341355, 0.6960215798062186, 0.24864439857953058
0.1285958904109589, 2.2228079186386713, 0.8958244189597666, 0.4896817161813339
0.17585616438356164, 2.3645126526894633, 0.8158823193007082, 0.34480763142392135
0.2021689497716895, 2.278360733958004, 0.7786305395517513, 0.2959722265948542
0.23082191780821917, 2.340509941811635, 0.8221758478194654, 0.3510650737093812
0.32226027397260276, 1.9959218504256038, 0.6799084914438878, 0.20390658813302756
0.29337899543379, 2.0173587476588004, 0.7015531599072357, 0.29725650714403273
0.2979452054794521, 1.9234609799638187, 0.7512916127926964, 0.2636749756310836
0.26666666666666666, 1.952612073328261, 0.7703354596822569, 0.3384673229304989
0.12271689497716895, 2.4576106659268544, 0.8630264020412828, 0.4513721047683276
0.3738013698630137, 1.8815846481160623, 0.6670585690787421, 0.22248332949066935
0.3544520547945205, 1.7736961707234655, 0.7053090644664821, 0.239835102789372
0.29549086757990867, 2.0951000823754153, 0.7493746489476502, 0.3505537509483709
0.30062785388127855, 2.0387628903944197, 0.7339657890765262, 0.2758398165395261
0.17699771689497718, 2.2649367346543157, 0.8535496356468858, 0.4524525865986961
0.3014269406392694, 2.0380845773709964, 0.7205163352310983, 0.2577213235690749
0.32950913242009133, 2.019551576384807, 0.7103310048993348, 0.21608340771751477
0.3096461187214612, 1.9181416720951392, 0.7628175638305822, 0.3158317593776598
0.2730593607305936, 1.9697349201428564, 0.8190186187994775, 0.3182977337055708
0.25759132420091324, 2.3529344875169875, 0.833432738921806, 0.348507616085006
0.3462328767123288, 1.8559202101983163, 0.6416466721648022, 0.24326978590175483
0.41135844748858447, 1.7095541773491527, 0.6281924834769433, 0.1964529360980039
0.35565068493150687, 1.9481497406372672, 0.7056342545498849, 0.25967103799049357
0.41735159817351597, 1.7085630692728715, 0.6327681964179157, 0.20478396857914433
0.47534246575342465, 1.6870632093859046, 0.5913975708464334, 0.2085539583859678
0.3410388127853881, 1.8286927193199118, 0.674185967984257, 0.22614254018232882
0.4791095890410959, 1.629951140928384, 0.5967782002331536, 0.19162715914055528
0.41843607305936076, 1.718721057471211, 0.6185084874821016, 0.20817438673181457
0.34937214611872147, 1.8067464407465366, 0.6882114942460459, 0.29455110938940904
0.29868721461187214, 2.253665604629473, 0.6229468986552297, 0.2765347909090274
0.1786529680365297, 2.2787160318531945, 0.8197592668542975, 0.3860901836085743
0.15856164383561644, 2.2049159513352667, 0.765292056760859, 0.4168730555554234
0.19406392694063926, 2.3992096212297067, 0.8331938185136485, 0.40730869371436773
0.29845890410958903, 1.9480478959642862, 0.7055259959060721, 0.2880221097711592
0.28955479452054794, 2.0963848870791937, 0.7018290817426194, 0.2527120025662491
0.24309360730593607, 1.930589391274131, 0.7791888140679284, 0.29685183914267893
0.3581050228310502, 2.254888009840886, 0.6756384592454361, 0.22525499928083068
0.2699771689497717, 2.102822020160009, 0.7548419281193074, 0.2818706063852424
0.16329908675799087, 2.1442492483073172, 0.8348146673410314, 0.3493887455565518
0.1879566210045662, 2.1499179118946534, 0.8372420637626729, 0.3387875555045069
0.1, 2.2820558121198253, 0.8799035880557007, 0.477429779817514
0.24754566210045661, 2.122900059397362, 0.741480886373201, 0.24680108412223337
0.288527397260274, 2.1586013713009553, 0.7456432890599406, 0.24397581493831422
0.2098744292237443, 2.1481917572722313, 0.8054326087986561, 0.2796292190647564
0.11700913242009132, 2.2942375204606686, 0.8856820743156518, 0.45049266617485256
0.09731735159817352, 2.298309920340368, 0.8822332442657311, 0.4902928823128645
0.09360730593607305, 2.3029961792913745, 0.9068733538995499, 0.484106251349315
0.15399543378995434, 2.2825729686443665, 0.8820732255870329, 0.44042152604834506
0.10005707762557077, 2.310962832368672, 0.9047802209788307, 0.4839493793274718
0.0976027397260274, 2.3195714034718464, 0.8819476489018531, 0.492684259959916
0.08738584474885845, 2.347802173234012, 0.9146107281928892, 0.48355511538089674
0.09121004566210046, 2.453470370234692, 0.9066486710191196, 0.4786509953590585
0.0875, 2.3814220611907575, 0.9139849770800587, 0.4879459119499937
0.09737442922374429, 2.4183438596660145, 0.8821669682115576, 0.4861465221057234
0.1132420091324201, 2.3198479278378836, 0.911328098483165, 0.4890264060238948
0.06934931506849315, 2.5776102800551617, 0.9306729113376937, 0.5091320658161882
0.183162100456621, 2.381061381496251, 0.8659920010835538, 0.38293613537043975
0.11506849315068493, 2.3278877100239606, 0.8645089045627385, 0.4654426199655306
0.11883561643835616, 2.2838971106292996, 0.9053371840867368, 0.48833306491886475
0.09143835616438356, 2.4682612009380507, 0.8480965450804888, 0.4669277101099047
0.09143835616438356, 2.42944415970344, 0.8480965450804888, 0.4561422434796332
0.1692351598173516, 2.2718051542226037, 0.7710692725448977, 0.2897998981557938
0.1050228310502283, 2.4203669952781506, 0.8712332767788894, 0.4739848380957317
0.23065068493150684, 2.3438708463488105, 0.7730590904031389, 0.2532061522454894
0.1656392694063927, 2.2932880619549314, 0.8344982360347957, 0.33926930195631533
0.3242009132420091, 2.053769039621228, 0.6208675297879718, 0.20982945635815983
0.17089041095890412, 2.211472680035247, 0.809384200889211, 0.38693599179126453
0.24560502283105023, 2.164045075391798, 0.6889435437501809, 0.21291518989459773
0.11284246575342466, 2.3076153055581874, 0.9118190097628086, 0.5048517142207672
0.09748858447488584, 2.895067837308735, 0.9108976253516156, 0.5006990155765009
0.1726027397260274, 2.2823649240274952, 0.8420955795423966, 0.3367749653041423
0.18801369863013698, 2.2888805810923447, 0.8167661339485559, 0.33669004406543673
0.17431506849315068, 2.2881252402788426, 0.8368016124211037, 0.42183345306447917
0.20781963470319634, 2.420095274315033, 0.8513903852130708, 0.31669530738055124
0.24805936073059362, 2.3624750944101103, 0.7672623815576388, 0.28878530632740057
0.17962328767123287, 2.5737900805561784, 0.8692926955910921, 0.3758388025599311
0.19286529680365297, 2.0896318883724407, 0.8351448921071463, 0.29247491580710383
0.2785388127853881, 1.9781808278672226, 0.7580599317363271, 0.24902504260902808
0.3061643835616438, 2.0643730533381577, 0.7071841377273864, 0.28389325585448477
0.1292808219178082, 2.411910658720966, 0.8556211921457693, 0.43897194728917266
0.22779680365296803, 2.0347424739282833, 0.8087790365978305, 0.3319014622665451
0.46073059360730595, 1.9457098901680072, 0.5641164526669354, 0.15657973500771705
0.16678082191780821, 2.144417231921192, 0.8485029236216645, 0.4287370498193664
0.1593607305936073, 2.1474642763943432, 0.8376774838552978, 0.41452989179605754
0.19429223744292237, 2.083051233422266, 0.8027953596915606, 0.2990990714820975
0.26067351598173516, 2.0992811053923277, 0.7911204803873688, 0.2599905443319196
0.26837899543378996, 2.1359954912708776, 0.773106423019943, 0.2755376218949116
0.2047945205479452, 2.182271533529168, 0.8486127429990533, 0.3514895476740836
0.315296803652968, 2.0263508294151933, 0.7348589937892285, 0.24969647217634974
0.2705479452054795, 2.11704382178582, 0.7416517146261583, 0.2597814079848919
0.2541095890410959, 2.338993283208102, 0.7785351344856379, 0.2846925058887451
0.21244292237442922, 2.0541416152121, 0.7628960064234239, 0.33738434124580907
0.3296232876712329, 1.8921781542672687, 0.6220774372906458, 0.2533978834378846
0.2281392694063927, 2.0708824836300286, 0.7918154346802748, 0.3076601905817651
0.33350456621004565, 1.6966246355410035, 0.6688370948223811, 0.23650059574656432
0.24851598173515982, 1.9290952916446324, 0.7714688086082881, 0.30869236938494304
0.3812214611872146, 1.9049393923043116, 0.6484657866725378, 0.20856266355210987
0.26044520547945205, 2.0755917683073646, 0.7494744126845154, 0.2808652666441826
0.3393264840182648, 2.0146695948967106, 0.6873072298563828, 0.2501711632468485
0.28213470319634704, 2.1184265361256793, 0.7590773567291553, 0.24452247262978288
0.2987442922374429, 1.8916292395833965, 0.7349440608608961, 0.2665925369146056
0.23538812785388127, 1.8997456194365134, 0.7551093183142819, 0.2932661897711177
0.2714611872146119, 1.8470269451266554, 0.747968149485163, 0.2968973408937239
0.3845890410958904, 1.8178658467211408, 0.6403673954908142, 0.2401602653757892
0.44474885844748857, 1.5139942452634714, 0.62461498719991, 0.20585962153559037
0.4607876712328767, 1.6657197805062005, 0.561476325051833, 0.1842157498292414
0.427796803652968, 1.5296038800824996, 0.6233983059551106, 0.19855247956573085
0.42705479452054795, 1.5295643067148994, 0.6111919684372036, 0.20547616370513042
0.31626712328767126, 1.9426352129203, 0.6670663278059037, 0.2423331409527679
0.2264840182648402, 2.2377794858323385, 0.7794951658334669, 0.35735521779515983
0.1773972602739726, 2.237623592023844, 0.8715989662044512, 0.4347053984034246
0.21341324200913242, 2.267707904887526, 0.8247121132280795, 0.33522995929405797
0.208162100456621, 2.1704168912482587, 0.8062583675872227, 0.3430211173918124
0.36307077625570777, 2.13758937083695, 0.6100981252909358, 0.18387748105412968
0.2089041095890411, 2.162238050616223, 0.7865975284421551, 0.3260657516258129
0.20376712328767124, 2.190379039045066, 0.8011692632326115, 0.27445299733884715
0.22363013698630138, 2.1367093127952317, 0.801020278769813, 0.30080352275661904
0.10821917808219178, 2.2945021029510726, 0.868209119114237, 0.48035701867245356
0.2756849315068493, 2.1071241247871697, 0.7559608186580857, 0.2774438823057053
0.23424657534246576, 2.1480992582205634, 0.7891310083668293, 0.3110235957188373
0.42853881278538813, 1.8183199244411024, 0.6240949575680721, 0.20405246501482147
0.3435502283105023, 1.780031141752726, 0.6615112239975839, 0.2253503482643976
0.35924657534246573, 1.676415795892409, 0.6538761905407706, 0.23738621942028476
0.3236301369863014, 1.7470480668864565, 0.6730154950696285, 0.251937409867532
0.5345890410958904, 1.3514716094419292, 0.5275846772203944, 0.16558434552777804
0.41541095890410956, 1.5539557364926626, 0.6239829301045575, 0.1830075500836931
0.329337899543379, 1.7971614525856485, 0.7093852707422511, 0.27473079747466117
0.39600456621004565, 1.7717983041451946, 0.6552801175656762, 0.21040317622731966
0.491837899543379, 1.4024566152290394, 0.583760204040959, 0.19487057326918858
0.4297374429223744, 1.5235725073237398, 0.6091758586802722, 0.19704782454457312
0.41364155251141554, 1.5459714347539155, 0.5682393562354182, 0.2061663782775074
0.44823059360730594, 1.5730978533795708, 0.5935925166907253, 0.20099449564708088
0.36518264840182646, 1.7889141184282085, 0.6669480554049214, 0.2303474720297898
0.35547945205479453, 2.08667996804736, 0.6136990764115228, 0.20066856643765388
0.18287671232876712, 2.096670082568714, 0.8301191854464666, 0.35833130120133466
0.3976027397260274, 1.8172119918241076, 0.6424437022098153, 0.2053837955889031
0.322203196347032, 1.8285154413899671, 0.7031920779319758, 0.2865678571673867
0.346689497716895, 1.8310237634876003, 0.6781856467595841, 0.23779777673153657
0.4808219178082192, 1.686127334826341, 0.5375825960609668, 0.16601805941081874
0.36318493150684933, 1.9001547318275116, 0.578791513319986, 0.22104291921639413
0.34834474885844746, 1.8345117155411472, 0.6358267171044476, 0.19390351268394185
0.46409817351598176, 1.5503219340608954, 0.5622059674533325, 0.16259592499557154
0.38573059360730594, 1.5843125332197914, 0.6216846369776231, 0.2705699660750016
0.5275114155251142, 1.385401750250494, 0.528888817505348, 0.16086549057780564
0.5529680365296804, 1.2669844109656452, 0.4359611340640804, 0.1323716407775852
0.35348173515981735, 1.7139910903729532, 0.6511747976045453, 0.23322316127798992
0.31643835616438354, 1.930657940266067, 0.6234163292800001, 0.23847798058904726
0.358675799086758, 1.7972404264491988, 0.6340610412126444, 0.23379884413757904
0.2873858447488584, 1.832171202308103, 0.7196740502540383, 0.2502552926416586
0.39674657534246577, 1.8455493904548148, 0.6488902607895345, 0.2037313491332226
0.29960045662100454, 1.9123216730478692, 0.741903994503644, 0.2527990925479973
0.2853310502283105, 1.757687318301228, 0.7796756641113919, 0.28564056304595153
0.38595890410958905, 1.651834868879555, 0.6356934842238003, 0.19521635544928798
0.37420091324200916, 1.6395674517335685, 0.6305112054541563, 0.23681082982138676
0.30176940639269406, 1.7971040976544221, 0.6946813928323574, 0.23758182404761924
0.3219178082191781, 1.8293304970887698, 0.6312734636803269, 0.19426076314900664
0.4420662100456621, 1.576578570585953, 0.5380357557103216, 0.1807682263875914
0.4851598173515982, 1.6786685430500061, 0.5091228727238003, 0.17148008804512593
0.21084474885844748, 2.128162495973924, 0.7921977313769861, 0.4024493741636018
0.3154109589041096, 1.853946458606143, 0.6405179987570456, 0.2443068005027169
0.2582762557077626, 2.0561510635225195, 0.7489134666470819, 0.2831738987241531
0.292865296803653, 1.954909216517319, 0.7569437520770401, 0.29515040679409577
0.26700913242009133, 1.9446113552370845, 0.7545292211404312, 0.27711968893003747
0.3124429223744292, 1.7535570402421294, 0.7232657617124021, 0.27962401315066693
0.34035388127853883, 1.7727711389258027, 0.6842797929834502, 0.23904299067882684
0.36598173515981736, 1.6832503165046102, 0.660513192581007, 0.20984360914196176
0.4849315068493151, 1.4907426005552553, 0.5691217073816824, 0.18089471486189268
0.3595319634703196, 1.6146588855002024, 0.6785539245357363, 0.22602743955665133
0.44018264840182647, 1.4532995535307416, 0.5757290478396702, 0.2265623433924182
0.10371004566210046, 2.307416542371114, 0.8414608305350213, 0.35032104481620474
0.09851598173515981, 2.3262939887163845, 0.8961871251639054, 0.4854436737278581
0.11192922374429223, 2.3113825424621095, 0.8811253843158906, 0.47801469602771546
0.23567351598173517, 2.270882693103187, 0.7423182418853436, 0.30210662879041783
0.14320776255707762, 2.3231088776906876, 0.8623651964220654, 0.42632178095922313
0.20068493150684932, 2.335420443808243, 0.817331483127997, 0.35140368557962903
0.23824200913242008, 2.151427459713395, 0.7202636196109669, 0.27919790847099935
0.3572488584474886, 1.900172133485204, 0.6408611094594573, 0.1819039094633638
0.29942922374429226, 2.120544413659194, 0.6506624903461642, 0.21320860999789043
0.4001141552511416, 1.920635655985031, 0.5785175710769467, 0.17556257107167386
0.1562785388127854, 2.0212696899562124, 0.8413579723092162, 0.3793734703556425
0.3247146118721461, 1.9855553824743724, 0.7089285577492649, 0.2826975746247184
0.33013698630136984, 2.049308589903731, 0.696592516642318, 0.2538785113421437
0.2660958904109589, 1.8425304481036724, 0.7706107271513248, 0.28145793774401584
0.2827625570776256, 2.0307469161405955, 0.7419105517796164, 0.27292768036136544
0.2550228310502283, 2.025663470092429, 0.709004603961016, 0.2914692102412342
0.2759703196347032, 2.142189513663995, 0.7760452182114453, 0.2589765525138049
0.40131278538812787, 1.6976062681508934, 0.5970343421201393, 0.1868076657710509
0.4023401826484018, 1.5283436836113464, 0.6289409324411505, 0.22325668701296414
0.504851598173516, 1.2972463064797257, 0.5414410452981301, 0.16896257196707803
0.5342465753424658, 1.3019694502308081, 0.5261848414720455, 0.16971956721319573
0.5469748858447488, 1.3009017557016314, 0.5216957438086601, 0.17534952737692525
0.5437785388127854, 1.3291756595225503, 0.5238817596031066, 0.16573393694303948
0.5764269406392694, 1.5871837309030092, 0.4381643113907549, 0.15641974488248997
0.4974315068493151, 1.8478585965965437, 0.5195256759469713, 0.16277534783044886
0.2898972602739726, 1.8600375532831777, 0.7424260590095929, 0.2629727946976295
0.5196347031963471, 1.4492286241558046, 0.5259810778244616, 0.18358173217063073
0.6230022831050228, 1.2696496867340858, 0.3870650819353486, 0.12715199140088365
0.37802511415525114, 1.5568149326658345, 0.6668433881161551, 0.2283818948660679
0.5243150684931507, 1.5524632776981075, 0.50158544793519, 0.16045432102691545
0.5368150684931506, 1.3977256524610464, 0.4997473392058748, 0.15791189446770554
0.4740296803652968, 1.4648523315345043, 0.5970264453391267, 0.17652761392519498
0.49098173515981736, 1.4885584911765302, 0.5707192851529255, 0.2130544233517741
0.2602739726027397, 2.070672119718436, 0.7567742854309852, 0.36174569693575803
0.30462328767123287, 1.9704709397195137, 0.6899061318893603, 0.2756138723937838
0.3550228310502283, 1.8584064504633484, 0.6923207104377285, 0.2374920230277632
0.37773972602739725, 1.6210525540184213, 0.6571419009593668, 0.2729642225359896
0.30610730593607305, 1.7593263115240558, 0.7383121475247744, 0.2696832168712508
0.4797945205479452, 1.5560358538407169, 0.5452050749162494, 0.18878118282233058
0.3096461187214612, 1.64550500497324, 0.7066248682918534, 0.34455519218064695
0.5888698630136986, 1.4409346651268877, 0.4813976332496013, 0.166742562398374
0.5337328767123287, 1.4011062236392198, 0.45656976173343444, 0.16412861737710308
0.4575342465753425, 1.4527807331588716, 0.5514713240092889, 0.19319477248395256
0.4743150684931507, 1.368916353643723, 0.6023708789957378, 0.18853615045050479
0.5501141552511416, 1.2571568729440983, 0.49754996536463136, 0.18959467481524317
0.5287100456621004, 1.4368998303192935, 0.5263354228473184, 0.16948739085360848
0.4125, 1.5846975691990766, 0.6108511880100166, 0.19469158121186914
0.5787671232876712, 1.4682152377960345, 0.45404462467636103, 0.1473914411929076
0.42397260273972603, 1.593015077736518, 0.5933493856785536, 0.2086080979512263
0.6505707762557078, 1.6298791029545814, 0.40014295241733705, 0.15250104708225465
0.288527397260274, 1.8813555517085068, 0.7674194603642817, 0.2961913983956592
0.46769406392694063, 1.6866803719640866, 0.5746293928913832, 0.20979553793839226
0.43932648401826485, 1.5217063458202635, 0.6217321356743812, 0.2181150171906171
0.41506849315068495, 1.5507661065639562, 0.6335808084595591, 0.217195545481653
0.4415525114155251, 1.5518849745341767, 0.6340426349966403, 0.20908907930781395
0.5820776255707762, 1.4234184814676574, 0.419704500981302, 0.1478113767418561
0.41678082191780824, 1.6429995787176879, 0.64223318070857, 0.20445559284869438
0.3327625570776256, 1.6496177280185633, 0.6938732952202687, 0.2295337472955032
0.5381278538812785, 1.309855862336922, 0.5253901257642811, 0.1733473331735805
0.3835616438356164, 1.7502649431699486, 0.6483357842241787, 0.23553230921186244
0.35376712328767124, 1.9892101763726369, 0.6907493144020367, 0.22609425337205064
0.35656392694063926, 1.870695475448076, 0.6775625282095283, 0.27403991464771876
0.28664383561643836, 1.7753253938111404, 0.7443390866570856, 0.25926996599397906
0.40285388127853883, 1.693610661905514, 0.6465550329377663, 0.21666617011371422
0.45759132420091325, 1.5219886855753861, 0.5129403678685387, 0.18913749549264125
0.5220890410958904, 1.6495346417386918, 0.49424121523419573, 0.17620288948303386
0.2769406392694064, 1.8349895547446051, 0.7548954404152493, 0.295594690710549
0.46187214611872146, 1.5205154942663293, 0.5901540837133744, 0.20285427917438562
0.3527397260273973, 1.688474612761306, 0.7124027486154252, 0.25172610231214465
0.3647260273972603, 1.6793257392092382, 0.6298910640519211, 0.20579852066397664
0.273972602739726, 1.859609436294804, 0.7580686289672164, 0.31925921594132933
0.33350456621004565, 1.7796211925849794, 0.716078847167167, 0.23190221934111477
0.35319634703196345, 1.6673128199886922, 0.6934617068003532, 0.23767230774964357
0.3198630136986301, 1.7707515981881858, 0.7127701645681426, 0.2638760189897391
0.2449771689497717, 1.9218079529736685, 0.7735636033459831, 0.3758742431926138
0.3138698630136986, 1.9102734953539284, 0.6957543368933834, 0.3126466752200368
0.3929794520547945, 1.7570809716552276, 0.6525560635996683, 0.22401250482192808
0.34691780821917806, 1.7121524286401122, 0.7230418317492219, 0.2600617360845414
0.43789954337899545, 2.01305414710415, 0.6033732970042481, 0.1978091885990137
0.29577625570776256, 1.9368131424908497, 0.7482360681035047, 0.24056403023295594
0.17226027397260274, 2.042091864167147, 0.8246031664176786, 0.36812498495104073
0.40627853881278536, 1.9095165129665914, 0.6167066861655323, 0.212775599818532
0.3928082191780822, 1.8590483697139781, 0.6551174267090139, 0.21215693632719146
0.19965753424657534, 2.1016361679048297, 0.808232106249623, 0.3788733343893273
0.1632420091324201, 2.23065913780401, 0.8750596156639565, 0.3372470202279421
0.18042237442922374, 2.1793475556012973, 0.8410307423868248, 0.3908761676885966
0.22676940639269405, 2.0881535911260674, 0.8014045400617039, 0.3141193330502526
0.3481735159817352, 1.8697239316710734, 0.7031760019902648, 0.23897906799924137
0.246175799086758, 1.8989571524061024, 0.7551802380289944, 0.31862270300376455
0.21124429223744293, 1.9546777498912593, 0.8151971785793161, 0.32620301528312623
0.20222602739726028, 2.0962073008763737, 0.7995451728956837, 0.31209117088167415
0.24788812785388128, 2.060949399339282, 0.7983550487248436, 0.28283013803954526
0.1969178082191781, 2.095807825549416, 0.8222456547202842, 0.30538377600004807
0.2607876712328767, 1.9364558858346177, 0.7775178977372466, 0.28300684605947274
0.2146118721461187, 2.0468370496886505, 0.81263390515231, 0.3397955300427137
0.17562785388127855, 2.163761174699215, 0.8467984465774896, 0.318337019116326
0.19189497716894977, 2.0317176246003474, 0.8040042477621547, 0.3186297779796539
0.22768264840182648, 1.9534142028115111, 0.7869761121590545, 0.2973324214904319
0.31061643835616437, 1.8282198699778074, 0.6909471795033132, 0.2728158464146054
0.37831050228310503, 1.9923843281658273, 0.6174343862065342, 0.2139406853855996
0.33687214611872146, 1.981415492452715, 0.7070484085664949, 0.259408022791319
0.09863013698630137, 2.3005330675132742, 0.9202035677456379, 0.40798659899932976
0.09046803652968037, 2.3541167071965186, 0.88913744542137, 0.49607663285532383
0.11906392694063928, 2.500556759141624, 0.8763331147501782, 0.4906059038690643
0.18036529680365296, 2.3297724324682534, 0.8263576744400215, 0.3841568374163296
0.34714611872146117, 2.0992080258043933, 0.6922055024520247, 0.215389210689878
0.22876712328767124, 2.147499661429968, 0.7885664967263493, 0.3684543388929862
0.353824200913242, 1.9366711598008735, 0.6542267692913216, 0.23197813473939452
0.19748858447488585, 2.066662360646137, 0.7763335118942861, 0.40952469405027536
0.4868721461187215, 1.6738780749102706, 0.5844273769656424, 0.17037742745824702
0.4041095890410959, 1.885599591933429, 0.6298832025445962, 0.19342154670106232
0.28955479452054794, 1.959713071414597, 0.7318804226474391, 0.23524349234726877
0.4478310502283105, 1.7347725366688755, 0.5611422085283886, 0.16635655514204636
0.4215753424657534, 1.92960776040271, 0.5078026303416278, 0.1528358522059509
0.3139840182648402, 2.2031983466589287, 0.672345801128228, 0.22353074208049553
0.19366438356164384, 2.2673827391645136, 0.7369447161695054, 0.3122928736455416
0.23829908675799086, 2.4295256679392843, 0.6989124906469248, 0.26175265242659024
0.44697488584474887, 2.0037903119576033, 0.5633345149252889, 0.17137098381406013
0.3136986301369863, 1.9321445513805842, 0.6789165623144156, 0.2611960542635963
0.25102739726027395, 2.0863073301233657, 0.7985705033714089, 0.2867931834554652
0.42414383561643837, 1.6221747977480496, 0.604967438566668, 0.1842232784970249
0.355365296803653, 1.710053005763521, 0.6493483933579729, 0.2368670094832105
0.274486301369863, 1.8440921259355054, 0.7352904671700515, 0.24845288826840534
0.29337899543379, 1.8490342815546956, 0.7283585619354807, 0.2663653972800444
0.27385844748858446, 1.8435598768327879, 0.7257230865598531, 0.3300915993508414
0.33635844748858446, 1.7466310185554637, 0.695334793244167, 0.23794684792875057
0.3285388127853881, 1.8713138188180178, 0.7315267801069765, 0.2795123864334271
0.46135844748858446, 1.563630340717835, 0.5647443257992483, 0.17699019944444694
0.49463470319634706, 1.4670286940589343, 0.5528976412595106, 0.16285247654522364
0.40570776255707763, 1.7667097947830293, 0.654676294461577, 0.20327779896034057
0.3347602739726027, 1.9582545370339803, 0.692661113630149, 0.22684403712602438
0.1969178082191781, 2.0556169347675968, 0.7939200926385923, 0.3889213721410967
0.4408675799086758, 1.8989808946575748, 0.5458785882684376, 0.16805849248268667
0.1391552511415525, 2.181655915261812, 0.8279802738755937, 0.4170236895389531
0.33744292237442924, 1.9504228956555123, 0.7098010374359331, 0.23511159466963502
0.5019406392694064, 1.5889825174831635, 0.5291466664349641, 0.1744724570278705
0.3726027397260274, 1.6649954043566908, 0.6775421881220949, 0.21176363719973545
0.357648401826484, 2.0785070844572973, 0.6331555567391647, 0.22712235234392775
0.26432648401826486, 2.217579679871531, 0.7342071714855016, 0.28625641171388394
0.21044520547945206, 2.251581173495615, 0.7593361065437568, 0.3013823743633955
0.11472602739726027, 2.256633815298614, 0.887600955148135, 0.45540394965237213
0.1461187214611872, 2.359709318223745, 0.8309391928113321, 0.3108247561263216
0.2557648401826484, 2.1910202080120236, 0.7608813023390691, 0.30611030589115557
0.32060502283105025, 1.9680223084680022, 0.6883200402115095, 0.23289044226756295
0.39263698630136984, 2.155316545048805, 0.5974278538955293, 0.1759637410644594
0.2530821917808219, 2.086971682548251, 0.7931479177025781, 0.26857469695187886
0.16158675799086758, 2.302236196704923, 0.8536915670548028, 0.3611678436385706
0.31141552511415527, 1.9438177589854422, 0.7001805625021391, 0.2159707956714081
0.29337899543379, 2.108205567009441, 0.7310218192706773, 0.2695458968836123
0.3655821917808219, 1.7925013599304915, 0.6780768268655004, 0.22785368490157204
0.2985730593607306, 1.7454569070281027, 0.7141064401546874, 0.2690349449582356
0.4944634703196347, 1.6225552293212582, 0.5233829573014647, 0.1619673760374718
0.3664383561643836, 1.8685482305716978, 0.7033852693852617, 0.22212334754029442
0.2874429223744292, 1.9449264334353138, 0.7185209752901898, 0.30821395888811554
0.391837899543379, 1.6502460357771345, 0.6606139264197782, 0.2042947281213745
0.3824200913242009, 1.636843089099344, 0.6286601938535861, 0.24213904462235225
0.4386415525114155, 1.5782287280173062, 0.5768710308503257, 0.20461445661771882
0.4488584474885845, 1.5880715842558641, 0.5138169686842647, 0.17805708012420662
0.25781963470319635, 1.8461537130627799, 0.7496498813920328, 0.2534287131745514
0.49166666666666664, 1.564958143829619, 0.4877815082479075, 0.16951783941402368
0.43190639269406395, 1.5134427648990258, 0.6057797452633646, 0.20968275898685576
0.41478310502283106, 1.8259884586617283, 0.6079477174952767, 0.22881734796384978
0.379337899543379, 1.8864891163766657, 0.6672375954076444, 0.2045114887312877
0.4233447488584475, 1.844837533502274, 0.6303373059780687, 0.18727887807209562
0.39708904109589044, 1.760857402636206, 0.670447278774308, 0.20095201429574827
0.3954337899543379, 1.4865170541283204, 0.6216341342681949, 0.18808620672849505
0.4319634703196347, 1.5881348015153653, 0.549950544398094, 0.17057321841470208
0.3934931506849315, 1.643520248025979, 0.6487849995841475, 0.20956087991818986
0.464041095890411, 1.3597351766799546, 0.5264032850077188, 0.2119937878124431
0.5374429223744293, 1.2083081502993656, 0.4959601413479159, 0.15209867186510984
0.5424086757990868, 1.5564349601666132, 0.48400425562351657, 0.14937237885916088
0.2187785388127854, 2.020986633853281, 0.7443009522644458, 0.30246717130678535
0.26700913242009133, 2.0490066543408587, 0.7614610943926542, 0.3216498551511326
0.4129566210045662, 1.8010272156838412, 0.6117698507379989, 0.19521039459141223
0.3583904109589041, 1.9714372720008027, 0.6162765115504332, 0.24033505475832595
0.3324771689497717, 2.157714421339503, 0.6122508567680274, 0.19942788936103079
0.19857305936073058, 2.1984353871174056, 0.7854232567665852, 0.35735379343251616
0.16558219178082192, 2.2323210562200853, 0.7710314641466369, 0.31063019571443024
0.23687214611872145, 2.3384460059543177, 0.7440771805638273, 0.26302519654955825
0.15810502283105024, 2.168364483737238, 0.8440270653765622, 0.4138501195790419
0.1908675799086758, 2.254914255168068, 0.7835321095428224, 0.2993612470819792
0.1478310502283105, 2.4765620387512257, 0.8610526402579329, 0.40287998878902603
0.26523972602739726, 2.1229036364177047, 0.7639589349096201, 0.24557434720387403
0.2060502283105023, 2.1972771859536433, 0.8439325695458991, 0.32702745230029806
0.38932648401826486, 1.9839485596167987, 0.5647509166953266, 0.169899713853052
0.21626712328767123, 2.0941061805950723, 0.7638625100844049, 0.3505985010990502
0.3059931506849315, 1.842722815302409, 0.6328651699320532, 0.21775025254985575
0.2808219178082192, 1.9182220376891905, 0.6951197422785365, 0.2205842732443601
0.2177511415525114, 2.1067031246308052, 0.7905573746477751, 0.33021421837005277
0.3815639269406393, 1.9241687447002762, 0.5787251714846584, 0.17653504554195276
0.2573630136986301, 1.897909449085117, 0.7153830206219898, 0.28213273218416207
0.36621004566210047, 1.76701783931997, 0.6368470010241895, 0.21861141556780186
0.291837899543379, 1.7874003662485374, 0.7101439967481126, 0.2612645660274605
0.4802511415525114, 1.4346637510018398, 0.5640447699570301, 0.16283575813930146
0.4295662100456621, 1.5665895624047987, 0.5943177579180968, 0.18913625273916745
0.3501712328767123, 1.8783149477893903, 0.6597809592776349, 0.2347832485949042
0.32802511415525115, 2.227918636172874, 0.6690515991979048, 0.2945146944390656
0.19583333333333333, 2.2526102217092907, 0.7475729317002684, 0.28415546467372754
0.24777397260273973, 2.2389674977216547, 0.75122703753812, 0.25893752901006606
0.2339041095890411, 2.2463232314205603, 0.7314902145833738, 0.2411506832847645
0.24355022831050227, 2.1607388958811216, 0.7289954286249067, 0.2860025628070097
0.2736872146118721, 2.150815662061243, 0.708356002237289, 0.32295205377662517
0.1160958904109589, 2.297235066637601, 0.8837362319166648, 0.4014102995650039
0.1192351598173516, 2.323445906772461, 0.889822727952109, 0.4818423132696201
0.15154109589041095, 2.2915390409631273, 0.8643979294735605, 0.44161182178276426
0.25439497716894977, 2.3192817907014938, 0.7651888727834698, 0.2841985132796979
0.2437214611872146, 2.3025636740335047, 0.7891199044134819, 0.3257885200766474
0.2550799086757991, 2.230013534018438, 0.8061008497461217, 0.2910382660403838
0.2988584474885845, 2.180813622086832, 0.7071115559636405, 0.2755552340645771
0.13995433789954337, 2.5456754623635853, 0.8568115701192339, 0.4718190625656423
0.1740296803652968, 2.2843622137184285, 0.8745163151341011, 0.387928627872425
0.14526255707762556, 2.2313246855520767, 0.8888408002696896, 0.37153326916342266
0.0976027397260274, 2.2858328034684536, 0.9065341498536952, 0.4804704738199684
0.175513698630137, 2.518409113252544, 0.8333786993421621, 0.357635969823141
0.1654109589041096, 2.2026247563631567, 0.8575319461582545, 0.32347660175655135
0.12625570776255707, 2.2557722931242967, 0.8825408928333571, 0.40100086542928787
0.1812214611872146, 2.2628446472085773, 0.8297873303349641, 0.4097730738540484
0.12973744292237444, 2.272054610180256, 0.8891663514472625, 0.46202290240950644
0.20970319634703197, 2.4938856093034354, 0.7884439961655597, 0.3781289679111348
0.20878995433789954, 2.6489754254500206, 0.797106634479362, 0.29465507635461413
0.33207762557077625, 2.075269363119722, 0.6939228904763647, 0.2146122064831896
0.23521689497716894, 2.1185686130978203, 0.7730808176014986, 0.28128071450723435
0.26472602739726026, 1.9557938388085256, 0.7342995236158402, 0.25165830567450487
0.3772831050228311, 1.8295506587549704, 0.6299547162444344, 0.22842029004588824
0.35399543378995435, 1.9905061230063439, 0.639023367818377, 0.21236836525630995
0.13361872146118722, 2.239591660107312, 0.8614007944290774, 0.4001454204899697
0.22300228310502282, 2.44806630633108, 0.7502877179947234, 0.2854527127038592
0.37659817351598174, 2.1662871386955778, 0.6431247540006989, 0.20467227923346065
0.30724885844748856, 1.9482592835639643, 0.7180338528958873, 0.2461445801401544
0.36974885844748856, 1.7838355129099872, 0.6603602191552003, 0.21676587608796485
0.38687214611872145, 1.7116274448392326, 0.6323247243777587, 0.21453208280112337
0.4095319634703196, 1.6714674301513526, 0.5684682406995326, 0.18480028223261663
0.2754566210045662, 1.8617497558241973, 0.7484735334584882, 0.2747142839086536
0.4355022831050228, 1.7804192175944102, 0.5297123075831611, 0.1720041428063877
0.18944063926940638, 2.068476094142215, 0.7760146732171286, 0.31210567665009753
0.28304794520547943, 2.0546482800995105, 0.6723148586487169, 0.21573035939959465
0.41815068493150687, 1.9439470951415632, 0.5476678955218756, 0.16144286076000916
0.1937785388127854, 2.147581421662139, 0.8441510346955716, 0.32834356520161667
0.15702054794520548, 2.1219026959854173, 0.8830242190987773, 0.3532110025507304
0.23333333333333334, 1.9103611914347431, 0.8134053454947161, 0.3060569406324445
0.2117579908675799, 2.015120636501677, 0.7425345846718211, 0.2778877887100421
0.27077625570776254, 1.9878705998159707, 0.7583999555077883, 0.31905172923177366
0.4170091324200913, 1.7970923330413697, 0.5384224615035024, 0.18038848783934078
0.2582191780821918, 1.9184926409784653, 0.7153502699518378, 0.24420834501972496
0.2997146118721461, 1.8100721457879565, 0.7291820639264395, 0.24594878125576147
0.382648401826484, 1.8529898750999747, 0.6275656930088029, 0.2232179913641796
0.32294520547945205, 2.079596354788569, 0.6820409987786763, 0.2266392847576098
0.1646689497716895, 2.2161041671044477, 0.8450363427400438, 0.34467693433787827
0.18807077625570776, 2.156902058232048, 0.8080692023003097, 0.3043484294206828
0.12539954337899542, 2.2866463821670506, 0.8836329997107333, 0.41849620126786524
0.14988584474885844, 2.123226369692855, 0.8381975651861004, 0.4345132138930696
0.3687785388127854, 2.1218984065262694, 0.6133553023238715, 0.23930454005747417
0.22939497716894977, 2.2379212641484663, 0.7815683564481811, 0.3025713564761185
0.11495433789954337, 2.2029368483312597, 0.869923099809586, 0.48358001238551757
0.19337899543378995, 2.2508478077103016, 0.7963872959115939, 0.29125756560978217
0.31124429223744293, 2.2403529016598718, 0.7099739761633795, 0.26540453079509624
0.09492009132420091, 2.2963820360566927, 0.9078881456278611, 0.4907769914654743
0.24006849315068493, 2.250550977858506, 0.7243364167003241, 0.29403108162102803
0.24366438356164383, 2.1835578214836446, 0.7790135706392926, 0.27965216376132834
0.15473744292237443, 2.3546227875399537, 0.8758839482121138, 0.373061984158009
0.18184931506849314, 2.119937008040953, 0.8409015764436646, 0.39128172899582814
0.34377853881278536, 2.0668815746733316, 0.665859760939511, 0.20065423416305253
0.23955479452054795, 2.236588414731227, 0.7582816579861784, 0.27468414451190454
0.34200913242009134, 1.9361556896574148, 0.6485153898328955, 0.22076963501994387
0.3273972602739726, 1.9537432176609562, 0.658047254756789, 0.2583656873940053
0.34200913242009134, 1.9672379812353278, 0.6435721532478208, 0.24391293376308135
0.4257990867579909, 2.0212073088610825, 0.5889672126166301, 0.17751367501376186
0.29389269406392693, 2.0657063331165815, 0.6638992819196567, 0.22704579686322354
0.23162100456621004, 2.141794891206369, 0.7116824365386536, 0.26795674152349885
0.30085616438356166, 2.018024769869365, 0.6891971606845968, 0.22282865136948438
0.4900114155251142, 1.5318040337005299, 0.5096964865157108, 0.16219073293002745
0.4317351598173516, 1.644064577247046, 0.5775488720992774, 0.17585778571989846
0.2865867579908676, 1.9421811293419367, 0.6949141067119885, 0.22625151042901318
0.2632420091324201, 1.8717400149259393, 0.7229481538806358, 0.29973694764836467
0.3296232876712329, 1.6996334734708751, 0.6848341644632236, 0.21275815182765898
0.37625570776255707, 1.7464542234214406, 0.6585661853728727, 0.19974515220687578
0.441837899543379, 1.6910403857594483, 0.57559214536653, 0.21424569505683252
0.3261415525114155, 1.9166725217037277, 0.6873719297091355, 0.22601098854631427
0.2654680365296804, 1.7983938709660496, 0.7140960012270213, 0.27455056396959376
0.2723173515981735, 1.9007444093862897, 0.7088058044556014, 0.26331916041654563
0.22106164383561644, 2.10125060898154, 0.8004286407015112, 0.2981900701135071
0.29674657534246573, 1.8412113543752937, 0.7301257206345657, 0.27022906496420096
0.35878995433789956, 1.9338424132754133, 0.6778448354059159, 0.20544105904498663
0.38087899543378995, 1.8536584062059516, 0.6686921806747077, 0.18250970257602103
0.46815068493150686, 1.5898587393740269, 0.5133779275481859, 0.15128622816436763
0.4607876712328767, 1.5636433070542537, 0.5700005930675549, 0.16885946133629676
0.28807077625570776, 1.8058786151071662, 0.7129708534337972, 0.2676725034983711
0.25211187214611874, 2.221570493920481, 0.7383247427795219, 0.26834483079717003
0.21672374429223745, 2.23536876604029, 0.7884545560363942, 0.33642812558461477
0.1969178082191781, 2.272923544865765, 0.7829756122786226, 0.31566139609995064
0.18618721461187215, 2.2620037547019245, 0.8239500431293206, 0.33036653379019887
0.35114155251141554, 2.143965670316731, 0.637340162305389, 0.20965495025835498
0.2288812785388128, 2.3777284843600506, 0.7638125682836729, 0.31587143247535043
0.34600456621004566, 2.1535618386822475, 0.6412766393238053, 0.226157499915988
0.26672374429223744, 2.1286952826802588, 0.7196759595803307, 0.24032756425694765
0.22323059360730593, 2.237992126130622, 0.7936271349955801, 0.2969475353219273
0.21678082191780823, 2.0923050787333892, 0.8011219295635753, 0.3217141621258845
0.2500570776255708, 1.9858865615167574, 0.7412121010197049, 0.2742275974343385
0.10519406392694064, 2.154390528600782, 0.8755038306852636, 0.4708609956416921
0.20776255707762556, 2.1821465249373215, 0.7552507614529587, 0.27844960894508974
0.24297945205479451, 2.0206636372018076, 0.7650954375189032, 0.28716788619613753
0.37311643835616437, 1.7828859698554698, 0.58079288489051, 0.18973114028564736
0.12494292237442922, 2.5188486922904425, 0.8573197104813681, 0.46246229641590814
0.11683789954337899, 2.301658998123587, 0.8816029558434145, 0.3548010636050427
0.19240867579908677, 2.369871553690194, 0.7865029920061108, 0.36567583652931795
0.1547945205479452, 2.3126015180662343, 0.8766160554391889, 0.3866117996743958
0.14006849315068493, 2.387800979621062, 0.8926788073219092, 0.4690263412695529
0.11118721461187214, 2.2467411021527632, 0.8886110857705237, 0.4612107394479816
0.19668949771689498, 2.2161079931272765, 0.8607303073093621, 0.44106083670374074
0.21341324200913242, 2.180930976505013, 0.847030700750958, 0.3176603043188731
0.25833333333333336, 2.062974595955518, 0.7196152674724839, 0.2446822949833422
0.1908675799086758, 2.2019353923051868, 0.7470801499789155, 0.31887106225254314
0.24840182648401826, 2.1238365367191023, 0.7217833342484387, 0.27436966627939613
0.23732876712328768, 2.15959998068472, 0.7508700872945434, 0.3270330306311064
0.37146118721461185, 2.0683100482236303, 0.6620510376168599, 0.2392390800264713
0.3886986301369863, 2.063131177302909, 0.6467553757705463, 0.20351653528806493
0.20428082191780822, 2.1849050661880676, 0.8523983170675591, 0.31826021052149134
0.15644977168949772, 2.282854810207402, 0.8500823725764814, 0.31653318910225486
0.07939497716894978, 2.3247786987181667, 0.921855999443415, 0.4866731993766129
0.23841324200913241, 2.325977932671978, 0.8184565797022162, 0.29362509731774034
0.1978310502283105, 2.308959500159915, 0.8584325195941677, 0.37478719468830357
0.20062785388127855, 2.282482897747121, 0.8033460172446635, 0.29448687812692753
0.33613013698630134, 2.0840344646069555, 0.7170543680359093, 0.2305361676691505
0.1160958904109589, 2.2229209290859906, 0.90845630976897, 0.4748322150517243
0.20856164383561643, 2.2290229335903575, 0.827360742290436, 0.338322187247642
0.08881278538812785, 2.2852366663821755, 0.8893557074802214, 0.4832977178355333
0.12585616438356165, 2.227091140249004, 0.9033519870995685, 0.4684307937560605
0.10348173515981735, 2.2449085299555027, 0.8967137217222302, 0.4171651755398591
0.2639840182648402, 2.1200119359444267, 0.766918976509674, 0.3330509286844525
0.21769406392694063, 2.1102237190353814, 0.846731393502287, 0.37417492619057063
0.3615296803652968, 2.1139881046463365, 0.6843506264028387, 0.22768678749068438
0.22871004566210046, 2.1829748531931066, 0.7878132127255892, 0.29062377430986414
0.2553082191780822, 2.1241176490574123, 0.7692990313683866, 0.3016612948867541
0.20251141552511415, 2.152010871109353, 0.8351856608286532, 0.33400393728483374
0.1625, 2.461548128537834, 0.8828529219387617, 0.45608757705613284
0.18156392694063928, 2.296495008101202, 0.7705292556172094, 0.30176639850942505
0.10068493150684932, 2.3026317334610575, 0.9348040439201752, 0.5097837810101749
0.10068493150684932, 2.5551045566389003, 0.9348040439201752, 0.509330705823515
0.09977168949771689, 2.3682756399455136, 0.8950420949954483, 0.4781537643819672
0.1535958904109589, 2.303179883398966, 0.8444733639846266, 0.367068807859858
0.15747716894977168, 2.3135690646560767, 0.8094637928260039, 0.310295780619478
0.10599315068493151, 2.3420042057287747, 0.9156291702135522, 0.4529137060893177
0.13184931506849315, 2.3433744611669347, 0.8938341891854712, 0.42263781825621677
0.08772831050228311, 2.3307882264936897, 0.8902761265070486, 0.4873008522894174
0.09235159817351599, 2.310507649217294, 0.9137097311729273, 0.4742254703673619
0.11672374429223745, 2.4713877237278576, 0.8623862927320848, 0.43842580727158587
0.18179223744292236, 2.141964064647346, 0.8676800583047084, 0.3951665021017856
0.1795091324200913, 2.3096985027398147, 0.8697040351447936, 0.39148940156228385
0.16974885844748858, 2.1816811257777693, 0.8553103267487997, 0.3480028455600728
0.18042237442922374, 2.196646151164351, 0.8453867598877484, 0.34811114316055175
0.32722602739726026, 2.046954209949464, 0.7185442708144084, 0.2350395109581169
0.21740867579908676, 2.2204716332154733, 0.839946767640153, 0.33382934388668906
0.2990296803652968, 2.052314128954661, 0.7414314795845803, 0.23478375455576247
0.22631278538812785, 2.180750114950415, 0.761589523783258, 0.3033001977482591
0.1745433789954338, 2.197452991105378, 0.8112529538053629, 0.3088878105907005
0.1113013698630137, 2.431277138968615, 0.9256345853194766, 0.4333592955139211
0.17568493150684933, 2.433952691706246, 0.8175463000357979, 0.3869411709984491
0.35108447488584477, 2.164793609096307, 0.6415156381206342, 0.2327249260688791
0.16740867579908675, 2.206454739634577, 0.8048749236519231, 0.2985766244918942
0.18698630136986302, 2.1304999275770906, 0.8601690233107071, 0.3362690545324785
0.3158675799086758, 2.0966091083473266, 0.6361505480078891, 0.20360004410864746
0.2785388127853881, 1.9600046063939185, 0.7776533932176797, 0.266467668832958
0.1970890410958904, 2.118513994374776, 0.7458232213173379, 0.2567341555170656
0.2040525114155251, 2.1206517164905865, 0.7626984866425631, 0.2957721177667446
0.17996575342465754, 2.2078251397977136, 0.869005269662891, 0.38618159764519433
0.213013698630137, 2.2330554893367913, 0.8450468689166883, 0.3109915215882314
0.11632420091324201, 2.5268677550601906, 0.9096228821282439, 0.4746160857632657
0.1091324200913242, 2.297169407637424, 0.8899491526306821, 0.4505697128196161
0.2054794520547945, 2.3253874409280413, 0.8498592516702012, 0.3415312763750347
0.34794520547945207, 2.1937916199094083, 0.6769534813660448, 0.20296276753101633
0.32654109589041097, 2.1752149823117475, 0.6678928100720468, 0.19369845057203303
0.15605022831050228, 2.2305566208139402, 0.8306124846159441, 0.3017319217373677
0.11689497716894977, 2.2676186423187388, 0.86377808623057, 0.41930950434450737
0.06757990867579909, 2.3174486996784602, 0.9203694151737233, 0.4926309456126036
0.1125, 2.535907992948544, 0.8968552126167307, 0.4575812984315165
0.18898401826484018, 2.6528883251374307, 0.8250086696558435, 0.3345387272449633
0.20827625570776256, 2.050937140124029, 0.8319282948847655, 0.31380316387177415
0.18573059360730593, 2.173475156350223, 0.7586901463763124, 0.25037715967145535
0.17357305936073059, 2.2664561755376864, 0.8508647573084838, 0.33927953035750946
0.17328767123287672, 2.355085484077941, 0.8515806210127783, 0.3433187520931415
0.2833333333333333, 1.9042965296332695, 0.782962477966891, 0.2821238220907306
0.3543949771689498, 1.9385836518807635, 0.6611138497250308, 0.2060334842876613
0.23595890410958903, 1.9960674376894623, 0.7414416653504097, 0.30273326429353054
0.2942922374429224, 1.8543617332770945, 0.7308403319616041, 0.2736381458301025
0.3017123287671233, 2.2215644997821005, 0.6346577162330753, 0.2564957112979113
0.11615296803652968, 2.2285347204502313, 0.910022973683693, 0.48479345964023074
0.09166666666666666, 2.256064981419474, 0.8882229469458518, 0.47825826942982785
0.08476027397260275, 2.2916059416723034, 0.9047664841490171, 0.48242818723583725
0.17374429223744292, 2.2075001770434857, 0.8516940848696686, 0.33209083795250777
0.19069634703196348, 2.188769800355445, 0.8634785792804918, 0.40026361746626704
0.21598173515981736, 2.1478922896393358, 0.8162305918155524, 0.3174344031718065
0.16135844748858447, 2.196712785925223, 0.8119132081060612, 0.39449095045819177
0.08835616438356164, 2.285496992083717, 0.890046176786425, 0.48313894031955185
0.09394977168949771, 2.2979946783756557, 0.8425875675755098, 0.45712115908274575
0.18618721461187215, 2.3000970059469954, 0.8114465501846537, 0.3298251940005821
0.19383561643835617, 2.3118620984562455, 0.779997497780587, 0.37853307227835514
0.1603310502283105, 2.2794950913893035, 0.8881865514358833, 0.4651975019945242
0.12968036529680366, 2.3169590010762757, 0.8685840383558311, 0.4709284544529908
0.19828767123287672, 2.561040290979218, 0.8476113688375577, 0.38791318405914865
0.12694063926940638, 2.345293170077616, 0.8739746600949004, 0.48521379239220097
0.21649543378995434, 2.270988623410055, 0.8024096314809485, 0.31880047317115734
0.21141552511415526, 2.3031214170736263, 0.8088931684745556, 0.35510308927143197
0.30256849315068496, 2.2920691452478166, 0.6829497436579038, 0.23348729795668421
0.19292237442922375, 2.3607341862432487, 0.8429983368636207, 0.4470246030898772
